  0.251837E+01  0.122538E-01 -0.344613E+00  0.000000E+00  0.000000E+00  0.000000E+00  0.000000E+00
  0.282475E+01 -0.245641E-02  0.470645E+00  0.000000E+00  0.000000E+00  0.000000E+00  0.000000E+00
  0.186673E+01  0.241690E-02 -0.229305E+00  0.000000E+00  0.000000E+00  0.000000E+00  0.000000E+00
  0.258225E+01  0.355170E+00 -0.126287E-01  0.000000E+00  0.000000E+00  0.000000E+00  0.000000E+00
  0.269894E+01 -0.899937E-02 -0.411510E+00  0.000000E+00  0.000000E+00  0.000000E+00  0.000000E+00
  0.240190E+01 -0.363549E+00  0.281551E-02  0.000000E+00  0.000000E+00  0.000000E+00  0.000000E+00
  0.266636E+01  0.154127E-01 -0.340789E+00  0.000000E+00  0.000000E+00  0.000000E+00  0.000000E+00
  0.266883E+01 -0.329845E+00  0.162199E-01  0.000000E+00  0.000000E+00  0.000000E+00  0.000000E+00
  0.222848E+01  0.102574E-01 -0.293622E+00  0.000000E+00  0.000000E+00  0.000000E+00  0.000000E+00
  0.230465E+01 -0.289301E+00  0.132596E-01  0.000000E+00  0.000000E+00  0.000000E+00  0.000000E+00
  0.167946E+01 -0.182931E+00 -0.526985E-03  0.000000E+00  0.000000E+00  0.000000E+00  0.000000E+00
  0.179375E+01  0.210327E+00  0.304570E-02  0.000000E+00  0.000000E+00  0.000000E+00  0.000000E+00
  0.177116E+01  0.196190E+00  0.769039E-02  0.000000E+00  0.000000E+00  0.000000E+00  0.000000E+00
  0.277349E+01  0.395595E+00  0.127543E-01  0.000000E+00  0.000000E+00  0.000000E+00  0.000000E+00
  0.258190E+01  0.275971E+00 -0.185426E-01  0.000000E+00  0.000000E+00  0.000000E+00  0.000000E+00
  0.251775E+01 -0.264372E+00  0.185827E-01  0.000000E+00  0.000000E+00  0.000000E+00  0.000000E+00
  0.245602E+01 -0.291922E+00 -0.159791E-01  0.000000E+00  0.000000E+00  0.000000E+00  0.000000E+00
  0.213551E+01  0.154579E-01  0.234547E+00  0.000000E+00  0.000000E+00  0.000000E+00  0.000000E+00
  0.214740E+01  0.393064E-02 -0.297693E+00  0.000000E+00  0.000000E+00  0.000000E+00  0.000000E+00
  0.233217E+01 -0.179381E-01 -0.242549E+00  0.000000E+00  0.000000E+00  0.000000E+00  0.000000E+00
  0.217738E+01  0.141100E-01  0.255108E+00  0.000000E+00  0.000000E+00  0.000000E+00  0.000000E+00
  0.207032E+01  0.545908E-02  0.275125E+00  0.000000E+00  0.000000E+00  0.000000E+00  0.000000E+00
  0.265465E+01  0.272429E+00  0.193384E-01  0.000000E+00  0.000000E+00  0.000000E+00  0.000000E+00
  0.161149E+01  0.165590E+00 -0.114322E-02  0.000000E+00  0.000000E+00  0.000000E+00  0.000000E+00
  0.232263E+01  0.300869E+00 -0.123240E-01  0.000000E+00  0.000000E+00  0.000000E+00  0.000000E+00
  0.224022E+01  0.149437E-02  0.324361E+00  0.000000E+00  0.000000E+00  0.000000E+00  0.000000E+00
  0.261467E+01 -0.773931E-02  0.399127E+00  0.000000E+00  0.000000E+00  0.000000E+00  0.000000E+00
  0.199393E+01 -0.129428E-01  0.224659E+00  0.000000E+00  0.000000E+00  0.000000E+00  0.000000E+00
  0.244420E+01  0.348849E+00 -0.941683E-02  0.000000E+00  0.000000E+00  0.000000E+00  0.000000E+00
  0.269734E+01 -0.193406E-01  0.279232E+00  0.000000E+00  0.000000E+00  0.000000E+00  0.000000E+00
  0.173267E+01  0.187046E+00  0.763894E-02  0.000000E+00  0.000000E+00  0.000000E+00  0.000000E+00
  0.203675E+01  0.273343E+00  0.624476E-03  0.000000E+00  0.000000E+00  0.000000E+00  0.000000E+00
  0.282399E+01 -0.370154E+00 -0.155506E-01  0.000000E+00  0.000000E+00  0.000000E+00  0.000000E+00
  0.281528E+01  0.291082E+00 -0.196422E-01  0.000000E+00  0.000000E+00  0.000000E+00  0.000000E+00
  0.259507E+01  0.334347E+00 -0.147952E-01  0.000000E+00  0.000000E+00  0.000000E+00  0.000000E+00
  0.245927E+01 -0.249560E+00  0.188681E-01  0.000000E+00  0.000000E+00  0.000000E+00  0.000000E+00
  0.163419E+01 -0.170511E+00 -0.269205E-02  0.000000E+00  0.000000E+00  0.000000E+00  0.000000E+00
  0.181461E+01 -0.185885E+00 -0.129296E-01  0.000000E+00  0.000000E+00  0.000000E+00  0.000000E+00
  0.198694E+01 -0.246740E+00  0.810271E-02  0.000000E+00  0.000000E+00  0.000000E+00  0.000000E+00
  0.261487E+01  0.197417E-01  0.257558E+00  0.000000E+00  0.000000E+00  0.000000E+00  0.000000E+00
  0.278270E+01 -0.106815E-01 -0.417965E+00  0.000000E+00  0.000000E+00  0.000000E+00  0.000000E+00
  0.209830E+01  0.122103E-01  0.252195E+00  0.000000E+00  0.000000E+00  0.000000E+00  0.000000E+00
  0.217400E+01 -0.307825E+00 -0.119666E-02  0.000000E+00  0.000000E+00  0.000000E+00  0.000000E+00
  0.257498E+01  0.401963E+00 -0.483467E-02  0.000000E+00  0.000000E+00  0.000000E+00  0.000000E+00
  0.183701E+01 -0.538128E-02 -0.217636E+00  0.000000E+00  0.000000E+00  0.000000E+00  0.000000E+00
  0.228553E+01 -0.268288E+00  0.150833E-01  0.000000E+00  0.000000E+00  0.000000E+00  0.000000E+00
  0.184524E+01  0.279124E-02  0.223537E+00  0.000000E+00  0.000000E+00  0.000000E+00  0.000000E+00
  0.216647E+01 -0.297151E+00 -0.605547E-02  0.000000E+00  0.000000E+00  0.000000E+00  0.000000E+00
  0.186817E+01  0.226000E+00  0.504529E-02  0.000000E+00  0.000000E+00  0.000000E+00  0.000000E+00
  0.253126E+01 -0.777679E-03  0.398434E+00  0.000000E+00  0.000000E+00  0.000000E+00  0.000000E+00
  0.199570E+01  0.239542E+00  0.103276E-01  0.000000E+00  0.000000E+00  0.000000E+00  0.000000E+00
  0.180957E+01 -0.420583E-02  0.212834E+00  0.000000E+00  0.000000E+00  0.000000E+00  0.000000E+00
  0.264292E+01 -0.401089E+00  0.856056E-02  0.000000E+00  0.000000E+00  0.000000E+00  0.000000E+00
  0.260510E+01  0.306542E+00  0.169640E-01  0.000000E+00  0.000000E+00  0.000000E+00  0.000000E+00
  0.277031E+01 -0.362494E+00 -0.153441E-01  0.000000E+00  0.000000E+00  0.000000E+00  0.000000E+00
  0.214801E+01 -0.270254E+00  0.110973E-01  0.000000E+00  0.000000E+00  0.000000E+00  0.000000E+00
  0.227176E+01 -0.243440E+00 -0.170538E-01  0.000000E+00  0.000000E+00  0.000000E+00  0.000000E+00
  0.208565E+01  0.285065E+00  0.180376E-02  0.000000E+00  0.000000E+00  0.000000E+00  0.000000E+00
  0.211837E+01 -0.144547E-01  0.239952E+00  0.000000E+00  0.000000E+00  0.000000E+00  0.000000E+00
  0.214855E+01  0.438755E-02 -0.297051E+00  0.000000E+00  0.000000E+00  0.000000E+00  0.000000E+00
  0.227683E+01 -0.326167E+00 -0.545246E-02  0.000000E+00  0.000000E+00  0.000000E+00  0.000000E+00
  0.182583E+01  0.199344E+00 -0.105824E-01  0.000000E+00  0.000000E+00  0.000000E+00  0.000000E+00
  0.214056E+01 -0.174815E-01 -0.214253E+00  0.000000E+00  0.000000E+00  0.000000E+00  0.000000E+00
  0.269552E+01 -0.830148E-02  0.415235E+00  0.000000E+00  0.000000E+00  0.000000E+00  0.000000E+00
  0.184356E+01  0.219356E+00  0.532924E-02  0.000000E+00  0.000000E+00  0.000000E+00  0.000000E+00
  0.167090E+01  0.722977E-02 -0.173078E+00  0.000000E+00  0.000000E+00  0.000000E+00  0.000000E+00
  0.203095E+01  0.234698E+00 -0.126305E-01  0.000000E+00  0.000000E+00  0.000000E+00  0.000000E+00
  0.164023E+01  0.171062E+00  0.376792E-02  0.000000E+00  0.000000E+00  0.000000E+00  0.000000E+00
  0.204351E+01  0.271320E+00 -0.415183E-02  0.000000E+00  0.000000E+00  0.000000E+00  0.000000E+00
  0.230412E+01  0.240990E+00  0.176937E-01  0.000000E+00  0.000000E+00  0.000000E+00  0.000000E+00
  0.176319E+01  0.105456E-01  0.185115E+00  0.000000E+00  0.000000E+00  0.000000E+00  0.000000E+00
  0.277360E+01  0.287293E+00 -0.195241E-01  0.000000E+00  0.000000E+00  0.000000E+00  0.000000E+00
  0.191814E+01 -0.503181E-02 -0.238417E+00  0.000000E+00  0.000000E+00  0.000000E+00  0.000000E+00
  0.169901E+01 -0.150199E-02 -0.187580E+00  0.000000E+00  0.000000E+00  0.000000E+00  0.000000E+00
  0.182420E+01 -0.540722E-02 -0.214418E+00  0.000000E+00  0.000000E+00  0.000000E+00  0.000000E+00
  0.251771E+01  0.329119E+00 -0.138396E-01  0.000000E+00  0.000000E+00  0.000000E+00  0.000000E+00
  0.181685E+01  0.112742E-02 -0.217532E+00  0.000000E+00  0.000000E+00  0.000000E+00  0.000000E+00
  0.224968E+01  0.131780E-01 -0.278169E+00  0.000000E+00  0.000000E+00  0.000000E+00  0.000000E+00
  0.273484E+01  0.183968E-02 -0.448949E+00  0.000000E+00  0.000000E+00  0.000000E+00  0.000000E+00
  0.234379E+01 -0.653238E-02 -0.338964E+00  0.000000E+00  0.000000E+00  0.000000E+00  0.000000E+00
  0.184557E+01 -0.197186E+00  0.120452E-01  0.000000E+00  0.000000E+00  0.000000E+00  0.000000E+00
  0.202878E+01  0.232625E+00  0.128789E-01  0.000000E+00  0.000000E+00  0.000000E+00  0.000000E+00
  0.220287E+01 -0.315036E+00  0.133623E-02  0.000000E+00  0.000000E+00  0.000000E+00  0.000000E+00
  0.217151E+01 -0.140307E-01  0.254546E+00  0.000000E+00  0.000000E+00  0.000000E+00  0.000000E+00
  0.234284E+01  0.294325E+00 -0.136142E-01  0.000000E+00  0.000000E+00  0.000000E+00  0.000000E+00
  0.235605E+01 -0.353096E+00  0.203176E-02  0.000000E+00  0.000000E+00  0.000000E+00  0.000000E+00
  0.203750E+01  0.392195E-02  0.270231E+00  0.000000E+00  0.000000E+00  0.000000E+00  0.000000E+00
  0.208657E+01  0.928683E-02  0.265573E+00  0.000000E+00  0.000000E+00  0.000000E+00  0.000000E+00
  0.279978E+01  0.200246E-01  0.279354E+00  0.000000E+00  0.000000E+00  0.000000E+00  0.000000E+00
  0.250835E+01 -0.277733E+00 -0.176800E-01  0.000000E+00  0.000000E+00  0.000000E+00  0.000000E+00
  0.272890E+01 -0.405945E+00  0.106469E-01  0.000000E+00  0.000000E+00  0.000000E+00  0.000000E+00
  0.237997E+01  0.238557E+00 -0.187363E-01  0.000000E+00  0.000000E+00  0.000000E+00  0.000000E+00
  0.245707E+01  0.333024E+00 -0.120242E-01  0.000000E+00  0.000000E+00  0.000000E+00  0.000000E+00
  0.282611E+01  0.189741E-01  0.308166E+00  0.000000E+00  0.000000E+00  0.000000E+00  0.000000E+00
  0.189556E+01 -0.202508E+00 -0.130881E-01  0.000000E+00  0.000000E+00  0.000000E+00  0.000000E+00
  0.199279E+01  0.210823E+00 -0.148740E-01  0.000000E+00  0.000000E+00  0.000000E+00  0.000000E+00
  0.209110E+01  0.916276E-02 -0.267204E+00  0.000000E+00  0.000000E+00  0.000000E+00  0.000000E+00
  0.266579E+01 -0.305787E+00  0.176874E-01  0.000000E+00  0.000000E+00  0.000000E+00  0.000000E+00
  0.186390E+01 -0.312233E-02  0.227868E+00  0.000000E+00  0.000000E+00  0.000000E+00  0.000000E+00
  0.171482E+01 -0.182963E+00  0.754920E-02  0.000000E+00  0.000000E+00  0.000000E+00  0.000000E+00
  0.179811E+01  0.995308E-02  0.195401E+00  0.000000E+00  0.000000E+00  0.000000E+00  0.000000E+00
  0.192955E+01 -0.147607E-01 -0.198776E+00  0.000000E+00  0.000000E+00  0.000000E+00  0.000000E+00
  0.184717E+01  0.969875E-02 -0.207775E+00  0.000000E+00  0.000000E+00  0.000000E+00  0.000000E+00
  0.212399E+01  0.145199E-01  0.240564E+00  0.000000E+00  0.000000E+00  0.000000E+00  0.000000E+00
  0.168782E+01  0.183929E+00 -0.279222E-02  0.000000E+00  0.000000E+00  0.000000E+00  0.000000E+00
  0.209267E+01 -0.121382E-01  0.251414E+00  0.000000E+00  0.000000E+00  0.000000E+00  0.000000E+00
  0.222629E+01 -0.177360E-01 -0.226523E+00  0.000000E+00  0.000000E+00  0.000000E+00  0.000000E+00
  0.194812E+01 -0.873028E-02 -0.235188E+00  0.000000E+00  0.000000E+00  0.000000E+00  0.000000E+00
  0.184048E+01 -0.120959E-01 -0.195805E+00  0.000000E+00  0.000000E+00  0.000000E+00  0.000000E+00
  0.209164E+01 -0.259606E+00  0.107134E-01  0.000000E+00  0.000000E+00  0.000000E+00  0.000000E+00
  0.236530E+01  0.274614E+00 -0.159490E-01  0.000000E+00  0.000000E+00  0.000000E+00  0.000000E+00
  0.253017E+01  0.381170E+00 -0.726310E-02  0.000000E+00  0.000000E+00  0.000000E+00  0.000000E+00
  0.177859E+01  0.469874E-02  0.204360E+00  0.000000E+00  0.000000E+00  0.000000E+00  0.000000E+00
  0.206797E+01  0.213748E+00 -0.162548E-01  0.000000E+00  0.000000E+00  0.000000E+00  0.000000E+00
  0.228795E+01 -0.855917E-02 -0.316659E+00  0.000000E+00  0.000000E+00  0.000000E+00  0.000000E+00
  0.262312E+01  0.104901E-01  0.382947E+00  0.000000E+00  0.000000E+00  0.000000E+00  0.000000E+00
  0.193399E+01 -0.148149E-01  0.199291E+00  0.000000E+00  0.000000E+00  0.000000E+00  0.000000E+00
  0.282089E+01  0.420509E+00 -0.113503E-01  0.000000E+00  0.000000E+00  0.000000E+00  0.000000E+00
  0.240080E+01  0.344247E+00 -0.841833E-02  0.000000E+00  0.000000E+00  0.000000E+00  0.000000E+00
  0.241087E+01  0.338739E+00  0.979110E-02  0.000000E+00  0.000000E+00  0.000000E+00  0.000000E+00
  0.262228E+01  0.186060E-01 -0.281641E+00  0.000000E+00  0.000000E+00  0.000000E+00  0.000000E+00
  0.184064E+01  0.188813E+00 -0.134184E-01  0.000000E+00  0.000000E+00  0.000000E+00  0.000000E+00
  0.258272E+01  0.408768E+00 -0.295671E-02  0.000000E+00  0.000000E+00  0.000000E+00  0.000000E+00
  0.243247E+01  0.373563E+00 -0.422421E-03  0.000000E+00  0.000000E+00  0.000000E+00  0.000000E+00
  0.178821E+01 -0.924596E-02  0.195579E+00  0.000000E+00  0.000000E+00  0.000000E+00  0.000000E+00
  0.280601E+01  0.105958E-01  0.424057E+00  0.000000E+00  0.000000E+00  0.000000E+00  0.000000E+00
  0.279141E+01  0.325978E+00 -0.178095E-01  0.000000E+00  0.000000E+00  0.000000E+00  0.000000E+00
  0.259838E+01 -0.391849E+00  0.833386E-02  0.000000E+00  0.000000E+00  0.000000E+00  0.000000E+00
  0.273738E+01 -0.344276E+00  0.161399E-01  0.000000E+00  0.000000E+00  0.000000E+00  0.000000E+00
  0.218114E+01 -0.265581E-02  0.308232E+00  0.000000E+00  0.000000E+00  0.000000E+00  0.000000E+00
  0.255194E+01  0.403432E+00 -0.115429E-02  0.000000E+00  0.000000E+00  0.000000E+00  0.000000E+00
  0.227343E+01 -0.302727E+00 -0.104669E-01  0.000000E+00  0.000000E+00  0.000000E+00  0.000000E+00
  0.197522E+01 -0.252703E+00  0.496997E-02  0.000000E+00  0.000000E+00  0.000000E+00  0.000000E+00
  0.279331E+01 -0.359502E+00  0.158550E-01  0.000000E+00  0.000000E+00  0.000000E+00  0.000000E+00
  0.241935E+01  0.369970E+00 -0.104571E-02  0.000000E+00  0.000000E+00  0.000000E+00  0.000000E+00
  0.251883E+01 -0.149386E-02  0.394774E+00  0.000000E+00  0.000000E+00  0.000000E+00  0.000000E+00
  0.174990E+01 -0.801888E-02  0.190195E+00  0.000000E+00  0.000000E+00  0.000000E+00  0.000000E+00
  0.197216E+01 -0.107147E-01  0.232267E+00  0.000000E+00  0.000000E+00  0.000000E+00  0.000000E+00
  0.251405E+01 -0.300805E+00  0.161616E-01  0.000000E+00  0.000000E+00  0.000000E+00  0.000000E+00
  0.185183E+01  0.188268E+00  0.139144E-01  0.000000E+00  0.000000E+00  0.000000E+00  0.000000E+00
  0.178398E+01 -0.195211E+00 -0.905524E-02  0.000000E+00  0.000000E+00  0.000000E+00  0.000000E+00
  0.200000E+01  0.128490E-01  0.226568E+00  0.000000E+00  0.000000E+00  0.000000E+00  0.000000E+00
  0.214867E+01 -0.300356E+00 -0.241189E-02  0.000000E+00  0.000000E+00  0.000000E+00  0.000000E+00
  0.248221E+01  0.321296E+00  0.138723E-01  0.000000E+00  0.000000E+00  0.000000E+00  0.000000E+00
  0.256668E+01  0.336262E+00  0.141287E-01  0.000000E+00  0.000000E+00  0.000000E+00  0.000000E+00
  0.249660E+01 -0.335054E+00 -0.127809E-01  0.000000E+00  0.000000E+00  0.000000E+00  0.000000E+00
  0.249206E+01 -0.312661E+00 -0.148532E-01  0.000000E+00  0.000000E+00  0.000000E+00  0.000000E+00
  0.192932E+01  0.205079E+00 -0.138363E-01  0.000000E+00  0.000000E+00  0.000000E+00  0.000000E+00
  0.281688E+01 -0.182717E-01  0.321425E+00  0.000000E+00  0.000000E+00  0.000000E+00  0.000000E+00
  0.198763E+01  0.212181E+00  0.145574E-01  0.000000E+00  0.000000E+00  0.000000E+00  0.000000E+00
  0.229099E+01 -0.307602E+00 -0.103313E-01  0.000000E+00  0.000000E+00  0.000000E+00  0.000000E+00
  0.228790E+01  0.393383E-02 -0.332817E+00  0.000000E+00  0.000000E+00  0.000000E+00  0.000000E+00
  0.210683E+01  0.246035E+00  0.133700E-01  0.000000E+00  0.000000E+00  0.000000E+00  0.000000E+00
  0.194063E+01  0.132060E-01 -0.211505E+00  0.000000E+00  0.000000E+00  0.000000E+00  0.000000E+00
  0.238727E+01  0.737788E-02  0.346041E+00  0.000000E+00  0.000000E+00  0.000000E+00  0.000000E+00
  0.227695E+01  0.332060E+00  0.285169E-02  0.000000E+00  0.000000E+00  0.000000E+00  0.000000E+00
  0.220894E+01 -0.306189E+00  0.647985E-02  0.000000E+00  0.000000E+00  0.000000E+00  0.000000E+00
  0.274333E+01  0.447093E+00 -0.378951E-02  0.000000E+00  0.000000E+00  0.000000E+00  0.000000E+00
  0.260739E+01 -0.116929E-01  0.369375E+00  0.000000E+00  0.000000E+00  0.000000E+00  0.000000E+00
  0.278351E+01 -0.374532E+00  0.146671E-01  0.000000E+00  0.000000E+00  0.000000E+00  0.000000E+00
  0.274636E+01  0.293505E+00  0.190455E-01  0.000000E+00  0.000000E+00  0.000000E+00  0.000000E+00
  0.274648E+01 -0.411750E+00  0.104359E-01  0.000000E+00  0.000000E+00  0.000000E+00  0.000000E+00
  0.253138E+01  0.175997E-01 -0.283131E+00  0.000000E+00  0.000000E+00  0.000000E+00  0.000000E+00
  0.274895E+01  0.283982E+00 -0.194982E-01  0.000000E+00  0.000000E+00  0.000000E+00  0.000000E+00
  0.172171E+01 -0.182625E+00  0.832143E-02  0.000000E+00  0.000000E+00  0.000000E+00  0.000000E+00
  0.246321E+01 -0.168025E-01 -0.282410E+00  0.000000E+00  0.000000E+00  0.000000E+00  0.000000E+00
  0.218485E+01 -0.220449E+00 -0.176299E-01  0.000000E+00  0.000000E+00  0.000000E+00  0.000000E+00
  0.227592E+01 -0.174020E-01  0.239786E+00  0.000000E+00  0.000000E+00  0.000000E+00  0.000000E+00
  0.175955E+01  0.623494E-02  0.196825E+00  0.000000E+00  0.000000E+00  0.000000E+00  0.000000E+00
  0.229668E+01 -0.306382E+00  0.107330E-01  0.000000E+00  0.000000E+00  0.000000E+00  0.000000E+00
  0.222128E+01 -0.151166E-01 -0.254991E+00  0.000000E+00  0.000000E+00  0.000000E+00  0.000000E+00
  0.282802E+01 -0.159065E-01  0.365494E+00  0.000000E+00  0.000000E+00  0.000000E+00  0.000000E+00
  0.233144E+01 -0.155969E-01  0.272000E+00  0.000000E+00  0.000000E+00  0.000000E+00  0.000000E+00
  0.254924E+01  0.348880E-02  0.399235E+00  0.000000E+00  0.000000E+00  0.000000E+00  0.000000E+00
  0.220569E+01 -0.137018E-01 -0.264480E+00  0.000000E+00  0.000000E+00  0.000000E+00  0.000000E+00
  0.210673E+01 -0.288561E+00 -0.332334E-02  0.000000E+00  0.000000E+00  0.000000E+00  0.000000E+00
  0.191874E+01  0.265010E-02  0.242179E+00  0.000000E+00  0.000000E+00  0.000000E+00  0.000000E+00
  0.260248E+01  0.621402E-02  0.403583E+00  0.000000E+00  0.000000E+00  0.000000E+00  0.000000E+00
  0.280113E+01  0.443148E+00 -0.788040E-02  0.000000E+00  0.000000E+00  0.000000E+00  0.000000E+00
  0.162682E+01  0.169526E+00 -0.926159E-03  0.000000E+00  0.000000E+00  0.000000E+00  0.000000E+00
  0.222401E+01 -0.574361E-02 -0.312256E+00  0.000000E+00  0.000000E+00  0.000000E+00  0.000000E+00
  0.225790E+01 -0.265111E+00 -0.148392E-01  0.000000E+00  0.000000E+00  0.000000E+00  0.000000E+00
  0.243924E+01  0.277220E+00 -0.168535E-01  0.000000E+00  0.000000E+00  0.000000E+00  0.000000E+00
  0.270898E+01  0.143294E-02 -0.442894E+00  0.000000E+00  0.000000E+00  0.000000E+00  0.000000E+00
  0.238633E+01  0.355549E+00  0.467537E-02  0.000000E+00  0.000000E+00  0.000000E+00  0.000000E+00
  0.223288E+01  0.305937E+00 -0.803619E-02  0.000000E+00  0.000000E+00  0.000000E+00  0.000000E+00
  0.211689E+01  0.783330E-02  0.278927E+00  0.000000E+00  0.000000E+00  0.000000E+00  0.000000E+00
  0.249083E+01 -0.351199E+00  0.106756E-01  0.000000E+00  0.000000E+00  0.000000E+00  0.000000E+00
  0.257496E+01 -0.308631E+00  0.164412E-01  0.000000E+00  0.000000E+00  0.000000E+00  0.000000E+00
  0.226800E+01  0.252142E+00  0.162621E-01  0.000000E+00  0.000000E+00  0.000000E+00  0.000000E+00
  0.219603E+01 -0.258097E+00  0.142153E-01  0.000000E+00  0.000000E+00  0.000000E+00  0.000000E+00
  0.215602E+01 -0.151036E-01  0.241951E+00  0.000000E+00  0.000000E+00  0.000000E+00  0.000000E+00
  0.210977E+01  0.987320E-02 -0.268188E+00  0.000000E+00  0.000000E+00  0.000000E+00  0.000000E+00
  0.205162E+01  0.280456E-02  0.275443E+00  0.000000E+00  0.000000E+00  0.000000E+00  0.000000E+00
  0.259965E+01 -0.191041E-01 -0.268292E+00  0.000000E+00  0.000000E+00  0.000000E+00  0.000000E+00
  0.219796E+01 -0.160660E-01  0.240764E+00  0.000000E+00  0.000000E+00  0.000000E+00  0.000000E+00
  0.182078E+01  0.135601E-01  0.183776E+00  0.000000E+00  0.000000E+00  0.000000E+00  0.000000E+00
  0.217144E+01 -0.268525E+00  0.121856E-01  0.000000E+00  0.000000E+00  0.000000E+00  0.000000E+00
  0.190913E+01  0.988618E-02 -0.221465E+00  0.000000E+00  0.000000E+00  0.000000E+00  0.000000E+00
  0.279867E+01 -0.107330E-01  0.421167E+00  0.000000E+00  0.000000E+00  0.000000E+00  0.000000E+00
  0.265902E+01  0.265503E+00 -0.196926E-01  0.000000E+00  0.000000E+00  0.000000E+00  0.000000E+00
  0.183372E+01 -0.221566E+00  0.161000E-02  0.000000E+00  0.000000E+00  0.000000E+00  0.000000E+00
  0.201482E+01  0.267492E+00 -0.134070E-02  0.000000E+00  0.000000E+00  0.000000E+00  0.000000E+00
  0.229100E+01  0.251373E+00  0.167003E-01  0.000000E+00  0.000000E+00  0.000000E+00  0.000000E+00
  0.179621E+01 -0.210629E+00  0.333659E-02  0.000000E+00  0.000000E+00  0.000000E+00  0.000000E+00
  0.280818E+01  0.409917E+00  0.121250E-01  0.000000E+00  0.000000E+00  0.000000E+00  0.000000E+00
  0.218910E+01  0.164085E-02 -0.311327E+00  0.000000E+00  0.000000E+00  0.000000E+00  0.000000E+00
  0.267909E+01 -0.142795E-01  0.357925E+00  0.000000E+00  0.000000E+00  0.000000E+00  0.000000E+00
  0.268503E+01 -0.198554E-01  0.265876E+00  0.000000E+00  0.000000E+00  0.000000E+00  0.000000E+00
  0.209692E+01  0.282031E+00  0.532741E-02  0.000000E+00  0.000000E+00  0.000000E+00  0.000000E+00
  0.231351E+01  0.343444E+00  0.446934E-03  0.000000E+00  0.000000E+00  0.000000E+00  0.000000E+00
  0.258310E+01 -0.164904E-01 -0.309473E+00  0.000000E+00  0.000000E+00  0.000000E+00  0.000000E+00
  0.164435E+01 -0.183433E-02  0.173613E+00  0.000000E+00  0.000000E+00  0.000000E+00  0.000000E+00
  0.281254E+01  0.125132E-01  0.406751E+00  0.000000E+00  0.000000E+00  0.000000E+00  0.000000E+00
  0.239830E+01 -0.109975E-01  0.327755E+00  0.000000E+00  0.000000E+00  0.000000E+00  0.000000E+00
  0.196111E+01  0.253884E+00  0.139333E-02  0.000000E+00  0.000000E+00  0.000000E+00  0.000000E+00
  0.222217E+01  0.282521E+00 -0.117882E-01  0.000000E+00  0.000000E+00  0.000000E+00  0.000000E+00
  0.184741E+01  0.211963E+00  0.852889E-02  0.000000E+00  0.000000E+00  0.000000E+00  0.000000E+00
  0.207306E+01  0.259877E+00 -0.982589E-02  0.000000E+00  0.000000E+00  0.000000E+00  0.000000E+00
  0.243555E+01 -0.367084E+00  0.491649E-02  0.000000E+00  0.000000E+00  0.000000E+00  0.000000E+00
  0.173022E+01 -0.165972E-02 -0.195389E+00  0.000000E+00  0.000000E+00  0.000000E+00  0.000000E+00
  0.268142E+01 -0.381568E-02 -0.431528E+00  0.000000E+00  0.000000E+00  0.000000E+00  0.000000E+00
  0.208276E+01  0.225845E+00 -0.152559E-01  0.000000E+00  0.000000E+00  0.000000E+00  0.000000E+00
  0.238540E+01 -0.144945E-01 -0.294703E+00  0.000000E+00  0.000000E+00  0.000000E+00  0.000000E+00
  0.203787E+01  0.251866E+00 -0.978709E-02  0.000000E+00  0.000000E+00  0.000000E+00  0.000000E+00
  0.207057E+01 -0.361803E-02 -0.279022E+00  0.000000E+00  0.000000E+00  0.000000E+00  0.000000E+00
  0.170924E+01 -0.186863E+00  0.486832E-02  0.000000E+00  0.000000E+00  0.000000E+00  0.000000E+00
  0.233835E+01 -0.347143E+00 -0.306833E-02  0.000000E+00  0.000000E+00  0.000000E+00  0.000000E+00
  0.214716E+01  0.237587E+00 -0.153814E-01  0.000000E+00  0.000000E+00  0.000000E+00  0.000000E+00
  0.200683E+01 -0.125861E-01  0.229706E+00  0.000000E+00  0.000000E+00  0.000000E+00  0.000000E+00
  0.223129E+01  0.392283E-02 -0.318683E+00  0.000000E+00  0.000000E+00  0.000000E+00  0.000000E+00
  0.197868E+01 -0.655990E-02  0.249660E+00  0.000000E+00  0.000000E+00  0.000000E+00  0.000000E+00
  0.250068E+01 -0.148036E-01 -0.314987E+00  0.000000E+00  0.000000E+00  0.000000E+00  0.000000E+00
  0.232732E+01 -0.286850E+00  0.140672E-01  0.000000E+00  0.000000E+00  0.000000E+00  0.000000E+00
  0.274978E+01  0.154049E-01  0.357529E+00  0.000000E+00  0.000000E+00  0.000000E+00  0.000000E+00
  0.200759E+01  0.121485E-01  0.232523E+00  0.000000E+00  0.000000E+00  0.000000E+00  0.000000E+00
  0.249624E+01  0.144484E-01  0.318077E+00  0.000000E+00  0.000000E+00  0.000000E+00  0.000000E+00
  0.217482E+01 -0.218927E+00 -0.176073E-01  0.000000E+00  0.000000E+00  0.000000E+00  0.000000E+00
  0.199508E+01  0.228433E+00  0.123718E-01  0.000000E+00  0.000000E+00  0.000000E+00  0.000000E+00
  0.207139E+01  0.208273E+00 -0.168689E-01  0.000000E+00  0.000000E+00  0.000000E+00  0.000000E+00
  0.232802E+01 -0.322006E+00  0.934473E-02  0.000000E+00  0.000000E+00  0.000000E+00  0.000000E+00
  0.194697E+01  0.634410E-03  0.250618E+00  0.000000E+00  0.000000E+00  0.000000E+00  0.000000E+00
  0.235767E+01  0.264557E+00  0.166512E-01  0.000000E+00  0.000000E+00  0.000000E+00  0.000000E+00
  0.233022E+01  0.347670E+00  0.463470E-03  0.000000E+00  0.000000E+00  0.000000E+00  0.000000E+00
  0.217815E+01 -0.909981E-03 -0.309023E+00  0.000000E+00  0.000000E+00  0.000000E+00  0.000000E+00
  0.225016E+01  0.179278E-01 -0.228225E+00  0.000000E+00  0.000000E+00  0.000000E+00  0.000000E+00
  0.282759E+01 -0.131982E-01  0.402266E+00  0.000000E+00  0.000000E+00  0.000000E+00  0.000000E+00
  0.194037E+01  0.307281E-02  0.247140E+00  0.000000E+00  0.000000E+00  0.000000E+00  0.000000E+00
  0.238271E+01  0.320336E+00 -0.115290E-01  0.000000E+00  0.000000E+00  0.000000E+00  0.000000E+00
  0.253504E+01 -0.264469E+00  0.187407E-01  0.000000E+00  0.000000E+00  0.000000E+00  0.000000E+00
  0.212852E+01 -0.235549E+00  0.151981E-01  0.000000E+00  0.000000E+00  0.000000E+00  0.000000E+00
  0.275110E+01  0.413053E+00  0.104070E-01  0.000000E+00  0.000000E+00  0.000000E+00  0.000000E+00
  0.223653E+01 -0.270740E+00 -0.137337E-01  0.000000E+00  0.000000E+00  0.000000E+00  0.000000E+00
  0.179797E+01  0.981318E-02  0.195881E+00  0.000000E+00  0.000000E+00  0.000000E+00  0.000000E+00
  0.198909E+01 -0.261104E+00  0.111120E-02  0.000000E+00  0.000000E+00  0.000000E+00  0.000000E+00
  0.239712E+01 -0.352627E+00  0.637076E-02  0.000000E+00  0.000000E+00  0.000000E+00  0.000000E+00
  0.229739E+01 -0.139406E-01 -0.281749E+00  0.000000E+00  0.000000E+00  0.000000E+00  0.000000E+00
  0.251066E+01 -0.336398E+00 -0.129626E-01  0.000000E+00  0.000000E+00  0.000000E+00  0.000000E+00
  0.214563E+01  0.145457E-01  0.244802E+00  0.000000E+00  0.000000E+00  0.000000E+00  0.000000E+00
  0.267422E+01  0.379781E+00  0.121744E-01  0.000000E+00  0.000000E+00  0.000000E+00  0.000000E+00
  0.194538E+01 -0.228169E+00 -0.102770E-01  0.000000E+00  0.000000E+00  0.000000E+00  0.000000E+00
  0.214892E+01 -0.301828E+00 -0.173437E-04  0.000000E+00  0.000000E+00  0.000000E+00  0.000000E+00
  0.209937E+01 -0.106490E-01  0.261726E+00  0.000000E+00  0.000000E+00  0.000000E+00  0.000000E+00
  0.200381E+01 -0.220843E+00  0.138285E-01  0.000000E+00  0.000000E+00  0.000000E+00  0.000000E+00
  0.242796E+01  0.857403E-02  0.349884E+00  0.000000E+00  0.000000E+00  0.000000E+00  0.000000E+00
  0.239188E+01  0.363340E+00  0.885455E-05  0.000000E+00  0.000000E+00  0.000000E+00  0.000000E+00
  0.280215E+01  0.744324E-02 -0.446023E+00  0.000000E+00  0.000000E+00  0.000000E+00  0.000000E+00
  0.270166E+01 -0.105156E-01  0.400789E+00  0.000000E+00  0.000000E+00  0.000000E+00  0.000000E+00
  0.280062E+01 -0.924900E-02  0.433702E+00  0.000000E+00  0.000000E+00  0.000000E+00  0.000000E+00
  0.261532E+01  0.338245E+00  0.148143E-01  0.000000E+00  0.000000E+00  0.000000E+00  0.000000E+00
  0.161195E+01 -0.360330E-02 -0.164146E+00  0.000000E+00  0.000000E+00  0.000000E+00  0.000000E+00
  0.259214E+01  0.336567E+00 -0.145605E-01  0.000000E+00  0.000000E+00  0.000000E+00  0.000000E+00
  0.204817E+01  0.267718E+00 -0.618936E-02  0.000000E+00  0.000000E+00  0.000000E+00  0.000000E+00
  0.270695E+01 -0.361418E+00  0.144640E-01  0.000000E+00  0.000000E+00  0.000000E+00  0.000000E+00
  0.208479E+01  0.221670E+00  0.157627E-01  0.000000E+00  0.000000E+00  0.000000E+00  0.000000E+00
  0.168017E+01  0.178049E+00  0.586029E-02  0.000000E+00  0.000000E+00  0.000000E+00  0.000000E+00
  0.258567E+01  0.376078E+00  0.102592E-01  0.000000E+00  0.000000E+00  0.000000E+00  0.000000E+00
  0.226846E+01  0.290076E+00  0.121715E-01  0.000000E+00  0.000000E+00  0.000000E+00  0.000000E+00
  0.277584E+01 -0.130670E-01 -0.392631E+00  0.000000E+00  0.000000E+00  0.000000E+00  0.000000E+00
  0.165917E+01 -0.175934E+00  0.364413E-02  0.000000E+00  0.000000E+00  0.000000E+00  0.000000E+00
  0.271387E+01  0.895397E-02  0.415348E+00  0.000000E+00  0.000000E+00  0.000000E+00  0.000000E+00
  0.217055E+01  0.168773E-01  0.226709E+00  0.000000E+00  0.000000E+00  0.000000E+00  0.000000E+00
  0.194681E+01  0.137489E-01 -0.209349E+00  0.000000E+00  0.000000E+00  0.000000E+00  0.000000E+00
  0.191462E+01  0.194916E+00 -0.148743E-01  0.000000E+00  0.000000E+00  0.000000E+00  0.000000E+00
  0.183414E+01  0.105799E-01 -0.201259E+00  0.000000E+00  0.000000E+00  0.000000E+00  0.000000E+00
  0.219977E+01 -0.163989E-01 -0.237536E+00  0.000000E+00  0.000000E+00  0.000000E+00  0.000000E+00
  0.198441E+01  0.212331E+00  0.144476E-01  0.000000E+00  0.000000E+00  0.000000E+00  0.000000E+00
  0.189740E+01  0.205543E+00  0.126262E-01  0.000000E+00  0.000000E+00  0.000000E+00  0.000000E+00
  0.166068E+01  0.561172E-02 -0.173668E+00  0.000000E+00  0.000000E+00  0.000000E+00  0.000000E+00
  0.275239E+01  0.337946E+00  0.167220E-01  0.000000E+00  0.000000E+00  0.000000E+00  0.000000E+00
  0.263110E+01 -0.423885E+00  0.245214E-03  0.000000E+00  0.000000E+00  0.000000E+00  0.000000E+00
  0.259120E+01 -0.328878E+00  0.151727E-01  0.000000E+00  0.000000E+00  0.000000E+00  0.000000E+00
  0.222634E+01 -0.314857E+00 -0.503001E-02  0.000000E+00  0.000000E+00  0.000000E+00  0.000000E+00
  0.245659E+01 -0.325492E+00 -0.128753E-01  0.000000E+00  0.000000E+00  0.000000E+00  0.000000E+00
  0.231778E+01 -0.316971E-02 -0.341799E+00  0.000000E+00  0.000000E+00  0.000000E+00  0.000000E+00
  0.217590E+01 -0.226203E+00 -0.170095E-01  0.000000E+00  0.000000E+00  0.000000E+00  0.000000E+00
  0.257898E+01  0.394084E-02 -0.405575E+00  0.000000E+00  0.000000E+00  0.000000E+00  0.000000E+00
  0.177875E+01 -0.207263E+00 -0.225156E-02  0.000000E+00  0.000000E+00  0.000000E+00  0.000000E+00
  0.209851E+01 -0.825669E-02  0.272845E+00  0.000000E+00  0.000000E+00  0.000000E+00  0.000000E+00
  0.254633E+01  0.687392E-02 -0.386930E+00  0.000000E+00  0.000000E+00  0.000000E+00  0.000000E+00
  0.201443E+01  0.211299E+00 -0.153573E-01  0.000000E+00  0.000000E+00  0.000000E+00  0.000000E+00
  0.271463E+01 -0.371598E+00  0.137581E-01  0.000000E+00  0.000000E+00  0.000000E+00  0.000000E+00
  0.210737E+01 -0.165812E-01 -0.218016E+00  0.000000E+00  0.000000E+00  0.000000E+00  0.000000E+00
  0.217223E+01  0.280914E+00 -0.102068E-01  0.000000E+00  0.000000E+00  0.000000E+00  0.000000E+00
  0.229556E+01 -0.261783E+00  0.158806E-01  0.000000E+00  0.000000E+00  0.000000E+00  0.000000E+00
  0.188003E+01  0.309764E-02 -0.231949E+00  0.000000E+00  0.000000E+00  0.000000E+00  0.000000E+00
  0.265917E+01 -0.173439E-01 -0.310420E+00  0.000000E+00  0.000000E+00  0.000000E+00  0.000000E+00
  0.201363E+01  0.261563E+00 -0.527003E-02  0.000000E+00  0.000000E+00  0.000000E+00  0.000000E+00
  0.256158E+01  0.166881E-01  0.302529E+00  0.000000E+00  0.000000E+00  0.000000E+00  0.000000E+00
  0.268067E+01  0.374814E+00 -0.128089E-01  0.000000E+00  0.000000E+00  0.000000E+00  0.000000E+00
  0.260493E+01  0.280356E+00  0.185168E-01  0.000000E+00  0.000000E+00  0.000000E+00  0.000000E+00
  0.283527E+01 -0.169499E-01  0.349594E+00  0.000000E+00  0.000000E+00  0.000000E+00  0.000000E+00
  0.226012E+01  0.105864E-01 -0.298934E+00  0.000000E+00  0.000000E+00  0.000000E+00  0.000000E+00
  0.204778E+01 -0.229558E+00  0.139044E-01  0.000000E+00  0.000000E+00  0.000000E+00  0.000000E+00
  0.259617E+01 -0.276848E+00  0.186264E-01  0.000000E+00  0.000000E+00  0.000000E+00  0.000000E+00
  0.238389E+01 -0.130993E-01  0.307747E+00  0.000000E+00  0.000000E+00  0.000000E+00  0.000000E+00
  0.204376E+01 -0.152401E-01  0.218156E+00  0.000000E+00  0.000000E+00  0.000000E+00  0.000000E+00
  0.203321E+01  0.995827E-02 -0.249977E+00  0.000000E+00  0.000000E+00  0.000000E+00  0.000000E+00
  0.233109E+01  0.978587E-02 -0.320186E+00  0.000000E+00  0.000000E+00  0.000000E+00  0.000000E+00
  0.214261E+01 -0.120059E-01 -0.263345E+00  0.000000E+00  0.000000E+00  0.000000E+00  0.000000E+00
  0.227848E+01  0.226098E+00 -0.184302E-01  0.000000E+00  0.000000E+00  0.000000E+00  0.000000E+00
  0.276921E+01  0.432542E+00  0.834662E-02  0.000000E+00  0.000000E+00  0.000000E+00  0.000000E+00
  0.180585E+01 -0.214856E+00  0.812512E-03  0.000000E+00  0.000000E+00  0.000000E+00  0.000000E+00
  0.252368E+01  0.403809E-02  0.391499E+00  0.000000E+00  0.000000E+00  0.000000E+00  0.000000E+00
  0.177383E+01  0.204030E+00  0.412393E-02  0.000000E+00  0.000000E+00  0.000000E+00  0.000000E+00
  0.168175E+01 -0.719024E-02  0.175796E+00  0.000000E+00  0.000000E+00  0.000000E+00  0.000000E+00
  0.197580E+01 -0.139361E-02  0.257597E+00  0.000000E+00  0.000000E+00  0.000000E+00  0.000000E+00
  0.185613E+01 -0.222533E+00 -0.529582E-02  0.000000E+00  0.000000E+00  0.000000E+00  0.000000E+00
  0.222471E+01 -0.180175E-01 -0.222544E+00  0.000000E+00  0.000000E+00  0.000000E+00  0.000000E+00
  0.201247E+01 -0.252292E+00  0.825445E-02  0.000000E+00  0.000000E+00  0.000000E+00  0.000000E+00
  0.221501E+01 -0.271200E-02  0.316680E+00  0.000000E+00  0.000000E+00  0.000000E+00  0.000000E+00
  0.272686E+01  0.324880E+00  0.172204E-01  0.000000E+00  0.000000E+00  0.000000E+00  0.000000E+00
  0.223412E+01  0.226162E+00 -0.178700E-01  0.000000E+00  0.000000E+00  0.000000E+00  0.000000E+00
  0.254974E+01 -0.391137E+00 -0.609477E-02  0.000000E+00  0.000000E+00  0.000000E+00  0.000000E+00
  0.239886E+01 -0.114014E-01 -0.324926E+00  0.000000E+00  0.000000E+00  0.000000E+00  0.000000E+00
  0.219064E+01  0.163956E-01  0.235827E+00  0.000000E+00  0.000000E+00  0.000000E+00  0.000000E+00
  0.248872E+01 -0.280138E+00  0.172902E-01  0.000000E+00  0.000000E+00  0.000000E+00  0.000000E+00
  0.234410E+01 -0.259694E+00 -0.168329E-01  0.000000E+00  0.000000E+00  0.000000E+00  0.000000E+00
  0.262482E+01 -0.394645E+00 -0.890030E-02  0.000000E+00  0.000000E+00  0.000000E+00  0.000000E+00
  0.278615E+01  0.424046E+00  0.100551E-01  0.000000E+00  0.000000E+00  0.000000E+00  0.000000E+00
  0.211262E+01 -0.112442E-01 -0.261368E+00  0.000000E+00  0.000000E+00  0.000000E+00  0.000000E+00
  0.234481E+01 -0.412101E-02  0.346614E+00  0.000000E+00  0.000000E+00  0.000000E+00  0.000000E+00
  0.257632E+01  0.191769E-01  0.263060E+00  0.000000E+00  0.000000E+00  0.000000E+00  0.000000E+00
  0.192240E+01  0.221053E+00 -0.106783E-01  0.000000E+00  0.000000E+00  0.000000E+00  0.000000E+00
  0.224265E+01 -0.177967E-01  0.228643E+00  0.000000E+00  0.000000E+00  0.000000E+00  0.000000E+00
  0.275077E+01  0.797448E-02 -0.430476E+00  0.000000E+00  0.000000E+00  0.000000E+00  0.000000E+00
  0.214686E+01 -0.281868E+00 -0.883405E-02  0.000000E+00  0.000000E+00  0.000000E+00  0.000000E+00
  0.210756E+01 -0.251516E+00 -0.126190E-01  0.000000E+00  0.000000E+00  0.000000E+00  0.000000E+00
  0.221296E+01 -0.174007E-01 -0.228357E+00  0.000000E+00  0.000000E+00  0.000000E+00  0.000000E+00
  0.217877E+01  0.226889E+00  0.169962E-01  0.000000E+00  0.000000E+00  0.000000E+00  0.000000E+00
  0.280519E+01 -0.201700E-01  0.276494E+00  0.000000E+00  0.000000E+00  0.000000E+00  0.000000E+00
  0.206180E+01 -0.265339E+00  0.792551E-02  0.000000E+00  0.000000E+00  0.000000E+00  0.000000E+00
  0.246466E+01  0.381585E+00  0.768594E-03  0.000000E+00  0.000000E+00  0.000000E+00  0.000000E+00
  0.179737E+01  0.417288E-02 -0.209837E+00  0.000000E+00  0.000000E+00  0.000000E+00  0.000000E+00
  0.276084E+01 -0.146114E-01 -0.370619E+00  0.000000E+00  0.000000E+00  0.000000E+00  0.000000E+00
  0.226237E+01  0.118912E-01 -0.290764E+00  0.000000E+00  0.000000E+00  0.000000E+00  0.000000E+00
  0.235061E+01  0.133900E-01  0.298006E+00  0.000000E+00  0.000000E+00  0.000000E+00  0.000000E+00
  0.280121E+01 -0.566227E-02 -0.454837E+00  0.000000E+00  0.000000E+00  0.000000E+00  0.000000E+00
  0.168972E+01  0.102282E-02 -0.185413E+00  0.000000E+00  0.000000E+00  0.000000E+00  0.000000E+00
  0.210091E+01  0.257065E+00 -0.115232E-01  0.000000E+00  0.000000E+00  0.000000E+00  0.000000E+00
  0.239671E+01  0.657107E-02 -0.351745E+00  0.000000E+00  0.000000E+00  0.000000E+00  0.000000E+00
  0.188433E+01  0.192381E+00  0.143376E-01  0.000000E+00  0.000000E+00  0.000000E+00  0.000000E+00
  0.217111E+01  0.826855E-02 -0.290142E+00  0.000000E+00  0.000000E+00  0.000000E+00  0.000000E+00
  0.210039E+01 -0.443399E-02 -0.284952E+00  0.000000E+00  0.000000E+00  0.000000E+00  0.000000E+00
  0.206160E+01 -0.264095E+00 -0.823857E-02  0.000000E+00  0.000000E+00  0.000000E+00  0.000000E+00
  0.182761E+01 -0.208017E+00  0.828626E-02  0.000000E+00  0.000000E+00  0.000000E+00  0.000000E+00
  0.228885E+01  0.176517E-01 -0.238825E+00  0.000000E+00  0.000000E+00  0.000000E+00  0.000000E+00
  0.215188E+01 -0.119878E-01 -0.265521E+00  0.000000E+00  0.000000E+00  0.000000E+00  0.000000E+00
  0.226746E+01  0.328708E+00  0.342648E-02  0.000000E+00  0.000000E+00  0.000000E+00  0.000000E+00
  0.268440E+01 -0.420078E+00  0.696554E-02  0.000000E+00  0.000000E+00  0.000000E+00  0.000000E+00
  0.189031E+01  0.207026E+00  0.120613E-01  0.000000E+00  0.000000E+00  0.000000E+00  0.000000E+00
  0.223861E+01  0.555910E-02 -0.316411E+00  0.000000E+00  0.000000E+00  0.000000E+00  0.000000E+00
  0.175465E+01  0.413237E-02  0.199229E+00  0.000000E+00  0.000000E+00  0.000000E+00  0.000000E+00
  0.267137E+01  0.184311E-01 -0.293290E+00  0.000000E+00  0.000000E+00  0.000000E+00  0.000000E+00
  0.258214E+01  0.153183E-01 -0.325212E+00  0.000000E+00  0.000000E+00  0.000000E+00  0.000000E+00
  0.259031E+01 -0.193830E-01 -0.261203E+00  0.000000E+00  0.000000E+00  0.000000E+00  0.000000E+00
  0.236845E+01 -0.284039E+00 -0.151744E-01  0.000000E+00  0.000000E+00  0.000000E+00  0.000000E+00
  0.256051E+01 -0.121399E-01 -0.354948E+00  0.000000E+00  0.000000E+00  0.000000E+00  0.000000E+00
  0.239866E+01  0.164080E-01  0.275428E+00  0.000000E+00  0.000000E+00  0.000000E+00  0.000000E+00
  0.164369E+01 -0.453462E-02 -0.171030E+00  0.000000E+00  0.000000E+00  0.000000E+00  0.000000E+00
  0.225373E+01 -0.294412E+00  0.110708E-01  0.000000E+00  0.000000E+00  0.000000E+00  0.000000E+00
  0.183496E+01  0.222331E+00 -0.234336E-03  0.000000E+00  0.000000E+00  0.000000E+00  0.000000E+00
  0.280808E+01  0.397545E+00  0.132433E-01  0.000000E+00  0.000000E+00  0.000000E+00  0.000000E+00
  0.238783E+01  0.180084E-01 -0.251311E+00  0.000000E+00  0.000000E+00  0.000000E+00  0.000000E+00
  0.238882E+01 -0.189111E-01  0.237140E+00  0.000000E+00  0.000000E+00  0.000000E+00  0.000000E+00
  0.224673E+01  0.228009E+00 -0.178988E-01  0.000000E+00  0.000000E+00  0.000000E+00  0.000000E+00
  0.200077E+01 -0.253039E+00 -0.722515E-02  0.000000E+00  0.000000E+00  0.000000E+00  0.000000E+00
  0.192670E+01 -0.109670E-01  0.220676E+00  0.000000E+00  0.000000E+00  0.000000E+00  0.000000E+00
  0.265931E+01 -0.393057E+00 -0.102623E-01  0.000000E+00  0.000000E+00  0.000000E+00  0.000000E+00
  0.270011E+01 -0.106716E-02 -0.440974E+00  0.000000E+00  0.000000E+00  0.000000E+00  0.000000E+00
  0.252879E+01 -0.281501E+00  0.176731E-01  0.000000E+00  0.000000E+00  0.000000E+00  0.000000E+00
  0.234074E+01  0.665008E-02  0.337769E+00  0.000000E+00  0.000000E+00  0.000000E+00  0.000000E+00
  0.232894E+01  0.251814E+00  0.172229E-01  0.000000E+00  0.000000E+00  0.000000E+00  0.000000E+00
  0.275818E+01 -0.424035E+00  0.920540E-02  0.000000E+00  0.000000E+00  0.000000E+00  0.000000E+00
  0.189910E+01 -0.224071E+00 -0.858491E-02  0.000000E+00  0.000000E+00  0.000000E+00  0.000000E+00
  0.208792E+01  0.278582E+00  0.579571E-02  0.000000E+00  0.000000E+00  0.000000E+00  0.000000E+00
  0.275432E+01 -0.395364E-02 -0.449375E+00  0.000000E+00  0.000000E+00  0.000000E+00  0.000000E+00
  0.164416E+01  0.173346E+00 -0.222116E-02  0.000000E+00  0.000000E+00  0.000000E+00  0.000000E+00
  0.257390E+01  0.409346E+00  0.480150E-03  0.000000E+00  0.000000E+00  0.000000E+00  0.000000E+00
  0.273916E+01  0.305805E+00 -0.183843E-01  0.000000E+00  0.000000E+00  0.000000E+00  0.000000E+00
  0.262683E+01 -0.920160E-02  0.393141E+00  0.000000E+00  0.000000E+00  0.000000E+00  0.000000E+00
  0.236604E+01 -0.152438E-02 -0.356132E+00  0.000000E+00  0.000000E+00  0.000000E+00  0.000000E+00
  0.270391E+01 -0.429321E+00  0.602042E-02  0.000000E+00  0.000000E+00  0.000000E+00  0.000000E+00
  0.276415E+01  0.169588E-01  0.336210E+00  0.000000E+00  0.000000E+00  0.000000E+00  0.000000E+00
  0.183087E+01 -0.216930E+00  0.494700E-02  0.000000E+00  0.000000E+00  0.000000E+00  0.000000E+00
  0.240015E+01 -0.762743E-02 -0.348011E+00  0.000000E+00  0.000000E+00  0.000000E+00  0.000000E+00
  0.265083E+01 -0.428705E+00 -0.754120E-03  0.000000E+00  0.000000E+00  0.000000E+00  0.000000E+00
  0.187855E+01 -0.142065E-01  0.192034E+00  0.000000E+00  0.000000E+00  0.000000E+00  0.000000E+00
  0.229798E+01  0.171887E-01  0.246572E+00  0.000000E+00  0.000000E+00  0.000000E+00  0.000000E+00
  0.193989E+01  0.112521E-01  0.222270E+00  0.000000E+00  0.000000E+00  0.000000E+00  0.000000E+00
  0.199275E+01  0.593825E-02 -0.254783E+00  0.000000E+00  0.000000E+00  0.000000E+00  0.000000E+00
  0.282034E+01 -0.194345E-01 -0.296788E+00  0.000000E+00  0.000000E+00  0.000000E+00  0.000000E+00
  0.178915E+01  0.206373E+00  0.506366E-02  0.000000E+00  0.000000E+00  0.000000E+00  0.000000E+00
  0.243432E+01 -0.122590E-01  0.326023E+00  0.000000E+00  0.000000E+00  0.000000E+00  0.000000E+00
  0.245689E+01 -0.345644E+00 -0.103611E-01  0.000000E+00  0.000000E+00  0.000000E+00  0.000000E+00
  0.246631E+01  0.247455E-03 -0.382164E+00  0.000000E+00  0.000000E+00  0.000000E+00  0.000000E+00
  0.284082E+01 -0.121185E-01  0.995964E-01  0.000000E+00  0.000000E+00  0.000000E+00  0.000000E+00
  0.284082E+01  0.105412E+00  0.629788E-01  0.000000E+00  0.000000E+00  0.000000E+00  0.000000E+00
  0.284082E+01 -0.637357E-01 -0.597869E-01  0.000000E+00  0.000000E+00  0.000000E+00  0.000000E+00
  0.284082E+01 -0.881632E-01  0.405294E-01  0.000000E+00  0.000000E+00  0.000000E+00  0.000000E+00
  0.284082E+01  0.157975E+00  0.274699E-01  0.000000E+00  0.000000E+00  0.000000E+00  0.000000E+00
  0.284082E+01  0.105302E+00 -0.125221E-01  0.000000E+00  0.000000E+00  0.000000E+00  0.000000E+00
  0.284082E+01  0.563971E-03  0.732038E-02  0.000000E+00  0.000000E+00  0.000000E+00  0.000000E+00
  0.284082E+01  0.121156E+00 -0.225924E-01  0.000000E+00  0.000000E+00  0.000000E+00  0.000000E+00
  0.284082E+01 -0.140507E-01  0.186670E+00  0.000000E+00  0.000000E+00  0.000000E+00  0.000000E+00
  0.284082E+01 -0.815264E-01  0.110867E-01  0.000000E+00  0.000000E+00  0.000000E+00  0.000000E+00
  0.284082E+01  0.634646E-02 -0.313109E-03  0.000000E+00  0.000000E+00  0.000000E+00  0.000000E+00
  0.284082E+01  0.965777E-01  0.189616E+00  0.000000E+00  0.000000E+00  0.000000E+00  0.000000E+00
  0.284082E+01 -0.433440E-01 -0.174408E+00  0.000000E+00  0.000000E+00  0.000000E+00  0.000000E+00
  0.284082E+01  0.776051E-01 -0.406326E-01  0.000000E+00  0.000000E+00  0.000000E+00  0.000000E+00
  0.284082E+01 -0.383252E-02 -0.788590E-03  0.000000E+00  0.000000E+00  0.000000E+00  0.000000E+00
  0.284082E+01  0.119741E-01  0.351124E-02  0.000000E+00  0.000000E+00  0.000000E+00  0.000000E+00
  0.284082E+01  0.172330E-02  0.136164E+00  0.000000E+00  0.000000E+00  0.000000E+00  0.000000E+00
  0.284082E+01  0.300267E-01  0.146353E+00  0.000000E+00  0.000000E+00  0.000000E+00  0.000000E+00
  0.284082E+01  0.781476E-01 -0.655549E-02  0.000000E+00  0.000000E+00  0.000000E+00  0.000000E+00
  0.284082E+01 -0.458266E-01  0.405079E-01  0.000000E+00  0.000000E+00  0.000000E+00  0.000000E+00
  0.284082E+01  0.128450E+00 -0.168770E+00  0.000000E+00  0.000000E+00  0.000000E+00  0.000000E+00
  0.284082E+01 -0.224586E+00 -0.989752E-01  0.000000E+00  0.000000E+00  0.000000E+00  0.000000E+00
  0.284082E+01  0.158617E+00 -0.554486E-01  0.000000E+00  0.000000E+00  0.000000E+00  0.000000E+00
  0.284082E+01 -0.350646E-01 -0.230719E-01  0.000000E+00  0.000000E+00  0.000000E+00  0.000000E+00
  0.284082E+01 -0.439840E-01 -0.128778E-01  0.000000E+00  0.000000E+00  0.000000E+00  0.000000E+00
  0.284082E+01  0.966191E-01  0.106937E+00  0.000000E+00  0.000000E+00  0.000000E+00  0.000000E+00
  0.284082E+01 -0.336976E-01 -0.556595E-01  0.000000E+00  0.000000E+00  0.000000E+00  0.000000E+00
  0.284082E+01  0.145067E+00 -0.349571E-01  0.000000E+00  0.000000E+00  0.000000E+00  0.000000E+00
  0.284082E+01 -0.462565E-01  0.194413E+00  0.000000E+00  0.000000E+00  0.000000E+00  0.000000E+00
  0.284082E+01 -0.488074E-01  0.114531E-01  0.000000E+00  0.000000E+00  0.000000E+00  0.000000E+00
  0.284082E+01 -0.660136E-01 -0.508174E-01  0.000000E+00  0.000000E+00  0.000000E+00  0.000000E+00
  0.284082E+01 -0.663607E-02 -0.476050E-03  0.000000E+00  0.000000E+00  0.000000E+00  0.000000E+00
  0.284082E+01 -0.469671E-02  0.211831E-02  0.000000E+00  0.000000E+00  0.000000E+00  0.000000E+00
  0.284082E+01 -0.166627E+00  0.174944E+00  0.000000E+00  0.000000E+00  0.000000E+00  0.000000E+00
  0.284082E+01 -0.539697E-01  0.442199E-02  0.000000E+00  0.000000E+00  0.000000E+00  0.000000E+00
  0.284082E+01  0.132414E-01 -0.178234E-01  0.000000E+00  0.000000E+00  0.000000E+00  0.000000E+00
  0.284082E+01  0.534397E-02  0.452869E-01  0.000000E+00  0.000000E+00  0.000000E+00  0.000000E+00
  0.284082E+01 -0.500796E-01 -0.317703E-01  0.000000E+00  0.000000E+00  0.000000E+00  0.000000E+00
  0.284082E+01 -0.820483E-01  0.580232E-01  0.000000E+00  0.000000E+00  0.000000E+00  0.000000E+00
  0.284082E+01 -0.155072E+00 -0.131558E+00  0.000000E+00  0.000000E+00  0.000000E+00  0.000000E+00
  0.284082E+01 -0.126713E+00  0.529106E-01  0.000000E+00  0.000000E+00  0.000000E+00  0.000000E+00
  0.284082E+01 -0.161525E+00 -0.389056E-01  0.000000E+00  0.000000E+00  0.000000E+00  0.000000E+00
  0.284082E+01 -0.105028E+00 -0.198865E+00  0.000000E+00  0.000000E+00  0.000000E+00  0.000000E+00
  0.284082E+01 -0.356675E-01  0.138565E+00  0.000000E+00  0.000000E+00  0.000000E+00  0.000000E+00
  0.284082E+01  0.366861E-01 -0.587993E-01  0.000000E+00  0.000000E+00  0.000000E+00  0.000000E+00
  0.284082E+01 -0.184622E-01  0.995544E-01  0.000000E+00  0.000000E+00  0.000000E+00  0.000000E+00
  0.284082E+01  0.104826E+00  0.301707E-01  0.000000E+00  0.000000E+00  0.000000E+00  0.000000E+00
  0.284082E+01 -0.475904E-01  0.196338E+00  0.000000E+00  0.000000E+00  0.000000E+00  0.000000E+00
  0.284082E+01 -0.263306E-01  0.306286E-01  0.000000E+00  0.000000E+00  0.000000E+00  0.000000E+00
  0.284082E+01  0.105170E+00 -0.196057E-01  0.000000E+00  0.000000E+00  0.000000E+00  0.000000E+00
  0.284082E+01  0.149101E+00  0.157144E-01  0.000000E+00  0.000000E+00  0.000000E+00  0.000000E+00
  0.284082E+01  0.886136E-01  0.129480E+00  0.000000E+00  0.000000E+00  0.000000E+00  0.000000E+00
  0.284082E+01  0.841050E-02 -0.655090E-01  0.000000E+00  0.000000E+00  0.000000E+00  0.000000E+00
  0.284082E+01 -0.927736E-01  0.826930E-01  0.000000E+00  0.000000E+00  0.000000E+00  0.000000E+00
  0.284082E+01  0.213198E+00  0.993917E-01  0.000000E+00  0.000000E+00  0.000000E+00  0.000000E+00
  0.284082E+01 -0.139573E-01  0.203693E-01  0.000000E+00  0.000000E+00  0.000000E+00  0.000000E+00
  0.284082E+01 -0.682033E-02  0.560857E-03  0.000000E+00  0.000000E+00  0.000000E+00  0.000000E+00
  0.284082E+01  0.934886E-01  0.411072E-01  0.000000E+00  0.000000E+00  0.000000E+00  0.000000E+00
  0.284082E+01  0.208888E+00  0.483426E-01  0.000000E+00  0.000000E+00  0.000000E+00  0.000000E+00
  0.284082E+01  0.974751E-02 -0.150822E-01  0.000000E+00  0.000000E+00  0.000000E+00  0.000000E+00
  0.284082E+01 -0.242303E+00  0.250119E-01  0.000000E+00  0.000000E+00  0.000000E+00  0.000000E+00
  0.284082E+01 -0.192028E-01 -0.730779E-01  0.000000E+00  0.000000E+00  0.000000E+00  0.000000E+00
  0.284082E+01  0.211927E-02  0.447788E-02  0.000000E+00  0.000000E+00  0.000000E+00  0.000000E+00
  0.284082E+01 -0.352842E-01  0.163821E+00  0.000000E+00  0.000000E+00  0.000000E+00  0.000000E+00
  0.284082E+01  0.114993E+00  0.506437E-01  0.000000E+00  0.000000E+00  0.000000E+00  0.000000E+00
  0.284082E+01 -0.118851E+00 -0.210407E+00  0.000000E+00  0.000000E+00  0.000000E+00  0.000000E+00
  0.284082E+01 -0.153581E+00  0.129554E+00  0.000000E+00  0.000000E+00  0.000000E+00  0.000000E+00
  0.284082E+01 -0.407656E-01 -0.356586E-01  0.000000E+00  0.000000E+00  0.000000E+00  0.000000E+00
  0.284082E+01 -0.134243E-01 -0.180442E+00  0.000000E+00  0.000000E+00  0.000000E+00  0.000000E+00
  0.284082E+01  0.104385E+00  0.133906E+00  0.000000E+00  0.000000E+00  0.000000E+00  0.000000E+00
  0.284082E+01 -0.621392E-01 -0.276759E-01  0.000000E+00  0.000000E+00  0.000000E+00  0.000000E+00
  0.284082E+01 -0.419522E-01  0.310955E-01  0.000000E+00  0.000000E+00  0.000000E+00  0.000000E+00
  0.284082E+01 -0.161220E+00  0.369302E-01  0.000000E+00  0.000000E+00  0.000000E+00  0.000000E+00
  0.284082E+01 -0.145403E+00 -0.125681E-01  0.000000E+00  0.000000E+00  0.000000E+00  0.000000E+00
  0.284082E+01  0.107599E+00 -0.984216E-01  0.000000E+00  0.000000E+00  0.000000E+00  0.000000E+00
  0.284082E+01  0.714646E-02 -0.265385E-01  0.000000E+00  0.000000E+00  0.000000E+00  0.000000E+00
  0.284082E+01 -0.117500E+00 -0.299267E-03  0.000000E+00  0.000000E+00  0.000000E+00  0.000000E+00
  0.284082E+01 -0.756920E-03  0.747649E-02  0.000000E+00  0.000000E+00  0.000000E+00  0.000000E+00
  0.284082E+01  0.197055E-01  0.298512E-01  0.000000E+00  0.000000E+00  0.000000E+00  0.000000E+00
  0.284082E+01 -0.992496E-01 -0.195313E+00  0.000000E+00  0.000000E+00  0.000000E+00  0.000000E+00
  0.284082E+01  0.152097E-01 -0.920832E-02  0.000000E+00  0.000000E+00  0.000000E+00  0.000000E+00
  0.284082E+01  0.357381E-01 -0.837957E-01  0.000000E+00  0.000000E+00  0.000000E+00  0.000000E+00
  0.284082E+01  0.139901E+00 -0.134200E+00  0.000000E+00  0.000000E+00  0.000000E+00  0.000000E+00
  0.284082E+01 -0.145522E+00  0.512773E-01  0.000000E+00  0.000000E+00  0.000000E+00  0.000000E+00
  0.284082E+01  0.580944E-01  0.751633E-03  0.000000E+00  0.000000E+00  0.000000E+00  0.000000E+00
  0.284082E+01 -0.266158E-01  0.156878E+00  0.000000E+00  0.000000E+00  0.000000E+00  0.000000E+00
  0.284082E+01 -0.214683E+00  0.558698E-01  0.000000E+00  0.000000E+00  0.000000E+00  0.000000E+00
  0.284082E+01 -0.168265E+00 -0.134334E+00  0.000000E+00  0.000000E+00  0.000000E+00  0.000000E+00
  0.284082E+01 -0.187078E-01  0.979012E-02  0.000000E+00  0.000000E+00  0.000000E+00  0.000000E+00
  0.284082E+01  0.154451E-01  0.103791E+00  0.000000E+00  0.000000E+00  0.000000E+00  0.000000E+00
  0.284082E+01  0.192048E+00 -0.265611E-01  0.000000E+00  0.000000E+00  0.000000E+00  0.000000E+00
  0.284082E+01 -0.519564E-02  0.867175E-04  0.000000E+00  0.000000E+00  0.000000E+00  0.000000E+00
  0.284082E+01 -0.132660E+00 -0.133582E+00  0.000000E+00  0.000000E+00  0.000000E+00  0.000000E+00
  0.284082E+01 -0.133559E+00  0.601648E-01  0.000000E+00  0.000000E+00  0.000000E+00  0.000000E+00
  0.284082E+01 -0.153274E+00  0.564981E-01  0.000000E+00  0.000000E+00  0.000000E+00  0.000000E+00
  0.284082E+01  0.588099E-01 -0.115272E+00  0.000000E+00  0.000000E+00  0.000000E+00  0.000000E+00
  0.284082E+01 -0.144268E+00  0.142704E+00  0.000000E+00  0.000000E+00  0.000000E+00  0.000000E+00
  0.284082E+01  0.495860E-01 -0.124365E-01  0.000000E+00  0.000000E+00  0.000000E+00  0.000000E+00
  0.284082E+01 -0.815782E-01 -0.177845E+00  0.000000E+00  0.000000E+00  0.000000E+00  0.000000E+00
  0.284082E+01  0.139957E-01 -0.214209E+00  0.000000E+00  0.000000E+00  0.000000E+00  0.000000E+00
