  0.254129E+01  0.392516E+00 -0.516400E-02  0.000000E+00  0.000000E+00  0.000000E+00  0.000000E+00
  0.226877E+01  0.108648E-01  0.299163E+00  0.000000E+00  0.000000E+00  0.000000E+00  0.000000E+00
  0.197028E+01  0.207147E+00 -0.147545E-01  0.000000E+00  0.000000E+00  0.000000E+00  0.000000E+00
  0.196278E+01 -0.253502E+00 -0.242308E-02  0.000000E+00  0.000000E+00  0.000000E+00  0.000000E+00
  0.263016E+01  0.180689E-01  0.292798E+00  0.000000E+00  0.000000E+00  0.000000E+00  0.000000E+00
  0.275390E+01 -0.322525E+00 -0.176339E-01  0.000000E+00  0.000000E+00  0.000000E+00  0.000000E+00
  0.215103E+01 -0.124148E-01  0.262445E+00  0.000000E+00  0.000000E+00  0.000000E+00  0.000000E+00
  0.275309E+01  0.439557E+00  0.641607E-02  0.000000E+00  0.000000E+00  0.000000E+00  0.000000E+00
  0.201653E+01  0.238083E+00 -0.115275E-01  0.000000E+00  0.000000E+00  0.000000E+00  0.000000E+00
  0.191403E+01  0.240405E+00  0.316884E-02  0.000000E+00  0.000000E+00  0.000000E+00  0.000000E+00
  0.213097E+01  0.100886E-01  0.272002E+00  0.000000E+00  0.000000E+00  0.000000E+00  0.000000E+00
  0.177690E+01 -0.800489E-03 -0.207535E+00  0.000000E+00  0.000000E+00  0.000000E+00  0.000000E+00
  0.234486E+01  0.310424E+00  0.117201E-01  0.000000E+00  0.000000E+00  0.000000E+00  0.000000E+00
  0.260766E+01  0.406926E+00 -0.570905E-02  0.000000E+00  0.000000E+00  0.000000E+00  0.000000E+00
  0.234807E+01 -0.333354E+00  0.807765E-02  0.000000E+00  0.000000E+00  0.000000E+00  0.000000E+00
  0.247513E+01  0.307553E+00 -0.149983E-01  0.000000E+00  0.000000E+00  0.000000E+00  0.000000E+00
  0.196573E+01  0.254958E+00 -0.154777E-02  0.000000E+00  0.000000E+00  0.000000E+00  0.000000E+00
  0.263459E+01 -0.319301E+00 -0.164884E-01  0.000000E+00  0.000000E+00  0.000000E+00  0.000000E+00
  0.252677E+01  0.184364E-02  0.396407E+00  0.000000E+00  0.000000E+00  0.000000E+00  0.000000E+00
  0.226742E+01 -0.281650E+00 -0.132188E-01  0.000000E+00  0.000000E+00  0.000000E+00  0.000000E+00
  0.245137E+01  0.304186E+00  0.148701E-01  0.000000E+00  0.000000E+00  0.000000E+00  0.000000E+00
  0.219119E+01  0.175007E-01  0.223181E+00  0.000000E+00  0.000000E+00  0.000000E+00  0.000000E+00
  0.282489E+01 -0.469653E+00 -0.295468E-02  0.000000E+00  0.000000E+00  0.000000E+00  0.000000E+00
  0.264767E+01 -0.135260E-01 -0.360031E+00  0.000000E+00  0.000000E+00  0.000000E+00  0.000000E+00
  0.243318E+01  0.897979E-02  0.348851E+00  0.000000E+00  0.000000E+00  0.000000E+00  0.000000E+00
  0.176341E+01 -0.119486E-01 -0.179389E+00  0.000000E+00  0.000000E+00  0.000000E+00  0.000000E+00
  0.188896E+01  0.233016E+00  0.397083E-02  0.000000E+00  0.000000E+00  0.000000E+00  0.000000E+00
  0.263416E+01  0.274174E+00 -0.190918E-01  0.000000E+00  0.000000E+00  0.000000E+00  0.000000E+00
  0.218497E+01  0.234488E+00 -0.164194E-01  0.000000E+00  0.000000E+00  0.000000E+00  0.000000E+00
  0.282293E+01 -0.169926E-01  0.346552E+00  0.000000E+00  0.000000E+00  0.000000E+00  0.000000E+00
  0.225948E+01 -0.163795E-01 -0.249170E+00  0.000000E+00  0.000000E+00  0.000000E+00  0.000000E+00
  0.222537E+01  0.670193E-02 -0.309426E+00  0.000000E+00  0.000000E+00  0.000000E+00  0.000000E+00
  0.242644E+01  0.958599E-02 -0.343650E+00  0.000000E+00  0.000000E+00  0.000000E+00  0.000000E+00
  0.206204E+01 -0.266702E+00 -0.756831E-02  0.000000E+00  0.000000E+00  0.000000E+00  0.000000E+00
  0.214384E+01 -0.300421E+00 -0.709932E-03  0.000000E+00  0.000000E+00  0.000000E+00  0.000000E+00
  0.170283E+01  0.186602E+00  0.387765E-02  0.000000E+00  0.000000E+00  0.000000E+00  0.000000E+00
  0.240867E+01 -0.266755E+00  0.172007E-01  0.000000E+00  0.000000E+00  0.000000E+00  0.000000E+00
  0.279148E+01 -0.450367E+00  0.612210E-02  0.000000E+00  0.000000E+00  0.000000E+00  0.000000E+00
  0.184656E+01  0.207045E+00  0.985238E-02  0.000000E+00  0.000000E+00  0.000000E+00  0.000000E+00
  0.274085E+01  0.292224E+00 -0.190632E-01  0.000000E+00  0.000000E+00  0.000000E+00  0.000000E+00
  0.192830E+01  0.136039E-01 -0.206366E+00  0.000000E+00  0.000000E+00  0.000000E+00  0.000000E+00
  0.196663E+01 -0.216993E+00 -0.132217E-01  0.000000E+00  0.000000E+00  0.000000E+00  0.000000E+00
  0.244854E+01  0.209254E-02  0.376360E+00  0.000000E+00  0.000000E+00  0.000000E+00  0.000000E+00
  0.176810E+01  0.205155E+00  0.125120E-02  0.000000E+00  0.000000E+00  0.000000E+00  0.000000E+00
  0.201760E+01 -0.127737E-01 -0.230874E+00  0.000000E+00  0.000000E+00  0.000000E+00  0.000000E+00
  0.194784E+01  0.242281E+00  0.650255E-02  0.000000E+00  0.000000E+00  0.000000E+00  0.000000E+00
  0.281363E+01 -0.325579E+00 -0.180343E-01  0.000000E+00  0.000000E+00  0.000000E+00  0.000000E+00
  0.283008E+01 -0.152035E-01 -0.376500E+00  0.000000E+00  0.000000E+00  0.000000E+00  0.000000E+00
  0.232881E+01 -0.341739E+00 -0.448344E-02  0.000000E+00  0.000000E+00  0.000000E+00  0.000000E+00
  0.242991E+01  0.348996E+00 -0.881801E-02  0.000000E+00  0.000000E+00  0.000000E+00  0.000000E+00
  0.172691E+01  0.438326E-02 -0.191965E+00  0.000000E+00  0.000000E+00  0.000000E+00  0.000000E+00
  0.243399E+01  0.189562E-01 -0.243837E+00  0.000000E+00  0.000000E+00  0.000000E+00  0.000000E+00
  0.183414E+01  0.924067E-02 -0.206401E+00  0.000000E+00  0.000000E+00  0.000000E+00  0.000000E+00
  0.191819E+01 -0.106921E-01  0.220028E+00  0.000000E+00  0.000000E+00  0.000000E+00  0.000000E+00
  0.277088E+01 -0.749647E-02 -0.438160E+00  0.000000E+00  0.000000E+00  0.000000E+00  0.000000E+00
  0.279415E+01 -0.321418E+00 -0.180727E-01  0.000000E+00  0.000000E+00  0.000000E+00  0.000000E+00
  0.231447E+01  0.521791E-02  0.336172E+00  0.000000E+00  0.000000E+00  0.000000E+00  0.000000E+00
  0.256508E+01 -0.339820E+00 -0.137734E-01  0.000000E+00  0.000000E+00  0.000000E+00  0.000000E+00
  0.281624E+01 -0.289481E+00 -0.197151E-01  0.000000E+00  0.000000E+00  0.000000E+00  0.000000E+00
  0.260533E+01  0.332308E+00  0.151266E-01  0.000000E+00  0.000000E+00  0.000000E+00  0.000000E+00
  0.186271E+01  0.194827E+00  0.131932E-01  0.000000E+00  0.000000E+00  0.000000E+00  0.000000E+00
  0.216179E+01  0.132708E-01  0.258554E+00  0.000000E+00  0.000000E+00  0.000000E+00  0.000000E+00
  0.227681E+01 -0.314344E+00 -0.848999E-02  0.000000E+00  0.000000E+00  0.000000E+00  0.000000E+00
  0.241190E+01  0.352029E+00  0.737150E-02  0.000000E+00  0.000000E+00  0.000000E+00  0.000000E+00
  0.175715E+01  0.202126E+00  0.178068E-02  0.000000E+00  0.000000E+00  0.000000E+00  0.000000E+00
  0.258723E+01 -0.352929E+00 -0.129670E-01  0.000000E+00  0.000000E+00  0.000000E+00  0.000000E+00
  0.224703E+01 -0.470324E-02 -0.320833E+00  0.000000E+00  0.000000E+00  0.000000E+00  0.000000E+00
  0.251928E+01 -0.352141E+00 -0.113913E-01  0.000000E+00  0.000000E+00  0.000000E+00  0.000000E+00
  0.270021E+01  0.440034E+00 -0.196601E-02  0.000000E+00  0.000000E+00  0.000000E+00  0.000000E+00
  0.265193E+01 -0.761372E-02  0.408792E+00  0.000000E+00  0.000000E+00  0.000000E+00  0.000000E+00
  0.228419E+01 -0.128395E-01 -0.288366E+00  0.000000E+00  0.000000E+00  0.000000E+00  0.000000E+00
  0.207469E+01 -0.218688E+00 -0.158706E-01  0.000000E+00  0.000000E+00  0.000000E+00  0.000000E+00
  0.223893E+01  0.159805E-01 -0.249638E+00  0.000000E+00  0.000000E+00  0.000000E+00  0.000000E+00
  0.169707E+01 -0.820761E-02 -0.177040E+00  0.000000E+00  0.000000E+00  0.000000E+00  0.000000E+00
  0.198266E+01  0.141225E-01  0.214323E+00  0.000000E+00  0.000000E+00  0.000000E+00  0.000000E+00
  0.226376E+01 -0.248364E+00  0.165200E-01  0.000000E+00  0.000000E+00  0.000000E+00  0.000000E+00
  0.203598E+01 -0.263649E+00 -0.656332E-02  0.000000E+00  0.000000E+00  0.000000E+00  0.000000E+00
  0.233872E+01 -0.269447E+00  0.159477E-01  0.000000E+00  0.000000E+00  0.000000E+00  0.000000E+00
  0.183476E+01  0.203783E+00 -0.998687E-02  0.000000E+00  0.000000E+00  0.000000E+00  0.000000E+00
  0.197206E+01  0.257005E+00 -0.475511E-03  0.000000E+00  0.000000E+00  0.000000E+00  0.000000E+00
  0.253183E+01 -0.315873E+00  0.152593E-01  0.000000E+00  0.000000E+00  0.000000E+00  0.000000E+00
  0.206742E+01  0.146246E-01  0.228060E+00  0.000000E+00  0.000000E+00  0.000000E+00  0.000000E+00
  0.264425E+01 -0.410349E+00 -0.695881E-02  0.000000E+00  0.000000E+00  0.000000E+00  0.000000E+00
  0.177493E+01 -0.134558E-02 -0.206841E+00  0.000000E+00  0.000000E+00  0.000000E+00  0.000000E+00
  0.212804E+01 -0.296305E+00 -0.999069E-03  0.000000E+00  0.000000E+00  0.000000E+00  0.000000E+00
  0.176075E+01  0.187330E+00 -0.978010E-02  0.000000E+00  0.000000E+00  0.000000E+00  0.000000E+00
  0.263802E+01 -0.165974E-01 -0.318317E+00  0.000000E+00  0.000000E+00  0.000000E+00  0.000000E+00
  0.227096E+01 -0.166120E-01 -0.248647E+00  0.000000E+00  0.000000E+00  0.000000E+00  0.000000E+00
  0.213275E+01 -0.215164E+00  0.172797E-01  0.000000E+00  0.000000E+00  0.000000E+00  0.000000E+00
  0.180579E+01  0.195574E+00 -0.103743E-01  0.000000E+00  0.000000E+00  0.000000E+00  0.000000E+00
  0.259996E+01 -0.268590E+00  0.190915E-01  0.000000E+00  0.000000E+00  0.000000E+00  0.000000E+00
  0.228567E+01 -0.138567E-01  0.280040E+00  0.000000E+00  0.000000E+00  0.000000E+00  0.000000E+00
  0.251485E+01  0.297596E-02  0.391668E+00  0.000000E+00  0.000000E+00  0.000000E+00  0.000000E+00
  0.256727E+01 -0.316190E+00 -0.157848E-01  0.000000E+00  0.000000E+00  0.000000E+00  0.000000E+00
  0.217316E+01 -0.215640E+00  0.178484E-01  0.000000E+00  0.000000E+00  0.000000E+00  0.000000E+00
  0.199438E+01  0.236941E+00  0.107965E-01  0.000000E+00  0.000000E+00  0.000000E+00  0.000000E+00
  0.245804E+01 -0.424228E-02  0.374576E+00  0.000000E+00  0.000000E+00  0.000000E+00  0.000000E+00
  0.197547E+01  0.524224E-02  0.252181E+00  0.000000E+00  0.000000E+00  0.000000E+00  0.000000E+00
  0.176520E+01 -0.191865E+00 -0.870623E-02  0.000000E+00  0.000000E+00  0.000000E+00  0.000000E+00
  0.169583E+01  0.185170E+00 -0.359534E-02  0.000000E+00  0.000000E+00  0.000000E+00  0.000000E+00
  0.193400E+01 -0.193975E+00  0.155188E-01  0.000000E+00  0.000000E+00  0.000000E+00  0.000000E+00
  0.249319E+01 -0.361570E+00 -0.921996E-02  0.000000E+00  0.000000E+00  0.000000E+00  0.000000E+00
  0.258734E+01 -0.383305E+00  0.928391E-02  0.000000E+00  0.000000E+00  0.000000E+00  0.000000E+00
  0.209360E+01 -0.259912E+00 -0.107394E-01  0.000000E+00  0.000000E+00  0.000000E+00  0.000000E+00
  0.264912E+01  0.110354E-01  0.384464E+00  0.000000E+00  0.000000E+00  0.000000E+00  0.000000E+00
  0.199403E+01 -0.618787E-02  0.254441E+00  0.000000E+00  0.000000E+00  0.000000E+00  0.000000E+00
  0.218063E+01  0.276266E+00  0.113207E-01  0.000000E+00  0.000000E+00  0.000000E+00  0.000000E+00
  0.257338E+01  0.189814E-01  0.266362E+00  0.000000E+00  0.000000E+00  0.000000E+00  0.000000E+00
  0.166632E+01  0.696430E-02 -0.172533E+00  0.000000E+00  0.000000E+00  0.000000E+00  0.000000E+00
  0.266165E+01  0.369278E+00 -0.129441E-01  0.000000E+00  0.000000E+00  0.000000E+00  0.000000E+00
  0.187587E+01  0.542748E-02  0.227148E+00  0.000000E+00  0.000000E+00  0.000000E+00  0.000000E+00
  0.266517E+01 -0.139729E-01  0.358666E+00  0.000000E+00  0.000000E+00  0.000000E+00  0.000000E+00
  0.239065E+01 -0.177643E-02  0.362111E+00  0.000000E+00  0.000000E+00  0.000000E+00  0.000000E+00
  0.254802E+01  0.329535E+00  0.143816E-01  0.000000E+00  0.000000E+00  0.000000E+00  0.000000E+00
  0.242112E+01 -0.103397E-01 -0.337548E+00  0.000000E+00  0.000000E+00  0.000000E+00  0.000000E+00
  0.219118E+01 -0.253598E+00  0.146109E-01  0.000000E+00  0.000000E+00  0.000000E+00  0.000000E+00
  0.229120E+01 -0.590784E-02 -0.328280E+00  0.000000E+00  0.000000E+00  0.000000E+00  0.000000E+00
  0.208434E+01  0.707472E-02 -0.273807E+00  0.000000E+00  0.000000E+00  0.000000E+00  0.000000E+00
  0.254776E+01 -0.342474E+00  0.131607E-01  0.000000E+00  0.000000E+00  0.000000E+00  0.000000E+00
  0.261247E+01 -0.698917E-02 -0.402474E+00  0.000000E+00  0.000000E+00  0.000000E+00  0.000000E+00
  0.263660E+01 -0.160755E-01  0.325714E+00  0.000000E+00  0.000000E+00  0.000000E+00  0.000000E+00
  0.263620E+01 -0.670032E-02 -0.409641E+00  0.000000E+00  0.000000E+00  0.000000E+00  0.000000E+00
  0.185072E+01  0.212048E+00 -0.874056E-02  0.000000E+00  0.000000E+00  0.000000E+00  0.000000E+00
  0.187073E+01 -0.395168E-02  0.228487E+00  0.000000E+00  0.000000E+00  0.000000E+00  0.000000E+00
  0.214986E+01 -0.578185E-02  0.293876E+00  0.000000E+00  0.000000E+00  0.000000E+00  0.000000E+00
  0.203768E+01  0.266667E+00 -0.561744E-02  0.000000E+00  0.000000E+00  0.000000E+00  0.000000E+00
  0.210846E+01  0.285327E+00  0.515095E-02  0.000000E+00  0.000000E+00  0.000000E+00  0.000000E+00
  0.242639E+01 -0.561130E-02  0.362582E+00  0.000000E+00  0.000000E+00  0.000000E+00  0.000000E+00
  0.224386E+01  0.380036E-03 -0.325826E+00  0.000000E+00  0.000000E+00  0.000000E+00  0.000000E+00
  0.171968E+01 -0.738133E-02  0.184542E+00  0.000000E+00  0.000000E+00  0.000000E+00  0.000000E+00
  0.224094E+01  0.134028E-01 -0.274454E+00  0.000000E+00  0.000000E+00  0.000000E+00  0.000000E+00
  0.283175E+01  0.109557E-01 -0.426695E+00  0.000000E+00  0.000000E+00  0.000000E+00  0.000000E+00
  0.174577E+01 -0.199463E+00  0.136295E-02  0.000000E+00  0.000000E+00  0.000000E+00  0.000000E+00
  0.169839E+01 -0.542734E-02  0.183285E+00  0.000000E+00  0.000000E+00  0.000000E+00  0.000000E+00
  0.179649E+01  0.211370E+00  0.268649E-02  0.000000E+00  0.000000E+00  0.000000E+00  0.000000E+00
  0.212786E+01 -0.571123E-03 -0.296417E+00  0.000000E+00  0.000000E+00  0.000000E+00  0.000000E+00
  0.283943E+01  0.127600E-01 -0.409888E+00  0.000000E+00  0.000000E+00  0.000000E+00  0.000000E+00
  0.217485E+01  0.296089E+00 -0.699071E-02  0.000000E+00  0.000000E+00  0.000000E+00  0.000000E+00
  0.189014E+01 -0.211813E+00 -0.110847E-01  0.000000E+00  0.000000E+00  0.000000E+00  0.000000E+00
  0.225584E+01  0.328843E+00  0.453976E-03  0.000000E+00  0.000000E+00  0.000000E+00  0.000000E+00
  0.236796E+01  0.356122E+00 -0.201435E-02  0.000000E+00  0.000000E+00  0.000000E+00  0.000000E+00
  0.202631E+01 -0.567560E-02  0.263716E+00  0.000000E+00  0.000000E+00  0.000000E+00  0.000000E+00
  0.236284E+01  0.185919E-02 -0.355001E+00  0.000000E+00  0.000000E+00  0.000000E+00  0.000000E+00
  0.255055E+01  0.376218E+00 -0.903824E-02  0.000000E+00  0.000000E+00  0.000000E+00  0.000000E+00
  0.277129E+01 -0.170137E-01  0.336603E+00  0.000000E+00  0.000000E+00  0.000000E+00  0.000000E+00
  0.264882E+01 -0.406104E+00 -0.795857E-02  0.000000E+00  0.000000E+00  0.000000E+00  0.000000E+00
  0.274529E+01 -0.324758E+00  0.174217E-01  0.000000E+00  0.000000E+00  0.000000E+00  0.000000E+00
  0.277963E+01  0.975407E-03  0.461159E+00  0.000000E+00  0.000000E+00  0.000000E+00  0.000000E+00
  0.233364E+01 -0.177341E-03 -0.348585E+00  0.000000E+00  0.000000E+00  0.000000E+00  0.000000E+00
  0.219158E+01  0.294390E+00  0.841394E-02  0.000000E+00  0.000000E+00  0.000000E+00  0.000000E+00
  0.270250E+01  0.126444E-01 -0.381281E+00  0.000000E+00  0.000000E+00  0.000000E+00  0.000000E+00
  0.210770E+01  0.212140E+00  0.171388E-01  0.000000E+00  0.000000E+00  0.000000E+00  0.000000E+00
  0.242254E+01 -0.157532E-01 -0.288159E+00  0.000000E+00  0.000000E+00  0.000000E+00  0.000000E+00
  0.205425E+01  0.229480E+00 -0.140960E-01  0.000000E+00  0.000000E+00  0.000000E+00  0.000000E+00
  0.231794E+01  0.365003E-02  0.340928E+00  0.000000E+00  0.000000E+00  0.000000E+00  0.000000E+00
  0.230457E+01  0.265416E+00  0.157125E-01  0.000000E+00  0.000000E+00  0.000000E+00  0.000000E+00
  0.222645E+01 -0.134380E-01 -0.271068E+00  0.000000E+00  0.000000E+00  0.000000E+00  0.000000E+00
  0.206060E+01 -0.132428E-01  0.237039E+00  0.000000E+00  0.000000E+00  0.000000E+00  0.000000E+00
  0.251301E+01  0.288370E+00 -0.170356E-01  0.000000E+00  0.000000E+00  0.000000E+00  0.000000E+00
  0.218886E+01 -0.434189E-02 -0.307200E+00  0.000000E+00  0.000000E+00  0.000000E+00  0.000000E+00
  0.162433E+01 -0.352905E-02 -0.167320E+00  0.000000E+00  0.000000E+00  0.000000E+00  0.000000E+00
  0.225134E+01  0.319998E+00  0.540748E-02  0.000000E+00  0.000000E+00  0.000000E+00  0.000000E+00
  0.163583E+01 -0.171367E+00 -0.201251E-02  0.000000E+00  0.000000E+00  0.000000E+00  0.000000E+00
  0.270005E+01 -0.157656E-01  0.342535E+00  0.000000E+00  0.000000E+00  0.000000E+00  0.000000E+00
  0.190963E+01 -0.539407E-02  0.235562E+00  0.000000E+00  0.000000E+00  0.000000E+00  0.000000E+00
  0.262846E+01 -0.361922E+00  0.129603E-01  0.000000E+00  0.000000E+00  0.000000E+00  0.000000E+00
  0.260285E+01 -0.370654E+00  0.114290E-01  0.000000E+00  0.000000E+00  0.000000E+00  0.000000E+00
  0.245909E+01  0.346735E+00  0.102765E-01  0.000000E+00  0.000000E+00  0.000000E+00  0.000000E+00
  0.268040E+01 -0.113677E-01 -0.388665E+00  0.000000E+00  0.000000E+00  0.000000E+00  0.000000E+00
  0.241344E+01 -0.273744E+00 -0.167528E-01  0.000000E+00  0.000000E+00  0.000000E+00  0.000000E+00
  0.218280E+01  0.309080E+00  0.230780E-02  0.000000E+00  0.000000E+00  0.000000E+00  0.000000E+00
  0.229838E+01 -0.143850E-01  0.277805E+00  0.000000E+00  0.000000E+00  0.000000E+00  0.000000E+00
  0.253457E+01  0.976813E-02 -0.367711E+00  0.000000E+00  0.000000E+00  0.000000E+00  0.000000E+00
  0.182282E+01 -0.384830E-02 -0.216652E+00  0.000000E+00  0.000000E+00  0.000000E+00  0.000000E+00
  0.240778E+01 -0.938219E-03  0.367107E+00  0.000000E+00  0.000000E+00  0.000000E+00  0.000000E+00
  0.233914E+01  0.124521E-01 -0.303484E+00  0.000000E+00  0.000000E+00  0.000000E+00  0.000000E+00
  0.281047E+01  0.464892E+00  0.342470E-02  0.000000E+00  0.000000E+00  0.000000E+00  0.000000E+00
  0.235342E+01  0.324465E+00  0.993784E-02  0.000000E+00  0.000000E+00  0.000000E+00  0.000000E+00
  0.178819E+01  0.492177E-02 -0.206378E+00  0.000000E+00  0.000000E+00  0.000000E+00  0.000000E+00
  0.281296E+01  0.286397E-02  0.466854E+00  0.000000E+00  0.000000E+00  0.000000E+00  0.000000E+00
  0.195791E+01 -0.245345E+00  0.627816E-02  0.000000E+00  0.000000E+00  0.000000E+00  0.000000E+00
  0.273224E+01  0.286339E+00  0.192716E-01  0.000000E+00  0.000000E+00  0.000000E+00  0.000000E+00
  0.224511E+01 -0.302160E+00 -0.941617E-02  0.000000E+00  0.000000E+00  0.000000E+00  0.000000E+00
  0.277399E+01 -0.172383E-01  0.333216E+00  0.000000E+00  0.000000E+00  0.000000E+00  0.000000E+00
  0.190096E+01 -0.674165E-02  0.230195E+00  0.000000E+00  0.000000E+00  0.000000E+00  0.000000E+00
  0.245639E+01  0.127880E-01 -0.326242E+00  0.000000E+00  0.000000E+00  0.000000E+00  0.000000E+00
  0.230873E+01 -0.823640E-02 -0.323178E+00  0.000000E+00  0.000000E+00  0.000000E+00  0.000000E+00
  0.275834E+01  0.371349E+00 -0.145164E-01  0.000000E+00  0.000000E+00  0.000000E+00  0.000000E+00
  0.220253E+01  0.269681E+00 -0.129638E-01  0.000000E+00  0.000000E+00  0.000000E+00  0.000000E+00
  0.251429E+01 -0.246920E-02  0.392404E+00  0.000000E+00  0.000000E+00  0.000000E+00  0.000000E+00
  0.255761E+01 -0.112178E-01  0.362207E+00  0.000000E+00  0.000000E+00  0.000000E+00  0.000000E+00
  0.212853E+01  0.278776E+00 -0.855003E-02  0.000000E+00  0.000000E+00  0.000000E+00  0.000000E+00
  0.265641E+01 -0.267093E+00  0.196013E-01  0.000000E+00  0.000000E+00  0.000000E+00  0.000000E+00
  0.236582E+01  0.178714E-01  0.249459E+00  0.000000E+00  0.000000E+00  0.000000E+00  0.000000E+00
  0.193361E+01 -0.472085E-02 -0.242866E+00  0.000000E+00  0.000000E+00  0.000000E+00  0.000000E+00
  0.184072E+01  0.207254E+00 -0.943334E-02  0.000000E+00  0.000000E+00  0.000000E+00  0.000000E+00
  0.189923E+01 -0.140204E-01  0.197555E+00  0.000000E+00  0.000000E+00  0.000000E+00  0.000000E+00
  0.238540E+01  0.137899E-01  0.301697E+00  0.000000E+00  0.000000E+00  0.000000E+00  0.000000E+00
  0.201807E+01  0.147773E-01 -0.216734E+00  0.000000E+00  0.000000E+00  0.000000E+00  0.000000E+00
  0.182006E+01 -0.201513E+00 -0.968141E-02  0.000000E+00  0.000000E+00  0.000000E+00  0.000000E+00
  0.264696E+01  0.145220E-01  0.348322E+00  0.000000E+00  0.000000E+00  0.000000E+00  0.000000E+00
  0.221386E+01  0.309668E+00  0.577267E-02  0.000000E+00  0.000000E+00  0.000000E+00  0.000000E+00
  0.232597E+01 -0.139189E-01 -0.287956E+00  0.000000E+00  0.000000E+00  0.000000E+00  0.000000E+00
  0.240464E+01 -0.123047E-01 -0.319095E+00  0.000000E+00  0.000000E+00  0.000000E+00  0.000000E+00
  0.229098E+01  0.322021E+00  0.755032E-02  0.000000E+00  0.000000E+00  0.000000E+00  0.000000E+00
  0.224175E+01 -0.323785E+00  0.243405E-02  0.000000E+00  0.000000E+00  0.000000E+00  0.000000E+00
  0.213430E+01 -0.602069E-02 -0.289351E+00  0.000000E+00  0.000000E+00  0.000000E+00  0.000000E+00
  0.223947E+01 -0.935943E-02 -0.301135E+00  0.000000E+00  0.000000E+00  0.000000E+00  0.000000E+00
  0.199782E+01 -0.227920E+00  0.125559E-01  0.000000E+00  0.000000E+00  0.000000E+00  0.000000E+00
  0.209326E+01 -0.244992E+00 -0.131111E-01  0.000000E+00  0.000000E+00  0.000000E+00  0.000000E+00
  0.246769E+01 -0.191824E-02  0.381405E+00  0.000000E+00  0.000000E+00  0.000000E+00  0.000000E+00
  0.261745E+01 -0.154971E-01  0.329923E+00  0.000000E+00  0.000000E+00  0.000000E+00  0.000000E+00
  0.225174E+01  0.226788E+00 -0.180540E-01  0.000000E+00  0.000000E+00  0.000000E+00  0.000000E+00
  0.244504E+01 -0.376056E+00  0.156830E-02  0.000000E+00  0.000000E+00  0.000000E+00  0.000000E+00
  0.241649E+01  0.245297E-02  0.367788E+00  0.000000E+00  0.000000E+00  0.000000E+00  0.000000E+00
  0.256154E+01  0.172416E-01 -0.294209E+00  0.000000E+00  0.000000E+00  0.000000E+00  0.000000E+00
  0.236104E+01  0.352781E+00  0.310419E-02  0.000000E+00  0.000000E+00  0.000000E+00  0.000000E+00
  0.277586E+01  0.332543E+00  0.172961E-01  0.000000E+00  0.000000E+00  0.000000E+00  0.000000E+00
  0.234910E+01 -0.324941E+00  0.969188E-02  0.000000E+00  0.000000E+00  0.000000E+00  0.000000E+00
  0.245862E+01 -0.317479E+00  0.137581E-01  0.000000E+00  0.000000E+00  0.000000E+00  0.000000E+00
  0.261714E+01 -0.190644E-01 -0.271937E+00  0.000000E+00  0.000000E+00  0.000000E+00  0.000000E+00
  0.190170E+01  0.234054E+00 -0.517598E-02  0.000000E+00  0.000000E+00  0.000000E+00  0.000000E+00
  0.208462E+01 -0.935968E-02  0.264782E+00  0.000000E+00  0.000000E+00  0.000000E+00  0.000000E+00
  0.219424E+01 -0.135125E-01  0.263594E+00  0.000000E+00  0.000000E+00  0.000000E+00  0.000000E+00
  0.203239E+01 -0.211356E+00 -0.157647E-01  0.000000E+00  0.000000E+00  0.000000E+00  0.000000E+00
  0.219266E+01 -0.157905E-01  0.242585E+00  0.000000E+00  0.000000E+00  0.000000E+00  0.000000E+00
  0.269212E+01  0.199026E-01  0.265879E+00  0.000000E+00  0.000000E+00  0.000000E+00  0.000000E+00
  0.253209E+01  0.293983E-02 -0.396071E+00  0.000000E+00  0.000000E+00  0.000000E+00  0.000000E+00
  0.180380E+01 -0.212894E+00  0.300654E-02  0.000000E+00  0.000000E+00  0.000000E+00  0.000000E+00
  0.273522E+01 -0.443149E+00  0.442699E-02  0.000000E+00  0.000000E+00  0.000000E+00  0.000000E+00
  0.277968E+01  0.613335E-02 -0.447418E+00  0.000000E+00  0.000000E+00  0.000000E+00  0.000000E+00
  0.207574E+01 -0.282475E+00  0.190634E-02  0.000000E+00  0.000000E+00  0.000000E+00  0.000000E+00
  0.255914E+01  0.403877E+00  0.235738E-02  0.000000E+00  0.000000E+00  0.000000E+00  0.000000E+00
  0.171377E+01 -0.185528E+00 -0.627224E-02  0.000000E+00  0.000000E+00  0.000000E+00  0.000000E+00
  0.197439E+01  0.132723E-01 -0.218336E+00  0.000000E+00  0.000000E+00  0.000000E+00  0.000000E+00
  0.242191E+01  0.125950E-01  0.320427E+00  0.000000E+00  0.000000E+00  0.000000E+00  0.000000E+00
  0.241495E+01 -0.664600E-02  0.355897E+00  0.000000E+00  0.000000E+00  0.000000E+00  0.000000E+00
  0.192978E+01 -0.387387E-02  0.243372E+00  0.000000E+00  0.000000E+00  0.000000E+00  0.000000E+00
  0.222064E+01 -0.169980E-01  0.234641E+00  0.000000E+00  0.000000E+00  0.000000E+00  0.000000E+00
  0.200966E+01 -0.207623E+00  0.156797E-01  0.000000E+00  0.000000E+00  0.000000E+00  0.000000E+00
  0.251246E+01 -0.285242E+00 -0.172396E-01  0.000000E+00  0.000000E+00  0.000000E+00  0.000000E+00
  0.180265E+01  0.109719E-01 -0.192432E+00  0.000000E+00  0.000000E+00  0.000000E+00  0.000000E+00
  0.223385E+01 -0.151723E-02  0.322734E+00  0.000000E+00  0.000000E+00  0.000000E+00  0.000000E+00
  0.192334E+01  0.882314E-02  0.228970E+00  0.000000E+00  0.000000E+00  0.000000E+00  0.000000E+00
  0.210409E+01 -0.151744E-01  0.230849E+00  0.000000E+00  0.000000E+00  0.000000E+00  0.000000E+00
  0.228727E+01 -0.167867E-01  0.249621E+00  0.000000E+00  0.000000E+00  0.000000E+00  0.000000E+00
  0.250236E+01 -0.148458E-01 -0.314845E+00  0.000000E+00  0.000000E+00  0.000000E+00  0.000000E+00
  0.273013E+01 -0.186018E-01 -0.299960E+00  0.000000E+00  0.000000E+00  0.000000E+00  0.000000E+00
  0.282917E+01 -0.167433E-01  0.352033E+00  0.000000E+00  0.000000E+00  0.000000E+00  0.000000E+00
  0.187765E+01 -0.131640E-01 -0.198209E+00  0.000000E+00  0.000000E+00  0.000000E+00  0.000000E+00
  0.262194E+01  0.393798E+00  0.892615E-02  0.000000E+00  0.000000E+00  0.000000E+00  0.000000E+00
  0.196529E+01  0.233038E-02 -0.254224E+00  0.000000E+00  0.000000E+00  0.000000E+00  0.000000E+00
  0.279391E+01  0.294993E+00  0.193287E-01  0.000000E+00  0.000000E+00  0.000000E+00  0.000000E+00
  0.249308E+01 -0.301820E+00  0.157693E-01  0.000000E+00  0.000000E+00  0.000000E+00  0.000000E+00
  0.192481E+01  0.642996E-02 -0.236844E+00  0.000000E+00  0.000000E+00  0.000000E+00  0.000000E+00
  0.272790E+01 -0.791567E-02  0.425341E+00  0.000000E+00  0.000000E+00  0.000000E+00  0.000000E+00
  0.201764E+01  0.746590E-02 -0.256334E+00  0.000000E+00  0.000000E+00  0.000000E+00  0.000000E+00
  0.208358E+01 -0.239341E+00  0.136050E-01  0.000000E+00  0.000000E+00  0.000000E+00  0.000000E+00
  0.241950E+01 -0.293524E+00 -0.152436E-01  0.000000E+00  0.000000E+00  0.000000E+00  0.000000E+00
  0.212123E+01 -0.131533E-01  0.250714E+00  0.000000E+00  0.000000E+00  0.000000E+00  0.000000E+00
  0.217983E+01 -0.206280E-02 -0.308597E+00  0.000000E+00  0.000000E+00  0.000000E+00  0.000000E+00
  0.226451E+01 -0.320713E+00 -0.621072E-02  0.000000E+00  0.000000E+00  0.000000E+00  0.000000E+00
  0.211661E+01  0.250977E+00  0.129785E-01  0.000000E+00  0.000000E+00  0.000000E+00  0.000000E+00
  0.264131E+01  0.288213E+00  0.184276E-01  0.000000E+00  0.000000E+00  0.000000E+00  0.000000E+00
  0.226310E+01 -0.264845E+00  0.149741E-01  0.000000E+00  0.000000E+00  0.000000E+00  0.000000E+00
  0.245453E+01  0.156026E-01  0.296286E+00  0.000000E+00  0.000000E+00  0.000000E+00  0.000000E+00
  0.218272E+01 -0.150018E-01 -0.248291E+00  0.000000E+00  0.000000E+00  0.000000E+00  0.000000E+00
  0.248688E+01 -0.272063E+00  0.177971E-01  0.000000E+00  0.000000E+00  0.000000E+00  0.000000E+00
  0.208248E+01  0.251523E+00 -0.117570E-01  0.000000E+00  0.000000E+00  0.000000E+00  0.000000E+00
  0.181968E+01 -0.198489E+00  0.104450E-01  0.000000E+00  0.000000E+00  0.000000E+00  0.000000E+00
  0.250424E+01 -0.190142E-01  0.254370E+00  0.000000E+00  0.000000E+00  0.000000E+00  0.000000E+00
  0.164098E+01  0.170501E+00 -0.441921E-02  0.000000E+00  0.000000E+00  0.000000E+00  0.000000E+00
  0.273417E+01  0.293811E+00 -0.189358E-01  0.000000E+00  0.000000E+00  0.000000E+00  0.000000E+00
  0.267376E+01 -0.197386E-01  0.266775E+00  0.000000E+00  0.000000E+00  0.000000E+00  0.000000E+00
  0.189337E+01  0.222963E+00  0.851101E-02  0.000000E+00  0.000000E+00  0.000000E+00  0.000000E+00
  0.271144E+01  0.356433E+00 -0.149218E-01  0.000000E+00  0.000000E+00  0.000000E+00  0.000000E+00
  0.203372E+01 -0.264173E+00  0.618970E-02  0.000000E+00  0.000000E+00  0.000000E+00  0.000000E+00
  0.186955E+01 -0.376528E-02  0.228461E+00  0.000000E+00  0.000000E+00  0.000000E+00  0.000000E+00
  0.254033E+01  0.704643E-03 -0.400764E+00  0.000000E+00  0.000000E+00  0.000000E+00  0.000000E+00
  0.174261E+01 -0.152677E-02  0.198588E+00  0.000000E+00  0.000000E+00  0.000000E+00  0.000000E+00
  0.167448E+01 -0.175507E+00  0.647672E-02  0.000000E+00  0.000000E+00  0.000000E+00  0.000000E+00
  0.270097E+01 -0.412385E+00 -0.894125E-02  0.000000E+00  0.000000E+00  0.000000E+00  0.000000E+00
  0.241597E+01  0.324177E+00 -0.119900E-01  0.000000E+00  0.000000E+00  0.000000E+00  0.000000E+00
  0.189324E+01 -0.236806E+00 -0.123610E-02  0.000000E+00  0.000000E+00  0.000000E+00  0.000000E+00
  0.270854E+01  0.525477E-02 -0.433602E+00  0.000000E+00  0.000000E+00  0.000000E+00  0.000000E+00
  0.250016E+01  0.339251E+00 -0.124055E-01  0.000000E+00  0.000000E+00  0.000000E+00  0.000000E+00
  0.205402E+01 -0.249339E+00 -0.110232E-01  0.000000E+00  0.000000E+00  0.000000E+00  0.000000E+00
  0.257964E+01  0.135727E-01 -0.345051E+00  0.000000E+00  0.000000E+00  0.000000E+00  0.000000E+00
  0.218729E+01  0.231350E+00  0.167435E-01  0.000000E+00  0.000000E+00  0.000000E+00  0.000000E+00
  0.276616E+01  0.158890E-01 -0.353676E+00  0.000000E+00  0.000000E+00  0.000000E+00  0.000000E+00
  0.176296E+01  0.744506E-02 -0.194850E+00  0.000000E+00  0.000000E+00  0.000000E+00  0.000000E+00
  0.219887E+01  0.278603E+00  0.115952E-01  0.000000E+00  0.000000E+00  0.000000E+00  0.000000E+00
  0.266637E+01 -0.627772E-02  0.418965E+00  0.000000E+00  0.000000E+00  0.000000E+00  0.000000E+00
  0.205187E+01  0.834993E-02 -0.261335E+00  0.000000E+00  0.000000E+00  0.000000E+00  0.000000E+00
  0.255444E+01  0.128117E-01 -0.347344E+00  0.000000E+00  0.000000E+00  0.000000E+00  0.000000E+00
  0.257762E+01 -0.383071E+00  0.896520E-02  0.000000E+00  0.000000E+00  0.000000E+00  0.000000E+00
  0.270084E+01 -0.171664E-01  0.321007E+00  0.000000E+00  0.000000E+00  0.000000E+00  0.000000E+00
  0.260166E+01  0.412245E-02 -0.410751E+00  0.000000E+00  0.000000E+00  0.000000E+00  0.000000E+00
  0.178762E+01 -0.816264E-02  0.198826E+00  0.000000E+00  0.000000E+00  0.000000E+00  0.000000E+00
  0.267730E+01 -0.377427E+00 -0.124816E-01  0.000000E+00  0.000000E+00  0.000000E+00  0.000000E+00
  0.261843E+01 -0.169353E-01 -0.309466E+00  0.000000E+00  0.000000E+00  0.000000E+00  0.000000E+00
  0.223743E+01  0.947417E-02 -0.300052E+00  0.000000E+00  0.000000E+00  0.000000E+00  0.000000E+00
  0.214120E+01 -0.927058E-02 -0.278494E+00  0.000000E+00  0.000000E+00  0.000000E+00  0.000000E+00
  0.242733E+01 -0.366079E+00  0.455625E-02  0.000000E+00  0.000000E+00  0.000000E+00  0.000000E+00
  0.180331E+01 -0.603431E-02 -0.207989E+00  0.000000E+00  0.000000E+00  0.000000E+00  0.000000E+00
  0.213689E+01  0.146325E-01  0.242257E+00  0.000000E+00  0.000000E+00  0.000000E+00  0.000000E+00
  0.215836E+01  0.240965E+00 -0.152604E-01  0.000000E+00  0.000000E+00  0.000000E+00  0.000000E+00
  0.179444E+01  0.188183E+00 -0.115289E-01  0.000000E+00  0.000000E+00  0.000000E+00  0.000000E+00
  0.228360E+01  0.275935E+00 -0.142582E-01  0.000000E+00  0.000000E+00  0.000000E+00  0.000000E+00
  0.244955E+01 -0.253584E+00  0.185373E-01  0.000000E+00  0.000000E+00  0.000000E+00  0.000000E+00
  0.206076E+01  0.151262E-01  0.222541E+00  0.000000E+00  0.000000E+00  0.000000E+00  0.000000E+00
  0.271090E+01 -0.359451E+00 -0.146822E-01  0.000000E+00  0.000000E+00  0.000000E+00  0.000000E+00
  0.258787E+01  0.403869E+00  0.521708E-02  0.000000E+00  0.000000E+00  0.000000E+00  0.000000E+00
  0.220506E+01 -0.221609E+00 -0.178241E-01  0.000000E+00  0.000000E+00  0.000000E+00  0.000000E+00
  0.278840E+01  0.498106E-02 -0.454432E+00  0.000000E+00  0.000000E+00  0.000000E+00  0.000000E+00
  0.174621E+01  0.198868E+00 -0.250252E-02  0.000000E+00  0.000000E+00  0.000000E+00  0.000000E+00
  0.240387E+01 -0.287690E+00  0.154800E-01  0.000000E+00  0.000000E+00  0.000000E+00  0.000000E+00
  0.252963E+01  0.171733E-01 -0.289390E+00  0.000000E+00  0.000000E+00  0.000000E+00  0.000000E+00
  0.262548E+01  0.311177E+00  0.169097E-01  0.000000E+00  0.000000E+00  0.000000E+00  0.000000E+00
  0.196048E+01  0.502607E-02 -0.248931E+00  0.000000E+00  0.000000E+00  0.000000E+00  0.000000E+00
  0.208313E+01 -0.131748E-01  0.242357E+00  0.000000E+00  0.000000E+00  0.000000E+00  0.000000E+00
  0.191487E+01  0.949164E-02 -0.224409E+00  0.000000E+00  0.000000E+00  0.000000E+00  0.000000E+00
  0.216230E+01  0.175189E-01 -0.217741E+00  0.000000E+00  0.000000E+00  0.000000E+00  0.000000E+00
  0.261244E+01 -0.144733E-01  0.341790E+00  0.000000E+00  0.000000E+00  0.000000E+00  0.000000E+00
  0.257628E+01  0.307717E+00 -0.165222E-01  0.000000E+00  0.000000E+00  0.000000E+00  0.000000E+00
  0.263247E+01  0.265389E+00  0.195047E-01  0.000000E+00  0.000000E+00  0.000000E+00  0.000000E+00
  0.191782E+01 -0.191688E+00  0.153981E-01  0.000000E+00  0.000000E+00  0.000000E+00  0.000000E+00
  0.220364E+01 -0.107842E-01  0.284801E+00  0.000000E+00  0.000000E+00  0.000000E+00  0.000000E+00
  0.171760E+01  0.274350E-02  0.191465E+00  0.000000E+00  0.000000E+00  0.000000E+00  0.000000E+00
  0.204868E+01 -0.155297E-01 -0.216643E+00  0.000000E+00  0.000000E+00  0.000000E+00  0.000000E+00
  0.223203E+01 -0.235778E+00  0.170793E-01  0.000000E+00  0.000000E+00  0.000000E+00  0.000000E+00
  0.177942E+01  0.184196E+00  0.116695E-01  0.000000E+00  0.000000E+00  0.000000E+00  0.000000E+00
  0.190939E+01 -0.445675E-02 -0.237321E+00  0.000000E+00  0.000000E+00  0.000000E+00  0.000000E+00
  0.236811E+01 -0.283998E+00 -0.151719E-01  0.000000E+00  0.000000E+00  0.000000E+00  0.000000E+00
  0.238628E+01 -0.320709E-02  0.358932E+00  0.000000E+00  0.000000E+00  0.000000E+00  0.000000E+00
  0.182106E+01  0.183589E+00 -0.136035E-01  0.000000E+00  0.000000E+00  0.000000E+00  0.000000E+00
  0.245142E+01  0.374677E+00  0.350493E-02  0.000000E+00  0.000000E+00  0.000000E+00  0.000000E+00
  0.167350E+01 -0.175662E+00  0.626995E-02  0.000000E+00  0.000000E+00  0.000000E+00  0.000000E+00
  0.263557E+01 -0.265127E-02 -0.422640E+00  0.000000E+00  0.000000E+00  0.000000E+00  0.000000E+00
  0.258857E+01 -0.368178E+00  0.113415E-01  0.000000E+00  0.000000E+00  0.000000E+00  0.000000E+00
  0.232571E+01  0.230319E+00  0.186814E-01  0.000000E+00  0.000000E+00  0.000000E+00  0.000000E+00
  0.217774E+01  0.272887E+00 -0.117450E-01  0.000000E+00  0.000000E+00  0.000000E+00  0.000000E+00
  0.186690E+01  0.216255E+00 -0.863205E-02  0.000000E+00  0.000000E+00  0.000000E+00  0.000000E+00
  0.200209E+01 -0.261053E+00  0.410966E-02  0.000000E+00  0.000000E+00  0.000000E+00  0.000000E+00
  0.274312E+01  0.318017E+00 -0.177757E-01  0.000000E+00  0.000000E+00  0.000000E+00  0.000000E+00
  0.186745E+01 -0.219222E+00 -0.774484E-02  0.000000E+00  0.000000E+00  0.000000E+00  0.000000E+00
  0.181129E+01  0.216160E+00  0.103827E-02  0.000000E+00  0.000000E+00  0.000000E+00  0.000000E+00
  0.223741E+01 -0.368688E-02 -0.320685E+00  0.000000E+00  0.000000E+00  0.000000E+00  0.000000E+00
  0.266166E+01  0.347179E+00 -0.148549E-01  0.000000E+00  0.000000E+00  0.000000E+00  0.000000E+00
  0.274373E+01 -0.158178E-01  0.350347E+00  0.000000E+00  0.000000E+00  0.000000E+00  0.000000E+00
  0.251828E+01 -0.321437E+00  0.145545E-01  0.000000E+00  0.000000E+00  0.000000E+00  0.000000E+00
  0.178883E+01  0.180911E+00  0.128088E-01  0.000000E+00  0.000000E+00  0.000000E+00  0.000000E+00
  0.246006E+01  0.156245E-01  0.297112E+00  0.000000E+00  0.000000E+00  0.000000E+00  0.000000E+00
  0.252447E+01 -0.176417E-01  0.281225E+00  0.000000E+00  0.000000E+00  0.000000E+00  0.000000E+00
  0.190477E+01 -0.234697E+00 -0.523340E-02  0.000000E+00  0.000000E+00  0.000000E+00  0.000000E+00
  0.183307E+01 -0.106368E-01 -0.200778E+00  0.000000E+00  0.000000E+00  0.000000E+00  0.000000E+00
  0.210757E+01  0.160870E-01 -0.223024E+00  0.000000E+00  0.000000E+00  0.000000E+00  0.000000E+00
  0.206178E+01 -0.278972E+00 -0.188037E-02  0.000000E+00  0.000000E+00  0.000000E+00  0.000000E+00
  0.191877E+01  0.122287E-01 -0.212433E+00  0.000000E+00  0.000000E+00  0.000000E+00  0.000000E+00
  0.266742E+01  0.277558E+00 -0.191914E-01  0.000000E+00  0.000000E+00  0.000000E+00  0.000000E+00
  0.206106E+01 -0.222548E+00 -0.151325E-01  0.000000E+00  0.000000E+00  0.000000E+00  0.000000E+00
  0.268518E+01  0.136453E-01  0.366666E+00  0.000000E+00  0.000000E+00  0.000000E+00  0.000000E+00
  0.192266E+01  0.131227E-01 -0.208146E+00  0.000000E+00  0.000000E+00  0.000000E+00  0.000000E+00
  0.188627E+01 -0.109808E-01 -0.211414E+00  0.000000E+00  0.000000E+00  0.000000E+00  0.000000E+00
  0.187534E+01  0.144013E-01  0.190100E+00  0.000000E+00  0.000000E+00  0.000000E+00  0.000000E+00
  0.260504E+01  0.339576E+00 -0.145311E-01  0.000000E+00  0.000000E+00  0.000000E+00  0.000000E+00
  0.254773E+01 -0.250172E+00  0.195936E-01  0.000000E+00  0.000000E+00  0.000000E+00  0.000000E+00
  0.218974E+01  0.176405E-01  0.221195E+00  0.000000E+00  0.000000E+00  0.000000E+00  0.000000E+00
  0.247846E+01 -0.166043E-01 -0.288012E+00  0.000000E+00  0.000000E+00  0.000000E+00  0.000000E+00
  0.163728E+01 -0.158898E-02 -0.171942E+00  0.000000E+00  0.000000E+00  0.000000E+00  0.000000E+00
  0.190558E+01  0.503114E-02  0.235305E+00  0.000000E+00  0.000000E+00  0.000000E+00  0.000000E+00
  0.274317E+01  0.166532E-01  0.337327E+00  0.000000E+00  0.000000E+00  0.000000E+00  0.000000E+00
  0.257498E+01  0.959715E-02  0.378306E+00  0.000000E+00  0.000000E+00  0.000000E+00  0.000000E+00
  0.231319E+01 -0.170456E-01  0.251215E+00  0.000000E+00  0.000000E+00  0.000000E+00  0.000000E+00
  0.235868E+01 -0.264939E+00 -0.166361E-01  0.000000E+00  0.000000E+00  0.000000E+00  0.000000E+00
  0.219867E+01 -0.178749E-01  0.219823E+00  0.000000E+00  0.000000E+00  0.000000E+00  0.000000E+00
  0.223855E+01  0.226067E-02 -0.323190E+00  0.000000E+00  0.000000E+00  0.000000E+00  0.000000E+00
  0.220971E+01 -0.315768E+00 -0.238825E-02  0.000000E+00  0.000000E+00  0.000000E+00  0.000000E+00
  0.278330E+01  0.183830E-01  0.313402E+00  0.000000E+00  0.000000E+00  0.000000E+00  0.000000E+00
  0.230134E+01  0.339334E+00  0.199224E-02  0.000000E+00  0.000000E+00  0.000000E+00  0.000000E+00
  0.263901E+01 -0.162722E-01  0.323339E+00  0.000000E+00  0.000000E+00  0.000000E+00  0.000000E+00
  0.181189E+01  0.220743E-02 -0.215654E+00  0.000000E+00  0.000000E+00  0.000000E+00  0.000000E+00
  0.177124E+01 -0.205913E+00 -0.133639E-02  0.000000E+00  0.000000E+00  0.000000E+00  0.000000E+00
  0.175588E+01  0.190637E+00  0.837162E-02  0.000000E+00  0.000000E+00  0.000000E+00  0.000000E+00
  0.262695E+01 -0.105878E-01 -0.383059E+00  0.000000E+00  0.000000E+00  0.000000E+00  0.000000E+00
  0.200647E+01 -0.249458E+00 -0.862139E-02  0.000000E+00  0.000000E+00  0.000000E+00  0.000000E+00
  0.240898E+01 -0.365862E+00  0.247562E-02  0.000000E+00  0.000000E+00  0.000000E+00  0.000000E+00
  0.180308E+01  0.184322E+00 -0.127475E-01  0.000000E+00  0.000000E+00  0.000000E+00  0.000000E+00
  0.197742E+01  0.539240E-02 -0.252324E+00  0.000000E+00  0.000000E+00  0.000000E+00  0.000000E+00
  0.262519E+01 -0.147970E-01  0.340472E+00  0.000000E+00  0.000000E+00  0.000000E+00  0.000000E+00
  0.235350E+01  0.349642E+00  0.374087E-02  0.000000E+00  0.000000E+00  0.000000E+00  0.000000E+00
  0.279759E+01  0.465929E+00 -0.584801E-03  0.000000E+00  0.000000E+00  0.000000E+00  0.000000E+00
  0.202108E+01 -0.133982E-01 -0.227495E+00  0.000000E+00  0.000000E+00  0.000000E+00  0.000000E+00
  0.275444E+01  0.192034E-01 -0.291413E+00  0.000000E+00  0.000000E+00  0.000000E+00  0.000000E+00
  0.258755E+01  0.409434E-02 -0.407304E+00  0.000000E+00  0.000000E+00  0.000000E+00  0.000000E+00
  0.184987E+01  0.550194E-02 -0.220572E+00  0.000000E+00  0.000000E+00  0.000000E+00  0.000000E+00
  0.179606E+01  0.206820E+00 -0.573761E-02  0.000000E+00  0.000000E+00  0.000000E+00  0.000000E+00
  0.202816E+01 -0.863659E-02  0.254553E+00  0.000000E+00  0.000000E+00  0.000000E+00  0.000000E+00
  0.214620E+01  0.858188E-02 -0.282840E+00  0.000000E+00  0.000000E+00  0.000000E+00  0.000000E+00
  0.192048E+01  0.125220E-01  0.211179E+00  0.000000E+00  0.000000E+00  0.000000E+00  0.000000E+00
  0.206208E+01  0.279505E+00 -0.122536E-02  0.000000E+00  0.000000E+00  0.000000E+00  0.000000E+00
  0.184038E+01  0.167657E-02  0.223209E+00  0.000000E+00  0.000000E+00  0.000000E+00  0.000000E+00
  0.268541E+01 -0.179267E-01 -0.305047E+00  0.000000E+00  0.000000E+00  0.000000E+00  0.000000E+00
  0.165954E+01  0.169758E+00 -0.748882E-02  0.000000E+00  0.000000E+00  0.000000E+00  0.000000E+00
  0.247656E+01 -0.292176E+00  0.162674E-01  0.000000E+00  0.000000E+00  0.000000E+00  0.000000E+00
  0.173425E+01 -0.821098E-02  0.185923E+00  0.000000E+00  0.000000E+00  0.000000E+00  0.000000E+00
  0.173344E+01 -0.196636E+00 -0.733055E-04  0.000000E+00  0.000000E+00  0.000000E+00  0.000000E+00
  0.244452E+01  0.334443E+00 -0.115008E-01  0.000000E+00  0.000000E+00  0.000000E+00  0.000000E+00
  0.248492E+01 -0.297187E+00 -0.160072E-01  0.000000E+00  0.000000E+00  0.000000E+00  0.000000E+00
  0.187751E+01  0.806271E-02 -0.220656E+00  0.000000E+00  0.000000E+00  0.000000E+00  0.000000E+00
  0.228975E+01 -0.311006E+00  0.970677E-02  0.000000E+00  0.000000E+00  0.000000E+00  0.000000E+00
  0.237802E+01 -0.269355E+00 -0.165767E-01  0.000000E+00  0.000000E+00  0.000000E+00  0.000000E+00
  0.193061E+01 -0.407417E-02  0.243261E+00  0.000000E+00  0.000000E+00  0.000000E+00  0.000000E+00
  0.183648E+01 -0.132496E-01  0.188872E+00  0.000000E+00  0.000000E+00  0.000000E+00  0.000000E+00
  0.283241E+01  0.445101E+00  0.871272E-02  0.000000E+00  0.000000E+00  0.000000E+00  0.000000E+00
  0.266242E+01  0.137281E-01 -0.360903E+00  0.000000E+00  0.000000E+00  0.000000E+00  0.000000E+00
  0.187590E+01  0.139357E-02  0.232344E+00  0.000000E+00  0.000000E+00  0.000000E+00  0.000000E+00
  0.233935E+01 -0.854455E-02  0.328961E+00  0.000000E+00  0.000000E+00  0.000000E+00  0.000000E+00
  0.219239E+01  0.976335E-02 -0.287990E+00  0.000000E+00  0.000000E+00  0.000000E+00  0.000000E+00
  0.224832E+01 -0.792478E-02  0.310131E+00  0.000000E+00  0.000000E+00  0.000000E+00  0.000000E+00
  0.214619E+01 -0.108712E-01 -0.271173E+00  0.000000E+00  0.000000E+00  0.000000E+00  0.000000E+00
  0.242436E+01 -0.451278E-02  0.365459E+00  0.000000E+00  0.000000E+00  0.000000E+00  0.000000E+00
  0.167446E+01  0.173012E+00  0.764039E-02  0.000000E+00  0.000000E+00  0.000000E+00  0.000000E+00
  0.183927E+01  0.214525E+00  0.698836E-02  0.000000E+00  0.000000E+00  0.000000E+00  0.000000E+00
  0.164987E+01 -0.543593E-02 -0.171281E+00  0.000000E+00  0.000000E+00  0.000000E+00  0.000000E+00
  0.194290E+01 -0.164265E-03  0.249662E+00  0.000000E+00  0.000000E+00  0.000000E+00  0.000000E+00
  0.205902E+01 -0.716188E-02  0.267370E+00  0.000000E+00  0.000000E+00  0.000000E+00  0.000000E+00
  0.188187E+01 -0.742381E-02 -0.223651E+00  0.000000E+00  0.000000E+00  0.000000E+00  0.000000E+00
  0.257970E+01  0.361097E+00  0.119291E-01  0.000000E+00  0.000000E+00  0.000000E+00  0.000000E+00
  0.181392E+01 -0.215651E+00  0.279707E-02  0.000000E+00  0.000000E+00  0.000000E+00  0.000000E+00
  0.262393E+01  0.194581E-01  0.265015E+00  0.000000E+00  0.000000E+00  0.000000E+00  0.000000E+00
  0.244326E+01  0.183257E-01  0.255991E+00  0.000000E+00  0.000000E+00  0.000000E+00  0.000000E+00
  0.274181E+01 -0.195288E-01  0.282160E+00  0.000000E+00  0.000000E+00  0.000000E+00  0.000000E+00
  0.182488E+01 -0.402355E-02  0.216924E+00  0.000000E+00  0.000000E+00  0.000000E+00  0.000000E+00
  0.174483E+01  0.737003E-02  0.190654E+00  0.000000E+00  0.000000E+00  0.000000E+00  0.000000E+00
  0.204294E+01  0.249154E+00  0.105807E-01  0.000000E+00  0.000000E+00  0.000000E+00  0.000000E+00
  0.209673E+01  0.170191E-02  0.287944E+00  0.000000E+00  0.000000E+00  0.000000E+00  0.000000E+00
  0.187660E+01  0.283129E-02 -0.231384E+00  0.000000E+00  0.000000E+00  0.000000E+00  0.000000E+00
  0.229456E+01 -0.160440E-01 -0.259752E+00  0.000000E+00  0.000000E+00  0.000000E+00  0.000000E+00
  0.212833E+01  0.151302E-01 -0.236126E+00  0.000000E+00  0.000000E+00  0.000000E+00  0.000000E+00
  0.246048E+01 -0.258965E+00  0.183252E-01  0.000000E+00  0.000000E+00  0.000000E+00  0.000000E+00
  0.179627E+01 -0.196086E+00  0.964607E-02  0.000000E+00  0.000000E+00  0.000000E+00  0.000000E+00
  0.198190E+01 -0.412948E-02  0.255977E+00  0.000000E+00  0.000000E+00  0.000000E+00  0.000000E+00
  0.284082E+01  0.138575E+00  0.191631E+00  0.000000E+00  0.000000E+00  0.000000E+00  0.000000E+00
  0.284082E+01 -0.283706E-01  0.508671E-01  0.000000E+00  0.000000E+00  0.000000E+00  0.000000E+00
  0.284082E+01 -0.260963E-01 -0.515824E-01  0.000000E+00  0.000000E+00  0.000000E+00  0.000000E+00
  0.284082E+01 -0.940062E-01  0.114059E+00  0.000000E+00  0.000000E+00  0.000000E+00  0.000000E+00
  0.284082E+01 -0.166059E-01  0.249957E-01  0.000000E+00  0.000000E+00  0.000000E+00  0.000000E+00
  0.284082E+01  0.663395E-01  0.283818E-01  0.000000E+00  0.000000E+00  0.000000E+00  0.000000E+00
  0.284082E+01  0.780444E-01 -0.195053E+00  0.000000E+00  0.000000E+00  0.000000E+00  0.000000E+00
  0.284082E+01  0.821144E-01 -0.794701E-01  0.000000E+00  0.000000E+00  0.000000E+00  0.000000E+00
  0.284082E+01  0.639028E-01 -0.168837E+00  0.000000E+00  0.000000E+00  0.000000E+00  0.000000E+00
  0.284082E+01  0.989531E-01 -0.317425E-01  0.000000E+00  0.000000E+00  0.000000E+00  0.000000E+00
  0.284082E+01 -0.300874E-01  0.305079E-01  0.000000E+00  0.000000E+00  0.000000E+00  0.000000E+00
  0.284082E+01 -0.129931E+00 -0.134212E+00  0.000000E+00  0.000000E+00  0.000000E+00  0.000000E+00
  0.284082E+01  0.633525E-01 -0.639707E-01  0.000000E+00  0.000000E+00  0.000000E+00  0.000000E+00
  0.284082E+01 -0.408732E-01 -0.308701E-01  0.000000E+00  0.000000E+00  0.000000E+00  0.000000E+00
  0.284082E+01 -0.136812E+00 -0.440549E-01  0.000000E+00  0.000000E+00  0.000000E+00  0.000000E+00
  0.284082E+01  0.121438E-01 -0.959254E-02  0.000000E+00  0.000000E+00  0.000000E+00  0.000000E+00
  0.284082E+01 -0.168127E+00 -0.158262E+00  0.000000E+00  0.000000E+00  0.000000E+00  0.000000E+00
  0.284082E+01 -0.106048E+00 -0.113502E+00  0.000000E+00  0.000000E+00  0.000000E+00  0.000000E+00
  0.284082E+01  0.206481E+00  0.747520E-02  0.000000E+00  0.000000E+00  0.000000E+00  0.000000E+00
  0.284082E+01  0.151001E+00  0.278565E-01  0.000000E+00  0.000000E+00  0.000000E+00  0.000000E+00
  0.284082E+01  0.140045E+00  0.484465E-01  0.000000E+00  0.000000E+00  0.000000E+00  0.000000E+00
  0.284082E+01 -0.314384E-01  0.432933E-01  0.000000E+00  0.000000E+00  0.000000E+00  0.000000E+00
  0.284082E+01 -0.314966E-01  0.142167E+00  0.000000E+00  0.000000E+00  0.000000E+00  0.000000E+00
  0.284082E+01  0.493313E-03 -0.108149E-02  0.000000E+00  0.000000E+00  0.000000E+00  0.000000E+00
  0.284082E+01 -0.742715E-01  0.115078E+00  0.000000E+00  0.000000E+00  0.000000E+00  0.000000E+00
  0.284082E+01  0.187466E-02  0.431360E-02  0.000000E+00  0.000000E+00  0.000000E+00  0.000000E+00
  0.284082E+01 -0.905856E-01  0.882863E-01  0.000000E+00  0.000000E+00  0.000000E+00  0.000000E+00
  0.284082E+01  0.307863E-02 -0.224649E-02  0.000000E+00  0.000000E+00  0.000000E+00  0.000000E+00
  0.284082E+01 -0.865173E-01  0.374456E-02  0.000000E+00  0.000000E+00  0.000000E+00  0.000000E+00
  0.284082E+01  0.153750E+00 -0.574911E-01  0.000000E+00  0.000000E+00  0.000000E+00  0.000000E+00
  0.284082E+01 -0.162813E-01  0.338318E-01  0.000000E+00  0.000000E+00  0.000000E+00  0.000000E+00
  0.284082E+01  0.491483E-01 -0.211254E+00  0.000000E+00  0.000000E+00  0.000000E+00  0.000000E+00
  0.284082E+01 -0.764062E-01  0.913269E-01  0.000000E+00  0.000000E+00  0.000000E+00  0.000000E+00
  0.284082E+01  0.115229E-01  0.114656E-01  0.000000E+00  0.000000E+00  0.000000E+00  0.000000E+00
  0.284082E+01  0.185222E+00 -0.257927E-01  0.000000E+00  0.000000E+00  0.000000E+00  0.000000E+00
  0.284082E+01 -0.187682E-01 -0.162132E-01  0.000000E+00  0.000000E+00  0.000000E+00  0.000000E+00
  0.284082E+01 -0.126754E+00  0.186063E+00  0.000000E+00  0.000000E+00  0.000000E+00  0.000000E+00
  0.284082E+01  0.113224E+00 -0.676719E-01  0.000000E+00  0.000000E+00  0.000000E+00  0.000000E+00
  0.284082E+01  0.271213E-03 -0.142154E-02  0.000000E+00  0.000000E+00  0.000000E+00  0.000000E+00
  0.284082E+01 -0.212763E+00  0.630914E-01  0.000000E+00  0.000000E+00  0.000000E+00  0.000000E+00
  0.284082E+01  0.144428E-01 -0.203330E-01  0.000000E+00  0.000000E+00  0.000000E+00  0.000000E+00
  0.284082E+01  0.427370E-03 -0.209383E-03  0.000000E+00  0.000000E+00  0.000000E+00  0.000000E+00
  0.284082E+01 -0.254101E-01  0.964841E-02  0.000000E+00  0.000000E+00  0.000000E+00  0.000000E+00
  0.284082E+01 -0.136306E+00  0.131825E+00  0.000000E+00  0.000000E+00  0.000000E+00  0.000000E+00
  0.284082E+01 -0.132722E+00  0.233539E-01  0.000000E+00  0.000000E+00  0.000000E+00  0.000000E+00
  0.284082E+01 -0.616292E-01 -0.577519E-01  0.000000E+00  0.000000E+00  0.000000E+00  0.000000E+00
  0.284082E+01  0.141185E+00  0.179264E+00  0.000000E+00  0.000000E+00  0.000000E+00  0.000000E+00
  0.284082E+01  0.138553E+00  0.521940E-01  0.000000E+00  0.000000E+00  0.000000E+00  0.000000E+00
  0.284082E+01  0.267819E-01  0.764681E-02  0.000000E+00  0.000000E+00  0.000000E+00  0.000000E+00
  0.284082E+01 -0.187787E-01  0.165329E+00  0.000000E+00  0.000000E+00  0.000000E+00  0.000000E+00
  0.284082E+01 -0.806243E-01 -0.392838E-01  0.000000E+00  0.000000E+00  0.000000E+00  0.000000E+00
  0.284082E+01  0.117523E+00 -0.462732E-01  0.000000E+00  0.000000E+00  0.000000E+00  0.000000E+00
  0.284082E+01  0.134006E-01 -0.918149E-01  0.000000E+00  0.000000E+00  0.000000E+00  0.000000E+00
  0.284082E+01  0.495386E-02 -0.127199E-02  0.000000E+00  0.000000E+00  0.000000E+00  0.000000E+00
  0.284082E+01  0.145476E+00 -0.109715E+00  0.000000E+00  0.000000E+00  0.000000E+00  0.000000E+00
  0.284082E+01  0.217248E+00 -0.344942E-01  0.000000E+00  0.000000E+00  0.000000E+00  0.000000E+00
  0.284082E+01  0.196613E+00 -0.439789E-01  0.000000E+00  0.000000E+00  0.000000E+00  0.000000E+00
  0.284082E+01  0.124721E+00  0.549927E-01  0.000000E+00  0.000000E+00  0.000000E+00  0.000000E+00
  0.284082E+01  0.411068E-01  0.157154E-01  0.000000E+00  0.000000E+00  0.000000E+00  0.000000E+00
  0.284082E+01  0.150641E+00  0.269477E-01  0.000000E+00  0.000000E+00  0.000000E+00  0.000000E+00
  0.284082E+01 -0.229985E+00 -0.865723E-02  0.000000E+00  0.000000E+00  0.000000E+00  0.000000E+00
  0.284082E+01  0.119550E+00  0.765339E-01  0.000000E+00  0.000000E+00  0.000000E+00  0.000000E+00
  0.284082E+01  0.201823E+00  0.951494E-01  0.000000E+00  0.000000E+00  0.000000E+00  0.000000E+00
  0.284082E+01  0.147199E-01 -0.251656E-01  0.000000E+00  0.000000E+00  0.000000E+00  0.000000E+00
  0.284082E+01  0.136488E-01  0.210726E-02  0.000000E+00  0.000000E+00  0.000000E+00  0.000000E+00
  0.284082E+01  0.161192E+00  0.247461E-01  0.000000E+00  0.000000E+00  0.000000E+00  0.000000E+00
  0.284082E+01 -0.173553E+00  0.456552E-02  0.000000E+00  0.000000E+00  0.000000E+00  0.000000E+00
  0.284082E+01  0.200182E+00 -0.100421E+00  0.000000E+00  0.000000E+00  0.000000E+00  0.000000E+00
  0.284082E+01  0.115243E-01 -0.109135E+00  0.000000E+00  0.000000E+00  0.000000E+00  0.000000E+00
  0.284082E+01 -0.125556E+00  0.125837E+00  0.000000E+00  0.000000E+00  0.000000E+00  0.000000E+00
  0.284082E+01  0.826026E-01  0.128291E+00  0.000000E+00  0.000000E+00  0.000000E+00  0.000000E+00
  0.284082E+01 -0.135985E-01 -0.599740E-01  0.000000E+00  0.000000E+00  0.000000E+00  0.000000E+00
  0.284082E+01 -0.240920E-01 -0.119986E+00  0.000000E+00  0.000000E+00  0.000000E+00  0.000000E+00
  0.284082E+01 -0.691886E-01  0.196247E+00  0.000000E+00  0.000000E+00  0.000000E+00  0.000000E+00
  0.284082E+01  0.107005E-01 -0.178252E-01  0.000000E+00  0.000000E+00  0.000000E+00  0.000000E+00
  0.284082E+01  0.130924E+00  0.447107E-01  0.000000E+00  0.000000E+00  0.000000E+00  0.000000E+00
  0.284082E+01  0.974247E-01 -0.129453E+00  0.000000E+00  0.000000E+00  0.000000E+00  0.000000E+00
  0.284082E+01  0.211743E+00  0.630843E-01  0.000000E+00  0.000000E+00  0.000000E+00  0.000000E+00
  0.284082E+01  0.571346E-01  0.408466E-01  0.000000E+00  0.000000E+00  0.000000E+00  0.000000E+00
  0.284082E+01 -0.180129E+00 -0.143121E+00  0.000000E+00  0.000000E+00  0.000000E+00  0.000000E+00
  0.284082E+01 -0.423639E-01  0.206921E-01  0.000000E+00  0.000000E+00  0.000000E+00  0.000000E+00
  0.284082E+01  0.968063E-01  0.800531E-02  0.000000E+00  0.000000E+00  0.000000E+00  0.000000E+00
  0.284082E+01 -0.111082E-01 -0.456232E-01  0.000000E+00  0.000000E+00  0.000000E+00  0.000000E+00
  0.284082E+01 -0.106002E+00  0.753428E-01  0.000000E+00  0.000000E+00  0.000000E+00  0.000000E+00
  0.284082E+01 -0.318827E-01  0.107838E+00  0.000000E+00  0.000000E+00  0.000000E+00  0.000000E+00
  0.284082E+01  0.527157E-01 -0.186187E+00  0.000000E+00  0.000000E+00  0.000000E+00  0.000000E+00
  0.284082E+01 -0.182425E+00 -0.120058E+00  0.000000E+00  0.000000E+00  0.000000E+00  0.000000E+00
  0.284082E+01 -0.153543E+00  0.125564E-01  0.000000E+00  0.000000E+00  0.000000E+00  0.000000E+00
  0.284082E+01  0.105289E+00  0.190286E+00  0.000000E+00  0.000000E+00  0.000000E+00  0.000000E+00
  0.284082E+01 -0.754579E-01  0.571420E-01  0.000000E+00  0.000000E+00  0.000000E+00  0.000000E+00
  0.284082E+01 -0.992908E-01  0.728403E-01  0.000000E+00  0.000000E+00  0.000000E+00  0.000000E+00
  0.284082E+01 -0.130249E+00  0.168362E-01  0.000000E+00  0.000000E+00  0.000000E+00  0.000000E+00
  0.284082E+01  0.102465E-01  0.502078E-01  0.000000E+00  0.000000E+00  0.000000E+00  0.000000E+00
  0.284082E+01  0.411552E-02  0.180848E+00  0.000000E+00  0.000000E+00  0.000000E+00  0.000000E+00
  0.284082E+01 -0.173711E+00 -0.136818E+00  0.000000E+00  0.000000E+00  0.000000E+00  0.000000E+00
  0.284082E+01  0.704288E-01  0.935264E-01  0.000000E+00  0.000000E+00  0.000000E+00  0.000000E+00
  0.284082E+01  0.146174E-01  0.320931E-01  0.000000E+00  0.000000E+00  0.000000E+00  0.000000E+00
  0.284082E+01  0.999046E-03 -0.931189E-02  0.000000E+00  0.000000E+00  0.000000E+00  0.000000E+00
  0.284082E+01  0.701903E-01 -0.196201E+00  0.000000E+00  0.000000E+00  0.000000E+00  0.000000E+00
  0.284082E+01  0.314214E-01  0.172581E+00  0.000000E+00  0.000000E+00  0.000000E+00  0.000000E+00
