  0.178995E+01  0.454862E-02  0.207422E+00  0.000000E+00  0.000000E+00  0.000000E+00  0.000000E+00
  0.227977E+01  0.333511E+00  0.232017E-02  0.000000E+00  0.000000E+00  0.000000E+00  0.000000E+00
  0.168690E+01  0.381319E-02 -0.182693E+00  0.000000E+00  0.000000E+00  0.000000E+00  0.000000E+00
  0.214750E+01  0.259288E+00 -0.127537E-01  0.000000E+00  0.000000E+00  0.000000E+00  0.000000E+00
  0.270414E+01 -0.438442E+00 -0.333525E-02  0.000000E+00  0.000000E+00  0.000000E+00  0.000000E+00
  0.257008E+01 -0.137111E-01  0.341545E+00  0.000000E+00  0.000000E+00  0.000000E+00  0.000000E+00
  0.220292E+01 -0.153249E-01  0.249271E+00  0.000000E+00  0.000000E+00  0.000000E+00  0.000000E+00
  0.253254E+01  0.321770E+00 -0.147795E-01  0.000000E+00  0.000000E+00  0.000000E+00  0.000000E+00
  0.207563E+01 -0.255477E+00  0.107999E-01  0.000000E+00  0.000000E+00  0.000000E+00  0.000000E+00
  0.229681E+01  0.647542E-02 -0.327692E+00  0.000000E+00  0.000000E+00  0.000000E+00  0.000000E+00
  0.188743E+01  0.216925E+00  0.976022E-02  0.000000E+00  0.000000E+00  0.000000E+00  0.000000E+00
  0.228756E+01  0.287203E+00  0.130716E-01  0.000000E+00  0.000000E+00  0.000000E+00  0.000000E+00
  0.265375E+01 -0.165379E-01 -0.322199E+00  0.000000E+00  0.000000E+00  0.000000E+00  0.000000E+00
  0.222859E+01  0.151483E-01  0.256155E+00  0.000000E+00  0.000000E+00  0.000000E+00  0.000000E+00
  0.195897E+01 -0.253694E+00 -0.458800E-03  0.000000E+00  0.000000E+00  0.000000E+00  0.000000E+00
  0.263992E+01 -0.184583E-01  0.287403E+00  0.000000E+00  0.000000E+00  0.000000E+00  0.000000E+00
  0.270326E+01  0.187642E-01  0.292185E+00  0.000000E+00  0.000000E+00  0.000000E+00  0.000000E+00
  0.185836E+01 -0.195245E+00 -0.129517E-01  0.000000E+00  0.000000E+00  0.000000E+00  0.000000E+00
  0.175351E+01 -0.740250E-02 -0.192672E+00  0.000000E+00  0.000000E+00  0.000000E+00  0.000000E+00
  0.213649E+01 -0.137316E-01 -0.249592E+00  0.000000E+00  0.000000E+00  0.000000E+00  0.000000E+00
  0.188866E+01 -0.235490E+00 -0.153598E-02  0.000000E+00  0.000000E+00  0.000000E+00  0.000000E+00
  0.202742E+01  0.269155E+00  0.296449E-02  0.000000E+00  0.000000E+00  0.000000E+00  0.000000E+00
  0.185719E+01 -0.627289E-02 -0.220676E+00  0.000000E+00  0.000000E+00  0.000000E+00  0.000000E+00
  0.268646E+01  0.435763E+00 -0.247813E-02  0.000000E+00  0.000000E+00  0.000000E+00  0.000000E+00
  0.249452E+01 -0.254320E+00  0.189289E-01  0.000000E+00  0.000000E+00  0.000000E+00  0.000000E+00
  0.217758E+01 -0.305968E+00 -0.354122E-02  0.000000E+00  0.000000E+00  0.000000E+00  0.000000E+00
  0.208179E+01 -0.280776E+00 -0.420381E-02  0.000000E+00  0.000000E+00  0.000000E+00  0.000000E+00
  0.267181E+01  0.121316E-01 -0.379660E+00  0.000000E+00  0.000000E+00  0.000000E+00  0.000000E+00
  0.190513E+01  0.206860E+00  0.126925E-01  0.000000E+00  0.000000E+00  0.000000E+00  0.000000E+00
  0.237406E+01 -0.358313E+00 -0.133813E-02  0.000000E+00  0.000000E+00  0.000000E+00  0.000000E+00
  0.197747E+01 -0.158785E-01 -0.199604E+00  0.000000E+00  0.000000E+00  0.000000E+00  0.000000E+00
  0.253760E+01 -0.358161E+00  0.111576E-01  0.000000E+00  0.000000E+00  0.000000E+00  0.000000E+00
  0.253204E+01 -0.106887E-01  0.360535E+00  0.000000E+00  0.000000E+00  0.000000E+00  0.000000E+00
  0.282771E+01  0.427188E+00  0.108014E-01  0.000000E+00  0.000000E+00  0.000000E+00  0.000000E+00
  0.273368E+01  0.306049E+00  0.183235E-01  0.000000E+00  0.000000E+00  0.000000E+00  0.000000E+00
  0.265341E+01 -0.405799E+00  0.819835E-02  0.000000E+00  0.000000E+00  0.000000E+00  0.000000E+00
  0.272496E+01 -0.390758E+00 -0.121987E-01  0.000000E+00  0.000000E+00  0.000000E+00  0.000000E+00
  0.236629E+01 -0.338848E+00  0.784236E-02  0.000000E+00  0.000000E+00  0.000000E+00  0.000000E+00
  0.219451E+01  0.127773E-02  0.312961E+00  0.000000E+00  0.000000E+00  0.000000E+00  0.000000E+00
  0.224926E+01 -0.285514E-02 -0.325091E+00  0.000000E+00  0.000000E+00  0.000000E+00  0.000000E+00
  0.239438E+01  0.185235E-01 -0.244433E+00  0.000000E+00  0.000000E+00  0.000000E+00  0.000000E+00
  0.189133E+01 -0.192671E+00 -0.145116E-01  0.000000E+00  0.000000E+00  0.000000E+00  0.000000E+00
  0.274856E+01  0.451625E+00 -0.235551E-02  0.000000E+00  0.000000E+00  0.000000E+00  0.000000E+00
  0.210531E+01 -0.240203E+00 -0.140899E-01  0.000000E+00  0.000000E+00  0.000000E+00  0.000000E+00
  0.242352E+01 -0.343709E+00 -0.946463E-02  0.000000E+00  0.000000E+00  0.000000E+00  0.000000E+00
  0.213959E+01  0.920479E-02  0.278428E+00  0.000000E+00  0.000000E+00  0.000000E+00  0.000000E+00
  0.280282E+01 -0.444988E+00  0.764532E-02  0.000000E+00  0.000000E+00  0.000000E+00  0.000000E+00
  0.252128E+01 -0.323961E+00  0.143848E-01  0.000000E+00  0.000000E+00  0.000000E+00  0.000000E+00
  0.283417E+01 -0.111542E-01 -0.425384E+00  0.000000E+00  0.000000E+00  0.000000E+00  0.000000E+00
  0.202966E+01 -0.251694E+00 -0.940151E-02  0.000000E+00  0.000000E+00  0.000000E+00  0.000000E+00
  0.250202E+01 -0.310044E+00 -0.152469E-01  0.000000E+00  0.000000E+00  0.000000E+00  0.000000E+00
  0.257116E+01 -0.305205E+00  0.166285E-01  0.000000E+00  0.000000E+00  0.000000E+00  0.000000E+00
  0.218253E+01  0.892939E-02  0.289867E+00  0.000000E+00  0.000000E+00  0.000000E+00  0.000000E+00
  0.245157E+01  0.253746E+00 -0.185481E-01  0.000000E+00  0.000000E+00  0.000000E+00  0.000000E+00
  0.254372E+01 -0.205326E-02 -0.400425E+00  0.000000E+00  0.000000E+00  0.000000E+00  0.000000E+00
  0.211809E+01  0.169699E-01  0.215907E+00  0.000000E+00  0.000000E+00  0.000000E+00  0.000000E+00
  0.227533E+01 -0.704373E-02 -0.320307E+00  0.000000E+00  0.000000E+00  0.000000E+00  0.000000E+00
  0.252477E+01 -0.396585E+00  0.112045E-02  0.000000E+00  0.000000E+00  0.000000E+00  0.000000E+00
  0.210464E+01  0.672142E-02  0.279917E+00  0.000000E+00  0.000000E+00  0.000000E+00  0.000000E+00
  0.280560E+01 -0.374713E+00  0.149825E-01  0.000000E+00  0.000000E+00  0.000000E+00  0.000000E+00
  0.168183E+01 -0.644183E-02 -0.177373E+00  0.000000E+00  0.000000E+00  0.000000E+00  0.000000E+00
  0.220759E+01 -0.315404E+00 -0.224288E-02  0.000000E+00  0.000000E+00  0.000000E+00  0.000000E+00
  0.196234E+01 -0.142572E-01  0.209131E+00  0.000000E+00  0.000000E+00  0.000000E+00  0.000000E+00
  0.248193E+01  0.282880E+00  0.170168E-01  0.000000E+00  0.000000E+00  0.000000E+00  0.000000E+00
  0.266889E+01  0.108442E-01 -0.390568E+00  0.000000E+00  0.000000E+00  0.000000E+00  0.000000E+00
  0.177907E+01 -0.208188E+00 -0.108442E-03  0.000000E+00  0.000000E+00  0.000000E+00  0.000000E+00
  0.282974E+01 -0.647026E-02  0.458038E+00  0.000000E+00  0.000000E+00  0.000000E+00  0.000000E+00
  0.186399E+01 -0.197359E+00  0.127890E-01  0.000000E+00  0.000000E+00  0.000000E+00  0.000000E+00
  0.192347E+01  0.234154E+00 -0.727615E-02  0.000000E+00  0.000000E+00  0.000000E+00  0.000000E+00
  0.224893E+01  0.225460E+00 -0.181150E-01  0.000000E+00  0.000000E+00  0.000000E+00  0.000000E+00
  0.191979E+01  0.592882E-02  0.236862E+00  0.000000E+00  0.000000E+00  0.000000E+00  0.000000E+00
  0.242172E+01 -0.161898E-01  0.282617E+00  0.000000E+00  0.000000E+00  0.000000E+00  0.000000E+00
  0.198067E+01 -0.147107E-01  0.209600E+00  0.000000E+00  0.000000E+00  0.000000E+00  0.000000E+00
  0.169759E+01  0.185736E+00 -0.347843E-02  0.000000E+00  0.000000E+00  0.000000E+00  0.000000E+00
  0.237547E+01 -0.187904E-01  0.236919E+00  0.000000E+00  0.000000E+00  0.000000E+00  0.000000E+00
  0.235840E+01 -0.351968E+00  0.318722E-02  0.000000E+00  0.000000E+00  0.000000E+00  0.000000E+00
  0.258004E+01 -0.181901E-01 -0.281929E+00  0.000000E+00  0.000000E+00  0.000000E+00  0.000000E+00
  0.277110E+01  0.494772E-02  0.450264E+00  0.000000E+00  0.000000E+00  0.000000E+00  0.000000E+00
  0.259676E+01 -0.171796E-01  0.301643E+00  0.000000E+00  0.000000E+00  0.000000E+00  0.000000E+00
  0.176059E+01  0.191097E+00 -0.859831E-02  0.000000E+00  0.000000E+00  0.000000E+00  0.000000E+00
  0.251524E+01  0.366224E+00 -0.930494E-02  0.000000E+00  0.000000E+00  0.000000E+00  0.000000E+00
  0.247771E+01  0.157267E-01 -0.299335E+00  0.000000E+00  0.000000E+00  0.000000E+00  0.000000E+00
  0.279639E+01 -0.397297E+00 -0.130469E-01  0.000000E+00  0.000000E+00  0.000000E+00  0.000000E+00
  0.242841E+01 -0.317283E+00  0.131061E-01  0.000000E+00  0.000000E+00  0.000000E+00  0.000000E+00
  0.166942E+01 -0.384025E-02 -0.178288E+00  0.000000E+00  0.000000E+00  0.000000E+00  0.000000E+00
  0.216991E+01  0.102594E-01 -0.280088E+00  0.000000E+00  0.000000E+00  0.000000E+00  0.000000E+00
  0.247537E+01  0.164420E-01  0.289627E+00  0.000000E+00  0.000000E+00  0.000000E+00  0.000000E+00
  0.215520E+01  0.266747E+00 -0.119140E-01  0.000000E+00  0.000000E+00  0.000000E+00  0.000000E+00
  0.220496E+01  0.977291E-02 -0.290870E+00  0.000000E+00  0.000000E+00  0.000000E+00  0.000000E+00
  0.198073E+01 -0.250272E+00  0.652045E-02  0.000000E+00  0.000000E+00  0.000000E+00  0.000000E+00
  0.202199E+01  0.209612E+00 -0.157305E-01  0.000000E+00  0.000000E+00  0.000000E+00  0.000000E+00
  0.244714E+01 -0.183586E-01  0.256122E+00  0.000000E+00  0.000000E+00  0.000000E+00  0.000000E+00
  0.274285E+01  0.144287E-01 -0.369283E+00  0.000000E+00  0.000000E+00  0.000000E+00  0.000000E+00
  0.233237E+01 -0.164249E-01 -0.262561E+00  0.000000E+00  0.000000E+00  0.000000E+00  0.000000E+00
  0.253983E+01  0.161862E-01  0.305452E+00  0.000000E+00  0.000000E+00  0.000000E+00  0.000000E+00
  0.175671E+01 -0.202055E+00 -0.170836E-02  0.000000E+00  0.000000E+00  0.000000E+00  0.000000E+00
  0.274321E+01  0.174445E-01 -0.323979E+00  0.000000E+00  0.000000E+00  0.000000E+00  0.000000E+00
  0.259529E+01 -0.424936E-02 -0.408803E+00  0.000000E+00  0.000000E+00  0.000000E+00  0.000000E+00
  0.208070E+01 -0.163822E-01 -0.214948E+00  0.000000E+00  0.000000E+00  0.000000E+00  0.000000E+00
  0.251647E+01 -0.352206E-02  0.390945E+00  0.000000E+00  0.000000E+00  0.000000E+00  0.000000E+00
  0.195092E+01 -0.107758E-01 -0.227116E+00  0.000000E+00  0.000000E+00  0.000000E+00  0.000000E+00
  0.203157E+01 -0.202412E+00 -0.167089E-01  0.000000E+00  0.000000E+00  0.000000E+00  0.000000E+00
  0.211091E+01  0.875896E-02  0.273684E+00  0.000000E+00  0.000000E+00  0.000000E+00  0.000000E+00
  0.196691E+01  0.227665E+00 -0.113895E-01  0.000000E+00  0.000000E+00  0.000000E+00  0.000000E+00
  0.179230E+01 -0.208474E+00  0.424079E-02  0.000000E+00  0.000000E+00  0.000000E+00  0.000000E+00
  0.214287E+01 -0.807318E-02 -0.284208E+00  0.000000E+00  0.000000E+00  0.000000E+00  0.000000E+00
  0.251295E+01 -0.138739E-01 -0.327754E+00  0.000000E+00  0.000000E+00  0.000000E+00  0.000000E+00
  0.267164E+01 -0.273033E+00  0.194379E-01  0.000000E+00  0.000000E+00  0.000000E+00  0.000000E+00
  0.253599E+01 -0.253602E+00 -0.193276E-01  0.000000E+00  0.000000E+00  0.000000E+00  0.000000E+00
  0.251352E+01  0.192400E-01  0.251667E+00  0.000000E+00  0.000000E+00  0.000000E+00  0.000000E+00
  0.202878E+01  0.271199E-02  0.269809E+00  0.000000E+00  0.000000E+00  0.000000E+00  0.000000E+00
  0.269282E+01 -0.436040E+00  0.314392E-02  0.000000E+00  0.000000E+00  0.000000E+00  0.000000E+00
  0.219388E+01  0.241591E+00 -0.159106E-01  0.000000E+00  0.000000E+00  0.000000E+00  0.000000E+00
  0.161710E+01  0.165695E+00 -0.332736E-02  0.000000E+00  0.000000E+00  0.000000E+00  0.000000E+00
  0.245193E+01 -0.242307E+00  0.192072E-01  0.000000E+00  0.000000E+00  0.000000E+00  0.000000E+00
  0.181589E+01 -0.205794E+00  0.809519E-02  0.000000E+00  0.000000E+00  0.000000E+00  0.000000E+00
  0.230496E+01 -0.305506E+00 -0.111497E-01  0.000000E+00  0.000000E+00  0.000000E+00  0.000000E+00
  0.200709E+01  0.235965E+00 -0.115273E-01  0.000000E+00  0.000000E+00  0.000000E+00  0.000000E+00
  0.216867E+01 -0.171355E-02 -0.306107E+00  0.000000E+00  0.000000E+00  0.000000E+00  0.000000E+00
  0.275654E+01 -0.288031E+00 -0.193719E-01  0.000000E+00  0.000000E+00  0.000000E+00  0.000000E+00
  0.248721E+01  0.154405E-01 -0.304739E+00  0.000000E+00  0.000000E+00  0.000000E+00  0.000000E+00
  0.245726E+01 -0.282880E+00 -0.166868E-01  0.000000E+00  0.000000E+00  0.000000E+00  0.000000E+00
  0.206619E+01 -0.240267E+00 -0.129491E-01  0.000000E+00  0.000000E+00  0.000000E+00  0.000000E+00
  0.185393E+01  0.137099E-01  0.189941E+00  0.000000E+00  0.000000E+00  0.000000E+00  0.000000E+00
  0.194763E+01  0.249698E+00 -0.241067E-02  0.000000E+00  0.000000E+00  0.000000E+00  0.000000E+00
  0.226412E+01 -0.280513E+00 -0.132704E-01  0.000000E+00  0.000000E+00  0.000000E+00  0.000000E+00
  0.280294E+01  0.353430E+00 -0.163601E-01  0.000000E+00  0.000000E+00  0.000000E+00  0.000000E+00
  0.165224E+01 -0.732463E-02  0.168353E+00  0.000000E+00  0.000000E+00  0.000000E+00  0.000000E+00
  0.218191E+01 -0.127033E-02 -0.309778E+00  0.000000E+00  0.000000E+00  0.000000E+00  0.000000E+00
  0.237655E+01  0.282029E+00  0.155002E-01  0.000000E+00  0.000000E+00  0.000000E+00  0.000000E+00
  0.273329E+01  0.119559E-01 -0.395007E+00  0.000000E+00  0.000000E+00  0.000000E+00  0.000000E+00
  0.170193E+01 -0.187667E+00 -0.256269E-02  0.000000E+00  0.000000E+00  0.000000E+00  0.000000E+00
  0.195454E+01 -0.247389E+00 -0.505870E-02  0.000000E+00  0.000000E+00  0.000000E+00  0.000000E+00
  0.260384E+01 -0.184013E-01 -0.282280E+00  0.000000E+00  0.000000E+00  0.000000E+00  0.000000E+00
  0.215658E+01 -0.230941E+00 -0.162406E-01  0.000000E+00  0.000000E+00  0.000000E+00  0.000000E+00
  0.202089E+01  0.255953E+00 -0.780321E-02  0.000000E+00  0.000000E+00  0.000000E+00  0.000000E+00
  0.238194E+01 -0.356497E+00 -0.385965E-02  0.000000E+00  0.000000E+00  0.000000E+00  0.000000E+00
  0.197296E+01 -0.460689E-03 -0.257236E+00  0.000000E+00  0.000000E+00  0.000000E+00  0.000000E+00
  0.247406E+01  0.143083E-02  0.383517E+00  0.000000E+00  0.000000E+00  0.000000E+00  0.000000E+00
  0.275622E+01 -0.442060E+00 -0.604599E-02  0.000000E+00  0.000000E+00  0.000000E+00  0.000000E+00
  0.185963E+01 -0.632707E-02 -0.221145E+00  0.000000E+00  0.000000E+00  0.000000E+00  0.000000E+00
  0.227927E+01 -0.229325E+00 -0.182159E-01  0.000000E+00  0.000000E+00  0.000000E+00  0.000000E+00
  0.171167E+01  0.760296E-02 -0.182072E+00  0.000000E+00  0.000000E+00  0.000000E+00  0.000000E+00
  0.280991E+01  0.467263E+00 -0.225519E-02  0.000000E+00  0.000000E+00  0.000000E+00  0.000000E+00
  0.217481E+01  0.122022E-01  0.269154E+00  0.000000E+00  0.000000E+00  0.000000E+00  0.000000E+00
  0.252321E+01  0.180452E-01 -0.274477E+00  0.000000E+00  0.000000E+00  0.000000E+00  0.000000E+00
  0.184205E+01  0.208122E+00  0.927977E-02  0.000000E+00  0.000000E+00  0.000000E+00  0.000000E+00
  0.178760E+01  0.209397E+00 -0.237549E-02  0.000000E+00  0.000000E+00  0.000000E+00  0.000000E+00
  0.272570E+01  0.198130E-01 -0.273123E+00  0.000000E+00  0.000000E+00  0.000000E+00  0.000000E+00
  0.202525E+01 -0.162446E-01  0.205625E+00  0.000000E+00  0.000000E+00  0.000000E+00  0.000000E+00
  0.213564E+01  0.153710E-01 -0.235384E+00  0.000000E+00  0.000000E+00  0.000000E+00  0.000000E+00
  0.165460E+01 -0.244934E-02 -0.175828E+00  0.000000E+00  0.000000E+00  0.000000E+00  0.000000E+00
  0.221700E+01  0.688536E-02  0.306724E+00  0.000000E+00  0.000000E+00  0.000000E+00  0.000000E+00
  0.192523E+01  0.228174E+00 -0.915189E-02  0.000000E+00  0.000000E+00  0.000000E+00  0.000000E+00
  0.230938E+01  0.169080E-01  0.252253E+00  0.000000E+00  0.000000E+00  0.000000E+00  0.000000E+00
  0.214969E+01 -0.246426E+00 -0.144542E-01  0.000000E+00  0.000000E+00  0.000000E+00  0.000000E+00
  0.229747E+01 -0.126049E-01 -0.293134E+00  0.000000E+00  0.000000E+00  0.000000E+00  0.000000E+00
  0.193591E+01  0.217174E+00 -0.120552E-01  0.000000E+00  0.000000E+00  0.000000E+00  0.000000E+00
  0.210985E+01  0.919499E-02  0.271473E+00  0.000000E+00  0.000000E+00  0.000000E+00  0.000000E+00
  0.277305E+01 -0.331659E+00  0.173170E-01  0.000000E+00  0.000000E+00  0.000000E+00  0.000000E+00
  0.249743E+01  0.354171E+00  0.104750E-01  0.000000E+00  0.000000E+00  0.000000E+00  0.000000E+00
  0.234664E+01  0.127630E-01 -0.302576E+00  0.000000E+00  0.000000E+00  0.000000E+00  0.000000E+00
  0.163336E+01 -0.169006E+00 -0.407685E-02  0.000000E+00  0.000000E+00  0.000000E+00  0.000000E+00
  0.183583E+01  0.498394E-03 -0.222516E+00  0.000000E+00  0.000000E+00  0.000000E+00  0.000000E+00
  0.251506E+01 -0.331628E+00 -0.135425E-01  0.000000E+00  0.000000E+00  0.000000E+00  0.000000E+00
  0.250873E+01  0.272108E+00  0.180349E-01  0.000000E+00  0.000000E+00  0.000000E+00  0.000000E+00
  0.225992E+01 -0.646333E-02  0.318714E+00  0.000000E+00  0.000000E+00  0.000000E+00  0.000000E+00
  0.261957E+01  0.173268E-01 -0.303475E+00  0.000000E+00  0.000000E+00  0.000000E+00  0.000000E+00
  0.237153E+01 -0.338958E+00 -0.808136E-02  0.000000E+00  0.000000E+00  0.000000E+00  0.000000E+00
  0.252026E+01  0.180724E-01 -0.273511E+00  0.000000E+00  0.000000E+00  0.000000E+00  0.000000E+00
  0.280249E+01  0.807143E-02  0.442272E+00  0.000000E+00  0.000000E+00  0.000000E+00  0.000000E+00
  0.225438E+01 -0.247322E+00 -0.164556E-01  0.000000E+00  0.000000E+00  0.000000E+00  0.000000E+00
  0.248360E+01  0.166910E-02  0.385697E+00  0.000000E+00  0.000000E+00  0.000000E+00  0.000000E+00
  0.226002E+01 -0.326118E+00  0.380149E-02  0.000000E+00  0.000000E+00  0.000000E+00  0.000000E+00
  0.248494E+01 -0.164855E-01  0.290863E+00  0.000000E+00  0.000000E+00  0.000000E+00  0.000000E+00
  0.220415E+01  0.289955E+00  0.990679E-02  0.000000E+00  0.000000E+00  0.000000E+00  0.000000E+00
  0.163560E+01 -0.169606E+00  0.404123E-02  0.000000E+00  0.000000E+00  0.000000E+00  0.000000E+00
  0.279680E+01 -0.193306E-01  0.295415E+00  0.000000E+00  0.000000E+00  0.000000E+00  0.000000E+00
  0.278394E+01 -0.183264E-01 -0.314646E+00  0.000000E+00  0.000000E+00  0.000000E+00  0.000000E+00
  0.256520E+01 -0.262761E+00  0.190992E-01  0.000000E+00  0.000000E+00  0.000000E+00  0.000000E+00
  0.258672E+01  0.177741E-01 -0.290200E+00  0.000000E+00  0.000000E+00  0.000000E+00  0.000000E+00
  0.252834E+01 -0.134339E-01  0.335562E+00  0.000000E+00  0.000000E+00  0.000000E+00  0.000000E+00
  0.234988E+01 -0.132260E-01  0.299305E+00  0.000000E+00  0.000000E+00  0.000000E+00  0.000000E+00
  0.229779E+01  0.158544E-01 -0.262512E+00  0.000000E+00  0.000000E+00  0.000000E+00  0.000000E+00
  0.207602E+01 -0.248375E+00 -0.120349E-01  0.000000E+00  0.000000E+00  0.000000E+00  0.000000E+00
  0.190000E+01 -0.830111E-03 -0.238676E+00  0.000000E+00  0.000000E+00  0.000000E+00  0.000000E+00
  0.178287E+01 -0.663781E-02 -0.201645E+00  0.000000E+00  0.000000E+00  0.000000E+00  0.000000E+00
  0.223338E+01 -0.317155E+00 -0.481703E-02  0.000000E+00  0.000000E+00  0.000000E+00  0.000000E+00
  0.204030E+01 -0.245663E+00  0.111262E-01  0.000000E+00  0.000000E+00  0.000000E+00  0.000000E+00
  0.240443E+01  0.261656E+00 -0.175062E-01  0.000000E+00  0.000000E+00  0.000000E+00  0.000000E+00
  0.189841E+01  0.646946E-02 -0.230283E+00  0.000000E+00  0.000000E+00  0.000000E+00  0.000000E+00
  0.259757E+01  0.328431E+00  0.153080E-01  0.000000E+00  0.000000E+00  0.000000E+00  0.000000E+00
  0.186969E+01  0.110357E-01  0.207395E+00  0.000000E+00  0.000000E+00  0.000000E+00  0.000000E+00
  0.232235E+01  0.174775E-01  0.247210E+00  0.000000E+00  0.000000E+00  0.000000E+00  0.000000E+00
  0.186236E+01 -0.224015E+00 -0.532568E-02  0.000000E+00  0.000000E+00  0.000000E+00  0.000000E+00
  0.247511E+01 -0.155925E-01 -0.300482E+00  0.000000E+00  0.000000E+00  0.000000E+00  0.000000E+00
  0.195224E+01  0.202342E+00 -0.149048E-01  0.000000E+00  0.000000E+00  0.000000E+00  0.000000E+00
  0.237627E+01 -0.117468E-01  0.317243E+00  0.000000E+00  0.000000E+00  0.000000E+00  0.000000E+00
  0.200771E+01 -0.252224E+00 -0.796139E-02  0.000000E+00  0.000000E+00  0.000000E+00  0.000000E+00
  0.199864E+01 -0.202784E+00  0.159883E-01  0.000000E+00  0.000000E+00  0.000000E+00  0.000000E+00
  0.193478E+01 -0.235479E+00 -0.772975E-02  0.000000E+00  0.000000E+00  0.000000E+00  0.000000E+00
  0.191318E+01 -0.238887E+00 -0.408683E-02  0.000000E+00  0.000000E+00  0.000000E+00  0.000000E+00
  0.185664E+01  0.218825E+00 -0.695860E-02  0.000000E+00  0.000000E+00  0.000000E+00  0.000000E+00
  0.239828E+01 -0.359134E+00  0.444873E-02  0.000000E+00  0.000000E+00  0.000000E+00  0.000000E+00
  0.244949E+01 -0.190909E-01  0.244006E+00  0.000000E+00  0.000000E+00  0.000000E+00  0.000000E+00
  0.215799E+01  0.220479E+00 -0.172197E-01  0.000000E+00  0.000000E+00  0.000000E+00  0.000000E+00
  0.244698E+01  0.374963E+00 -0.277218E-02  0.000000E+00  0.000000E+00  0.000000E+00  0.000000E+00
  0.253855E+01 -0.280737E+00 -0.178287E-01  0.000000E+00  0.000000E+00  0.000000E+00  0.000000E+00
  0.212152E+01  0.255641E-02 -0.293345E+00  0.000000E+00  0.000000E+00  0.000000E+00  0.000000E+00
  0.201934E+01  0.268680E+00  0.125935E-02  0.000000E+00  0.000000E+00  0.000000E+00  0.000000E+00
  0.266405E+01  0.428672E+00 -0.320862E-02  0.000000E+00  0.000000E+00  0.000000E+00  0.000000E+00
  0.194904E+01 -0.215753E+00 -0.128071E-01  0.000000E+00  0.000000E+00  0.000000E+00  0.000000E+00
  0.227757E+01 -0.227632E+00  0.183136E-01  0.000000E+00  0.000000E+00  0.000000E+00  0.000000E+00
  0.276161E+01  0.345097E+00 -0.163867E-01  0.000000E+00  0.000000E+00  0.000000E+00  0.000000E+00
  0.189464E+01 -0.229466E+00 -0.642844E-02  0.000000E+00  0.000000E+00  0.000000E+00  0.000000E+00
  0.253159E+01  0.270101E+00  0.183895E-01  0.000000E+00  0.000000E+00  0.000000E+00  0.000000E+00
  0.234790E+01  0.267368E+00  0.162736E-01  0.000000E+00  0.000000E+00  0.000000E+00  0.000000E+00
  0.179548E+01 -0.212046E+00  0.132369E-02  0.000000E+00  0.000000E+00  0.000000E+00  0.000000E+00
  0.194989E+01 -0.223808E+00  0.113934E-01  0.000000E+00  0.000000E+00  0.000000E+00  0.000000E+00
  0.191392E+01 -0.194638E+00 -0.148932E-01  0.000000E+00  0.000000E+00  0.000000E+00  0.000000E+00
  0.249173E+01  0.155908E-01 -0.303791E+00  0.000000E+00  0.000000E+00  0.000000E+00  0.000000E+00
  0.179630E+01  0.200245E+00 -0.838378E-02  0.000000E+00  0.000000E+00  0.000000E+00  0.000000E+00
  0.279494E+01 -0.884334E-02 -0.435295E+00  0.000000E+00  0.000000E+00  0.000000E+00  0.000000E+00
  0.241325E+01 -0.180500E-01 -0.255135E+00  0.000000E+00  0.000000E+00  0.000000E+00  0.000000E+00
  0.276021E+01  0.166097E-01 -0.341252E+00  0.000000E+00  0.000000E+00  0.000000E+00  0.000000E+00
  0.233638E+01 -0.334360E+00 -0.723083E-02  0.000000E+00  0.000000E+00  0.000000E+00  0.000000E+00
  0.219830E+01 -0.131748E-01  0.267138E+00  0.000000E+00  0.000000E+00  0.000000E+00  0.000000E+00
  0.177661E+01  0.204418E+00 -0.433752E-02  0.000000E+00  0.000000E+00  0.000000E+00  0.000000E+00
  0.248812E+01 -0.188055E-01 -0.255464E+00  0.000000E+00  0.000000E+00  0.000000E+00  0.000000E+00
  0.207207E+01 -0.271714E+00  0.680322E-02  0.000000E+00  0.000000E+00  0.000000E+00  0.000000E+00
  0.216748E+01 -0.172731E-01  0.221595E+00  0.000000E+00  0.000000E+00  0.000000E+00  0.000000E+00
  0.221463E+01 -0.231498E+00  0.171681E-01  0.000000E+00  0.000000E+00  0.000000E+00  0.000000E+00
  0.231597E+01 -0.238049E+00  0.180532E-01  0.000000E+00  0.000000E+00  0.000000E+00  0.000000E+00
  0.210960E+01  0.286112E+00  0.494219E-02  0.000000E+00  0.000000E+00  0.000000E+00  0.000000E+00
  0.180482E+01  0.127906E-01 -0.184480E+00  0.000000E+00  0.000000E+00  0.000000E+00  0.000000E+00
  0.228862E+01 -0.253833E+00  0.164569E-01  0.000000E+00  0.000000E+00  0.000000E+00  0.000000E+00
  0.268940E+01 -0.438493E+00  0.701150E-03  0.000000E+00  0.000000E+00  0.000000E+00  0.000000E+00
  0.279173E+01 -0.140364E-01  0.384438E+00  0.000000E+00  0.000000E+00  0.000000E+00  0.000000E+00
  0.226175E+01 -0.330171E+00 -0.914920E-03  0.000000E+00  0.000000E+00  0.000000E+00  0.000000E+00
  0.255521E+01  0.401579E+00 -0.309479E-02  0.000000E+00  0.000000E+00  0.000000E+00  0.000000E+00
  0.247447E+01 -0.152132E-01  0.304914E+00  0.000000E+00  0.000000E+00  0.000000E+00  0.000000E+00
  0.282266E+01  0.464826E+00  0.445975E-02  0.000000E+00  0.000000E+00  0.000000E+00  0.000000E+00
  0.258731E+01 -0.308697E+00 -0.165987E-01  0.000000E+00  0.000000E+00  0.000000E+00  0.000000E+00
  0.215432E+01  0.250726E+00  0.140570E-01  0.000000E+00  0.000000E+00  0.000000E+00  0.000000E+00
  0.201795E+01 -0.212188E+00  0.153348E-01  0.000000E+00  0.000000E+00  0.000000E+00  0.000000E+00
  0.237680E+01 -0.264669E+00  0.169199E-01  0.000000E+00  0.000000E+00  0.000000E+00  0.000000E+00
  0.246073E+01 -0.372534E+00 -0.517187E-02  0.000000E+00  0.000000E+00  0.000000E+00  0.000000E+00
  0.217538E+01 -0.274758E+00  0.113720E-01  0.000000E+00  0.000000E+00  0.000000E+00  0.000000E+00
  0.273347E+01 -0.295728E+00 -0.188378E-01  0.000000E+00  0.000000E+00  0.000000E+00  0.000000E+00
  0.219508E+01 -0.135595E-02 -0.313052E+00  0.000000E+00  0.000000E+00  0.000000E+00  0.000000E+00
  0.206007E+01 -0.990433E-02  0.256477E+00  0.000000E+00  0.000000E+00  0.000000E+00  0.000000E+00
  0.186322E+01  0.458302E-03  0.229457E+00  0.000000E+00  0.000000E+00  0.000000E+00  0.000000E+00
  0.200680E+01 -0.162783E-01 -0.201767E+00  0.000000E+00  0.000000E+00  0.000000E+00  0.000000E+00
  0.205779E+01  0.248256E+00  0.113702E-01  0.000000E+00  0.000000E+00  0.000000E+00  0.000000E+00
  0.256279E+01 -0.879754E-02  0.380602E+00  0.000000E+00  0.000000E+00  0.000000E+00  0.000000E+00
  0.182965E+01  0.134727E-01  0.186159E+00  0.000000E+00  0.000000E+00  0.000000E+00  0.000000E+00
  0.183046E+01 -0.195461E+00  0.117043E-01  0.000000E+00  0.000000E+00  0.000000E+00  0.000000E+00
  0.202000E+01 -0.269012E+00  0.905355E-03  0.000000E+00  0.000000E+00  0.000000E+00  0.000000E+00
  0.260820E+01  0.371483E+00  0.114724E-01  0.000000E+00  0.000000E+00  0.000000E+00  0.000000E+00
  0.216186E+01  0.286867E+00  0.851349E-02  0.000000E+00  0.000000E+00  0.000000E+00  0.000000E+00
  0.230646E+01 -0.238257E+00 -0.179208E-01  0.000000E+00  0.000000E+00  0.000000E+00  0.000000E+00
  0.258807E+01 -0.146309E-01 -0.334894E+00  0.000000E+00  0.000000E+00  0.000000E+00  0.000000E+00
  0.199781E+01  0.241000E+00 -0.101220E-01  0.000000E+00  0.000000E+00  0.000000E+00  0.000000E+00
  0.169512E+01 -0.835860E-02 -0.176177E+00  0.000000E+00  0.000000E+00  0.000000E+00  0.000000E+00
  0.223510E+01 -0.316599E+00  0.518898E-02  0.000000E+00  0.000000E+00  0.000000E+00  0.000000E+00
  0.268690E+01 -0.164046E-01 -0.330540E+00  0.000000E+00  0.000000E+00  0.000000E+00  0.000000E+00
  0.221982E+01 -0.221918E+00  0.180000E-01  0.000000E+00  0.000000E+00  0.000000E+00  0.000000E+00
  0.208342E+01 -0.255678E+00 -0.110838E-01  0.000000E+00  0.000000E+00  0.000000E+00  0.000000E+00
  0.243793E+01  0.336365E+00 -0.110518E-01  0.000000E+00  0.000000E+00  0.000000E+00  0.000000E+00
  0.259926E+01 -0.413345E+00  0.273638E-02  0.000000E+00  0.000000E+00  0.000000E+00  0.000000E+00
  0.226394E+01  0.265397E+00  0.149355E-01  0.000000E+00  0.000000E+00  0.000000E+00  0.000000E+00
  0.251359E+01  0.186983E-01 -0.261630E+00  0.000000E+00  0.000000E+00  0.000000E+00  0.000000E+00
  0.228405E+01  0.248694E+00  0.168132E-01  0.000000E+00  0.000000E+00  0.000000E+00  0.000000E+00
  0.202968E+01 -0.144816E-01  0.221423E+00  0.000000E+00  0.000000E+00  0.000000E+00  0.000000E+00
  0.214380E+01 -0.103253E-01  0.273703E+00  0.000000E+00  0.000000E+00  0.000000E+00  0.000000E+00
  0.280123E+01  0.445795E+00  0.744432E-02  0.000000E+00  0.000000E+00  0.000000E+00  0.000000E+00
  0.172950E+01  0.182869E+00  0.888469E-02  0.000000E+00  0.000000E+00  0.000000E+00  0.000000E+00
  0.205931E+01 -0.859309E-02 -0.262134E+00  0.000000E+00  0.000000E+00  0.000000E+00  0.000000E+00
  0.181235E+01  0.193736E+00 -0.111830E-01  0.000000E+00  0.000000E+00  0.000000E+00  0.000000E+00
  0.185225E+01  0.141716E-01  0.186772E+00  0.000000E+00  0.000000E+00  0.000000E+00  0.000000E+00
  0.233026E+01 -0.137632E-02 -0.347210E+00  0.000000E+00  0.000000E+00  0.000000E+00  0.000000E+00
  0.203685E+01 -0.204320E+00 -0.166155E-01  0.000000E+00  0.000000E+00  0.000000E+00  0.000000E+00
  0.246533E+01 -0.856533E-02  0.358819E+00  0.000000E+00  0.000000E+00  0.000000E+00  0.000000E+00
  0.230867E+01  0.606464E-02 -0.332050E+00  0.000000E+00  0.000000E+00  0.000000E+00  0.000000E+00
  0.251900E+01 -0.363987E+00 -0.978227E-02  0.000000E+00  0.000000E+00  0.000000E+00  0.000000E+00
  0.224752E+01  0.298441E+00  0.101852E-01  0.000000E+00  0.000000E+00  0.000000E+00  0.000000E+00
  0.187868E+01 -0.442031E-02  0.229731E+00  0.000000E+00  0.000000E+00  0.000000E+00  0.000000E+00
  0.247138E+01 -0.373569E+00 -0.564310E-02  0.000000E+00  0.000000E+00  0.000000E+00  0.000000E+00
  0.173815E+01  0.182002E+00  0.979831E-02  0.000000E+00  0.000000E+00  0.000000E+00  0.000000E+00
  0.256546E+01 -0.117234E-01  0.359727E+00  0.000000E+00  0.000000E+00  0.000000E+00  0.000000E+00
  0.233858E+01  0.124861E-01  0.303087E+00  0.000000E+00  0.000000E+00  0.000000E+00  0.000000E+00
  0.236852E+01  0.173124E-02 -0.356566E+00  0.000000E+00  0.000000E+00  0.000000E+00  0.000000E+00
  0.161634E+01  0.391560E-02 -0.164929E+00  0.000000E+00  0.000000E+00  0.000000E+00  0.000000E+00
  0.242398E+01 -0.366535E+00 -0.406052E-02  0.000000E+00  0.000000E+00  0.000000E+00  0.000000E+00
  0.264239E+01 -0.162008E-01 -0.325029E+00  0.000000E+00  0.000000E+00  0.000000E+00  0.000000E+00
  0.223324E+01 -0.307829E-02  0.320717E+00  0.000000E+00  0.000000E+00  0.000000E+00  0.000000E+00
  0.279422E+01 -0.295170E+00  0.193231E-01  0.000000E+00  0.000000E+00  0.000000E+00  0.000000E+00
  0.225117E+01  0.166946E-01  0.243937E+00  0.000000E+00  0.000000E+00  0.000000E+00  0.000000E+00
  0.234756E+01 -0.349481E+00 -0.305443E-02  0.000000E+00  0.000000E+00  0.000000E+00  0.000000E+00
  0.226840E+01 -0.268470E+00 -0.147139E-01  0.000000E+00  0.000000E+00  0.000000E+00  0.000000E+00
  0.186604E+01 -0.116418E-01  0.203725E+00  0.000000E+00  0.000000E+00  0.000000E+00  0.000000E+00
  0.209711E+01  0.223382E+00  0.158382E-01  0.000000E+00  0.000000E+00  0.000000E+00  0.000000E+00
  0.202112E+01  0.256215E+00  0.774460E-02  0.000000E+00  0.000000E+00  0.000000E+00  0.000000E+00
  0.237593E+01 -0.671338E-02 -0.346104E+00  0.000000E+00  0.000000E+00  0.000000E+00  0.000000E+00
  0.200003E+01 -0.256140E+00  0.610343E-02  0.000000E+00  0.000000E+00  0.000000E+00  0.000000E+00
  0.229067E+01 -0.226547E+00 -0.185404E-01  0.000000E+00  0.000000E+00  0.000000E+00  0.000000E+00
  0.223218E+01  0.121263E-01 -0.282377E+00  0.000000E+00  0.000000E+00  0.000000E+00  0.000000E+00
  0.256354E+01 -0.296213E+00 -0.171354E-01  0.000000E+00  0.000000E+00  0.000000E+00  0.000000E+00
  0.240729E+01 -0.266197E+00 -0.172224E-01  0.000000E+00  0.000000E+00  0.000000E+00  0.000000E+00
  0.170688E+01 -0.121276E-02 -0.189689E+00  0.000000E+00  0.000000E+00  0.000000E+00  0.000000E+00
  0.236016E+01  0.267655E+00 -0.164419E-01  0.000000E+00  0.000000E+00  0.000000E+00  0.000000E+00
  0.195041E+01  0.862044E-02  0.236141E+00  0.000000E+00  0.000000E+00  0.000000E+00  0.000000E+00
  0.178924E+01  0.426077E-02  0.207682E+00  0.000000E+00  0.000000E+00  0.000000E+00  0.000000E+00
  0.202428E+01  0.223608E+00  0.140423E-01  0.000000E+00  0.000000E+00  0.000000E+00  0.000000E+00
  0.203992E+01 -0.212042E+00  0.158535E-01  0.000000E+00  0.000000E+00  0.000000E+00  0.000000E+00
  0.167939E+01  0.181630E-02 -0.182469E+00  0.000000E+00  0.000000E+00  0.000000E+00  0.000000E+00
  0.250196E+01 -0.282829E+00  0.172722E-01  0.000000E+00  0.000000E+00  0.000000E+00  0.000000E+00
  0.265612E+01 -0.430093E+00  0.652687E-03  0.000000E+00  0.000000E+00  0.000000E+00  0.000000E+00
  0.204610E+01 -0.241179E+00 -0.121262E-01  0.000000E+00  0.000000E+00  0.000000E+00  0.000000E+00
  0.249446E+01 -0.166315E-01  0.290663E+00  0.000000E+00  0.000000E+00  0.000000E+00  0.000000E+00
  0.228076E+01  0.133300E-01  0.283580E+00  0.000000E+00  0.000000E+00  0.000000E+00  0.000000E+00
  0.164566E+01  0.173564E+00  0.246443E-02  0.000000E+00  0.000000E+00  0.000000E+00  0.000000E+00
  0.280015E+01  0.220436E-04  0.466705E+00  0.000000E+00  0.000000E+00  0.000000E+00  0.000000E+00
  0.245937E+01 -0.168690E-01  0.280769E+00  0.000000E+00  0.000000E+00  0.000000E+00  0.000000E+00
  0.218702E+01 -0.148956E-01  0.250149E+00  0.000000E+00  0.000000E+00  0.000000E+00  0.000000E+00
  0.235032E+01  0.498097E-02 -0.345743E+00  0.000000E+00  0.000000E+00  0.000000E+00  0.000000E+00
  0.168628E+01 -0.183491E+00  0.285381E-02  0.000000E+00  0.000000E+00  0.000000E+00  0.000000E+00
  0.266584E+01 -0.159872E-01  0.332660E+00  0.000000E+00  0.000000E+00  0.000000E+00  0.000000E+00
  0.163489E+01  0.168916E+00 -0.447264E-02  0.000000E+00  0.000000E+00  0.000000E+00  0.000000E+00
  0.245202E+01  0.252026E+00 -0.186546E-01  0.000000E+00  0.000000E+00  0.000000E+00  0.000000E+00
  0.235950E+01 -0.351741E+00 -0.345201E-02  0.000000E+00  0.000000E+00  0.000000E+00  0.000000E+00
  0.246249E+01 -0.158258E-01  0.295110E+00  0.000000E+00  0.000000E+00  0.000000E+00  0.000000E+00
  0.190333E+01  0.190352E+00  0.151884E-01  0.000000E+00  0.000000E+00  0.000000E+00  0.000000E+00
  0.228824E+01  0.307836E+00  0.101885E-01  0.000000E+00  0.000000E+00  0.000000E+00  0.000000E+00
  0.175113E+01  0.117574E-01 -0.177487E+00  0.000000E+00  0.000000E+00  0.000000E+00  0.000000E+00
  0.259323E+01 -0.412589E+00 -0.228007E-02  0.000000E+00  0.000000E+00  0.000000E+00  0.000000E+00
  0.174687E+01 -0.352283E-02  0.198042E+00  0.000000E+00  0.000000E+00  0.000000E+00  0.000000E+00
  0.254971E+01 -0.265269E+00  0.188309E-01  0.000000E+00  0.000000E+00  0.000000E+00  0.000000E+00
  0.193298E+01 -0.417383E-02 -0.243687E+00  0.000000E+00  0.000000E+00  0.000000E+00  0.000000E+00
  0.248122E+01  0.183640E-01  0.261890E+00  0.000000E+00  0.000000E+00  0.000000E+00  0.000000E+00
  0.225267E+01 -0.775737E-02  0.311901E+00  0.000000E+00  0.000000E+00  0.000000E+00  0.000000E+00
  0.198861E+01  0.247626E+00 -0.796503E-02  0.000000E+00  0.000000E+00  0.000000E+00  0.000000E+00
  0.195712E+01  0.232352E+00 -0.994836E-02  0.000000E+00  0.000000E+00  0.000000E+00  0.000000E+00
  0.251611E+01 -0.298728E+00 -0.163449E-01  0.000000E+00  0.000000E+00  0.000000E+00  0.000000E+00
  0.250429E+01 -0.108309E-01 -0.353120E+00  0.000000E+00  0.000000E+00  0.000000E+00  0.000000E+00
  0.179243E+01 -0.101990E-01  0.193166E+00  0.000000E+00  0.000000E+00  0.000000E+00  0.000000E+00
  0.231767E+01  0.144398E-01  0.281266E+00  0.000000E+00  0.000000E+00  0.000000E+00  0.000000E+00
  0.262968E+01  0.330149E+00 -0.156604E-01  0.000000E+00  0.000000E+00  0.000000E+00  0.000000E+00
  0.221106E+01  0.133169E-01 -0.268758E+00  0.000000E+00  0.000000E+00  0.000000E+00  0.000000E+00
  0.204793E+01  0.330350E-02 -0.273836E+00  0.000000E+00  0.000000E+00  0.000000E+00  0.000000E+00
  0.266966E+01 -0.983362E-02 -0.398709E+00  0.000000E+00  0.000000E+00  0.000000E+00  0.000000E+00
  0.231323E+01  0.138989E-01  0.285460E+00  0.000000E+00  0.000000E+00  0.000000E+00  0.000000E+00
  0.240349E+01  0.702947E-02  0.351502E+00  0.000000E+00  0.000000E+00  0.000000E+00  0.000000E+00
  0.211747E+01 -0.240207E+00 -0.144015E-01  0.000000E+00  0.000000E+00  0.000000E+00  0.000000E+00
  0.222089E+01  0.999455E-02 -0.293361E+00  0.000000E+00  0.000000E+00  0.000000E+00  0.000000E+00
  0.219081E+01 -0.700318E-02 -0.299924E+00  0.000000E+00  0.000000E+00  0.000000E+00  0.000000E+00
  0.253065E+01  0.342980E+00 -0.127264E-01  0.000000E+00  0.000000E+00  0.000000E+00  0.000000E+00
  0.268836E+01 -0.190801E-01 -0.283278E+00  0.000000E+00  0.000000E+00  0.000000E+00  0.000000E+00
  0.227954E+01  0.226676E+00  0.184030E-01  0.000000E+00  0.000000E+00  0.000000E+00  0.000000E+00
  0.200457E+01 -0.150215E-01  0.212054E+00  0.000000E+00  0.000000E+00  0.000000E+00  0.000000E+00
  0.265426E+01  0.363222E+00  0.133629E-01  0.000000E+00  0.000000E+00  0.000000E+00  0.000000E+00
  0.280919E+01  0.170350E-01  0.343262E+00  0.000000E+00  0.000000E+00  0.000000E+00  0.000000E+00
  0.169364E+01 -0.182379E+00 -0.526408E-02  0.000000E+00  0.000000E+00  0.000000E+00  0.000000E+00
  0.207072E+01  0.129154E-01 -0.241478E+00  0.000000E+00  0.000000E+00  0.000000E+00  0.000000E+00
  0.180171E+01  0.396553E-03  0.213896E+00  0.000000E+00  0.000000E+00  0.000000E+00  0.000000E+00
  0.235127E+01 -0.303948E+00 -0.127194E-01  0.000000E+00  0.000000E+00  0.000000E+00  0.000000E+00
  0.184748E+01 -0.102983E-01 -0.205488E+00  0.000000E+00  0.000000E+00  0.000000E+00  0.000000E+00
  0.263494E+01 -0.139513E-01 -0.352564E+00  0.000000E+00  0.000000E+00  0.000000E+00  0.000000E+00
  0.189430E+01  0.978169E-02  0.218441E+00  0.000000E+00  0.000000E+00  0.000000E+00  0.000000E+00
  0.197932E+01 -0.254021E+00  0.482582E-02  0.000000E+00  0.000000E+00  0.000000E+00  0.000000E+00
  0.200271E+01 -0.157997E-01 -0.205223E+00  0.000000E+00  0.000000E+00  0.000000E+00  0.000000E+00
  0.235348E+01  0.715413E-02  0.338829E+00  0.000000E+00  0.000000E+00  0.000000E+00  0.000000E+00
  0.250695E+01 -0.538998E-02  0.383242E+00  0.000000E+00  0.000000E+00  0.000000E+00  0.000000E+00
  0.265785E+01 -0.153726E-01  0.339634E+00  0.000000E+00  0.000000E+00  0.000000E+00  0.000000E+00
  0.251537E+01 -0.300051E+00  0.162368E-01  0.000000E+00  0.000000E+00  0.000000E+00  0.000000E+00
  0.219509E+01 -0.874550E-02 -0.293709E+00  0.000000E+00  0.000000E+00  0.000000E+00  0.000000E+00
  0.200291E+01 -0.226966E+00  0.128860E-01  0.000000E+00  0.000000E+00  0.000000E+00  0.000000E+00
  0.227128E+01  0.792852E-02  0.315627E+00  0.000000E+00  0.000000E+00  0.000000E+00  0.000000E+00
  0.227680E+01  0.571562E-02 -0.325352E+00  0.000000E+00  0.000000E+00  0.000000E+00  0.000000E+00
  0.173726E+01  0.803956E-02 -0.187109E+00  0.000000E+00  0.000000E+00  0.000000E+00  0.000000E+00
  0.187111E+01 -0.200179E+00 -0.125560E-01  0.000000E+00  0.000000E+00  0.000000E+00  0.000000E+00
  0.276578E+01  0.777916E-02  0.435265E+00  0.000000E+00  0.000000E+00  0.000000E+00  0.000000E+00
  0.229475E+01  0.326749E+00  0.659478E-02  0.000000E+00  0.000000E+00  0.000000E+00  0.000000E+00
  0.250660E+01  0.130086E-01 -0.335080E+00  0.000000E+00  0.000000E+00  0.000000E+00  0.000000E+00
  0.189495E+01  0.106873E-01 -0.214729E+00  0.000000E+00  0.000000E+00  0.000000E+00  0.000000E+00
  0.246714E+01 -0.344455E+00 -0.108567E-01  0.000000E+00  0.000000E+00  0.000000E+00  0.000000E+00
  0.174579E+01 -0.380531E-02 -0.197436E+00  0.000000E+00  0.000000E+00  0.000000E+00  0.000000E+00
  0.177540E+01  0.104117E-01  0.188432E+00  0.000000E+00  0.000000E+00  0.000000E+00  0.000000E+00
  0.268338E+01 -0.110025E-01 -0.392530E+00  0.000000E+00  0.000000E+00  0.000000E+00  0.000000E+00
  0.188542E+01  0.115394E-01  0.208572E+00  0.000000E+00  0.000000E+00  0.000000E+00  0.000000E+00
  0.248914E+01  0.144554E-01 -0.316533E+00  0.000000E+00  0.000000E+00  0.000000E+00  0.000000E+00
  0.281565E+01 -0.462512E+00 -0.462273E-02  0.000000E+00  0.000000E+00  0.000000E+00  0.000000E+00
  0.253952E+01  0.327012E-02 -0.397277E+00  0.000000E+00  0.000000E+00  0.000000E+00  0.000000E+00
  0.244670E+01 -0.116459E-01  0.333791E+00  0.000000E+00  0.000000E+00  0.000000E+00  0.000000E+00
  0.174216E+01  0.760559E-02 -0.189420E+00  0.000000E+00  0.000000E+00  0.000000E+00  0.000000E+00
  0.223588E+01 -0.318292E+00  0.460895E-02  0.000000E+00  0.000000E+00  0.000000E+00  0.000000E+00
  0.201177E+01 -0.218693E+00 -0.143536E-01  0.000000E+00  0.000000E+00  0.000000E+00  0.000000E+00
  0.271125E+01 -0.410837E+00  0.950526E-02  0.000000E+00  0.000000E+00  0.000000E+00  0.000000E+00
  0.229467E+01 -0.324493E+00  0.717095E-02  0.000000E+00  0.000000E+00  0.000000E+00  0.000000E+00
  0.243870E+01 -0.127842E-01  0.322428E+00  0.000000E+00  0.000000E+00  0.000000E+00  0.000000E+00
  0.211546E+01  0.290637E+00 -0.339635E-02  0.000000E+00  0.000000E+00  0.000000E+00  0.000000E+00
  0.281317E+01  0.435392E+00 -0.941574E-02  0.000000E+00  0.000000E+00  0.000000E+00  0.000000E+00
  0.251433E+01 -0.306787E+00 -0.157074E-01  0.000000E+00  0.000000E+00  0.000000E+00  0.000000E+00
  0.187057E+01 -0.224106E+00  0.620946E-02  0.000000E+00  0.000000E+00  0.000000E+00  0.000000E+00
  0.234489E+01 -0.335696E+00 -0.739918E-02  0.000000E+00  0.000000E+00  0.000000E+00  0.000000E+00
  0.185557E+01 -0.207153E+00  0.103471E-01  0.000000E+00  0.000000E+00  0.000000E+00  0.000000E+00
  0.227481E+01 -0.141331E-01 -0.275259E+00  0.000000E+00  0.000000E+00  0.000000E+00  0.000000E+00
  0.173266E+01  0.190979E+00 -0.585342E-02  0.000000E+00  0.000000E+00  0.000000E+00  0.000000E+00
  0.184591E+01  0.224876E+00  0.114302E-02  0.000000E+00  0.000000E+00  0.000000E+00  0.000000E+00
  0.283241E+01 -0.182539E-03 -0.474859E+00  0.000000E+00  0.000000E+00  0.000000E+00  0.000000E+00
  0.172170E+01  0.103397E-01 -0.176325E+00  0.000000E+00  0.000000E+00  0.000000E+00  0.000000E+00
  0.265837E+01  0.268907E+00 -0.195318E-01  0.000000E+00  0.000000E+00  0.000000E+00  0.000000E+00
  0.185665E+01  0.132851E-01 -0.193000E+00  0.000000E+00  0.000000E+00  0.000000E+00  0.000000E+00
  0.191587E+01  0.150518E-01  0.193882E+00  0.000000E+00  0.000000E+00  0.000000E+00  0.000000E+00
  0.230713E+01  0.157175E-01 -0.265864E+00  0.000000E+00  0.000000E+00  0.000000E+00  0.000000E+00
  0.161818E+01 -0.167455E+00  0.124399E-03  0.000000E+00  0.000000E+00  0.000000E+00  0.000000E+00
  0.199491E+01  0.213281E+00  0.146102E-01  0.000000E+00  0.000000E+00  0.000000E+00  0.000000E+00
  0.185483E+01 -0.987722E-02  0.208872E+00  0.000000E+00  0.000000E+00  0.000000E+00  0.000000E+00
  0.166048E+01  0.110443E-02  0.177992E+00  0.000000E+00  0.000000E+00  0.000000E+00  0.000000E+00
  0.203614E+01 -0.244187E+00 -0.112235E-01  0.000000E+00  0.000000E+00  0.000000E+00  0.000000E+00
  0.188092E+01  0.216936E+00  0.936575E-02  0.000000E+00  0.000000E+00  0.000000E+00  0.000000E+00
  0.162393E+01  0.167456E+00 -0.327647E-02  0.000000E+00  0.000000E+00  0.000000E+00  0.000000E+00
  0.256391E+01 -0.170662E-01  0.297336E+00  0.000000E+00  0.000000E+00  0.000000E+00  0.000000E+00
  0.220949E+01 -0.168380E-01 -0.234437E+00  0.000000E+00  0.000000E+00  0.000000E+00  0.000000E+00
  0.284082E+01  0.163912E+00 -0.726470E-01  0.000000E+00  0.000000E+00  0.000000E+00  0.000000E+00
  0.284082E+01  0.585827E-01 -0.215937E+00  0.000000E+00  0.000000E+00  0.000000E+00  0.000000E+00
  0.284082E+01 -0.184210E+00  0.133476E+00  0.000000E+00  0.000000E+00  0.000000E+00  0.000000E+00
  0.284082E+01  0.625454E-01  0.384288E-01  0.000000E+00  0.000000E+00  0.000000E+00  0.000000E+00
  0.284082E+01  0.543757E-01  0.192911E+00  0.000000E+00  0.000000E+00  0.000000E+00  0.000000E+00
  0.284082E+01 -0.891999E-01  0.894915E-02  0.000000E+00  0.000000E+00  0.000000E+00  0.000000E+00
  0.284082E+01  0.973537E-01  0.229965E+00  0.000000E+00  0.000000E+00  0.000000E+00  0.000000E+00
  0.284082E+01 -0.349143E-02 -0.209280E+00  0.000000E+00  0.000000E+00  0.000000E+00  0.000000E+00
  0.284082E+01 -0.496793E-01 -0.196319E-01  0.000000E+00  0.000000E+00  0.000000E+00  0.000000E+00
  0.284082E+01 -0.659174E-01  0.424037E-01  0.000000E+00  0.000000E+00  0.000000E+00  0.000000E+00
  0.284082E+01 -0.775145E-01 -0.802570E-01  0.000000E+00  0.000000E+00  0.000000E+00  0.000000E+00
  0.284082E+01  0.185533E-01  0.324296E-01  0.000000E+00  0.000000E+00  0.000000E+00  0.000000E+00
  0.284082E+01  0.100603E+00  0.338942E-02  0.000000E+00  0.000000E+00  0.000000E+00  0.000000E+00
  0.284082E+01 -0.135583E-02  0.345116E-01  0.000000E+00  0.000000E+00  0.000000E+00  0.000000E+00
  0.284082E+01 -0.122642E+00  0.116092E+00  0.000000E+00  0.000000E+00  0.000000E+00  0.000000E+00
  0.284082E+01  0.102420E+00  0.408132E-01  0.000000E+00  0.000000E+00  0.000000E+00  0.000000E+00
  0.284082E+01 -0.235425E-01 -0.102774E+00  0.000000E+00  0.000000E+00  0.000000E+00  0.000000E+00
  0.284082E+01 -0.161002E+00 -0.924502E-01  0.000000E+00  0.000000E+00  0.000000E+00  0.000000E+00
  0.284082E+01  0.168001E+00  0.112314E+00  0.000000E+00  0.000000E+00  0.000000E+00  0.000000E+00
  0.284082E+01  0.292194E-01 -0.154812E+00  0.000000E+00  0.000000E+00  0.000000E+00  0.000000E+00
  0.284082E+01 -0.105575E+00  0.525396E-01  0.000000E+00  0.000000E+00  0.000000E+00  0.000000E+00
  0.284082E+01 -0.947770E-01 -0.126235E+00  0.000000E+00  0.000000E+00  0.000000E+00  0.000000E+00
  0.284082E+01 -0.203471E+00  0.452423E-01  0.000000E+00  0.000000E+00  0.000000E+00  0.000000E+00
  0.284082E+01  0.506778E-01  0.267499E-01  0.000000E+00  0.000000E+00  0.000000E+00  0.000000E+00
  0.284082E+01 -0.168696E-01  0.585042E-02  0.000000E+00  0.000000E+00  0.000000E+00  0.000000E+00
  0.284082E+01 -0.185401E+00 -0.119875E+00  0.000000E+00  0.000000E+00  0.000000E+00  0.000000E+00
  0.284082E+01  0.149367E-01 -0.264658E-01  0.000000E+00  0.000000E+00  0.000000E+00  0.000000E+00
  0.284082E+01  0.290168E-01 -0.465027E-01  0.000000E+00  0.000000E+00  0.000000E+00  0.000000E+00
  0.284082E+01 -0.894348E-01 -0.988473E-01  0.000000E+00  0.000000E+00  0.000000E+00  0.000000E+00
  0.284082E+01 -0.189554E-01  0.285371E-03  0.000000E+00  0.000000E+00  0.000000E+00  0.000000E+00
  0.284082E+01  0.806672E-02 -0.663992E-01  0.000000E+00  0.000000E+00  0.000000E+00  0.000000E+00
  0.284082E+01 -0.568101E-01 -0.173015E+00  0.000000E+00  0.000000E+00  0.000000E+00  0.000000E+00
  0.284082E+01 -0.496112E-01  0.162171E+00  0.000000E+00  0.000000E+00  0.000000E+00  0.000000E+00
  0.284082E+01  0.292261E-01 -0.176221E+00  0.000000E+00  0.000000E+00  0.000000E+00  0.000000E+00
  0.284082E+01 -0.217410E+00  0.172405E-01  0.000000E+00  0.000000E+00  0.000000E+00  0.000000E+00
  0.284082E+01 -0.496447E-02 -0.651383E-01  0.000000E+00  0.000000E+00  0.000000E+00  0.000000E+00
  0.284082E+01  0.525636E-01  0.239340E+00  0.000000E+00  0.000000E+00  0.000000E+00  0.000000E+00
  0.284082E+01 -0.166512E-01  0.473717E-01  0.000000E+00  0.000000E+00  0.000000E+00  0.000000E+00
  0.284082E+01  0.330596E-01 -0.151532E+00  0.000000E+00  0.000000E+00  0.000000E+00  0.000000E+00
  0.284082E+01 -0.134100E+00 -0.196391E+00  0.000000E+00  0.000000E+00  0.000000E+00  0.000000E+00
  0.284082E+01  0.550921E-01  0.132267E+00  0.000000E+00  0.000000E+00  0.000000E+00  0.000000E+00
  0.284082E+01  0.100199E+00 -0.134021E+00  0.000000E+00  0.000000E+00  0.000000E+00  0.000000E+00
  0.284082E+01  0.538729E-02  0.207363E-02  0.000000E+00  0.000000E+00  0.000000E+00  0.000000E+00
  0.284082E+01  0.933287E-01  0.586699E-01  0.000000E+00  0.000000E+00  0.000000E+00  0.000000E+00
  0.284082E+01 -0.155527E-01  0.292675E-01  0.000000E+00  0.000000E+00  0.000000E+00  0.000000E+00
  0.284082E+01  0.105193E+00 -0.998671E-01  0.000000E+00  0.000000E+00  0.000000E+00  0.000000E+00
  0.284082E+01 -0.150376E+00  0.116800E-01  0.000000E+00  0.000000E+00  0.000000E+00  0.000000E+00
  0.284082E+01 -0.307943E-01  0.474985E-01  0.000000E+00  0.000000E+00  0.000000E+00  0.000000E+00
  0.284082E+01  0.165384E-01 -0.336972E-01  0.000000E+00  0.000000E+00  0.000000E+00  0.000000E+00
  0.284082E+01  0.513745E-01  0.161155E+00  0.000000E+00  0.000000E+00  0.000000E+00  0.000000E+00
  0.284082E+01 -0.656154E-01  0.905823E-01  0.000000E+00  0.000000E+00  0.000000E+00  0.000000E+00
  0.284082E+01  0.198020E+00  0.891721E-01  0.000000E+00  0.000000E+00  0.000000E+00  0.000000E+00
  0.284082E+01 -0.675531E-02 -0.103783E+00  0.000000E+00  0.000000E+00  0.000000E+00  0.000000E+00
  0.284082E+01  0.183940E-01  0.182292E+00  0.000000E+00  0.000000E+00  0.000000E+00  0.000000E+00
  0.284082E+01  0.631877E-01  0.233159E-01  0.000000E+00  0.000000E+00  0.000000E+00  0.000000E+00
  0.284082E+01  0.295698E-03  0.617658E-01  0.000000E+00  0.000000E+00  0.000000E+00  0.000000E+00
  0.284082E+01  0.855029E-01  0.138702E+00  0.000000E+00  0.000000E+00  0.000000E+00  0.000000E+00
  0.284082E+01  0.244784E-01  0.185427E+00  0.000000E+00  0.000000E+00  0.000000E+00  0.000000E+00
  0.284082E+01 -0.225897E+00  0.590511E-01  0.000000E+00  0.000000E+00  0.000000E+00  0.000000E+00
  0.284082E+01  0.870893E-01  0.642447E-01  0.000000E+00  0.000000E+00  0.000000E+00  0.000000E+00
  0.284082E+01  0.140325E+00 -0.158525E+00  0.000000E+00  0.000000E+00  0.000000E+00  0.000000E+00
  0.284082E+01  0.788231E-01  0.741819E-01  0.000000E+00  0.000000E+00  0.000000E+00  0.000000E+00
  0.284082E+01 -0.110476E-02  0.129197E-01  0.000000E+00  0.000000E+00  0.000000E+00  0.000000E+00
  0.284082E+01  0.120953E+00 -0.344710E-01  0.000000E+00  0.000000E+00  0.000000E+00  0.000000E+00
  0.284082E+01  0.184005E-02  0.324114E-03  0.000000E+00  0.000000E+00  0.000000E+00  0.000000E+00
  0.284082E+01 -0.386728E-01  0.177316E-01  0.000000E+00  0.000000E+00  0.000000E+00  0.000000E+00
  0.284082E+01  0.846940E-02  0.441510E-01  0.000000E+00  0.000000E+00  0.000000E+00  0.000000E+00
  0.284082E+01 -0.698546E-02 -0.939803E-02  0.000000E+00  0.000000E+00  0.000000E+00  0.000000E+00
  0.284082E+01 -0.216356E+00 -0.178053E-01  0.000000E+00  0.000000E+00  0.000000E+00  0.000000E+00
  0.284082E+01 -0.464238E-02  0.214409E-01  0.000000E+00  0.000000E+00  0.000000E+00  0.000000E+00
  0.284082E+01  0.250755E-01  0.435976E-01  0.000000E+00  0.000000E+00  0.000000E+00  0.000000E+00
  0.284082E+01  0.675498E-01 -0.343783E-01  0.000000E+00  0.000000E+00  0.000000E+00  0.000000E+00
  0.284082E+01  0.173604E+00 -0.762243E-01  0.000000E+00  0.000000E+00  0.000000E+00  0.000000E+00
  0.284082E+01  0.353711E-01 -0.216604E+00  0.000000E+00  0.000000E+00  0.000000E+00  0.000000E+00
  0.284082E+01 -0.936484E-01  0.504213E-01  0.000000E+00  0.000000E+00  0.000000E+00  0.000000E+00
  0.284082E+01 -0.109276E-02  0.130261E-01  0.000000E+00  0.000000E+00  0.000000E+00  0.000000E+00
  0.284082E+01  0.184863E+00 -0.466027E-01  0.000000E+00  0.000000E+00  0.000000E+00  0.000000E+00
  0.284082E+01 -0.347324E-02  0.272261E-02  0.000000E+00  0.000000E+00  0.000000E+00  0.000000E+00
  0.284082E+01  0.480137E-01  0.148302E+00  0.000000E+00  0.000000E+00  0.000000E+00  0.000000E+00
  0.284082E+01 -0.173533E+00  0.159593E+00  0.000000E+00  0.000000E+00  0.000000E+00  0.000000E+00
  0.284082E+01 -0.617799E-01  0.286874E-01  0.000000E+00  0.000000E+00  0.000000E+00  0.000000E+00
  0.284082E+01 -0.203785E-01 -0.215676E+00  0.000000E+00  0.000000E+00  0.000000E+00  0.000000E+00
  0.284082E+01 -0.572115E-01 -0.211787E+00  0.000000E+00  0.000000E+00  0.000000E+00  0.000000E+00
  0.284082E+01  0.254655E-01  0.416833E-01  0.000000E+00  0.000000E+00  0.000000E+00  0.000000E+00
  0.284082E+01 -0.959849E-01 -0.198682E-02  0.000000E+00  0.000000E+00  0.000000E+00  0.000000E+00
  0.284082E+01  0.432232E-01 -0.672448E-01  0.000000E+00  0.000000E+00  0.000000E+00  0.000000E+00
  0.284082E+01  0.179913E+00  0.170562E+00  0.000000E+00  0.000000E+00  0.000000E+00  0.000000E+00
  0.284082E+01  0.242688E+00  0.222987E-01  0.000000E+00  0.000000E+00  0.000000E+00  0.000000E+00
  0.284082E+01  0.985078E-01  0.126513E+00  0.000000E+00  0.000000E+00  0.000000E+00  0.000000E+00
  0.284082E+01  0.180702E-01  0.196648E-02  0.000000E+00  0.000000E+00  0.000000E+00  0.000000E+00
  0.284082E+01 -0.858873E-01  0.187119E+00  0.000000E+00  0.000000E+00  0.000000E+00  0.000000E+00
  0.284082E+01 -0.117496E+00 -0.207755E+00  0.000000E+00  0.000000E+00  0.000000E+00  0.000000E+00
  0.284082E+01  0.129942E-01  0.233761E-01  0.000000E+00  0.000000E+00  0.000000E+00  0.000000E+00
  0.284082E+01 -0.380760E-01 -0.122904E+00  0.000000E+00  0.000000E+00  0.000000E+00  0.000000E+00
  0.284082E+01 -0.206066E+00  0.644239E-01  0.000000E+00  0.000000E+00  0.000000E+00  0.000000E+00
  0.284082E+01 -0.166830E-01 -0.603791E-02  0.000000E+00  0.000000E+00  0.000000E+00  0.000000E+00
  0.284082E+01  0.202827E+00 -0.121982E+00  0.000000E+00  0.000000E+00  0.000000E+00  0.000000E+00
  0.284082E+01  0.446328E-01  0.605830E-02  0.000000E+00  0.000000E+00  0.000000E+00  0.000000E+00
  0.284082E+01  0.958438E-01 -0.925806E-01  0.000000E+00  0.000000E+00  0.000000E+00  0.000000E+00
  0.284082E+01 -0.173878E-01 -0.237982E+00  0.000000E+00  0.000000E+00  0.000000E+00  0.000000E+00
