  0.213412E+01 -0.118982E-01 -0.262157E+00  0.000000E+00  0.000000E+00  0.000000E+00  0.000000E+00
  0.169346E+01  0.379763E-02  0.184351E+00  0.000000E+00  0.000000E+00  0.000000E+00  0.000000E+00
  0.243014E+01 -0.139261E-01  0.309791E+00  0.000000E+00  0.000000E+00  0.000000E+00  0.000000E+00
  0.258159E+01 -0.197030E-01 -0.253206E+00  0.000000E+00  0.000000E+00  0.000000E+00  0.000000E+00
  0.191625E+01 -0.190356E-02 -0.242217E+00  0.000000E+00  0.000000E+00  0.000000E+00  0.000000E+00
  0.233426E+01 -0.136430E-01  0.292243E+00  0.000000E+00  0.000000E+00  0.000000E+00  0.000000E+00
  0.182018E+01 -0.195954E+00  0.110803E-01  0.000000E+00  0.000000E+00  0.000000E+00  0.000000E+00
  0.262083E+01  0.341970E+00 -0.146021E-01  0.000000E+00  0.000000E+00  0.000000E+00  0.000000E+00
  0.178701E+01  0.668277E-02 -0.202551E+00  0.000000E+00  0.000000E+00  0.000000E+00  0.000000E+00
  0.215828E+01  0.213775E+00  0.177859E-01  0.000000E+00  0.000000E+00  0.000000E+00  0.000000E+00
  0.224009E+01  0.805108E-02 -0.307601E+00  0.000000E+00  0.000000E+00  0.000000E+00  0.000000E+00
  0.258468E+01 -0.335507E-02  0.408425E+00  0.000000E+00  0.000000E+00  0.000000E+00  0.000000E+00
  0.234841E+01  0.244163E+00  0.180238E-01  0.000000E+00  0.000000E+00  0.000000E+00  0.000000E+00
  0.265646E+01  0.263496E+00  0.197653E-01  0.000000E+00  0.000000E+00  0.000000E+00  0.000000E+00
  0.209715E+01 -0.257134E+00 -0.113697E-01  0.000000E+00  0.000000E+00  0.000000E+00  0.000000E+00
  0.222300E+01 -0.138233E-01  0.267120E+00  0.000000E+00  0.000000E+00  0.000000E+00  0.000000E+00
  0.199101E+01 -0.114272E-02 -0.261575E+00  0.000000E+00  0.000000E+00  0.000000E+00  0.000000E+00
  0.259562E+01 -0.327390E+00 -0.153586E-01  0.000000E+00  0.000000E+00  0.000000E+00  0.000000E+00
  0.241880E+01  0.137802E-01  0.308846E+00  0.000000E+00  0.000000E+00  0.000000E+00  0.000000E+00
  0.234895E+01  0.248378E+00  0.177383E-01  0.000000E+00  0.000000E+00  0.000000E+00  0.000000E+00
  0.249111E+01 -0.264718E+00 -0.182966E-01  0.000000E+00  0.000000E+00  0.000000E+00  0.000000E+00
  0.165740E+01  0.492011E-02 -0.173918E+00  0.000000E+00  0.000000E+00  0.000000E+00  0.000000E+00
  0.267445E+01 -0.428986E+00  0.410236E-02  0.000000E+00  0.000000E+00  0.000000E+00  0.000000E+00
  0.260855E+01  0.407101E+00  0.572074E-02  0.000000E+00  0.000000E+00  0.000000E+00  0.000000E+00
  0.179083E+01  0.207289E+00 -0.476905E-02  0.000000E+00  0.000000E+00  0.000000E+00  0.000000E+00
  0.214908E+01 -0.275383E+00 -0.102400E-01  0.000000E+00  0.000000E+00  0.000000E+00  0.000000E+00
  0.193085E+01  0.560099E-02  0.240349E+00  0.000000E+00  0.000000E+00  0.000000E+00  0.000000E+00
  0.235936E+01  0.202323E-02 -0.353942E+00  0.000000E+00  0.000000E+00  0.000000E+00  0.000000E+00
  0.213989E+01  0.296720E+00 -0.342288E-02  0.000000E+00  0.000000E+00  0.000000E+00  0.000000E+00
  0.274366E+01 -0.298808E+00 -0.187708E-01  0.000000E+00  0.000000E+00  0.000000E+00  0.000000E+00
  0.272217E+01 -0.433384E+00  0.611524E-02  0.000000E+00  0.000000E+00  0.000000E+00  0.000000E+00
  0.196594E+01 -0.236986E+00  0.934353E-02  0.000000E+00  0.000000E+00  0.000000E+00  0.000000E+00
  0.198606E+01 -0.870054E-02  0.244305E+00  0.000000E+00  0.000000E+00  0.000000E+00  0.000000E+00
  0.265203E+01 -0.303642E+00  0.176689E-01  0.000000E+00  0.000000E+00  0.000000E+00  0.000000E+00
  0.256774E+01  0.395654E+00 -0.607119E-02  0.000000E+00  0.000000E+00  0.000000E+00  0.000000E+00
  0.201048E+01 -0.573204E-02  0.259670E+00  0.000000E+00  0.000000E+00  0.000000E+00  0.000000E+00
  0.240364E+01 -0.263977E+00  0.173331E-01  0.000000E+00  0.000000E+00  0.000000E+00  0.000000E+00
  0.226800E+01  0.256932E+00 -0.158312E-01  0.000000E+00  0.000000E+00  0.000000E+00  0.000000E+00
  0.235989E+01  0.354504E+00 -0.160882E-02  0.000000E+00  0.000000E+00  0.000000E+00  0.000000E+00
  0.196889E+01 -0.368394E-02  0.253450E+00  0.000000E+00  0.000000E+00  0.000000E+00  0.000000E+00
  0.264677E+01  0.170929E-01  0.312238E+00  0.000000E+00  0.000000E+00  0.000000E+00  0.000000E+00
  0.245614E+01 -0.262912E+00 -0.180334E-01  0.000000E+00  0.000000E+00  0.000000E+00  0.000000E+00
  0.176450E+01  0.595377E-02 -0.198617E+00  0.000000E+00  0.000000E+00  0.000000E+00  0.000000E+00
  0.192338E+01 -0.205427E+00 -0.135872E-01  0.000000E+00  0.000000E+00  0.000000E+00  0.000000E+00
  0.202175E+01 -0.263815E+00  0.516434E-02  0.000000E+00  0.000000E+00  0.000000E+00  0.000000E+00
  0.232584E+01 -0.987939E-02 -0.318406E+00  0.000000E+00  0.000000E+00  0.000000E+00  0.000000E+00
  0.181750E+01 -0.261477E-02  0.216725E+00  0.000000E+00  0.000000E+00  0.000000E+00  0.000000E+00
  0.194799E+01 -0.108873E-01 -0.225910E+00  0.000000E+00  0.000000E+00  0.000000E+00  0.000000E+00
  0.252253E+01 -0.368177E+00  0.926701E-02  0.000000E+00  0.000000E+00  0.000000E+00  0.000000E+00
  0.184962E+01 -0.100727E-01 -0.206892E+00  0.000000E+00  0.000000E+00  0.000000E+00  0.000000E+00
  0.198623E+01 -0.840637E-02 -0.245461E+00  0.000000E+00  0.000000E+00  0.000000E+00  0.000000E+00
  0.223034E+01 -0.311889E+00 -0.634322E-02  0.000000E+00  0.000000E+00  0.000000E+00  0.000000E+00
  0.186100E+01 -0.142067E-01 -0.188376E+00  0.000000E+00  0.000000E+00  0.000000E+00  0.000000E+00
  0.272278E+01  0.501162E-02  0.438041E+00  0.000000E+00  0.000000E+00  0.000000E+00  0.000000E+00
  0.185218E+01  0.210536E+00  0.927049E-02  0.000000E+00  0.000000E+00  0.000000E+00  0.000000E+00
  0.275224E+01  0.285333E+00  0.194615E-01  0.000000E+00  0.000000E+00  0.000000E+00  0.000000E+00
  0.176191E+01  0.920184E-02  0.189535E+00  0.000000E+00  0.000000E+00  0.000000E+00  0.000000E+00
  0.275368E+01  0.186317E-01 -0.303337E+00  0.000000E+00  0.000000E+00  0.000000E+00  0.000000E+00
  0.202727E+01  0.229407E+00  0.133123E-01  0.000000E+00  0.000000E+00  0.000000E+00  0.000000E+00
  0.281152E+01 -0.165102E-01 -0.352614E+00  0.000000E+00  0.000000E+00  0.000000E+00  0.000000E+00
  0.265542E+01 -0.299766E+00 -0.179260E-01  0.000000E+00  0.000000E+00  0.000000E+00  0.000000E+00
  0.176741E+01  0.182878E+00  0.113474E-01  0.000000E+00  0.000000E+00  0.000000E+00  0.000000E+00
  0.184565E+01  0.103218E-01 -0.204970E+00  0.000000E+00  0.000000E+00  0.000000E+00  0.000000E+00
  0.186706E+01  0.144227E-01 -0.188248E+00  0.000000E+00  0.000000E+00  0.000000E+00  0.000000E+00
  0.276811E+01 -0.331490E+00  0.172753E-01  0.000000E+00  0.000000E+00  0.000000E+00  0.000000E+00
  0.264547E+01 -0.133861E-01 -0.361090E+00  0.000000E+00  0.000000E+00  0.000000E+00  0.000000E+00
  0.229135E+01  0.326567E+00 -0.641737E-02  0.000000E+00  0.000000E+00  0.000000E+00  0.000000E+00
  0.235919E+01  0.298012E+00 -0.135909E-01  0.000000E+00  0.000000E+00  0.000000E+00  0.000000E+00
  0.276106E+01 -0.341949E+00  0.165766E-01  0.000000E+00  0.000000E+00  0.000000E+00  0.000000E+00
  0.241642E+01  0.346133E+00 -0.875805E-02  0.000000E+00  0.000000E+00  0.000000E+00  0.000000E+00
  0.164343E+01 -0.170837E+00  0.463252E-02  0.000000E+00  0.000000E+00  0.000000E+00  0.000000E+00
  0.237101E+01 -0.235760E+00 -0.188157E-01  0.000000E+00  0.000000E+00  0.000000E+00  0.000000E+00
  0.236061E+01 -0.288965E+00  0.145561E-01  0.000000E+00  0.000000E+00  0.000000E+00  0.000000E+00
  0.265780E+01 -0.354954E+00  0.141574E-01  0.000000E+00  0.000000E+00  0.000000E+00  0.000000E+00
  0.171725E+01  0.552640E-02 -0.187775E+00  0.000000E+00  0.000000E+00  0.000000E+00  0.000000E+00
  0.272514E+01 -0.194146E-01  0.282065E+00  0.000000E+00  0.000000E+00  0.000000E+00  0.000000E+00
  0.194781E+01  0.279018E-02 -0.249344E+00  0.000000E+00  0.000000E+00  0.000000E+00  0.000000E+00
  0.184592E+01  0.194794E+00 -0.125310E-01  0.000000E+00  0.000000E+00  0.000000E+00  0.000000E+00
  0.251696E+01  0.267465E+00  0.183970E-01  0.000000E+00  0.000000E+00  0.000000E+00  0.000000E+00
  0.275599E+01 -0.413428E+00  0.104967E-01  0.000000E+00  0.000000E+00  0.000000E+00  0.000000E+00
  0.208923E+01 -0.731029E-02  0.274184E+00  0.000000E+00  0.000000E+00  0.000000E+00  0.000000E+00
  0.268537E+01  0.140993E-01 -0.361405E+00  0.000000E+00  0.000000E+00  0.000000E+00  0.000000E+00
  0.181647E+01 -0.841712E-02  0.204952E+00  0.000000E+00  0.000000E+00  0.000000E+00  0.000000E+00
  0.232772E+01  0.103928E-01  0.315681E+00  0.000000E+00  0.000000E+00  0.000000E+00  0.000000E+00
  0.266776E+01  0.360244E+00  0.138839E-01  0.000000E+00  0.000000E+00  0.000000E+00  0.000000E+00
  0.227541E+01 -0.323111E+00  0.629031E-02  0.000000E+00  0.000000E+00  0.000000E+00  0.000000E+00
  0.201221E+01 -0.245039E+00  0.997188E-02  0.000000E+00  0.000000E+00  0.000000E+00  0.000000E+00
  0.272125E+01  0.266857E+00  0.200494E-01  0.000000E+00  0.000000E+00  0.000000E+00  0.000000E+00
  0.264367E+01 -0.321543E+00 -0.164541E-01  0.000000E+00  0.000000E+00  0.000000E+00  0.000000E+00
  0.174035E+01 -0.194508E+00  0.491922E-02  0.000000E+00  0.000000E+00  0.000000E+00  0.000000E+00
  0.265710E+01 -0.330427E+00 -0.160242E-01  0.000000E+00  0.000000E+00  0.000000E+00  0.000000E+00
  0.220458E+01 -0.264779E+00  0.136370E-01  0.000000E+00  0.000000E+00  0.000000E+00  0.000000E+00
  0.168113E+01  0.174092E+00  0.786122E-02  0.000000E+00  0.000000E+00  0.000000E+00  0.000000E+00
  0.195300E+01 -0.441594E-02  0.248260E+00  0.000000E+00  0.000000E+00  0.000000E+00  0.000000E+00
  0.217018E+01 -0.923942E-02 -0.285459E+00  0.000000E+00  0.000000E+00  0.000000E+00  0.000000E+00
  0.210444E+01  0.243064E+00  0.136985E-01  0.000000E+00  0.000000E+00  0.000000E+00  0.000000E+00
  0.249128E+01 -0.388467E+00 -0.349085E-03  0.000000E+00  0.000000E+00  0.000000E+00  0.000000E+00
  0.224100E+01 -0.264672E+00 -0.145207E-01  0.000000E+00  0.000000E+00  0.000000E+00  0.000000E+00
  0.178170E+01 -0.208745E+00 -0.808683E-03  0.000000E+00  0.000000E+00  0.000000E+00  0.000000E+00
  0.209739E+01 -0.322403E-02  0.286370E+00  0.000000E+00  0.000000E+00  0.000000E+00  0.000000E+00
  0.190426E+01 -0.213556E+00  0.113870E-01  0.000000E+00  0.000000E+00  0.000000E+00  0.000000E+00
  0.247328E+01  0.184364E-01 -0.259317E+00  0.000000E+00  0.000000E+00  0.000000E+00  0.000000E+00
  0.202100E+01 -0.265520E+00  0.424968E-02  0.000000E+00  0.000000E+00  0.000000E+00  0.000000E+00
  0.173166E+01 -0.176561E+00  0.108991E-01  0.000000E+00  0.000000E+00  0.000000E+00  0.000000E+00
  0.174033E+01  0.193877E+00  0.529687E-02  0.000000E+00  0.000000E+00  0.000000E+00  0.000000E+00
  0.269062E+01  0.156807E-02 -0.438109E+00  0.000000E+00  0.000000E+00  0.000000E+00  0.000000E+00
  0.229781E+01  0.317689E+00 -0.882051E-02  0.000000E+00  0.000000E+00  0.000000E+00  0.000000E+00
  0.181068E+01  0.215244E+00  0.234094E-02  0.000000E+00  0.000000E+00  0.000000E+00  0.000000E+00
  0.229066E+01  0.317983E+00  0.841975E-02  0.000000E+00  0.000000E+00  0.000000E+00  0.000000E+00
  0.184974E+01  0.102615E-01  0.206159E+00  0.000000E+00  0.000000E+00  0.000000E+00  0.000000E+00
  0.191727E+01  0.149858E-01  0.194647E+00  0.000000E+00  0.000000E+00  0.000000E+00  0.000000E+00
  0.194441E+01 -0.552858E-02  0.243859E+00  0.000000E+00  0.000000E+00  0.000000E+00  0.000000E+00
  0.196970E+01 -0.164352E-02  0.255898E+00  0.000000E+00  0.000000E+00  0.000000E+00  0.000000E+00
  0.189575E+01  0.226519E+00 -0.758670E-02  0.000000E+00  0.000000E+00  0.000000E+00  0.000000E+00
  0.252881E+01 -0.319464E+00 -0.149110E-01  0.000000E+00  0.000000E+00  0.000000E+00  0.000000E+00
  0.232649E+01 -0.499068E-02 -0.339805E+00  0.000000E+00  0.000000E+00  0.000000E+00  0.000000E+00
  0.240281E+01  0.363871E+00  0.275856E-02  0.000000E+00  0.000000E+00  0.000000E+00  0.000000E+00
  0.177390E+01 -0.206374E+00 -0.175139E-02  0.000000E+00  0.000000E+00  0.000000E+00  0.000000E+00
  0.167897E+01 -0.783793E-02  0.173628E+00  0.000000E+00  0.000000E+00  0.000000E+00  0.000000E+00
  0.215180E+01  0.288937E+00  0.741676E-02  0.000000E+00  0.000000E+00  0.000000E+00  0.000000E+00
  0.264045E+01 -0.268392E+00 -0.194225E-01  0.000000E+00  0.000000E+00  0.000000E+00  0.000000E+00
  0.225632E+01 -0.244877E-02  0.327436E+00  0.000000E+00  0.000000E+00  0.000000E+00  0.000000E+00
  0.169017E+01  0.508445E-02 -0.181802E+00  0.000000E+00  0.000000E+00  0.000000E+00  0.000000E+00
  0.242547E+01  0.191022E-01  0.239880E+00  0.000000E+00  0.000000E+00  0.000000E+00  0.000000E+00
  0.241527E+01  0.255609E+00 -0.180422E-01  0.000000E+00  0.000000E+00  0.000000E+00  0.000000E+00
  0.281335E+01 -0.103460E-01 -0.427906E+00  0.000000E+00  0.000000E+00  0.000000E+00  0.000000E+00
  0.205017E+01 -0.354038E-04 -0.276825E+00  0.000000E+00  0.000000E+00  0.000000E+00  0.000000E+00
  0.223219E+01 -0.159779E-01 -0.248353E+00  0.000000E+00  0.000000E+00  0.000000E+00  0.000000E+00
  0.275478E+01 -0.133791E-01  0.384544E+00  0.000000E+00  0.000000E+00  0.000000E+00  0.000000E+00
  0.236803E+01  0.244600E+00  0.182236E-01  0.000000E+00  0.000000E+00  0.000000E+00  0.000000E+00
  0.219476E+01  0.243313E-02 -0.311944E+00  0.000000E+00  0.000000E+00  0.000000E+00  0.000000E+00
  0.212730E+01 -0.188827E-02 -0.295508E+00  0.000000E+00  0.000000E+00  0.000000E+00  0.000000E+00
  0.263536E+01  0.182171E-01 -0.291050E+00  0.000000E+00  0.000000E+00  0.000000E+00  0.000000E+00
  0.213083E+01  0.240582E-02 -0.295868E+00  0.000000E+00  0.000000E+00  0.000000E+00  0.000000E+00
  0.267939E+01  0.424771E+00 -0.566849E-02  0.000000E+00  0.000000E+00  0.000000E+00  0.000000E+00
  0.179388E+01 -0.195245E+00 -0.972556E-02  0.000000E+00  0.000000E+00  0.000000E+00  0.000000E+00
  0.191241E+01 -0.240786E+00 -0.244697E-02  0.000000E+00  0.000000E+00  0.000000E+00  0.000000E+00
  0.210315E+01 -0.224769E+00 -0.158167E-01  0.000000E+00  0.000000E+00  0.000000E+00  0.000000E+00
  0.271576E+01 -0.197556E-01 -0.272911E+00  0.000000E+00  0.000000E+00  0.000000E+00  0.000000E+00
  0.189613E+01 -0.135741E-01 -0.199718E+00  0.000000E+00  0.000000E+00  0.000000E+00  0.000000E+00
  0.206623E+01  0.582955E-02 -0.273150E+00  0.000000E+00  0.000000E+00  0.000000E+00  0.000000E+00
  0.217943E+01  0.250798E+00  0.146540E-01  0.000000E+00  0.000000E+00  0.000000E+00  0.000000E+00
  0.272051E+01  0.440245E+00 -0.418349E-02  0.000000E+00  0.000000E+00  0.000000E+00  0.000000E+00
  0.185977E+01  0.223786E+00 -0.511479E-02  0.000000E+00  0.000000E+00  0.000000E+00  0.000000E+00
  0.225951E+01 -0.307209E+00 -0.909816E-02  0.000000E+00  0.000000E+00  0.000000E+00  0.000000E+00
  0.200000E+01  0.141050E-01  0.218072E+00  0.000000E+00  0.000000E+00  0.000000E+00  0.000000E+00
  0.248615E+01  0.948230E-02  0.358274E+00  0.000000E+00  0.000000E+00  0.000000E+00  0.000000E+00
  0.240769E+01  0.585392E-02  0.357130E+00  0.000000E+00  0.000000E+00  0.000000E+00  0.000000E+00
  0.212483E+01 -0.392185E-02 -0.292067E+00  0.000000E+00  0.000000E+00  0.000000E+00  0.000000E+00
  0.227729E+01  0.686283E-02  0.321485E+00  0.000000E+00  0.000000E+00  0.000000E+00  0.000000E+00
  0.209807E+01 -0.332864E-02  0.286380E+00  0.000000E+00  0.000000E+00  0.000000E+00  0.000000E+00
  0.223427E+01 -0.239979E+00  0.167609E-01  0.000000E+00  0.000000E+00  0.000000E+00  0.000000E+00
  0.223964E+01  0.117486E-01 -0.286696E+00  0.000000E+00  0.000000E+00  0.000000E+00  0.000000E+00
  0.192639E+01 -0.118842E-01 -0.215978E+00  0.000000E+00  0.000000E+00  0.000000E+00  0.000000E+00
  0.208673E+01 -0.149950E-01  0.228909E+00  0.000000E+00  0.000000E+00  0.000000E+00  0.000000E+00
  0.280530E+01  0.396570E+00  0.132757E-01  0.000000E+00  0.000000E+00  0.000000E+00  0.000000E+00
  0.236876E+01  0.284084E+00  0.151760E-01  0.000000E+00  0.000000E+00  0.000000E+00  0.000000E+00
  0.215534E+01 -0.287790E+00  0.792779E-02  0.000000E+00  0.000000E+00  0.000000E+00  0.000000E+00
  0.251595E+01  0.860382E-02  0.370638E+00  0.000000E+00  0.000000E+00  0.000000E+00  0.000000E+00
  0.243899E+01 -0.109278E-01  0.337517E+00  0.000000E+00  0.000000E+00  0.000000E+00  0.000000E+00
  0.222892E+01  0.283156E+00 -0.119140E-01  0.000000E+00  0.000000E+00  0.000000E+00  0.000000E+00
  0.228935E+01 -0.886966E-02 -0.315433E+00  0.000000E+00  0.000000E+00  0.000000E+00  0.000000E+00
  0.214564E+01  0.287498E+00  0.740280E-02  0.000000E+00  0.000000E+00  0.000000E+00  0.000000E+00
  0.223245E+01 -0.229851E+00  0.175629E-01  0.000000E+00  0.000000E+00  0.000000E+00  0.000000E+00
  0.223895E+01 -0.317501E+00 -0.520683E-02  0.000000E+00  0.000000E+00  0.000000E+00  0.000000E+00
  0.177632E+01 -0.123312E-01 -0.180496E+00  0.000000E+00  0.000000E+00  0.000000E+00  0.000000E+00
  0.223541E+01 -0.234984E+00  0.171956E-01  0.000000E+00  0.000000E+00  0.000000E+00  0.000000E+00
  0.227288E+01  0.330060E+00  0.343004E-02  0.000000E+00  0.000000E+00  0.000000E+00  0.000000E+00
  0.223617E+01  0.323207E+00  0.165526E-02  0.000000E+00  0.000000E+00  0.000000E+00  0.000000E+00
  0.161351E+01  0.175271E-02 -0.165865E+00  0.000000E+00  0.000000E+00  0.000000E+00  0.000000E+00
  0.241912E+01 -0.264043E+00  0.175247E-01  0.000000E+00  0.000000E+00  0.000000E+00  0.000000E+00
  0.256349E+01  0.289582E-02  0.404050E+00  0.000000E+00  0.000000E+00  0.000000E+00  0.000000E+00
  0.210147E+01 -0.477722E-03 -0.289762E+00  0.000000E+00  0.000000E+00  0.000000E+00  0.000000E+00
  0.207491E+01 -0.245195E+00  0.124950E-01  0.000000E+00  0.000000E+00  0.000000E+00  0.000000E+00
  0.195470E+01 -0.207782E+00 -0.142231E-01  0.000000E+00  0.000000E+00  0.000000E+00  0.000000E+00
  0.223616E+01 -0.317440E+00 -0.497341E-02  0.000000E+00  0.000000E+00  0.000000E+00  0.000000E+00
  0.225749E+01  0.285564E+00  0.124514E-01  0.000000E+00  0.000000E+00  0.000000E+00  0.000000E+00
  0.179040E+01  0.186170E+00 -0.117776E-01  0.000000E+00  0.000000E+00  0.000000E+00  0.000000E+00
  0.202977E+01  0.825968E-02  0.256406E+00  0.000000E+00  0.000000E+00  0.000000E+00  0.000000E+00
  0.243994E+01 -0.182081E-02  0.374509E+00  0.000000E+00  0.000000E+00  0.000000E+00  0.000000E+00
  0.232718E+01 -0.134063E-01 -0.292855E+00  0.000000E+00  0.000000E+00  0.000000E+00  0.000000E+00
  0.234040E+01 -0.172852E-01 -0.253083E+00  0.000000E+00  0.000000E+00  0.000000E+00  0.000000E+00
  0.213087E+01 -0.149024E-02  0.296728E+00  0.000000E+00  0.000000E+00  0.000000E+00  0.000000E+00
  0.231939E+01 -0.293530E+00 -0.131353E-01  0.000000E+00  0.000000E+00  0.000000E+00  0.000000E+00
  0.250254E+01 -0.139467E-01 -0.324799E+00  0.000000E+00  0.000000E+00  0.000000E+00  0.000000E+00
  0.213623E+01 -0.123310E-01  0.259762E+00  0.000000E+00  0.000000E+00  0.000000E+00  0.000000E+00
  0.233050E+01 -0.556933E-02 -0.339060E+00  0.000000E+00  0.000000E+00  0.000000E+00  0.000000E+00
  0.212220E+01 -0.253820E-02  0.293538E+00  0.000000E+00  0.000000E+00  0.000000E+00  0.000000E+00
  0.209660E+01  0.270086E+00  0.880616E-02  0.000000E+00  0.000000E+00  0.000000E+00  0.000000E+00
  0.271632E+01  0.103625E-01  0.405408E+00  0.000000E+00  0.000000E+00  0.000000E+00  0.000000E+00
  0.172193E+01  0.193651E+00 -0.679356E-03  0.000000E+00  0.000000E+00  0.000000E+00  0.000000E+00
  0.230236E+01 -0.313420E+00  0.979814E-02  0.000000E+00  0.000000E+00  0.000000E+00  0.000000E+00
  0.251614E+01 -0.277859E+00 -0.177600E-01  0.000000E+00  0.000000E+00  0.000000E+00  0.000000E+00
  0.175948E+01 -0.174189E-02  0.202737E+00  0.000000E+00  0.000000E+00  0.000000E+00  0.000000E+00
  0.204583E+01  0.230369E+00 -0.137376E-01  0.000000E+00  0.000000E+00  0.000000E+00  0.000000E+00
  0.224872E+01 -0.153434E-01  0.258245E+00  0.000000E+00  0.000000E+00  0.000000E+00  0.000000E+00
  0.255067E+01  0.318078E+00  0.153849E-01  0.000000E+00  0.000000E+00  0.000000E+00  0.000000E+00
  0.222117E+01  0.267344E-02  0.318284E+00  0.000000E+00  0.000000E+00  0.000000E+00  0.000000E+00
  0.226753E+01 -0.181776E-01 -0.227830E+00  0.000000E+00  0.000000E+00  0.000000E+00  0.000000E+00
  0.273583E+01 -0.296962E+00  0.187970E-01  0.000000E+00  0.000000E+00  0.000000E+00  0.000000E+00
  0.273889E+01  0.661880E-02  0.435094E+00  0.000000E+00  0.000000E+00  0.000000E+00  0.000000E+00
  0.250633E+01 -0.120658E-01  0.343599E+00  0.000000E+00  0.000000E+00  0.000000E+00  0.000000E+00
  0.221931E+01  0.239853E+00 -0.165256E-01  0.000000E+00  0.000000E+00  0.000000E+00  0.000000E+00
  0.225823E+01 -0.329282E+00 -0.915016E-03  0.000000E+00  0.000000E+00  0.000000E+00  0.000000E+00
  0.188664E+01 -0.235072E+00 -0.136611E-02  0.000000E+00  0.000000E+00  0.000000E+00  0.000000E+00
  0.173600E+01  0.194915E+00 -0.386433E-02  0.000000E+00  0.000000E+00  0.000000E+00  0.000000E+00
  0.254590E+01 -0.160366E-01  0.308652E+00  0.000000E+00  0.000000E+00  0.000000E+00  0.000000E+00
  0.208759E+01  0.260282E+00 -0.104133E-01  0.000000E+00  0.000000E+00  0.000000E+00  0.000000E+00
  0.273018E+01  0.446503E+00 -0.262681E-02  0.000000E+00  0.000000E+00  0.000000E+00  0.000000E+00
  0.198695E+01 -0.215713E+00  0.140531E-01  0.000000E+00  0.000000E+00  0.000000E+00  0.000000E+00
  0.185265E+01 -0.775734E-02 -0.215622E+00  0.000000E+00  0.000000E+00  0.000000E+00  0.000000E+00
  0.275258E+01 -0.117395E-01 -0.401415E+00  0.000000E+00  0.000000E+00  0.000000E+00  0.000000E+00
  0.197645E+01 -0.136593E-01 -0.216221E+00  0.000000E+00  0.000000E+00  0.000000E+00  0.000000E+00
  0.213786E+01  0.298137E+00 -0.192755E-02  0.000000E+00  0.000000E+00  0.000000E+00  0.000000E+00
  0.249562E+01 -0.927560E-02  0.361795E+00  0.000000E+00  0.000000E+00  0.000000E+00  0.000000E+00
  0.206044E+01  0.279373E+00  0.488876E-03  0.000000E+00  0.000000E+00  0.000000E+00  0.000000E+00
  0.243655E+01 -0.339369E+00  0.105908E-01  0.000000E+00  0.000000E+00  0.000000E+00  0.000000E+00
  0.242847E+01  0.295563E-02 -0.369991E+00  0.000000E+00  0.000000E+00  0.000000E+00  0.000000E+00
  0.177501E+01 -0.206944E+00 -0.114981E-02  0.000000E+00  0.000000E+00  0.000000E+00  0.000000E+00
  0.255911E+01  0.251538E+00  0.196142E-01  0.000000E+00  0.000000E+00  0.000000E+00  0.000000E+00
  0.200954E+01  0.223424E+00 -0.136327E-01  0.000000E+00  0.000000E+00  0.000000E+00  0.000000E+00
  0.224524E+01  0.249816E+00  0.160768E-01  0.000000E+00  0.000000E+00  0.000000E+00  0.000000E+00
  0.205329E+01 -0.265193E+00 -0.739505E-02  0.000000E+00  0.000000E+00  0.000000E+00  0.000000E+00
  0.210930E+01  0.940210E-02 -0.270374E+00  0.000000E+00  0.000000E+00  0.000000E+00  0.000000E+00
  0.195537E+01  0.141968E-01 -0.208106E+00  0.000000E+00  0.000000E+00  0.000000E+00  0.000000E+00
  0.216950E+01  0.654408E-02  0.296333E+00  0.000000E+00  0.000000E+00  0.000000E+00  0.000000E+00
  0.204416E+01 -0.448811E-02 -0.270831E+00  0.000000E+00  0.000000E+00  0.000000E+00  0.000000E+00
  0.233534E+01  0.108696E-01  0.314308E+00  0.000000E+00  0.000000E+00  0.000000E+00  0.000000E+00
  0.168731E+01  0.689926E-02  0.177776E+00  0.000000E+00  0.000000E+00  0.000000E+00  0.000000E+00
  0.163838E+01 -0.168349E+00  0.549571E-02  0.000000E+00  0.000000E+00  0.000000E+00  0.000000E+00
  0.187883E+01 -0.110792E-01  0.209270E+00  0.000000E+00  0.000000E+00  0.000000E+00  0.000000E+00
  0.169424E+01  0.407752E-02  0.184214E+00  0.000000E+00  0.000000E+00  0.000000E+00  0.000000E+00
  0.281806E+01  0.199563E-01  0.283837E+00  0.000000E+00  0.000000E+00  0.000000E+00  0.000000E+00
  0.169046E+01 -0.729481E-02 -0.177673E+00  0.000000E+00  0.000000E+00  0.000000E+00  0.000000E+00
  0.269669E+01 -0.319395E-02 -0.436901E+00  0.000000E+00  0.000000E+00  0.000000E+00  0.000000E+00
  0.207224E+01  0.922069E-02  0.262502E+00  0.000000E+00  0.000000E+00  0.000000E+00  0.000000E+00
  0.166421E+01  0.178304E+00  0.236821E-02  0.000000E+00  0.000000E+00  0.000000E+00  0.000000E+00
  0.264867E+01 -0.410377E+00 -0.716633E-02  0.000000E+00  0.000000E+00  0.000000E+00  0.000000E+00
  0.172834E+01  0.189766E+00 -0.593212E-02  0.000000E+00  0.000000E+00  0.000000E+00  0.000000E+00
  0.228128E+01  0.312157E+00  0.913381E-02  0.000000E+00  0.000000E+00  0.000000E+00  0.000000E+00
  0.273082E+01 -0.120548E-01 -0.393487E+00  0.000000E+00  0.000000E+00  0.000000E+00  0.000000E+00
  0.245626E+01  0.549323E-02  0.370360E+00  0.000000E+00  0.000000E+00  0.000000E+00  0.000000E+00
  0.207426E+01  0.169181E-01  0.208300E+00  0.000000E+00  0.000000E+00  0.000000E+00  0.000000E+00
  0.257635E+01  0.132454E-01 -0.347762E+00  0.000000E+00  0.000000E+00  0.000000E+00  0.000000E+00
  0.170828E+01 -0.180680E+00  0.783549E-02  0.000000E+00  0.000000E+00  0.000000E+00  0.000000E+00
  0.278541E+01  0.263844E-02  0.460387E+00  0.000000E+00  0.000000E+00  0.000000E+00  0.000000E+00
  0.185624E+01 -0.193762E+00  0.131352E-01  0.000000E+00  0.000000E+00  0.000000E+00  0.000000E+00
  0.244115E+01 -0.875386E-02  0.352023E+00  0.000000E+00  0.000000E+00  0.000000E+00  0.000000E+00
  0.172025E+01  0.144793E-02 -0.192972E+00  0.000000E+00  0.000000E+00  0.000000E+00  0.000000E+00
  0.191558E+01  0.119958E-01  0.212979E+00  0.000000E+00  0.000000E+00  0.000000E+00  0.000000E+00
  0.242237E+01  0.243110E+00  0.188869E-01  0.000000E+00  0.000000E+00  0.000000E+00  0.000000E+00
  0.228670E+01  0.181451E-01 -0.231625E+00  0.000000E+00  0.000000E+00  0.000000E+00  0.000000E+00
  0.274038E+01  0.143721E-01  0.369492E+00  0.000000E+00  0.000000E+00  0.000000E+00  0.000000E+00
  0.274647E+01  0.196131E-01  0.280976E+00  0.000000E+00  0.000000E+00  0.000000E+00  0.000000E+00
  0.236149E+01 -0.132352E-01 -0.301718E+00  0.000000E+00  0.000000E+00  0.000000E+00  0.000000E+00
  0.185420E+01 -0.218096E+00  0.701049E-02  0.000000E+00  0.000000E+00  0.000000E+00  0.000000E+00
  0.234247E+01  0.175897E-01 -0.249303E+00  0.000000E+00  0.000000E+00  0.000000E+00  0.000000E+00
  0.202446E+01  0.233917E+00 -0.125294E-01  0.000000E+00  0.000000E+00  0.000000E+00  0.000000E+00
  0.171388E+01 -0.186706E+00  0.566144E-02  0.000000E+00  0.000000E+00  0.000000E+00  0.000000E+00
  0.213544E+01 -0.171675E-01 -0.216930E+00  0.000000E+00  0.000000E+00  0.000000E+00  0.000000E+00
  0.267652E+01 -0.418852E-02  0.429249E+00  0.000000E+00  0.000000E+00  0.000000E+00  0.000000E+00
  0.259681E+01  0.334237E+00  0.148334E-01  0.000000E+00  0.000000E+00  0.000000E+00  0.000000E+00
  0.194937E+01 -0.136931E-01 -0.210258E+00  0.000000E+00  0.000000E+00  0.000000E+00  0.000000E+00
  0.217293E+01 -0.134299E-01 -0.259707E+00  0.000000E+00  0.000000E+00  0.000000E+00  0.000000E+00
  0.199049E+01  0.254130E+00  0.597625E-02  0.000000E+00  0.000000E+00  0.000000E+00  0.000000E+00
  0.179145E+01 -0.198735E+00 -0.849997E-02  0.000000E+00  0.000000E+00  0.000000E+00  0.000000E+00
  0.190185E+01  0.212594E+00  0.114723E-01  0.000000E+00  0.000000E+00  0.000000E+00  0.000000E+00
  0.209295E+01 -0.286302E+00  0.242346E-02  0.000000E+00  0.000000E+00  0.000000E+00  0.000000E+00
  0.265674E+01  0.120204E-01 -0.377382E+00  0.000000E+00  0.000000E+00  0.000000E+00  0.000000E+00
  0.224720E+01 -0.947534E-02  0.302334E+00  0.000000E+00  0.000000E+00  0.000000E+00  0.000000E+00
  0.210161E+01 -0.282161E+00  0.571990E-02  0.000000E+00  0.000000E+00  0.000000E+00  0.000000E+00
  0.202724E+01  0.267575E+00 -0.397360E-02  0.000000E+00  0.000000E+00  0.000000E+00  0.000000E+00
  0.276902E+01  0.152033E-01 -0.364230E+00  0.000000E+00  0.000000E+00  0.000000E+00  0.000000E+00
  0.172335E+01 -0.186762E+00  0.680166E-02  0.000000E+00  0.000000E+00  0.000000E+00  0.000000E+00
  0.220039E+01  0.311405E+00 -0.369191E-02  0.000000E+00  0.000000E+00  0.000000E+00  0.000000E+00
  0.269928E+01 -0.117853E-01  0.389070E+00  0.000000E+00  0.000000E+00  0.000000E+00  0.000000E+00
  0.278094E+01 -0.196410E-01  0.285733E+00  0.000000E+00  0.000000E+00  0.000000E+00  0.000000E+00
  0.170159E+01 -0.181252E+00 -0.689848E-02  0.000000E+00  0.000000E+00  0.000000E+00  0.000000E+00
  0.200924E+01  0.150206E-01  0.213006E+00  0.000000E+00  0.000000E+00  0.000000E+00  0.000000E+00
  0.263358E+01  0.149059E-01 -0.340818E+00  0.000000E+00  0.000000E+00  0.000000E+00  0.000000E+00
  0.275872E+01 -0.454793E+00 -0.197279E-02  0.000000E+00  0.000000E+00  0.000000E+00  0.000000E+00
  0.173399E+01  0.182661E+00  0.929806E-02  0.000000E+00  0.000000E+00  0.000000E+00  0.000000E+00
  0.231229E+01  0.418347E-02 -0.338350E+00  0.000000E+00  0.000000E+00  0.000000E+00  0.000000E+00
  0.225455E+01  0.157489E-01 -0.255178E+00  0.000000E+00  0.000000E+00  0.000000E+00  0.000000E+00
  0.245702E+01 -0.325599E+00 -0.128737E-01  0.000000E+00  0.000000E+00  0.000000E+00  0.000000E+00
  0.163301E+01 -0.166320E+00  0.593213E-02  0.000000E+00  0.000000E+00  0.000000E+00  0.000000E+00
  0.271675E+01  0.313060E+00  0.177902E-01  0.000000E+00  0.000000E+00  0.000000E+00  0.000000E+00
  0.201295E+01 -0.220313E+00  0.141686E-01  0.000000E+00  0.000000E+00  0.000000E+00  0.000000E+00
  0.273331E+01 -0.117527E-01 -0.396981E+00  0.000000E+00  0.000000E+00  0.000000E+00  0.000000E+00
  0.185676E+01  0.227749E+00 -0.779467E-03  0.000000E+00  0.000000E+00  0.000000E+00  0.000000E+00
  0.217594E+01  0.252805E+00 -0.143442E-01  0.000000E+00  0.000000E+00  0.000000E+00  0.000000E+00
  0.243532E+01 -0.275832E+00  0.169013E-01  0.000000E+00  0.000000E+00  0.000000E+00  0.000000E+00
  0.238658E+01 -0.316963E+00 -0.120763E-01  0.000000E+00  0.000000E+00  0.000000E+00  0.000000E+00
  0.166686E+01 -0.179648E+00  0.965582E-03  0.000000E+00  0.000000E+00  0.000000E+00  0.000000E+00
  0.222152E+01  0.258900E+00 -0.147112E-01  0.000000E+00  0.000000E+00  0.000000E+00  0.000000E+00
  0.188471E+01  0.227881E+00  0.608000E-02  0.000000E+00  0.000000E+00  0.000000E+00  0.000000E+00
  0.252958E+01  0.190815E-01 -0.257274E+00  0.000000E+00  0.000000E+00  0.000000E+00  0.000000E+00
  0.256660E+01  0.713741E-02  0.390612E+00  0.000000E+00  0.000000E+00  0.000000E+00  0.000000E+00
  0.203937E+01  0.122759E-01  0.238772E+00  0.000000E+00  0.000000E+00  0.000000E+00  0.000000E+00
  0.255576E+01 -0.404049E+00 -0.155127E-02  0.000000E+00  0.000000E+00  0.000000E+00  0.000000E+00
  0.232868E+01  0.885074E-02 -0.324844E+00  0.000000E+00  0.000000E+00  0.000000E+00  0.000000E+00
  0.259242E+01 -0.378673E+00  0.101192E-01  0.000000E+00  0.000000E+00  0.000000E+00  0.000000E+00
  0.264867E+01 -0.188477E-01  0.281420E+00  0.000000E+00  0.000000E+00  0.000000E+00  0.000000E+00
  0.178849E+01  0.189860E+00  0.108128E-01  0.000000E+00  0.000000E+00  0.000000E+00  0.000000E+00
  0.237582E+01  0.559287E-02  0.350168E+00  0.000000E+00  0.000000E+00  0.000000E+00  0.000000E+00
  0.183357E+01  0.221894E+00  0.729556E-03  0.000000E+00  0.000000E+00  0.000000E+00  0.000000E+00
  0.231739E+01  0.123300E-01 -0.299669E+00  0.000000E+00  0.000000E+00  0.000000E+00  0.000000E+00
  0.267314E+01 -0.147778E-01  0.350502E+00  0.000000E+00  0.000000E+00  0.000000E+00  0.000000E+00
  0.260512E+01  0.395326E+00  0.801028E-02  0.000000E+00  0.000000E+00  0.000000E+00  0.000000E+00
  0.193187E+01 -0.152869E-01  0.195343E+00  0.000000E+00  0.000000E+00  0.000000E+00  0.000000E+00
  0.196002E+01 -0.210790E+00  0.139486E-01  0.000000E+00  0.000000E+00  0.000000E+00  0.000000E+00
  0.176895E+01  0.205488E+00  0.926277E-03  0.000000E+00  0.000000E+00  0.000000E+00  0.000000E+00
  0.193321E+01 -0.247209E+00 -0.171046E-03  0.000000E+00  0.000000E+00  0.000000E+00  0.000000E+00
  0.188222E+01  0.561032E-02 -0.228330E+00  0.000000E+00  0.000000E+00  0.000000E+00  0.000000E+00
  0.181465E+01  0.135883E-01  0.182314E+00  0.000000E+00  0.000000E+00  0.000000E+00  0.000000E+00
  0.184159E+01  0.222375E+00  0.302219E-02  0.000000E+00  0.000000E+00  0.000000E+00  0.000000E+00
  0.211127E+01  0.492960E-03  0.292239E+00  0.000000E+00  0.000000E+00  0.000000E+00  0.000000E+00
  0.249750E+01  0.371713E+00  0.758085E-02  0.000000E+00  0.000000E+00  0.000000E+00  0.000000E+00
  0.232026E+01 -0.243043E+00  0.177537E-01  0.000000E+00  0.000000E+00  0.000000E+00  0.000000E+00
  0.199636E+01  0.251528E+00 -0.736289E-02  0.000000E+00  0.000000E+00  0.000000E+00  0.000000E+00
  0.199931E+01 -0.258972E+00  0.483165E-02  0.000000E+00  0.000000E+00  0.000000E+00  0.000000E+00
  0.238848E+01 -0.362434E+00 -0.394452E-03  0.000000E+00  0.000000E+00  0.000000E+00  0.000000E+00
  0.205012E+01 -0.252883E+00 -0.101681E-01  0.000000E+00  0.000000E+00  0.000000E+00  0.000000E+00
  0.171255E+01 -0.550254E-02 -0.186655E+00  0.000000E+00  0.000000E+00  0.000000E+00  0.000000E+00
  0.224013E+01  0.290746E+00 -0.111606E-01  0.000000E+00  0.000000E+00  0.000000E+00  0.000000E+00
  0.231715E+01  0.163693E-01 -0.260321E+00  0.000000E+00  0.000000E+00  0.000000E+00  0.000000E+00
  0.275945E+01  0.138301E-01  0.380202E+00  0.000000E+00  0.000000E+00  0.000000E+00  0.000000E+00
  0.171079E+01 -0.473218E-02 -0.187453E+00  0.000000E+00  0.000000E+00  0.000000E+00  0.000000E+00
  0.197141E+01 -0.249903E+00 -0.578926E-02  0.000000E+00  0.000000E+00  0.000000E+00  0.000000E+00
  0.217421E+01  0.305329E+00  0.342292E-02  0.000000E+00  0.000000E+00  0.000000E+00  0.000000E+00
  0.187544E+01  0.137682E-01  0.194138E+00  0.000000E+00  0.000000E+00  0.000000E+00  0.000000E+00
  0.224411E+01 -0.240934E+00  0.168364E-01  0.000000E+00  0.000000E+00  0.000000E+00  0.000000E+00
  0.235176E+01 -0.303049E+00 -0.128389E-01  0.000000E+00  0.000000E+00  0.000000E+00  0.000000E+00
  0.189862E+01 -0.145638E-01 -0.193817E+00  0.000000E+00  0.000000E+00  0.000000E+00  0.000000E+00
  0.231250E+01  0.176942E-01 -0.242481E+00  0.000000E+00  0.000000E+00  0.000000E+00  0.000000E+00
  0.169971E+01  0.187215E+00  0.241946E-02  0.000000E+00  0.000000E+00  0.000000E+00  0.000000E+00
  0.177742E+01 -0.196119E+00 -0.825470E-02  0.000000E+00  0.000000E+00  0.000000E+00  0.000000E+00
  0.246082E+01  0.154548E-01  0.299315E+00  0.000000E+00  0.000000E+00  0.000000E+00  0.000000E+00
  0.207535E+01 -0.227681E+00 -0.148673E-01  0.000000E+00  0.000000E+00  0.000000E+00  0.000000E+00
  0.278519E+01  0.187542E-01  0.306102E+00  0.000000E+00  0.000000E+00  0.000000E+00  0.000000E+00
  0.209937E+01 -0.640595E-02 -0.279625E+00  0.000000E+00  0.000000E+00  0.000000E+00  0.000000E+00
  0.226687E+01 -0.975666E-02  0.305387E+00  0.000000E+00  0.000000E+00  0.000000E+00  0.000000E+00
  0.189709E+01 -0.130827E-01  0.202871E+00  0.000000E+00  0.000000E+00  0.000000E+00  0.000000E+00
  0.199409E+01  0.129476E-01  0.224663E+00  0.000000E+00  0.000000E+00  0.000000E+00  0.000000E+00
  0.261974E+01  0.215484E-02  0.419461E+00  0.000000E+00  0.000000E+00  0.000000E+00  0.000000E+00
  0.162097E+01  0.435307E-02 -0.165594E+00  0.000000E+00  0.000000E+00  0.000000E+00  0.000000E+00
  0.251837E+01  0.299082E+00  0.163507E-01  0.000000E+00  0.000000E+00  0.000000E+00  0.000000E+00
  0.186529E+01 -0.133176E-01  0.194666E+00  0.000000E+00  0.000000E+00  0.000000E+00  0.000000E+00
  0.270648E+01  0.379327E+00  0.129124E-01  0.000000E+00  0.000000E+00  0.000000E+00  0.000000E+00
  0.265194E+01  0.561261E-02  0.418226E+00  0.000000E+00  0.000000E+00  0.000000E+00  0.000000E+00
  0.248676E+01 -0.134890E-01  0.326137E+00  0.000000E+00  0.000000E+00  0.000000E+00  0.000000E+00
  0.195310E+01 -0.252128E+00  0.778531E-03  0.000000E+00  0.000000E+00  0.000000E+00  0.000000E+00
  0.259241E+01  0.174296E-01  0.296872E+00  0.000000E+00  0.000000E+00  0.000000E+00  0.000000E+00
  0.165810E+01  0.751823E-02  0.169344E+00  0.000000E+00  0.000000E+00  0.000000E+00  0.000000E+00
  0.248972E+01 -0.379715E+00 -0.517198E-02  0.000000E+00  0.000000E+00  0.000000E+00  0.000000E+00
  0.169940E+01 -0.182989E+00  0.574352E-02  0.000000E+00  0.000000E+00  0.000000E+00  0.000000E+00
  0.198816E+01 -0.111461E-02  0.260866E+00  0.000000E+00  0.000000E+00  0.000000E+00  0.000000E+00
  0.269913E+01  0.329797E+00  0.166032E-01  0.000000E+00  0.000000E+00  0.000000E+00  0.000000E+00
  0.194356E+01  0.285962E-02 -0.248196E+00  0.000000E+00  0.000000E+00  0.000000E+00  0.000000E+00
  0.199213E+01 -0.341043E-02 -0.259682E+00  0.000000E+00  0.000000E+00  0.000000E+00  0.000000E+00
  0.238159E+01  0.307968E+00 -0.130183E-01  0.000000E+00  0.000000E+00  0.000000E+00  0.000000E+00
  0.274397E+01  0.362596E-02 -0.447696E+00  0.000000E+00  0.000000E+00  0.000000E+00  0.000000E+00
  0.275536E+01 -0.271446E+00 -0.200726E-01  0.000000E+00  0.000000E+00  0.000000E+00  0.000000E+00
  0.242448E+01 -0.367367E+00 -0.376000E-02  0.000000E+00  0.000000E+00  0.000000E+00  0.000000E+00
  0.240337E+01 -0.249652E+00  0.182920E-01  0.000000E+00  0.000000E+00  0.000000E+00  0.000000E+00
  0.196514E+01 -0.252843E+00 -0.346012E-02  0.000000E+00  0.000000E+00  0.000000E+00  0.000000E+00
  0.248334E+01 -0.366813E+00  0.787623E-02  0.000000E+00  0.000000E+00  0.000000E+00  0.000000E+00
  0.221407E+01 -0.220762E+00 -0.180109E-01  0.000000E+00  0.000000E+00  0.000000E+00  0.000000E+00
  0.224427E+01  0.268697E+00 -0.141537E-01  0.000000E+00  0.000000E+00  0.000000E+00  0.000000E+00
  0.201985E+01 -0.267578E+00 -0.269805E-02  0.000000E+00  0.000000E+00  0.000000E+00  0.000000E+00
  0.229991E+01 -0.248045E+00 -0.171015E-01  0.000000E+00  0.000000E+00  0.000000E+00  0.000000E+00
  0.266481E+01 -0.376991E+00 -0.122476E-01  0.000000E+00  0.000000E+00  0.000000E+00  0.000000E+00
  0.192578E+01 -0.496205E-02 -0.240453E+00  0.000000E+00  0.000000E+00  0.000000E+00  0.000000E+00
  0.218150E+01 -0.223456E+00 -0.173326E-01  0.000000E+00  0.000000E+00  0.000000E+00  0.000000E+00
  0.270722E+01 -0.435264E+00 -0.470331E-02  0.000000E+00  0.000000E+00  0.000000E+00  0.000000E+00
  0.282696E+01  0.472438E+00 -0.166588E-02  0.000000E+00  0.000000E+00  0.000000E+00  0.000000E+00
  0.225468E+01  0.314435E+00 -0.726196E-02  0.000000E+00  0.000000E+00  0.000000E+00  0.000000E+00
  0.245257E+01 -0.147824E-01 -0.305408E+00  0.000000E+00  0.000000E+00  0.000000E+00  0.000000E+00
  0.213647E+01 -0.170650E-01 -0.218270E+00  0.000000E+00  0.000000E+00  0.000000E+00  0.000000E+00
  0.256841E+01  0.266523E+00 -0.189298E-01  0.000000E+00  0.000000E+00  0.000000E+00  0.000000E+00
  0.191120E+01 -0.126946E-01  0.208172E+00  0.000000E+00  0.000000E+00  0.000000E+00  0.000000E+00
  0.262919E+01  0.325888E+00  0.159615E-01  0.000000E+00  0.000000E+00  0.000000E+00  0.000000E+00
  0.273486E+01 -0.285969E+00  0.193078E-01  0.000000E+00  0.000000E+00  0.000000E+00  0.000000E+00
  0.260170E+01 -0.356383E+00 -0.129352E-01  0.000000E+00  0.000000E+00  0.000000E+00  0.000000E+00
  0.224250E+01 -0.235333E+00  0.172727E-01  0.000000E+00  0.000000E+00  0.000000E+00  0.000000E+00
  0.221715E+01  0.223281E+00  0.178605E-01  0.000000E+00  0.000000E+00  0.000000E+00  0.000000E+00
  0.164788E+01 -0.171609E+00 -0.488020E-02  0.000000E+00  0.000000E+00  0.000000E+00  0.000000E+00
  0.204892E+01 -0.229908E+00 -0.138895E-01  0.000000E+00  0.000000E+00  0.000000E+00  0.000000E+00
  0.228383E+01  0.135481E-02  0.335491E+00  0.000000E+00  0.000000E+00  0.000000E+00  0.000000E+00
  0.232153E+01 -0.183314E-01  0.234943E+00  0.000000E+00  0.000000E+00  0.000000E+00  0.000000E+00
  0.164872E+01  0.415587E-02  0.172751E+00  0.000000E+00  0.000000E+00  0.000000E+00  0.000000E+00
  0.269011E+01  0.332101E+00 -0.163423E-01  0.000000E+00  0.000000E+00  0.000000E+00  0.000000E+00
  0.233433E+01  0.164802E-01 -0.262260E+00  0.000000E+00  0.000000E+00  0.000000E+00  0.000000E+00
  0.185504E+01  0.188114E+00  0.140495E-01  0.000000E+00  0.000000E+00  0.000000E+00  0.000000E+00
  0.254337E+01 -0.401643E+00  0.392858E-03  0.000000E+00  0.000000E+00  0.000000E+00  0.000000E+00
  0.168640E+01 -0.174132E+00 -0.834489E-02  0.000000E+00  0.000000E+00  0.000000E+00  0.000000E+00
  0.257697E+01  0.327277E+00  0.150716E-01  0.000000E+00  0.000000E+00  0.000000E+00  0.000000E+00
  0.233696E+01 -0.183449E-02 -0.348493E+00  0.000000E+00  0.000000E+00  0.000000E+00  0.000000E+00
  0.164617E+01 -0.388126E-02 -0.172426E+00  0.000000E+00  0.000000E+00  0.000000E+00  0.000000E+00
  0.178255E+01  0.205303E+00  0.472489E-02  0.000000E+00  0.000000E+00  0.000000E+00  0.000000E+00
  0.202917E+01  0.118851E-01 -0.238865E+00  0.000000E+00  0.000000E+00  0.000000E+00  0.000000E+00
  0.204501E+01  0.227925E+00 -0.140455E-01  0.000000E+00  0.000000E+00  0.000000E+00  0.000000E+00
  0.229292E+01 -0.152613E-01 -0.267940E+00  0.000000E+00  0.000000E+00  0.000000E+00  0.000000E+00
  0.221041E+01 -0.244592E+00  0.159323E-01  0.000000E+00  0.000000E+00  0.000000E+00  0.000000E+00
  0.178527E+01  0.192494E+00  0.993263E-02  0.000000E+00  0.000000E+00  0.000000E+00  0.000000E+00
  0.242256E+01  0.308631E+00 -0.138826E-01  0.000000E+00  0.000000E+00  0.000000E+00  0.000000E+00
  0.262952E+01  0.142195E-01  0.348328E+00  0.000000E+00  0.000000E+00  0.000000E+00  0.000000E+00
  0.237737E+01 -0.315560E-02 -0.356788E+00  0.000000E+00  0.000000E+00  0.000000E+00  0.000000E+00
  0.204073E+01  0.225073E+00  0.143045E-01  0.000000E+00  0.000000E+00  0.000000E+00  0.000000E+00
  0.206394E+01 -0.278730E+00 -0.265318E-02  0.000000E+00  0.000000E+00  0.000000E+00  0.000000E+00
  0.264847E+01 -0.311891E+00  0.171340E-01  0.000000E+00  0.000000E+00  0.000000E+00  0.000000E+00
  0.248308E+01  0.297685E+00 -0.159407E-01  0.000000E+00  0.000000E+00  0.000000E+00  0.000000E+00
  0.215824E+01 -0.300609E+00  0.382282E-02  0.000000E+00  0.000000E+00  0.000000E+00  0.000000E+00
  0.167101E+01  0.174513E+00  0.655097E-02  0.000000E+00  0.000000E+00  0.000000E+00  0.000000E+00
  0.216143E+01 -0.170117E-01 -0.223494E+00  0.000000E+00  0.000000E+00  0.000000E+00  0.000000E+00
  0.169691E+01 -0.187126E+00  0.132308E-02  0.000000E+00  0.000000E+00  0.000000E+00  0.000000E+00
  0.193721E+01 -0.246582E+00  0.287372E-02  0.000000E+00  0.000000E+00  0.000000E+00  0.000000E+00
  0.169803E+01 -0.181373E+00  0.642323E-02  0.000000E+00  0.000000E+00  0.000000E+00  0.000000E+00
  0.226006E+01 -0.248839E+00 -0.164179E-01  0.000000E+00  0.000000E+00  0.000000E+00  0.000000E+00
  0.204592E+01 -0.205839E+00  0.166356E-01  0.000000E+00  0.000000E+00  0.000000E+00  0.000000E+00
  0.202756E+01 -0.244338E+00  0.108310E-01  0.000000E+00  0.000000E+00  0.000000E+00  0.000000E+00
  0.174887E+01 -0.193495E+00  0.656955E-02  0.000000E+00  0.000000E+00  0.000000E+00  0.000000E+00
  0.211198E+01  0.231997E+00 -0.152233E-01  0.000000E+00  0.000000E+00  0.000000E+00  0.000000E+00
  0.201566E+01 -0.115388E-01 -0.237826E+00  0.000000E+00  0.000000E+00  0.000000E+00  0.000000E+00
  0.180344E+01  0.125974E-01 -0.185156E+00  0.000000E+00  0.000000E+00  0.000000E+00  0.000000E+00
  0.210542E+01  0.101514E-01 -0.265760E+00  0.000000E+00  0.000000E+00  0.000000E+00  0.000000E+00
  0.284082E+01 -0.163157E+00 -0.465254E-01  0.000000E+00  0.000000E+00  0.000000E+00  0.000000E+00
  0.284082E+01 -0.817040E-03 -0.192964E+00  0.000000E+00  0.000000E+00  0.000000E+00  0.000000E+00
  0.284082E+01  0.358283E-01 -0.343508E-01  0.000000E+00  0.000000E+00  0.000000E+00  0.000000E+00
  0.284082E+01  0.692824E-01  0.863017E-01  0.000000E+00  0.000000E+00  0.000000E+00  0.000000E+00
  0.284082E+01  0.127782E+00 -0.411835E-01  0.000000E+00  0.000000E+00  0.000000E+00  0.000000E+00
  0.284082E+01 -0.377463E-01  0.799006E-01  0.000000E+00  0.000000E+00  0.000000E+00  0.000000E+00
  0.284082E+01 -0.113873E+00 -0.894678E-01  0.000000E+00  0.000000E+00  0.000000E+00  0.000000E+00
  0.284082E+01 -0.210830E+00 -0.101724E+00  0.000000E+00  0.000000E+00  0.000000E+00  0.000000E+00
  0.284082E+01  0.669187E-01  0.163715E+00  0.000000E+00  0.000000E+00  0.000000E+00  0.000000E+00
  0.284082E+01 -0.156427E+00  0.185334E+00  0.000000E+00  0.000000E+00  0.000000E+00  0.000000E+00
  0.284082E+01  0.230885E-02 -0.131736E-02  0.000000E+00  0.000000E+00  0.000000E+00  0.000000E+00
  0.284082E+01 -0.700533E-01  0.126606E+00  0.000000E+00  0.000000E+00  0.000000E+00  0.000000E+00
  0.284082E+01  0.200029E+00 -0.996997E-01  0.000000E+00  0.000000E+00  0.000000E+00  0.000000E+00
  0.284082E+01  0.263487E-01  0.777955E-01  0.000000E+00  0.000000E+00  0.000000E+00  0.000000E+00
  0.284082E+01 -0.407454E-01 -0.434594E-01  0.000000E+00  0.000000E+00  0.000000E+00  0.000000E+00
  0.284082E+01  0.116861E+00 -0.256068E-01  0.000000E+00  0.000000E+00  0.000000E+00  0.000000E+00
  0.284082E+01  0.108567E-01  0.248726E-02  0.000000E+00  0.000000E+00  0.000000E+00  0.000000E+00
  0.284082E+01 -0.758337E-01 -0.235540E+00  0.000000E+00  0.000000E+00  0.000000E+00  0.000000E+00
  0.284082E+01  0.182908E+00  0.120157E+00  0.000000E+00  0.000000E+00  0.000000E+00  0.000000E+00
  0.284082E+01  0.156006E+00 -0.978903E-01  0.000000E+00  0.000000E+00  0.000000E+00  0.000000E+00
  0.284082E+01 -0.170820E-01 -0.542533E-02  0.000000E+00  0.000000E+00  0.000000E+00  0.000000E+00
  0.284082E+01  0.143936E+00 -0.142362E+00  0.000000E+00  0.000000E+00  0.000000E+00  0.000000E+00
  0.284082E+01 -0.190374E-01  0.707750E-01  0.000000E+00  0.000000E+00  0.000000E+00  0.000000E+00
  0.284082E+01 -0.481841E-01  0.147683E+00  0.000000E+00  0.000000E+00  0.000000E+00  0.000000E+00
  0.284082E+01 -0.621259E-01  0.773223E-02  0.000000E+00  0.000000E+00  0.000000E+00  0.000000E+00
  0.284082E+01  0.583383E-01  0.109260E-01  0.000000E+00  0.000000E+00  0.000000E+00  0.000000E+00
  0.284082E+01  0.883922E-01  0.204051E+00  0.000000E+00  0.000000E+00  0.000000E+00  0.000000E+00
  0.284082E+01 -0.103510E-01  0.152313E-01  0.000000E+00  0.000000E+00  0.000000E+00  0.000000E+00
  0.284082E+01  0.822728E-01  0.130518E+00  0.000000E+00  0.000000E+00  0.000000E+00  0.000000E+00
  0.284082E+01 -0.567097E-02 -0.517198E-02  0.000000E+00  0.000000E+00  0.000000E+00  0.000000E+00
  0.284082E+01  0.628187E-01  0.243420E-01  0.000000E+00  0.000000E+00  0.000000E+00  0.000000E+00
  0.284082E+01 -0.191204E+00  0.126622E+00  0.000000E+00  0.000000E+00  0.000000E+00  0.000000E+00
  0.284082E+01 -0.627765E-01  0.182350E+00  0.000000E+00  0.000000E+00  0.000000E+00  0.000000E+00
  0.284082E+01  0.494641E-01  0.423618E-02  0.000000E+00  0.000000E+00  0.000000E+00  0.000000E+00
  0.284082E+01  0.342262E-02  0.245903E+00  0.000000E+00  0.000000E+00  0.000000E+00  0.000000E+00
  0.284082E+01  0.311880E-01 -0.497983E-01  0.000000E+00  0.000000E+00  0.000000E+00  0.000000E+00
  0.284082E+01 -0.121902E-01 -0.566954E-01  0.000000E+00  0.000000E+00  0.000000E+00  0.000000E+00
  0.284082E+01  0.164039E+00  0.287606E-01  0.000000E+00  0.000000E+00  0.000000E+00  0.000000E+00
  0.284082E+01 -0.220488E+00  0.659682E-01  0.000000E+00  0.000000E+00  0.000000E+00  0.000000E+00
  0.284082E+01  0.834006E-01  0.113226E+00  0.000000E+00  0.000000E+00  0.000000E+00  0.000000E+00
  0.284082E+01 -0.174404E+00 -0.177152E-01  0.000000E+00  0.000000E+00  0.000000E+00  0.000000E+00
  0.284082E+01  0.712220E-01  0.219341E+00  0.000000E+00  0.000000E+00  0.000000E+00  0.000000E+00
  0.284082E+01 -0.491452E-01  0.127984E+00  0.000000E+00  0.000000E+00  0.000000E+00  0.000000E+00
  0.284082E+01 -0.209401E-01 -0.361138E-01  0.000000E+00  0.000000E+00  0.000000E+00  0.000000E+00
  0.284082E+01  0.520258E-01 -0.459777E-01  0.000000E+00  0.000000E+00  0.000000E+00  0.000000E+00
  0.284082E+01 -0.761881E-01 -0.197067E-01  0.000000E+00  0.000000E+00  0.000000E+00  0.000000E+00
  0.284082E+01  0.106070E+00  0.273876E-01  0.000000E+00  0.000000E+00  0.000000E+00  0.000000E+00
  0.284082E+01  0.799067E-03 -0.111128E-01  0.000000E+00  0.000000E+00  0.000000E+00  0.000000E+00
  0.284082E+01  0.147211E+00  0.155668E+00  0.000000E+00  0.000000E+00  0.000000E+00  0.000000E+00
  0.284082E+01  0.295820E-01  0.839364E-02  0.000000E+00  0.000000E+00  0.000000E+00  0.000000E+00
  0.284082E+01 -0.124689E+00 -0.204220E+00  0.000000E+00  0.000000E+00  0.000000E+00  0.000000E+00
  0.284082E+01  0.132276E+00 -0.194816E+00  0.000000E+00  0.000000E+00  0.000000E+00  0.000000E+00
  0.284082E+01  0.129832E+00  0.701190E-01  0.000000E+00  0.000000E+00  0.000000E+00  0.000000E+00
  0.284082E+01 -0.188980E+00 -0.160203E+00  0.000000E+00  0.000000E+00  0.000000E+00  0.000000E+00
  0.284082E+01  0.132125E-01 -0.194574E-01  0.000000E+00  0.000000E+00  0.000000E+00  0.000000E+00
  0.284082E+01 -0.153552E+00  0.148187E+00  0.000000E+00  0.000000E+00  0.000000E+00  0.000000E+00
  0.284082E+01 -0.136770E+00 -0.110644E+00  0.000000E+00  0.000000E+00  0.000000E+00  0.000000E+00
  0.284082E+01  0.720104E-01 -0.110466E+00  0.000000E+00  0.000000E+00  0.000000E+00  0.000000E+00
  0.284082E+01  0.102052E+00 -0.412139E-01  0.000000E+00  0.000000E+00  0.000000E+00  0.000000E+00
  0.284082E+01 -0.354908E-01 -0.408822E-01  0.000000E+00  0.000000E+00  0.000000E+00  0.000000E+00
  0.284082E+01  0.600084E-01 -0.542199E-01  0.000000E+00  0.000000E+00  0.000000E+00  0.000000E+00
  0.284082E+01  0.177104E-01 -0.180079E-01  0.000000E+00  0.000000E+00  0.000000E+00  0.000000E+00
  0.284082E+01 -0.158851E+00 -0.107113E+00  0.000000E+00  0.000000E+00  0.000000E+00  0.000000E+00
  0.284082E+01  0.755994E-01 -0.349307E-01  0.000000E+00  0.000000E+00  0.000000E+00  0.000000E+00
  0.284082E+01 -0.326997E-01 -0.181013E+00  0.000000E+00  0.000000E+00  0.000000E+00  0.000000E+00
  0.284082E+01  0.512593E-02  0.237436E+00  0.000000E+00  0.000000E+00  0.000000E+00  0.000000E+00
  0.284082E+01  0.794068E-01 -0.112869E+00  0.000000E+00  0.000000E+00  0.000000E+00  0.000000E+00
  0.284082E+01  0.699822E-02  0.394622E-01  0.000000E+00  0.000000E+00  0.000000E+00  0.000000E+00
  0.284082E+01 -0.128083E+00 -0.123901E+00  0.000000E+00  0.000000E+00  0.000000E+00  0.000000E+00
  0.284082E+01  0.343808E-01 -0.193066E+00  0.000000E+00  0.000000E+00  0.000000E+00  0.000000E+00
  0.284082E+01 -0.527024E-01  0.585424E-01  0.000000E+00  0.000000E+00  0.000000E+00  0.000000E+00
  0.284082E+01 -0.313767E-01 -0.979683E-01  0.000000E+00  0.000000E+00  0.000000E+00  0.000000E+00
  0.284082E+01 -0.123627E+00 -0.186553E-01  0.000000E+00  0.000000E+00  0.000000E+00  0.000000E+00
  0.284082E+01  0.326344E-01  0.597286E-02  0.000000E+00  0.000000E+00  0.000000E+00  0.000000E+00
  0.284082E+01 -0.466649E-01  0.469934E-01  0.000000E+00  0.000000E+00  0.000000E+00  0.000000E+00
  0.284082E+01 -0.896462E-01  0.459793E-01  0.000000E+00  0.000000E+00  0.000000E+00  0.000000E+00
  0.284082E+01  0.872587E-02 -0.145232E+00  0.000000E+00  0.000000E+00  0.000000E+00  0.000000E+00
  0.284082E+01  0.134189E+00  0.752147E-01  0.000000E+00  0.000000E+00  0.000000E+00  0.000000E+00
  0.284082E+01 -0.257920E-02  0.112027E-01  0.000000E+00  0.000000E+00  0.000000E+00  0.000000E+00
  0.284082E+01  0.114830E+00 -0.178670E+00  0.000000E+00  0.000000E+00  0.000000E+00  0.000000E+00
  0.284082E+01  0.430243E-01 -0.226196E+00  0.000000E+00  0.000000E+00  0.000000E+00  0.000000E+00
  0.284082E+01 -0.735495E-01 -0.222223E+00  0.000000E+00  0.000000E+00  0.000000E+00  0.000000E+00
  0.284082E+01  0.129580E+00 -0.473050E-01  0.000000E+00  0.000000E+00  0.000000E+00  0.000000E+00
  0.284082E+01  0.780203E-01 -0.389217E-01  0.000000E+00  0.000000E+00  0.000000E+00  0.000000E+00
  0.284082E+01 -0.427982E-01 -0.181309E+00  0.000000E+00  0.000000E+00  0.000000E+00  0.000000E+00
  0.284082E+01 -0.340826E-01 -0.801361E-01  0.000000E+00  0.000000E+00  0.000000E+00  0.000000E+00
  0.284082E+01  0.137270E+00 -0.225798E-01  0.000000E+00  0.000000E+00  0.000000E+00  0.000000E+00
  0.284082E+01  0.191836E-02 -0.243940E-01  0.000000E+00  0.000000E+00  0.000000E+00  0.000000E+00
  0.284082E+01  0.120903E+00  0.335887E-01  0.000000E+00  0.000000E+00  0.000000E+00  0.000000E+00
  0.284082E+01  0.749667E-01  0.172459E+00  0.000000E+00  0.000000E+00  0.000000E+00  0.000000E+00
  0.284082E+01  0.779942E-01  0.812456E-01  0.000000E+00  0.000000E+00  0.000000E+00  0.000000E+00
  0.284082E+01  0.108583E+00  0.108602E+00  0.000000E+00  0.000000E+00  0.000000E+00  0.000000E+00
  0.284082E+01 -0.465902E-01 -0.679849E-01  0.000000E+00  0.000000E+00  0.000000E+00  0.000000E+00
  0.284082E+01  0.897352E-01  0.280388E-01  0.000000E+00  0.000000E+00  0.000000E+00  0.000000E+00
  0.284082E+01 -0.165460E-01  0.182034E+00  0.000000E+00  0.000000E+00  0.000000E+00  0.000000E+00
  0.284082E+01  0.742879E-01 -0.843086E-01  0.000000E+00  0.000000E+00  0.000000E+00  0.000000E+00
  0.284082E+01  0.831463E-01 -0.204207E-01  0.000000E+00  0.000000E+00  0.000000E+00  0.000000E+00
  0.284082E+01  0.102754E+00 -0.618574E-01  0.000000E+00  0.000000E+00  0.000000E+00  0.000000E+00
  0.284082E+01  0.630963E-01  0.151537E+00  0.000000E+00  0.000000E+00  0.000000E+00  0.000000E+00
  0.284082E+01 -0.161736E+00 -0.982069E-02  0.000000E+00  0.000000E+00  0.000000E+00  0.000000E+00
