  0.186543E+01 -0.203773E+00  0.116034E-01  0.000000E+00  0.000000E+00  0.000000E+00  0.000000E+00
  0.278337E+01 -0.439005E+00 -0.786002E-02  0.000000E+00  0.000000E+00  0.000000E+00  0.000000E+00
  0.249208E+01 -0.348440E+00  0.110807E-01  0.000000E+00  0.000000E+00  0.000000E+00  0.000000E+00
  0.188634E+01 -0.135658E-01  0.197686E+00  0.000000E+00  0.000000E+00  0.000000E+00  0.000000E+00
  0.191437E+01 -0.117111E-01 -0.214199E+00  0.000000E+00  0.000000E+00  0.000000E+00  0.000000E+00
  0.168496E+01 -0.896072E-02 -0.172113E+00  0.000000E+00  0.000000E+00  0.000000E+00  0.000000E+00
  0.267093E+01 -0.327561E+00  0.163998E-01  0.000000E+00  0.000000E+00  0.000000E+00  0.000000E+00
  0.174371E+01 -0.654313E-02 -0.192294E+00  0.000000E+00  0.000000E+00  0.000000E+00  0.000000E+00
  0.237386E+01 -0.296605E+00  0.140657E-01  0.000000E+00  0.000000E+00  0.000000E+00  0.000000E+00
  0.195547E+01 -0.922509E-02 -0.235007E+00  0.000000E+00  0.000000E+00  0.000000E+00  0.000000E+00
  0.247571E+01  0.136392E-01 -0.322290E+00  0.000000E+00  0.000000E+00  0.000000E+00  0.000000E+00
  0.274692E+01 -0.447336E+00 -0.401809E-02  0.000000E+00  0.000000E+00  0.000000E+00  0.000000E+00
  0.175886E+01  0.174059E-02 -0.202580E+00  0.000000E+00  0.000000E+00  0.000000E+00  0.000000E+00
  0.269566E+01  0.314986E-02  0.436741E+00  0.000000E+00  0.000000E+00  0.000000E+00  0.000000E+00
  0.247029E+01 -0.304021E+00  0.152177E-01  0.000000E+00  0.000000E+00  0.000000E+00  0.000000E+00
  0.272529E+01 -0.364320E+00  0.145332E-01  0.000000E+00  0.000000E+00  0.000000E+00  0.000000E+00
  0.204357E+01 -0.741906E-02 -0.262761E+00  0.000000E+00  0.000000E+00  0.000000E+00  0.000000E+00
  0.224055E+01 -0.255913E-02 -0.323319E+00  0.000000E+00  0.000000E+00  0.000000E+00  0.000000E+00
  0.186562E+01 -0.223908E+00 -0.576188E-02  0.000000E+00  0.000000E+00  0.000000E+00  0.000000E+00
  0.267810E+01 -0.287106E+00  0.188080E-01  0.000000E+00  0.000000E+00  0.000000E+00  0.000000E+00
  0.236801E+01 -0.164077E-01 -0.269578E+00  0.000000E+00  0.000000E+00  0.000000E+00  0.000000E+00
  0.176322E+01  0.193528E+00  0.796837E-02  0.000000E+00  0.000000E+00  0.000000E+00  0.000000E+00
  0.175794E+01 -0.232290E-02 -0.201962E+00  0.000000E+00  0.000000E+00  0.000000E+00  0.000000E+00
  0.185402E+01  0.126342E-01 -0.196022E+00  0.000000E+00  0.000000E+00  0.000000E+00  0.000000E+00
  0.171742E+01 -0.904932E-02  0.179523E+00  0.000000E+00  0.000000E+00  0.000000E+00  0.000000E+00
  0.190098E+01 -0.948951E-02  0.221164E+00  0.000000E+00  0.000000E+00  0.000000E+00  0.000000E+00
  0.171994E+01  0.193067E+00  0.996229E-03  0.000000E+00  0.000000E+00  0.000000E+00  0.000000E+00
  0.218081E+01 -0.307409E+00  0.316478E-02  0.000000E+00  0.000000E+00  0.000000E+00  0.000000E+00
  0.181793E+01 -0.123823E-01  0.189407E+00  0.000000E+00  0.000000E+00  0.000000E+00  0.000000E+00
  0.256026E+01  0.342538E+00 -0.134184E-01  0.000000E+00  0.000000E+00  0.000000E+00  0.000000E+00
  0.219239E+01  0.545163E-02 -0.305305E+00  0.000000E+00  0.000000E+00  0.000000E+00  0.000000E+00
  0.166190E+01 -0.328403E-03 -0.178509E+00  0.000000E+00  0.000000E+00  0.000000E+00  0.000000E+00
  0.180026E+01  0.182377E+00 -0.130066E-01  0.000000E+00  0.000000E+00  0.000000E+00  0.000000E+00
  0.252601E+01 -0.134900E-01 -0.334494E+00  0.000000E+00  0.000000E+00  0.000000E+00  0.000000E+00
  0.195368E+01  0.724762E-02 -0.241557E+00  0.000000E+00  0.000000E+00  0.000000E+00  0.000000E+00
  0.252564E+01 -0.345501E+00  0.123338E-01  0.000000E+00  0.000000E+00  0.000000E+00  0.000000E+00
  0.194269E+01 -0.228952E+00  0.995941E-02  0.000000E+00  0.000000E+00  0.000000E+00  0.000000E+00
  0.179813E+01 -0.143112E-02  0.212667E+00  0.000000E+00  0.000000E+00  0.000000E+00  0.000000E+00
  0.196082E+01  0.509849E-02  0.248863E+00  0.000000E+00  0.000000E+00  0.000000E+00  0.000000E+00
  0.216401E+01  0.284353E+00 -0.916830E-02  0.000000E+00  0.000000E+00  0.000000E+00  0.000000E+00
  0.174166E+01 -0.196494E+00  0.373028E-02  0.000000E+00  0.000000E+00  0.000000E+00  0.000000E+00
  0.252964E+01  0.287101E+00  0.173243E-01  0.000000E+00  0.000000E+00  0.000000E+00  0.000000E+00
  0.277036E+01  0.335647E+00 -0.170594E-01  0.000000E+00  0.000000E+00  0.000000E+00  0.000000E+00
  0.185177E+01 -0.213300E+00  0.843787E-02  0.000000E+00  0.000000E+00  0.000000E+00  0.000000E+00
  0.171937E+01 -0.270205E-02  0.191945E+00  0.000000E+00  0.000000E+00  0.000000E+00  0.000000E+00
  0.182737E+01 -0.152368E-02 -0.220007E+00  0.000000E+00  0.000000E+00  0.000000E+00  0.000000E+00
  0.235847E+01  0.185800E-01  0.237439E+00  0.000000E+00  0.000000E+00  0.000000E+00  0.000000E+00
  0.174362E+01 -0.179825E+00 -0.107581E-01  0.000000E+00  0.000000E+00  0.000000E+00  0.000000E+00
  0.190662E+01 -0.231831E+00  0.664598E-02  0.000000E+00  0.000000E+00  0.000000E+00  0.000000E+00
  0.280222E+01  0.361483E+00  0.158396E-01  0.000000E+00  0.000000E+00  0.000000E+00  0.000000E+00
  0.272854E+01  0.309359E+00  0.181036E-01  0.000000E+00  0.000000E+00  0.000000E+00  0.000000E+00
  0.276674E+01 -0.178747E-01  0.320377E+00  0.000000E+00  0.000000E+00  0.000000E+00  0.000000E+00
  0.246464E+01 -0.188586E-01 -0.250618E+00  0.000000E+00  0.000000E+00  0.000000E+00  0.000000E+00
  0.221758E+01 -0.244974E+00  0.160281E-01  0.000000E+00  0.000000E+00  0.000000E+00  0.000000E+00
  0.241974E+01  0.244039E+00 -0.188065E-01  0.000000E+00  0.000000E+00  0.000000E+00  0.000000E+00
  0.227884E+01  0.470503E-03  0.334662E+00  0.000000E+00  0.000000E+00  0.000000E+00  0.000000E+00
  0.222683E+01 -0.260149E+00  0.146939E-01  0.000000E+00  0.000000E+00  0.000000E+00  0.000000E+00
  0.242587E+01 -0.231616E-02 -0.370346E+00  0.000000E+00  0.000000E+00  0.000000E+00  0.000000E+00
  0.174624E+01  0.177507E+00  0.114922E-01  0.000000E+00  0.000000E+00  0.000000E+00  0.000000E+00
  0.186768E+01  0.216057E+00  0.874406E-02  0.000000E+00  0.000000E+00  0.000000E+00  0.000000E+00
  0.244193E+01 -0.128607E-01  0.322442E+00  0.000000E+00  0.000000E+00  0.000000E+00  0.000000E+00
  0.192370E+01 -0.237679E+00 -0.598899E-02  0.000000E+00  0.000000E+00  0.000000E+00  0.000000E+00
  0.170992E+01 -0.183524E+00  0.678518E-02  0.000000E+00  0.000000E+00  0.000000E+00  0.000000E+00
  0.175869E+01  0.201928E+00 -0.260222E-02  0.000000E+00  0.000000E+00  0.000000E+00  0.000000E+00
  0.254303E+01 -0.262468E+00 -0.189222E-01  0.000000E+00  0.000000E+00  0.000000E+00  0.000000E+00
  0.168702E+01  0.184352E+00  0.189789E-02  0.000000E+00  0.000000E+00  0.000000E+00  0.000000E+00
  0.227056E+01  0.328197E+00 -0.406596E-02  0.000000E+00  0.000000E+00  0.000000E+00  0.000000E+00
  0.206127E+01 -0.220994E+00 -0.153183E-01  0.000000E+00  0.000000E+00  0.000000E+00  0.000000E+00
  0.279549E+01 -0.363134E+00 -0.156428E-01  0.000000E+00  0.000000E+00  0.000000E+00  0.000000E+00
  0.223485E+01  0.310217E+00  0.711085E-02  0.000000E+00  0.000000E+00  0.000000E+00  0.000000E+00
  0.233613E+01  0.469560E-02 -0.343010E+00  0.000000E+00  0.000000E+00  0.000000E+00  0.000000E+00
  0.279125E+01 -0.916205E-02 -0.432136E+00  0.000000E+00  0.000000E+00  0.000000E+00  0.000000E+00
  0.189213E+01 -0.131755E-01 -0.201258E+00  0.000000E+00  0.000000E+00  0.000000E+00  0.000000E+00
  0.211638E+01 -0.293590E+00 -0.206527E-04  0.000000E+00  0.000000E+00  0.000000E+00  0.000000E+00
  0.262560E+01  0.158132E-01 -0.327252E+00  0.000000E+00  0.000000E+00  0.000000E+00  0.000000E+00
  0.190951E+01 -0.212521E+00  0.118256E-01  0.000000E+00  0.000000E+00  0.000000E+00  0.000000E+00
  0.251909E+01 -0.329364E+00  0.138439E-01  0.000000E+00  0.000000E+00  0.000000E+00  0.000000E+00
  0.255239E+01 -0.343687E+00  0.131388E-01  0.000000E+00  0.000000E+00  0.000000E+00  0.000000E+00
  0.280412E+01  0.344849E+00 -0.168887E-01  0.000000E+00  0.000000E+00  0.000000E+00  0.000000E+00
  0.182126E+01  0.900078E-02  0.204195E+00  0.000000E+00  0.000000E+00  0.000000E+00  0.000000E+00
  0.187078E+01 -0.112478E-01 -0.206664E+00  0.000000E+00  0.000000E+00  0.000000E+00  0.000000E+00
  0.195025E+01  0.119438E-01  0.220968E+00  0.000000E+00  0.000000E+00  0.000000E+00  0.000000E+00
  0.210372E+01  0.282245E+00  0.587704E-02  0.000000E+00  0.000000E+00  0.000000E+00  0.000000E+00
  0.226620E+01  0.153275E-01  0.261903E+00  0.000000E+00  0.000000E+00  0.000000E+00  0.000000E+00
  0.233399E+01 -0.809504E-02  0.329897E+00  0.000000E+00  0.000000E+00  0.000000E+00  0.000000E+00
  0.281185E+01 -0.428974E-02  0.462700E+00  0.000000E+00  0.000000E+00  0.000000E+00  0.000000E+00
  0.236556E+01  0.149419E-01 -0.285960E+00  0.000000E+00  0.000000E+00  0.000000E+00  0.000000E+00
  0.206927E+01 -0.228239E+00  0.146494E-01  0.000000E+00  0.000000E+00  0.000000E+00  0.000000E+00
  0.261728E+01  0.168346E-01  0.310804E+00  0.000000E+00  0.000000E+00  0.000000E+00  0.000000E+00
  0.183805E+01  0.222868E+00  0.119704E-02  0.000000E+00  0.000000E+00  0.000000E+00  0.000000E+00
  0.212034E+01 -0.158138E-01  0.228166E+00  0.000000E+00  0.000000E+00  0.000000E+00  0.000000E+00
  0.177981E+01  0.204830E+00 -0.459323E-02  0.000000E+00  0.000000E+00  0.000000E+00  0.000000E+00
  0.257596E+01  0.150803E-01 -0.326964E+00  0.000000E+00  0.000000E+00  0.000000E+00  0.000000E+00
  0.234644E+01  0.260887E+00 -0.167737E-01  0.000000E+00  0.000000E+00  0.000000E+00  0.000000E+00
  0.190657E+01 -0.789642E-02 -0.228160E+00  0.000000E+00  0.000000E+00  0.000000E+00  0.000000E+00
  0.185944E+01 -0.569360E-02  0.222531E+00  0.000000E+00  0.000000E+00  0.000000E+00  0.000000E+00
  0.279375E+01 -0.371812E+00 -0.150183E-01  0.000000E+00  0.000000E+00  0.000000E+00  0.000000E+00
  0.236151E+01 -0.302629E+00  0.131326E-01  0.000000E+00  0.000000E+00  0.000000E+00  0.000000E+00
  0.210395E+01 -0.269351E+00 -0.935282E-02  0.000000E+00  0.000000E+00  0.000000E+00  0.000000E+00
  0.201384E+01  0.122884E-01 -0.233065E+00  0.000000E+00  0.000000E+00  0.000000E+00  0.000000E+00
  0.197061E+01  0.856913E-02 -0.241134E+00  0.000000E+00  0.000000E+00  0.000000E+00  0.000000E+00
  0.283683E+01 -0.405024E+00  0.131329E-01  0.000000E+00  0.000000E+00  0.000000E+00  0.000000E+00
  0.261818E+01 -0.393454E+00  0.884097E-02  0.000000E+00  0.000000E+00  0.000000E+00  0.000000E+00
  0.183035E+01  0.136395E-01 -0.185356E+00  0.000000E+00  0.000000E+00  0.000000E+00  0.000000E+00
  0.278334E+01 -0.966289E-02  0.426509E+00  0.000000E+00  0.000000E+00  0.000000E+00  0.000000E+00
  0.167516E+01  0.789347E-02 -0.172579E+00  0.000000E+00  0.000000E+00  0.000000E+00  0.000000E+00
  0.183042E+01 -0.188909E+00 -0.130044E-01  0.000000E+00  0.000000E+00  0.000000E+00  0.000000E+00
  0.267142E+01  0.306076E+00 -0.177287E-01  0.000000E+00  0.000000E+00  0.000000E+00  0.000000E+00
  0.195516E+01 -0.249128E+00 -0.422899E-02  0.000000E+00  0.000000E+00  0.000000E+00  0.000000E+00
  0.262866E+01  0.418671E+00  0.368204E-02  0.000000E+00  0.000000E+00  0.000000E+00  0.000000E+00
  0.270373E+01  0.195393E-01  0.275909E+00  0.000000E+00  0.000000E+00  0.000000E+00  0.000000E+00
  0.278896E+01  0.200043E-01  0.278216E+00  0.000000E+00  0.000000E+00  0.000000E+00  0.000000E+00
  0.173275E+01  0.983791E-02 -0.180612E+00  0.000000E+00  0.000000E+00  0.000000E+00  0.000000E+00
  0.198682E+01  0.204273E+00 -0.155414E-01  0.000000E+00  0.000000E+00  0.000000E+00  0.000000E+00
  0.266777E+01  0.938006E-02 -0.401542E+00  0.000000E+00  0.000000E+00  0.000000E+00  0.000000E+00
  0.202260E+01  0.269789E+00  0.510155E-03  0.000000E+00  0.000000E+00  0.000000E+00  0.000000E+00
  0.192521E+01  0.230632E+00  0.848589E-02  0.000000E+00  0.000000E+00  0.000000E+00  0.000000E+00
  0.182641E+01  0.118548E-01  0.193847E+00  0.000000E+00  0.000000E+00  0.000000E+00  0.000000E+00
  0.211244E+01  0.246085E+00  0.135240E-01  0.000000E+00  0.000000E+00  0.000000E+00  0.000000E+00
  0.271464E+01 -0.444604E+00 -0.112402E-02  0.000000E+00  0.000000E+00  0.000000E+00  0.000000E+00
  0.171703E+01  0.652838E-02  0.185804E+00  0.000000E+00  0.000000E+00  0.000000E+00  0.000000E+00
  0.183514E+01 -0.133566E-01  0.187986E+00  0.000000E+00  0.000000E+00  0.000000E+00  0.000000E+00
  0.222085E+01 -0.170171E-01 -0.234453E+00  0.000000E+00  0.000000E+00  0.000000E+00  0.000000E+00
  0.229294E+01 -0.338264E+00 -0.311831E-03  0.000000E+00  0.000000E+00  0.000000E+00  0.000000E+00
  0.227094E+01 -0.262757E+00 -0.153367E-01  0.000000E+00  0.000000E+00  0.000000E+00  0.000000E+00
  0.244339E+01  0.270713E+00  0.173687E-01  0.000000E+00  0.000000E+00  0.000000E+00  0.000000E+00
  0.239193E+01  0.130799E-01  0.309653E+00  0.000000E+00  0.000000E+00  0.000000E+00  0.000000E+00
  0.252247E+01 -0.108675E-01 -0.356990E+00  0.000000E+00  0.000000E+00  0.000000E+00  0.000000E+00
  0.267922E+01 -0.760919E-02 -0.415397E+00  0.000000E+00  0.000000E+00  0.000000E+00  0.000000E+00
  0.216412E+01 -0.240873E+00 -0.153919E-01  0.000000E+00  0.000000E+00  0.000000E+00  0.000000E+00
  0.177261E+01  0.184773E+00 -0.111739E-01  0.000000E+00  0.000000E+00  0.000000E+00  0.000000E+00
  0.225899E+01 -0.282401E+00  0.129016E-01  0.000000E+00  0.000000E+00  0.000000E+00  0.000000E+00
  0.163141E+01 -0.181599E-02 -0.170355E+00  0.000000E+00  0.000000E+00  0.000000E+00  0.000000E+00
  0.215992E+01  0.271895E+00 -0.112715E-01  0.000000E+00  0.000000E+00  0.000000E+00  0.000000E+00
  0.267614E+01 -0.147257E-01  0.351778E+00  0.000000E+00  0.000000E+00  0.000000E+00  0.000000E+00
  0.206484E+01 -0.247183E+00  0.118236E-01  0.000000E+00  0.000000E+00  0.000000E+00  0.000000E+00
  0.260470E+01 -0.399699E+00 -0.716883E-02  0.000000E+00  0.000000E+00  0.000000E+00  0.000000E+00
  0.267990E+01 -0.318538E+00 -0.170820E-01  0.000000E+00  0.000000E+00  0.000000E+00  0.000000E+00
  0.245616E+01 -0.861084E-02 -0.356386E+00  0.000000E+00  0.000000E+00  0.000000E+00  0.000000E+00
  0.213843E+01  0.249732E+00  0.137658E-01  0.000000E+00  0.000000E+00  0.000000E+00  0.000000E+00
  0.185073E+01  0.298803E-02  0.224711E+00  0.000000E+00  0.000000E+00  0.000000E+00  0.000000E+00
  0.182635E+01 -0.185524E+00 -0.134605E-01  0.000000E+00  0.000000E+00  0.000000E+00  0.000000E+00
  0.233153E+01  0.160102E-01 -0.267323E+00  0.000000E+00  0.000000E+00  0.000000E+00  0.000000E+00
  0.232657E+01 -0.339759E+00  0.501351E-02  0.000000E+00  0.000000E+00  0.000000E+00  0.000000E+00
  0.241759E+01 -0.292327E+00 -0.153150E-01  0.000000E+00  0.000000E+00  0.000000E+00  0.000000E+00
  0.258281E+01 -0.196312E-01  0.254903E+00  0.000000E+00  0.000000E+00  0.000000E+00  0.000000E+00
  0.202193E+01 -0.244635E-02  0.268383E+00  0.000000E+00  0.000000E+00  0.000000E+00  0.000000E+00
  0.241485E+01 -0.795412E-02  0.349973E+00  0.000000E+00  0.000000E+00  0.000000E+00  0.000000E+00
  0.280326E+01  0.467215E+00 -0.861311E-03  0.000000E+00  0.000000E+00  0.000000E+00  0.000000E+00
  0.278628E+01 -0.460194E+00  0.284012E-02  0.000000E+00  0.000000E+00  0.000000E+00  0.000000E+00
  0.274058E+01 -0.156662E-01  0.351950E+00  0.000000E+00  0.000000E+00  0.000000E+00  0.000000E+00
  0.255662E+01  0.398300E+00 -0.454423E-02  0.000000E+00  0.000000E+00  0.000000E+00  0.000000E+00
  0.244005E+01  0.285581E+00  0.162345E-01  0.000000E+00  0.000000E+00  0.000000E+00  0.000000E+00
  0.235401E+01 -0.257456E+00  0.171450E-01  0.000000E+00  0.000000E+00  0.000000E+00  0.000000E+00
  0.195249E+01  0.248534E+00  0.418725E-02  0.000000E+00  0.000000E+00  0.000000E+00  0.000000E+00
  0.253058E+01 -0.398023E+00  0.116394E-02  0.000000E+00  0.000000E+00  0.000000E+00  0.000000E+00
  0.254377E+01 -0.896947E-02 -0.375044E+00  0.000000E+00  0.000000E+00  0.000000E+00  0.000000E+00
  0.183353E+01  0.577458E-05  0.221977E+00  0.000000E+00  0.000000E+00  0.000000E+00  0.000000E+00
  0.217550E+01 -0.108664E-01 -0.277886E+00  0.000000E+00  0.000000E+00  0.000000E+00  0.000000E+00
  0.229251E+01  0.331805E+00  0.483128E-02  0.000000E+00  0.000000E+00  0.000000E+00  0.000000E+00
  0.219205E+01  0.956777E-02  0.288936E+00  0.000000E+00  0.000000E+00  0.000000E+00  0.000000E+00
  0.209695E+01 -0.247200E+00  0.129101E-01  0.000000E+00  0.000000E+00  0.000000E+00  0.000000E+00
  0.210542E+01  0.220347E-02 -0.289683E+00  0.000000E+00  0.000000E+00  0.000000E+00  0.000000E+00
  0.218329E+01  0.169826E-01  0.227884E+00  0.000000E+00  0.000000E+00  0.000000E+00  0.000000E+00
  0.240896E+01 -0.581852E-02 -0.357567E+00  0.000000E+00  0.000000E+00  0.000000E+00  0.000000E+00
  0.204525E+01  0.117219E-01  0.243410E+00  0.000000E+00  0.000000E+00  0.000000E+00  0.000000E+00
  0.264469E+01 -0.328813E+00  0.159683E-01  0.000000E+00  0.000000E+00  0.000000E+00  0.000000E+00
  0.196559E+01  0.197522E+00 -0.158497E-01  0.000000E+00  0.000000E+00  0.000000E+00  0.000000E+00
  0.192905E+01  0.174217E-02 -0.245563E+00  0.000000E+00  0.000000E+00  0.000000E+00  0.000000E+00
  0.231728E+01  0.243578E+00  0.176766E-01  0.000000E+00  0.000000E+00  0.000000E+00  0.000000E+00
  0.250281E+01 -0.410978E-02  0.386099E+00  0.000000E+00  0.000000E+00  0.000000E+00  0.000000E+00
  0.245986E+01  0.380525E+00  0.289771E-03  0.000000E+00  0.000000E+00  0.000000E+00  0.000000E+00
  0.280396E+01 -0.397683E+00  0.131554E-01  0.000000E+00  0.000000E+00  0.000000E+00  0.000000E+00
  0.280252E+01 -0.251401E-03  0.467281E+00  0.000000E+00  0.000000E+00  0.000000E+00  0.000000E+00
  0.212778E+01 -0.249997E+00 -0.134389E-01  0.000000E+00  0.000000E+00  0.000000E+00  0.000000E+00
  0.244732E+01  0.283400E+00  0.165082E-01  0.000000E+00  0.000000E+00  0.000000E+00  0.000000E+00
  0.229787E+01  0.328768E+00  0.624673E-02  0.000000E+00  0.000000E+00  0.000000E+00  0.000000E+00
  0.218070E+01 -0.899540E-02  0.289119E+00  0.000000E+00  0.000000E+00  0.000000E+00  0.000000E+00
  0.184862E+01  0.210256E+00 -0.911469E-02  0.000000E+00  0.000000E+00  0.000000E+00  0.000000E+00
  0.200777E+01  0.128965E-01 -0.227952E+00  0.000000E+00  0.000000E+00  0.000000E+00  0.000000E+00
  0.238671E+01  0.266464E+00 -0.169237E-01  0.000000E+00  0.000000E+00  0.000000E+00  0.000000E+00
  0.171851E+01  0.994212E-02  0.176950E+00  0.000000E+00  0.000000E+00  0.000000E+00  0.000000E+00
  0.254724E+01  0.401607E+00  0.181782E-02  0.000000E+00  0.000000E+00  0.000000E+00  0.000000E+00
  0.191551E+01 -0.898763E-03 -0.242576E+00  0.000000E+00  0.000000E+00  0.000000E+00  0.000000E+00
  0.173089E+01 -0.631485E-02  0.189637E+00  0.000000E+00  0.000000E+00  0.000000E+00  0.000000E+00
  0.267925E+01  0.165644E-01  0.326632E+00  0.000000E+00  0.000000E+00  0.000000E+00  0.000000E+00
  0.200388E+01  0.211094E+00 -0.151238E-01  0.000000E+00  0.000000E+00  0.000000E+00  0.000000E+00
  0.167294E+01 -0.865789E-02  0.170101E+00  0.000000E+00  0.000000E+00  0.000000E+00  0.000000E+00
  0.273797E+01  0.450959E+00  0.694440E-04  0.000000E+00  0.000000E+00  0.000000E+00  0.000000E+00
  0.242915E+01 -0.246650E+00  0.187451E-01  0.000000E+00  0.000000E+00  0.000000E+00  0.000000E+00
  0.202846E+01 -0.264600E+00 -0.553374E-02  0.000000E+00  0.000000E+00  0.000000E+00  0.000000E+00
  0.248327E+01 -0.141245E-01 -0.318885E+00  0.000000E+00  0.000000E+00  0.000000E+00  0.000000E+00
  0.191061E+01 -0.241410E+00  0.657862E-03  0.000000E+00  0.000000E+00  0.000000E+00  0.000000E+00
  0.272011E+01 -0.144861E-01 -0.363854E+00  0.000000E+00  0.000000E+00  0.000000E+00  0.000000E+00
  0.264800E+01 -0.267556E+00 -0.195184E-01  0.000000E+00  0.000000E+00  0.000000E+00  0.000000E+00
  0.282887E+01 -0.202699E-01  0.277430E+00  0.000000E+00  0.000000E+00  0.000000E+00  0.000000E+00
  0.238369E+01 -0.268581E+00  0.167200E-01  0.000000E+00  0.000000E+00  0.000000E+00  0.000000E+00
  0.176477E+01  0.820671E-02  0.193234E+00  0.000000E+00  0.000000E+00  0.000000E+00  0.000000E+00
  0.198672E+01 -0.380156E-02 -0.257730E+00  0.000000E+00  0.000000E+00  0.000000E+00  0.000000E+00
  0.174505E+01 -0.249712E-02 -0.198578E+00  0.000000E+00  0.000000E+00  0.000000E+00  0.000000E+00
  0.227706E+01 -0.179868E-01  0.232158E+00  0.000000E+00  0.000000E+00  0.000000E+00  0.000000E+00
  0.224319E+01 -0.259408E+00 -0.151168E-01  0.000000E+00  0.000000E+00  0.000000E+00  0.000000E+00
  0.187114E+01  0.229012E+00 -0.365634E-02  0.000000E+00  0.000000E+00  0.000000E+00  0.000000E+00
  0.283450E+01  0.467283E+00 -0.460020E-02  0.000000E+00  0.000000E+00  0.000000E+00  0.000000E+00
  0.224334E+01 -0.228851E+00  0.177903E-01  0.000000E+00  0.000000E+00  0.000000E+00  0.000000E+00
  0.265637E+01 -0.336946E+00  0.155492E-01  0.000000E+00  0.000000E+00  0.000000E+00  0.000000E+00
  0.260448E+01  0.402547E+00 -0.656021E-02  0.000000E+00  0.000000E+00  0.000000E+00  0.000000E+00
  0.191259E+01 -0.331696E-02  0.239855E+00  0.000000E+00  0.000000E+00  0.000000E+00  0.000000E+00
  0.260382E+01  0.652819E-02  0.402530E+00  0.000000E+00  0.000000E+00  0.000000E+00  0.000000E+00
  0.217703E+01  0.119184E-01  0.271576E+00  0.000000E+00  0.000000E+00  0.000000E+00  0.000000E+00
  0.241128E+01  0.579705E-02  0.358215E+00  0.000000E+00  0.000000E+00  0.000000E+00  0.000000E+00
  0.172188E+01  0.999542E-02 -0.177555E+00  0.000000E+00  0.000000E+00  0.000000E+00  0.000000E+00
  0.195500E+01 -0.225019E+00  0.113822E-01  0.000000E+00  0.000000E+00  0.000000E+00  0.000000E+00
  0.222031E+01 -0.783703E-02  0.303777E+00  0.000000E+00  0.000000E+00  0.000000E+00  0.000000E+00
  0.239862E+01 -0.188389E-01  0.239975E+00  0.000000E+00  0.000000E+00  0.000000E+00  0.000000E+00
  0.244734E+01 -0.180741E-02 -0.376394E+00  0.000000E+00  0.000000E+00  0.000000E+00  0.000000E+00
  0.203578E+01 -0.218875E+00  0.149599E-01  0.000000E+00  0.000000E+00  0.000000E+00  0.000000E+00
  0.269054E+01  0.432646E+00 -0.422277E-02  0.000000E+00  0.000000E+00  0.000000E+00  0.000000E+00
  0.185964E+01 -0.214186E+00  0.873364E-02  0.000000E+00  0.000000E+00  0.000000E+00  0.000000E+00
  0.252807E+01  0.153295E-01  0.314255E+00  0.000000E+00  0.000000E+00  0.000000E+00  0.000000E+00
  0.224366E+01 -0.107101E-01 -0.294402E+00  0.000000E+00  0.000000E+00  0.000000E+00  0.000000E+00
  0.238144E+01  0.342926E+00  0.775025E-02  0.000000E+00  0.000000E+00  0.000000E+00  0.000000E+00
  0.273639E+01  0.340481E+00 -0.163735E-01  0.000000E+00  0.000000E+00  0.000000E+00  0.000000E+00
  0.201597E+01  0.137890E-01  0.223689E+00  0.000000E+00  0.000000E+00  0.000000E+00  0.000000E+00
  0.269248E+01  0.192485E-01  0.280417E+00  0.000000E+00  0.000000E+00  0.000000E+00  0.000000E+00
  0.216829E+01 -0.874161E-02  0.287370E+00  0.000000E+00  0.000000E+00  0.000000E+00  0.000000E+00
  0.216093E+01  0.254058E+00 -0.138191E-01  0.000000E+00  0.000000E+00  0.000000E+00  0.000000E+00
  0.262889E+01  0.989430E-02  0.388779E+00  0.000000E+00  0.000000E+00  0.000000E+00  0.000000E+00
  0.201065E+01 -0.262418E+00  0.452301E-02  0.000000E+00  0.000000E+00  0.000000E+00  0.000000E+00
  0.238222E+01 -0.114793E-01 -0.320601E+00  0.000000E+00  0.000000E+00  0.000000E+00  0.000000E+00
  0.191655E+01  0.632583E-02  0.235088E+00  0.000000E+00  0.000000E+00  0.000000E+00  0.000000E+00
  0.164533E+01  0.173767E+00  0.200472E-02  0.000000E+00  0.000000E+00  0.000000E+00  0.000000E+00
  0.206632E+01  0.147408E-01 -0.226886E+00  0.000000E+00  0.000000E+00  0.000000E+00  0.000000E+00
  0.275641E+01  0.193070E-01 -0.289455E+00  0.000000E+00  0.000000E+00  0.000000E+00  0.000000E+00
  0.205566E+01 -0.264644E+00  0.771296E-02  0.000000E+00  0.000000E+00  0.000000E+00  0.000000E+00
  0.184221E+01  0.135681E-01 -0.188287E+00  0.000000E+00  0.000000E+00  0.000000E+00  0.000000E+00
  0.178467E+01 -0.106161E-01  0.189771E+00  0.000000E+00  0.000000E+00  0.000000E+00  0.000000E+00
  0.281379E+01  0.446526E+00 -0.782606E-02  0.000000E+00  0.000000E+00  0.000000E+00  0.000000E+00
  0.198135E+01 -0.218359E+00 -0.134956E-01  0.000000E+00  0.000000E+00  0.000000E+00  0.000000E+00
  0.196915E+01  0.120674E-01  0.224477E+00  0.000000E+00  0.000000E+00  0.000000E+00  0.000000E+00
  0.260691E+01  0.406763E+00  0.570343E-02  0.000000E+00  0.000000E+00  0.000000E+00  0.000000E+00
  0.248144E+01  0.252691E+00  0.188990E-01  0.000000E+00  0.000000E+00  0.000000E+00  0.000000E+00
  0.251692E+01  0.387052E+00 -0.498874E-02  0.000000E+00  0.000000E+00  0.000000E+00  0.000000E+00
  0.242226E+01 -0.159987E-01  0.285106E+00  0.000000E+00  0.000000E+00  0.000000E+00  0.000000E+00
  0.282663E+01 -0.113265E-01 -0.422034E+00  0.000000E+00  0.000000E+00  0.000000E+00  0.000000E+00
  0.183146E+01  0.183927E+00 -0.139238E-01  0.000000E+00  0.000000E+00  0.000000E+00  0.000000E+00
  0.216879E+01 -0.896222E-02 -0.286463E+00  0.000000E+00  0.000000E+00  0.000000E+00  0.000000E+00
  0.259612E+01 -0.916814E-02 -0.386133E+00  0.000000E+00  0.000000E+00  0.000000E+00  0.000000E+00
  0.261115E+01  0.377144E+00  0.108755E-01  0.000000E+00  0.000000E+00  0.000000E+00  0.000000E+00
  0.234456E+01 -0.186045E-01 -0.234700E+00  0.000000E+00  0.000000E+00  0.000000E+00  0.000000E+00
  0.202061E+01 -0.765203E-02  0.256416E+00  0.000000E+00  0.000000E+00  0.000000E+00  0.000000E+00
  0.256032E+01  0.188984E-01 -0.265776E+00  0.000000E+00  0.000000E+00  0.000000E+00  0.000000E+00
  0.197189E+01 -0.574742E-02  0.250123E+00  0.000000E+00  0.000000E+00  0.000000E+00  0.000000E+00
  0.203388E+01  0.153417E-01 -0.215317E+00  0.000000E+00  0.000000E+00  0.000000E+00  0.000000E+00
  0.197377E+01 -0.940099E-02  0.238586E+00  0.000000E+00  0.000000E+00  0.000000E+00  0.000000E+00
  0.164282E+01 -0.171296E+00  0.414067E-02  0.000000E+00  0.000000E+00  0.000000E+00  0.000000E+00
  0.202719E+01  0.115101E-01 -0.240577E+00  0.000000E+00  0.000000E+00  0.000000E+00  0.000000E+00
  0.181493E+01  0.203850E+00  0.865006E-02  0.000000E+00  0.000000E+00  0.000000E+00  0.000000E+00
  0.181578E+01 -0.854010E-02  0.204400E+00  0.000000E+00  0.000000E+00  0.000000E+00  0.000000E+00
  0.218485E+01 -0.110090E-01 -0.279155E+00  0.000000E+00  0.000000E+00  0.000000E+00  0.000000E+00
  0.225544E+01 -0.283821E+00  0.126211E-01  0.000000E+00  0.000000E+00  0.000000E+00  0.000000E+00
  0.217820E+01  0.115368E-01  0.274345E+00  0.000000E+00  0.000000E+00  0.000000E+00  0.000000E+00
  0.224933E+01  0.290220E+00  0.115514E-01  0.000000E+00  0.000000E+00  0.000000E+00  0.000000E+00
  0.260101E+01  0.273288E+00 -0.188584E-01  0.000000E+00  0.000000E+00  0.000000E+00  0.000000E+00
  0.193933E+01 -0.248484E+00 -0.118409E-02  0.000000E+00  0.000000E+00  0.000000E+00  0.000000E+00
  0.241465E+01  0.814122E-02  0.348985E+00  0.000000E+00  0.000000E+00  0.000000E+00  0.000000E+00
  0.176366E+01 -0.541270E-02 -0.199444E+00  0.000000E+00  0.000000E+00  0.000000E+00  0.000000E+00
  0.249258E+01 -0.181583E-01 -0.267263E+00  0.000000E+00  0.000000E+00  0.000000E+00  0.000000E+00
  0.171061E+01 -0.177865E+00  0.906619E-02  0.000000E+00  0.000000E+00  0.000000E+00  0.000000E+00
  0.259840E+01  0.896473E-02  0.387984E+00  0.000000E+00  0.000000E+00  0.000000E+00  0.000000E+00
  0.249860E+01 -0.101062E-01 -0.357042E+00  0.000000E+00  0.000000E+00  0.000000E+00  0.000000E+00
  0.196908E+01  0.231846E+00 -0.106567E-01  0.000000E+00  0.000000E+00  0.000000E+00  0.000000E+00
  0.245039E+01 -0.146123E-01 -0.306834E+00  0.000000E+00  0.000000E+00  0.000000E+00  0.000000E+00
  0.217636E+01  0.254373E+00  0.141715E-01  0.000000E+00  0.000000E+00  0.000000E+00  0.000000E+00
  0.209398E+01 -0.234573E+00 -0.144962E-01  0.000000E+00  0.000000E+00  0.000000E+00  0.000000E+00
  0.224915E+01  0.493694E-02 -0.320759E+00  0.000000E+00  0.000000E+00  0.000000E+00  0.000000E+00
  0.189543E+01 -0.211910E+00  0.113162E-01  0.000000E+00  0.000000E+00  0.000000E+00  0.000000E+00
  0.237422E+01  0.131799E-01  0.304947E+00  0.000000E+00  0.000000E+00  0.000000E+00  0.000000E+00
  0.216627E+01 -0.273517E+00 -0.112412E-01  0.000000E+00  0.000000E+00  0.000000E+00  0.000000E+00
  0.242729E+01 -0.350959E+00  0.834356E-02  0.000000E+00  0.000000E+00  0.000000E+00  0.000000E+00
  0.187087E+01  0.125233E-01 -0.200300E+00  0.000000E+00  0.000000E+00  0.000000E+00  0.000000E+00
  0.251841E+01 -0.938569E-02  0.366452E+00  0.000000E+00  0.000000E+00  0.000000E+00  0.000000E+00
  0.219245E+01 -0.903031E-02  0.291727E+00  0.000000E+00  0.000000E+00  0.000000E+00  0.000000E+00
  0.170744E+01  0.189380E+00 -0.210608E-02  0.000000E+00  0.000000E+00  0.000000E+00  0.000000E+00
  0.282885E+01  0.122317E-01  0.413365E+00  0.000000E+00  0.000000E+00  0.000000E+00  0.000000E+00
  0.270655E+01  0.540451E-02  0.432532E+00  0.000000E+00  0.000000E+00  0.000000E+00  0.000000E+00
  0.197730E+01 -0.228322E+00 -0.117023E-01  0.000000E+00  0.000000E+00  0.000000E+00  0.000000E+00
  0.267220E+01 -0.286586E+00 -0.187846E-01  0.000000E+00  0.000000E+00  0.000000E+00  0.000000E+00
  0.205742E+01  0.154827E-01  0.218790E+00  0.000000E+00  0.000000E+00  0.000000E+00  0.000000E+00
  0.258238E+01 -0.306907E+00  0.166572E-01  0.000000E+00  0.000000E+00  0.000000E+00  0.000000E+00
  0.202165E+01 -0.356688E-02  0.266847E+00  0.000000E+00  0.000000E+00  0.000000E+00  0.000000E+00
  0.163224E+01  0.171006E+00  0.283912E-03  0.000000E+00  0.000000E+00  0.000000E+00  0.000000E+00
  0.263275E+01 -0.579027E-02  0.412785E+00  0.000000E+00  0.000000E+00  0.000000E+00  0.000000E+00
  0.270465E+01 -0.120030E-01  0.388186E+00  0.000000E+00  0.000000E+00  0.000000E+00  0.000000E+00
  0.204810E+01 -0.272056E-02 -0.274661E+00  0.000000E+00  0.000000E+00  0.000000E+00  0.000000E+00
  0.260735E+01  0.383699E+00  0.990426E-02  0.000000E+00  0.000000E+00  0.000000E+00  0.000000E+00
  0.252834E+01  0.274895E+00  0.180742E-01  0.000000E+00  0.000000E+00  0.000000E+00  0.000000E+00
  0.179092E+01 -0.201215E+00 -0.759258E-02  0.000000E+00  0.000000E+00  0.000000E+00  0.000000E+00
  0.239909E+01  0.180170E-01 -0.253158E+00  0.000000E+00  0.000000E+00  0.000000E+00  0.000000E+00
  0.254872E+01  0.260517E+00 -0.190757E-01  0.000000E+00  0.000000E+00  0.000000E+00  0.000000E+00
  0.203270E+01  0.302149E-02  0.270406E+00  0.000000E+00  0.000000E+00  0.000000E+00  0.000000E+00
  0.194782E+01  0.217102E+00  0.125337E-01  0.000000E+00  0.000000E+00  0.000000E+00  0.000000E+00
  0.186972E+01 -0.291247E-02  0.229568E+00  0.000000E+00  0.000000E+00  0.000000E+00  0.000000E+00
  0.239321E+01  0.163816E-01  0.274722E+00  0.000000E+00  0.000000E+00  0.000000E+00  0.000000E+00
  0.201806E+01 -0.212039E+00 -0.153554E-01  0.000000E+00  0.000000E+00  0.000000E+00  0.000000E+00
  0.265341E+01  0.429464E+00 -0.510085E-03  0.000000E+00  0.000000E+00  0.000000E+00  0.000000E+00
  0.240511E+01 -0.354288E+00 -0.644692E-02  0.000000E+00  0.000000E+00  0.000000E+00  0.000000E+00
  0.243214E+01  0.269474E+00 -0.173124E-01  0.000000E+00  0.000000E+00  0.000000E+00  0.000000E+00
  0.278756E+01  0.197282E-01  0.284706E+00  0.000000E+00  0.000000E+00  0.000000E+00  0.000000E+00
  0.244811E+01  0.265517E+00 -0.177744E-01  0.000000E+00  0.000000E+00  0.000000E+00  0.000000E+00
  0.214798E+01  0.169064E-01  0.222172E+00  0.000000E+00  0.000000E+00  0.000000E+00  0.000000E+00
  0.255790E+01 -0.297721E+00  0.169668E-01  0.000000E+00  0.000000E+00  0.000000E+00  0.000000E+00
  0.229901E+01 -0.292338E+00  0.127467E-01  0.000000E+00  0.000000E+00  0.000000E+00  0.000000E+00
  0.246542E+01  0.348818E+00 -0.101858E-01  0.000000E+00  0.000000E+00  0.000000E+00  0.000000E+00
  0.279456E+01  0.363762E+00  0.155882E-01  0.000000E+00  0.000000E+00  0.000000E+00  0.000000E+00
  0.260233E+01 -0.165474E-01  0.312296E+00  0.000000E+00  0.000000E+00  0.000000E+00  0.000000E+00
  0.234720E+01  0.945961E-02 -0.325855E+00  0.000000E+00  0.000000E+00  0.000000E+00  0.000000E+00
  0.216878E+01 -0.375098E-03  0.306821E+00  0.000000E+00  0.000000E+00  0.000000E+00  0.000000E+00
  0.252191E+01  0.174882E-01 -0.283169E+00  0.000000E+00  0.000000E+00  0.000000E+00  0.000000E+00
  0.247642E+01  0.187252E-01  0.254914E+00  0.000000E+00  0.000000E+00  0.000000E+00  0.000000E+00
  0.247060E+01 -0.136343E-01  0.321253E+00  0.000000E+00  0.000000E+00  0.000000E+00  0.000000E+00
  0.211441E+01  0.218950E+00 -0.166195E-01  0.000000E+00  0.000000E+00  0.000000E+00  0.000000E+00
  0.170790E+01 -0.181979E+00 -0.725820E-02  0.000000E+00  0.000000E+00  0.000000E+00  0.000000E+00
  0.270270E+01 -0.174312E-01  0.316862E+00  0.000000E+00  0.000000E+00  0.000000E+00  0.000000E+00
  0.244106E+01  0.253288E+00 -0.184680E-01  0.000000E+00  0.000000E+00  0.000000E+00  0.000000E+00
  0.196521E+01 -0.203857E+00 -0.150515E-01  0.000000E+00  0.000000E+00  0.000000E+00  0.000000E+00
  0.259158E+01  0.256460E+00 -0.196226E-01  0.000000E+00  0.000000E+00  0.000000E+00  0.000000E+00
  0.278434E+01  0.400336E+00 -0.125351E-01  0.000000E+00  0.000000E+00  0.000000E+00  0.000000E+00
  0.181976E+01  0.121576E-01  0.190916E+00  0.000000E+00  0.000000E+00  0.000000E+00  0.000000E+00
  0.206742E+01  0.275106E+00 -0.517352E-02  0.000000E+00  0.000000E+00  0.000000E+00  0.000000E+00
  0.262746E+01 -0.168921E-01 -0.311820E+00  0.000000E+00  0.000000E+00  0.000000E+00  0.000000E+00
  0.186845E+01  0.862137E-02  0.216659E+00  0.000000E+00  0.000000E+00  0.000000E+00  0.000000E+00
  0.170786E+01 -0.840702E-02 -0.179086E+00  0.000000E+00  0.000000E+00  0.000000E+00  0.000000E+00
  0.256476E+01  0.133430E-01 -0.344276E+00  0.000000E+00  0.000000E+00  0.000000E+00  0.000000E+00
  0.259924E+01 -0.181118E-01  0.286638E+00  0.000000E+00  0.000000E+00  0.000000E+00  0.000000E+00
  0.242367E+01 -0.282046E+00 -0.162646E-01  0.000000E+00  0.000000E+00  0.000000E+00  0.000000E+00
  0.200596E+01  0.231603E+00  0.122425E-01  0.000000E+00  0.000000E+00  0.000000E+00  0.000000E+00
  0.266281E+01  0.362800E+00  0.135668E-01  0.000000E+00  0.000000E+00  0.000000E+00  0.000000E+00
  0.214339E+01  0.161982E-01  0.228836E+00  0.000000E+00  0.000000E+00  0.000000E+00  0.000000E+00
  0.245575E+01 -0.180417E-01 -0.262712E+00  0.000000E+00  0.000000E+00  0.000000E+00  0.000000E+00
  0.272609E+01 -0.776778E-02 -0.425782E+00  0.000000E+00  0.000000E+00  0.000000E+00  0.000000E+00
  0.197658E+01  0.212561E+00 -0.141918E-01  0.000000E+00  0.000000E+00  0.000000E+00  0.000000E+00
  0.255550E+01 -0.999309E-02  0.371022E+00  0.000000E+00  0.000000E+00  0.000000E+00  0.000000E+00
  0.238435E+01  0.173981E-01 -0.259551E+00  0.000000E+00  0.000000E+00  0.000000E+00  0.000000E+00
  0.245980E+01 -0.378160E+00  0.278827E-02  0.000000E+00  0.000000E+00  0.000000E+00  0.000000E+00
  0.263476E+01 -0.404735E+00  0.759824E-02  0.000000E+00  0.000000E+00  0.000000E+00  0.000000E+00
  0.260441E+01 -0.143114E-01  0.342035E+00  0.000000E+00  0.000000E+00  0.000000E+00  0.000000E+00
  0.186410E+01  0.109118E-01 -0.206681E+00  0.000000E+00  0.000000E+00  0.000000E+00  0.000000E+00
  0.173113E+01 -0.181791E+00 -0.936050E-02  0.000000E+00  0.000000E+00  0.000000E+00  0.000000E+00
  0.185837E+01  0.215692E+00 -0.818304E-02  0.000000E+00  0.000000E+00  0.000000E+00  0.000000E+00
  0.239847E+01  0.238808E+00  0.189069E-01  0.000000E+00  0.000000E+00  0.000000E+00  0.000000E+00
  0.258581E+01  0.375294E+00 -0.103685E-01  0.000000E+00  0.000000E+00  0.000000E+00  0.000000E+00
  0.172334E+01 -0.180151E+00  0.930022E-02  0.000000E+00  0.000000E+00  0.000000E+00  0.000000E+00
  0.256206E+01 -0.998979E-03  0.406100E+00  0.000000E+00  0.000000E+00  0.000000E+00  0.000000E+00
  0.260634E+01 -0.407151E+00  0.556670E-02  0.000000E+00  0.000000E+00  0.000000E+00  0.000000E+00
  0.266674E+01 -0.432212E+00  0.143606E-02  0.000000E+00  0.000000E+00  0.000000E+00  0.000000E+00
  0.248986E+01 -0.855090E-02 -0.364735E+00  0.000000E+00  0.000000E+00  0.000000E+00  0.000000E+00
  0.275866E+01  0.274643E+00 -0.199620E-01  0.000000E+00  0.000000E+00  0.000000E+00  0.000000E+00
  0.275290E+01 -0.191957E-01  0.291334E+00  0.000000E+00  0.000000E+00  0.000000E+00  0.000000E+00
  0.277231E+01 -0.453753E+00  0.399368E-02  0.000000E+00  0.000000E+00  0.000000E+00  0.000000E+00
  0.244705E+01 -0.268728E+00  0.175487E-01  0.000000E+00  0.000000E+00  0.000000E+00  0.000000E+00
  0.257166E+01 -0.266388E+00 -0.189652E-01  0.000000E+00  0.000000E+00  0.000000E+00  0.000000E+00
  0.178444E+01  0.181076E-02  0.209000E+00  0.000000E+00  0.000000E+00  0.000000E+00  0.000000E+00
  0.250794E+01 -0.288647E+00 -0.169520E-01  0.000000E+00  0.000000E+00  0.000000E+00  0.000000E+00
  0.259807E+01  0.176721E-01 -0.293925E+00  0.000000E+00  0.000000E+00  0.000000E+00  0.000000E+00
  0.266911E+01 -0.170230E-01  0.317498E+00  0.000000E+00  0.000000E+00  0.000000E+00  0.000000E+00
  0.191456E+01 -0.127772E-01  0.208429E+00  0.000000E+00  0.000000E+00  0.000000E+00  0.000000E+00
  0.167795E+01 -0.327372E-02 -0.181018E+00  0.000000E+00  0.000000E+00  0.000000E+00  0.000000E+00
  0.278235E+01 -0.384268E+00 -0.138921E-01  0.000000E+00  0.000000E+00  0.000000E+00  0.000000E+00
  0.282085E+01  0.285640E+00 -0.199011E-01  0.000000E+00  0.000000E+00  0.000000E+00  0.000000E+00
  0.222213E+01 -0.289603E+00 -0.106892E-01  0.000000E+00  0.000000E+00  0.000000E+00  0.000000E+00
  0.242258E+01  0.241343E+00  0.189914E-01  0.000000E+00  0.000000E+00  0.000000E+00  0.000000E+00
  0.189456E+01  0.567249E-02 -0.231236E+00  0.000000E+00  0.000000E+00  0.000000E+00  0.000000E+00
  0.187608E+01  0.213771E+00 -0.988822E-02  0.000000E+00  0.000000E+00  0.000000E+00  0.000000E+00
  0.220221E+01 -0.279573E+00  0.115617E-01  0.000000E+00  0.000000E+00  0.000000E+00  0.000000E+00
  0.263893E+01 -0.228193E-02  0.424109E+00  0.000000E+00  0.000000E+00  0.000000E+00  0.000000E+00
  0.195786E+01  0.221097E+00  0.122231E-01  0.000000E+00  0.000000E+00  0.000000E+00  0.000000E+00
  0.235908E+01 -0.780291E-02  0.337299E+00  0.000000E+00  0.000000E+00  0.000000E+00  0.000000E+00
  0.263764E+01  0.405850E+00  0.752003E-02  0.000000E+00  0.000000E+00  0.000000E+00  0.000000E+00
  0.245607E+01  0.243011E+00  0.192054E-01  0.000000E+00  0.000000E+00  0.000000E+00  0.000000E+00
  0.271934E+01  0.193366E-01  0.282847E+00  0.000000E+00  0.000000E+00  0.000000E+00  0.000000E+00
  0.199802E+01  0.141570E-01 -0.217281E+00  0.000000E+00  0.000000E+00  0.000000E+00  0.000000E+00
  0.222588E+01 -0.488570E-02  0.315116E+00  0.000000E+00  0.000000E+00  0.000000E+00  0.000000E+00
  0.279190E+01 -0.119101E-01 -0.408503E+00  0.000000E+00  0.000000E+00  0.000000E+00  0.000000E+00
  0.216461E+01  0.781124E-02  0.290491E+00  0.000000E+00  0.000000E+00  0.000000E+00  0.000000E+00
  0.249639E+01 -0.413287E-02 -0.384436E+00  0.000000E+00  0.000000E+00  0.000000E+00  0.000000E+00
  0.218040E+01  0.222181E+00  0.174221E-01  0.000000E+00  0.000000E+00  0.000000E+00  0.000000E+00
  0.234480E+01 -0.884168E-03  0.351199E+00  0.000000E+00  0.000000E+00  0.000000E+00  0.000000E+00
  0.278458E+01  0.783720E-02  0.439436E+00  0.000000E+00  0.000000E+00  0.000000E+00  0.000000E+00
  0.243392E+01  0.371741E+00 -0.273267E-02  0.000000E+00  0.000000E+00  0.000000E+00  0.000000E+00
  0.255855E+01  0.266167E+00 -0.188618E-01  0.000000E+00  0.000000E+00  0.000000E+00  0.000000E+00
  0.221095E+01 -0.125129E-01  0.274895E+00  0.000000E+00  0.000000E+00  0.000000E+00  0.000000E+00
  0.269449E+01  0.357840E+00 -0.145441E-01  0.000000E+00  0.000000E+00  0.000000E+00  0.000000E+00
  0.241467E+01 -0.368887E+00 -0.867932E-03  0.000000E+00  0.000000E+00  0.000000E+00  0.000000E+00
  0.211285E+01 -0.278275E-02 -0.290877E+00  0.000000E+00  0.000000E+00  0.000000E+00  0.000000E+00
  0.214673E+01 -0.291540E+00  0.630322E-02  0.000000E+00  0.000000E+00  0.000000E+00  0.000000E+00
  0.272262E+01 -0.146600E-01  0.362140E+00  0.000000E+00  0.000000E+00  0.000000E+00  0.000000E+00
  0.205246E+01  0.428156E-02  0.273308E+00  0.000000E+00  0.000000E+00  0.000000E+00  0.000000E+00
  0.233871E+01  0.258546E+00  0.168438E-01  0.000000E+00  0.000000E+00  0.000000E+00  0.000000E+00
  0.204435E+01 -0.426768E-02  0.271310E+00  0.000000E+00  0.000000E+00  0.000000E+00  0.000000E+00
  0.188120E+01  0.231469E+00 -0.370105E-02  0.000000E+00  0.000000E+00  0.000000E+00  0.000000E+00
  0.210212E+01 -0.128391E-01  0.248817E+00  0.000000E+00  0.000000E+00  0.000000E+00  0.000000E+00
  0.281662E+01 -0.170046E-01 -0.345171E+00  0.000000E+00  0.000000E+00  0.000000E+00  0.000000E+00
  0.195048E+01  0.145539E-01  0.204559E+00  0.000000E+00  0.000000E+00  0.000000E+00  0.000000E+00
  0.192375E+01  0.226006E+00 -0.961077E-02  0.000000E+00  0.000000E+00  0.000000E+00  0.000000E+00
  0.201812E+01  0.904878E-02  0.250492E+00  0.000000E+00  0.000000E+00  0.000000E+00  0.000000E+00
  0.222650E+01  0.304718E+00 -0.796470E-02  0.000000E+00  0.000000E+00  0.000000E+00  0.000000E+00
  0.222699E+01 -0.143509E-01 -0.263331E+00  0.000000E+00  0.000000E+00  0.000000E+00  0.000000E+00
  0.247317E+01  0.361543E+00 -0.841047E-02  0.000000E+00  0.000000E+00  0.000000E+00  0.000000E+00
  0.224557E+01 -0.464576E-02 -0.320614E+00  0.000000E+00  0.000000E+00  0.000000E+00  0.000000E+00
  0.283916E+01 -0.122547E-01  0.415396E+00  0.000000E+00  0.000000E+00  0.000000E+00  0.000000E+00
  0.194388E+01 -0.991596E-02  0.229418E+00  0.000000E+00  0.000000E+00  0.000000E+00  0.000000E+00
  0.179035E+01 -0.850205E-02 -0.198465E+00  0.000000E+00  0.000000E+00  0.000000E+00  0.000000E+00
  0.263421E+01  0.370510E+00  0.122189E-01  0.000000E+00  0.000000E+00  0.000000E+00  0.000000E+00
  0.278622E+01 -0.286765E+00  0.196323E-01  0.000000E+00  0.000000E+00  0.000000E+00  0.000000E+00
  0.276154E+01 -0.456817E+00 -0.556597E-03  0.000000E+00  0.000000E+00  0.000000E+00  0.000000E+00
  0.235174E+01 -0.968463E-03  0.352912E+00  0.000000E+00  0.000000E+00  0.000000E+00  0.000000E+00
  0.283012E+01 -0.979890E-02  0.436342E+00  0.000000E+00  0.000000E+00  0.000000E+00  0.000000E+00
  0.207381E+01  0.105417E-01 -0.256440E+00  0.000000E+00  0.000000E+00  0.000000E+00  0.000000E+00
  0.212261E+01  0.801141E-02 -0.279600E+00  0.000000E+00  0.000000E+00  0.000000E+00  0.000000E+00
  0.183252E+01 -0.282636E-02 -0.220300E+00  0.000000E+00  0.000000E+00  0.000000E+00  0.000000E+00
  0.208902E+01  0.429636E-03  0.286619E+00  0.000000E+00  0.000000E+00  0.000000E+00  0.000000E+00
  0.212067E+01  0.224698E+00  0.161739E-01  0.000000E+00  0.000000E+00  0.000000E+00  0.000000E+00
  0.204933E+01 -0.159099E-01 -0.213370E+00  0.000000E+00  0.000000E+00  0.000000E+00  0.000000E+00
  0.207705E+01  0.424777E-02  0.279507E+00  0.000000E+00  0.000000E+00  0.000000E+00  0.000000E+00
  0.252067E+01 -0.265289E+00 -0.185587E-01  0.000000E+00  0.000000E+00  0.000000E+00  0.000000E+00
  0.222427E+01  0.147996E-01  0.258633E+00  0.000000E+00  0.000000E+00  0.000000E+00  0.000000E+00
  0.265480E+01 -0.267332E+00  0.195786E-01  0.000000E+00  0.000000E+00  0.000000E+00  0.000000E+00
  0.208202E+01 -0.284885E+00  0.158289E-03  0.000000E+00  0.000000E+00  0.000000E+00  0.000000E+00
  0.197048E+01  0.240162E+00  0.881606E-02  0.000000E+00  0.000000E+00  0.000000E+00  0.000000E+00
  0.187269E+01  0.134991E-01 -0.195181E+00  0.000000E+00  0.000000E+00  0.000000E+00  0.000000E+00
  0.186321E+01  0.229417E+00  0.635441E-03  0.000000E+00  0.000000E+00  0.000000E+00  0.000000E+00
  0.207934E+01  0.867843E-02 -0.266537E+00  0.000000E+00  0.000000E+00  0.000000E+00  0.000000E+00
  0.190694E+01 -0.234127E+00 -0.574486E-02  0.000000E+00  0.000000E+00  0.000000E+00  0.000000E+00
  0.223717E+01  0.138902E-01 -0.269530E+00  0.000000E+00  0.000000E+00  0.000000E+00  0.000000E+00
  0.259995E+01 -0.349925E+00  0.135208E-01  0.000000E+00  0.000000E+00  0.000000E+00  0.000000E+00
  0.266521E+01 -0.170860E-01 -0.315757E+00  0.000000E+00  0.000000E+00  0.000000E+00  0.000000E+00
  0.228973E+01 -0.805034E-02 -0.319501E+00  0.000000E+00  0.000000E+00  0.000000E+00  0.000000E+00
  0.163080E+01  0.117610E-02  0.170463E+00  0.000000E+00  0.000000E+00  0.000000E+00  0.000000E+00
  0.217778E+01 -0.258844E+00  0.136679E-01  0.000000E+00  0.000000E+00  0.000000E+00  0.000000E+00
  0.273917E+01  0.131360E-01  0.383951E+00  0.000000E+00  0.000000E+00  0.000000E+00  0.000000E+00
  0.182596E+01  0.980257E-02  0.202439E+00  0.000000E+00  0.000000E+00  0.000000E+00  0.000000E+00
  0.231818E+01  0.344623E+00 -0.459189E-03  0.000000E+00  0.000000E+00  0.000000E+00  0.000000E+00
  0.236113E+01 -0.354326E+00  0.207608E-02  0.000000E+00  0.000000E+00  0.000000E+00  0.000000E+00
  0.213264E+01 -0.240916E+00  0.146868E-01  0.000000E+00  0.000000E+00  0.000000E+00  0.000000E+00
  0.209276E+01 -0.553812E-02  0.280464E+00  0.000000E+00  0.000000E+00  0.000000E+00  0.000000E+00
  0.218151E+01  0.176445E-01 -0.219669E+00  0.000000E+00  0.000000E+00  0.000000E+00  0.000000E+00
  0.284082E+01 -0.822113E-02 -0.204177E+00  0.000000E+00  0.000000E+00  0.000000E+00  0.000000E+00
  0.284082E+01  0.196976E+00 -0.893372E-01  0.000000E+00  0.000000E+00  0.000000E+00  0.000000E+00
  0.284082E+01 -0.219672E-01  0.218642E-01  0.000000E+00  0.000000E+00  0.000000E+00  0.000000E+00
  0.284082E+01  0.183373E-01  0.430627E-01  0.000000E+00  0.000000E+00  0.000000E+00  0.000000E+00
  0.284082E+01  0.709379E-01 -0.580477E-01  0.000000E+00  0.000000E+00  0.000000E+00  0.000000E+00
  0.284082E+01 -0.566970E-01 -0.275423E-01  0.000000E+00  0.000000E+00  0.000000E+00  0.000000E+00
  0.284082E+01  0.691171E-01 -0.149931E+00  0.000000E+00  0.000000E+00  0.000000E+00  0.000000E+00
  0.284082E+01  0.547116E-01  0.405184E-01  0.000000E+00  0.000000E+00  0.000000E+00  0.000000E+00
  0.284082E+01 -0.102525E-01  0.772352E-01  0.000000E+00  0.000000E+00  0.000000E+00  0.000000E+00
  0.284082E+01 -0.750724E-01 -0.958246E-01  0.000000E+00  0.000000E+00  0.000000E+00  0.000000E+00
  0.284082E+01  0.283561E-01 -0.254615E-01  0.000000E+00  0.000000E+00  0.000000E+00  0.000000E+00
  0.284082E+01 -0.336404E-01  0.117254E+00  0.000000E+00  0.000000E+00  0.000000E+00  0.000000E+00
  0.284082E+01 -0.160936E-01  0.436776E-01  0.000000E+00  0.000000E+00  0.000000E+00  0.000000E+00
  0.284082E+01  0.300071E-01 -0.498446E-01  0.000000E+00  0.000000E+00  0.000000E+00  0.000000E+00
  0.284082E+01  0.405655E-01  0.106191E+00  0.000000E+00  0.000000E+00  0.000000E+00  0.000000E+00
  0.284082E+01  0.165147E-01  0.665976E-01  0.000000E+00  0.000000E+00  0.000000E+00  0.000000E+00
  0.284082E+01  0.211724E+00 -0.124623E-01  0.000000E+00  0.000000E+00  0.000000E+00  0.000000E+00
  0.284082E+01  0.181995E+00 -0.685633E-01  0.000000E+00  0.000000E+00  0.000000E+00  0.000000E+00
  0.284082E+01 -0.137469E-01 -0.208234E-01  0.000000E+00  0.000000E+00  0.000000E+00  0.000000E+00
  0.284082E+01  0.228249E-01  0.213429E-01  0.000000E+00  0.000000E+00  0.000000E+00  0.000000E+00
  0.284082E+01 -0.244773E-02  0.341504E-02  0.000000E+00  0.000000E+00  0.000000E+00  0.000000E+00
  0.284082E+01  0.404970E-01 -0.819097E-01  0.000000E+00  0.000000E+00  0.000000E+00  0.000000E+00
  0.284082E+01  0.365223E-01 -0.548736E-01  0.000000E+00  0.000000E+00  0.000000E+00  0.000000E+00
  0.284082E+01  0.914301E-01 -0.349847E-01  0.000000E+00  0.000000E+00  0.000000E+00  0.000000E+00
  0.284082E+01 -0.131223E-01  0.153992E+00  0.000000E+00  0.000000E+00  0.000000E+00  0.000000E+00
  0.284082E+01  0.640621E-01  0.440534E-01  0.000000E+00  0.000000E+00  0.000000E+00  0.000000E+00
  0.284082E+01  0.126090E+00 -0.173083E+00  0.000000E+00  0.000000E+00  0.000000E+00  0.000000E+00
  0.284082E+01 -0.878507E-01  0.182261E+00  0.000000E+00  0.000000E+00  0.000000E+00  0.000000E+00
  0.284082E+01 -0.110729E+00 -0.722223E-01  0.000000E+00  0.000000E+00  0.000000E+00  0.000000E+00
  0.284082E+01 -0.963763E-01  0.226757E+00  0.000000E+00  0.000000E+00  0.000000E+00  0.000000E+00
  0.284082E+01  0.982829E-01  0.186678E+00  0.000000E+00  0.000000E+00  0.000000E+00  0.000000E+00
  0.284082E+01 -0.162924E+00  0.430424E-01  0.000000E+00  0.000000E+00  0.000000E+00  0.000000E+00
  0.284082E+01  0.382910E-01 -0.755719E-01  0.000000E+00  0.000000E+00  0.000000E+00  0.000000E+00
  0.284082E+01 -0.165166E+00 -0.186747E+00  0.000000E+00  0.000000E+00  0.000000E+00  0.000000E+00
  0.284082E+01  0.771042E-01  0.174278E+00  0.000000E+00  0.000000E+00  0.000000E+00  0.000000E+00
  0.284082E+01 -0.133556E+00  0.994715E-01  0.000000E+00  0.000000E+00  0.000000E+00  0.000000E+00
  0.284082E+01  0.121615E+00 -0.112891E+00  0.000000E+00  0.000000E+00  0.000000E+00  0.000000E+00
  0.284082E+01  0.146538E+00 -0.150413E+00  0.000000E+00  0.000000E+00  0.000000E+00  0.000000E+00
  0.284082E+01 -0.197257E+00  0.957753E-01  0.000000E+00  0.000000E+00  0.000000E+00  0.000000E+00
  0.284082E+01  0.165860E-01 -0.192410E+00  0.000000E+00  0.000000E+00  0.000000E+00  0.000000E+00
  0.284082E+01 -0.928394E-01  0.145829E+00  0.000000E+00  0.000000E+00  0.000000E+00  0.000000E+00
  0.284082E+01 -0.114499E+00 -0.373817E-01  0.000000E+00  0.000000E+00  0.000000E+00  0.000000E+00
  0.284082E+01  0.266250E-01  0.357355E-01  0.000000E+00  0.000000E+00  0.000000E+00  0.000000E+00
  0.284082E+01 -0.149077E-02 -0.162556E-02  0.000000E+00  0.000000E+00  0.000000E+00  0.000000E+00
  0.284082E+01 -0.154940E-01  0.663997E-01  0.000000E+00  0.000000E+00  0.000000E+00  0.000000E+00
  0.284082E+01 -0.161316E+00 -0.641909E-01  0.000000E+00  0.000000E+00  0.000000E+00  0.000000E+00
  0.284082E+01 -0.995644E-01  0.500093E-01  0.000000E+00  0.000000E+00  0.000000E+00  0.000000E+00
  0.284082E+01 -0.117106E+00 -0.582856E-01  0.000000E+00  0.000000E+00  0.000000E+00  0.000000E+00
  0.284082E+01 -0.842050E-01  0.325602E-01  0.000000E+00  0.000000E+00  0.000000E+00  0.000000E+00
  0.284082E+01 -0.709630E-01 -0.707188E-03  0.000000E+00  0.000000E+00  0.000000E+00  0.000000E+00
  0.284082E+01  0.890348E-01 -0.214486E+00  0.000000E+00  0.000000E+00  0.000000E+00  0.000000E+00
  0.284082E+01 -0.160511E-01  0.184941E-01  0.000000E+00  0.000000E+00  0.000000E+00  0.000000E+00
  0.284082E+01  0.774183E-01  0.876042E-01  0.000000E+00  0.000000E+00  0.000000E+00  0.000000E+00
  0.284082E+01 -0.830202E-01  0.758803E-02  0.000000E+00  0.000000E+00  0.000000E+00  0.000000E+00
  0.284082E+01 -0.652849E-02  0.209360E+00  0.000000E+00  0.000000E+00  0.000000E+00  0.000000E+00
  0.284082E+01  0.119637E-01 -0.864687E-02  0.000000E+00  0.000000E+00  0.000000E+00  0.000000E+00
  0.284082E+01  0.125529E+00  0.255393E-01  0.000000E+00  0.000000E+00  0.000000E+00  0.000000E+00
  0.284082E+01 -0.125908E+00 -0.137085E+00  0.000000E+00  0.000000E+00  0.000000E+00  0.000000E+00
  0.284082E+01  0.269038E-01  0.110143E-01  0.000000E+00  0.000000E+00  0.000000E+00  0.000000E+00
  0.284082E+01 -0.276013E-01 -0.376467E-01  0.000000E+00  0.000000E+00  0.000000E+00  0.000000E+00
  0.284082E+01  0.235299E+00 -0.484798E-01  0.000000E+00  0.000000E+00  0.000000E+00  0.000000E+00
  0.284082E+01 -0.793155E-01  0.222757E+00  0.000000E+00  0.000000E+00  0.000000E+00  0.000000E+00
  0.284082E+01 -0.130793E-01 -0.100136E+00  0.000000E+00  0.000000E+00  0.000000E+00  0.000000E+00
  0.284082E+01  0.154161E+00 -0.378676E-01  0.000000E+00  0.000000E+00  0.000000E+00  0.000000E+00
  0.284082E+01  0.248212E-01 -0.137740E+00  0.000000E+00  0.000000E+00  0.000000E+00  0.000000E+00
  0.284082E+01 -0.122071E+00  0.646062E-01  0.000000E+00  0.000000E+00  0.000000E+00  0.000000E+00
  0.284082E+01  0.789460E-01 -0.295290E-01  0.000000E+00  0.000000E+00  0.000000E+00  0.000000E+00
  0.284082E+01  0.117054E+00  0.117242E+00  0.000000E+00  0.000000E+00  0.000000E+00  0.000000E+00
  0.284082E+01  0.872892E-01 -0.182631E+00  0.000000E+00  0.000000E+00  0.000000E+00  0.000000E+00
  0.284082E+01  0.326954E-01 -0.128705E+00  0.000000E+00  0.000000E+00  0.000000E+00  0.000000E+00
  0.284082E+01  0.267148E-01 -0.105400E-01  0.000000E+00  0.000000E+00  0.000000E+00  0.000000E+00
  0.284082E+01  0.614837E-01  0.992504E-01  0.000000E+00  0.000000E+00  0.000000E+00  0.000000E+00
  0.284082E+01 -0.288337E-01 -0.690631E-01  0.000000E+00  0.000000E+00  0.000000E+00  0.000000E+00
  0.284082E+01 -0.679071E-01 -0.140969E-02  0.000000E+00  0.000000E+00  0.000000E+00  0.000000E+00
  0.284082E+01  0.197521E+00  0.105953E+00  0.000000E+00  0.000000E+00  0.000000E+00  0.000000E+00
  0.284082E+01  0.219531E+00 -0.344367E-01  0.000000E+00  0.000000E+00  0.000000E+00  0.000000E+00
  0.284082E+01 -0.109895E-01 -0.255036E-01  0.000000E+00  0.000000E+00  0.000000E+00  0.000000E+00
  0.284082E+01  0.124664E-01 -0.527582E-02  0.000000E+00  0.000000E+00  0.000000E+00  0.000000E+00
  0.284082E+01 -0.988322E-01 -0.739634E-01  0.000000E+00  0.000000E+00  0.000000E+00  0.000000E+00
  0.284082E+01 -0.128418E+00  0.869202E-03  0.000000E+00  0.000000E+00  0.000000E+00  0.000000E+00
  0.284082E+01  0.765260E-01 -0.202327E+00  0.000000E+00  0.000000E+00  0.000000E+00  0.000000E+00
  0.284082E+01  0.153590E-01  0.199243E+00  0.000000E+00  0.000000E+00  0.000000E+00  0.000000E+00
  0.284082E+01  0.216493E-02  0.924688E-01  0.000000E+00  0.000000E+00  0.000000E+00  0.000000E+00
  0.284082E+01  0.185910E+00 -0.824671E-01  0.000000E+00  0.000000E+00  0.000000E+00  0.000000E+00
  0.284082E+01  0.531518E-01  0.143049E+00  0.000000E+00  0.000000E+00  0.000000E+00  0.000000E+00
  0.284082E+01  0.676393E-02 -0.232723E+00  0.000000E+00  0.000000E+00  0.000000E+00  0.000000E+00
  0.284082E+01 -0.361789E-01  0.164180E+00  0.000000E+00  0.000000E+00  0.000000E+00  0.000000E+00
  0.284082E+01  0.142107E+00  0.156938E+00  0.000000E+00  0.000000E+00  0.000000E+00  0.000000E+00
  0.284082E+01 -0.196605E+00 -0.859866E-01  0.000000E+00  0.000000E+00  0.000000E+00  0.000000E+00
  0.284082E+01 -0.169146E-01  0.739818E-02  0.000000E+00  0.000000E+00  0.000000E+00  0.000000E+00
  0.284082E+01 -0.384902E-01 -0.274668E-01  0.000000E+00  0.000000E+00  0.000000E+00  0.000000E+00
  0.284082E+01 -0.172562E+00  0.219476E-01  0.000000E+00  0.000000E+00  0.000000E+00  0.000000E+00
  0.284082E+01 -0.187521E+00 -0.121548E+00  0.000000E+00  0.000000E+00  0.000000E+00  0.000000E+00
  0.284082E+01  0.558136E-01 -0.673269E-01  0.000000E+00  0.000000E+00  0.000000E+00  0.000000E+00
  0.284082E+01 -0.352912E-01  0.897340E-01  0.000000E+00  0.000000E+00  0.000000E+00  0.000000E+00
  0.284082E+01 -0.563472E-01 -0.138221E+00  0.000000E+00  0.000000E+00  0.000000E+00  0.000000E+00
  0.284082E+01 -0.459485E-01  0.525782E-01  0.000000E+00  0.000000E+00  0.000000E+00  0.000000E+00
  0.284082E+01  0.101196E+00  0.193888E+00  0.000000E+00  0.000000E+00  0.000000E+00  0.000000E+00
  0.284082E+01  0.439401E-01 -0.278808E-01  0.000000E+00  0.000000E+00  0.000000E+00  0.000000E+00
  0.284082E+01 -0.137553E+00  0.135732E+00  0.000000E+00  0.000000E+00  0.000000E+00  0.000000E+00
