  0.165637E+01 -0.173735E+00  0.486712E-02  0.000000E+00  0.000000E+00  0.000000E+00  0.000000E+00
  0.180464E+01 -0.212414E+00 -0.361045E-02  0.000000E+00  0.000000E+00  0.000000E+00  0.000000E+00
  0.177127E+01  0.203756E+00  0.384964E-02  0.000000E+00  0.000000E+00  0.000000E+00  0.000000E+00
  0.201353E+01 -0.209613E+00  0.155361E-01  0.000000E+00  0.000000E+00  0.000000E+00  0.000000E+00
  0.195246E+01  0.978394E-02  0.231981E+00  0.000000E+00  0.000000E+00  0.000000E+00  0.000000E+00
  0.176624E+01 -0.191420E+00  0.893024E-02  0.000000E+00  0.000000E+00  0.000000E+00  0.000000E+00
  0.197645E+01  0.251092E+00  0.581093E-02  0.000000E+00  0.000000E+00  0.000000E+00  0.000000E+00
  0.245555E+01 -0.338772E+00 -0.112626E-01  0.000000E+00  0.000000E+00  0.000000E+00  0.000000E+00
  0.207896E+01  0.117933E-01  0.250516E+00  0.000000E+00  0.000000E+00  0.000000E+00  0.000000E+00
  0.162803E+01  0.167270E+00 -0.442102E-02  0.000000E+00  0.000000E+00  0.000000E+00  0.000000E+00
  0.185783E+01 -0.207179E+00 -0.104653E-01  0.000000E+00  0.000000E+00  0.000000E+00  0.000000E+00
  0.185741E+01  0.416272E-03  0.227991E+00  0.000000E+00  0.000000E+00  0.000000E+00  0.000000E+00
  0.190091E+01 -0.238700E+00 -0.132657E-02  0.000000E+00  0.000000E+00  0.000000E+00  0.000000E+00
  0.225622E+01  0.310537E+00 -0.825559E-02  0.000000E+00  0.000000E+00  0.000000E+00  0.000000E+00
  0.203430E+01  0.272512E+00 -0.116266E-02  0.000000E+00  0.000000E+00  0.000000E+00  0.000000E+00
  0.183695E+01  0.191192E+00 -0.128428E-01  0.000000E+00  0.000000E+00  0.000000E+00  0.000000E+00
  0.174216E+01  0.832000E-02  0.187511E+00  0.000000E+00  0.000000E+00  0.000000E+00  0.000000E+00
  0.249819E+01  0.259558E+00  0.186689E-01  0.000000E+00  0.000000E+00  0.000000E+00  0.000000E+00
  0.218644E+01 -0.311295E+00  0.363248E-03  0.000000E+00  0.000000E+00  0.000000E+00  0.000000E+00
  0.206589E+01  0.259668E+00 -0.951599E-02  0.000000E+00  0.000000E+00  0.000000E+00  0.000000E+00
  0.260673E+01  0.417118E+00  0.135799E-02  0.000000E+00  0.000000E+00  0.000000E+00  0.000000E+00
  0.253910E+01 -0.190114E-01  0.260153E+00  0.000000E+00  0.000000E+00  0.000000E+00  0.000000E+00
  0.225580E+01 -0.278165E+00  0.133386E-01  0.000000E+00  0.000000E+00  0.000000E+00  0.000000E+00
  0.212463E+01  0.287628E+00  0.579369E-02  0.000000E+00  0.000000E+00  0.000000E+00  0.000000E+00
  0.179982E+01 -0.109788E-01  0.191761E+00  0.000000E+00  0.000000E+00  0.000000E+00  0.000000E+00
  0.277910E+01 -0.454354E+00 -0.434464E-02  0.000000E+00  0.000000E+00  0.000000E+00  0.000000E+00
  0.241383E+01 -0.363341E+00 -0.432285E-02  0.000000E+00  0.000000E+00  0.000000E+00  0.000000E+00
  0.167585E+01  0.878631E-02  0.170444E+00  0.000000E+00  0.000000E+00  0.000000E+00  0.000000E+00
  0.225457E+01  0.328495E+00 -0.559291E-03  0.000000E+00  0.000000E+00  0.000000E+00  0.000000E+00
  0.253289E+01  0.299413E+00 -0.165265E-01  0.000000E+00  0.000000E+00  0.000000E+00  0.000000E+00
  0.191055E+01  0.103256E-02  0.241272E+00  0.000000E+00  0.000000E+00  0.000000E+00  0.000000E+00
  0.187174E+01 -0.121872E-01  0.202263E+00  0.000000E+00  0.000000E+00  0.000000E+00  0.000000E+00
  0.241992E+01 -0.177514E-01 -0.260843E+00  0.000000E+00  0.000000E+00  0.000000E+00  0.000000E+00
  0.190384E+01  0.212037E+00  0.116727E-01  0.000000E+00  0.000000E+00  0.000000E+00  0.000000E+00
  0.174324E+01  0.198181E+00  0.242275E-02  0.000000E+00  0.000000E+00  0.000000E+00  0.000000E+00
  0.166249E+01  0.170816E+00 -0.733289E-02  0.000000E+00  0.000000E+00  0.000000E+00  0.000000E+00
  0.175407E+01  0.133184E-02  0.201573E+00  0.000000E+00  0.000000E+00  0.000000E+00  0.000000E+00
  0.256650E+01 -0.354706E+00  0.123113E-01  0.000000E+00  0.000000E+00  0.000000E+00  0.000000E+00
  0.251542E+01  0.316944E+00 -0.148938E-01  0.000000E+00  0.000000E+00  0.000000E+00  0.000000E+00
  0.253576E+01  0.389108E+00  0.573460E-02  0.000000E+00  0.000000E+00  0.000000E+00  0.000000E+00
  0.209500E+01  0.219962E+00  0.161514E-01  0.000000E+00  0.000000E+00  0.000000E+00  0.000000E+00
  0.220695E+01  0.149947E-01  0.253266E+00  0.000000E+00  0.000000E+00  0.000000E+00  0.000000E+00
  0.194716E+01 -0.103802E-01  0.228110E+00  0.000000E+00  0.000000E+00  0.000000E+00  0.000000E+00
  0.248517E+01  0.386660E+00  0.980767E-03  0.000000E+00  0.000000E+00  0.000000E+00  0.000000E+00
  0.194252E+01 -0.194933E+00  0.156110E-01  0.000000E+00  0.000000E+00  0.000000E+00  0.000000E+00
  0.272153E+01  0.128688E-01  0.383058E+00  0.000000E+00  0.000000E+00  0.000000E+00  0.000000E+00
  0.259646E+01 -0.410787E+00 -0.360845E-02  0.000000E+00  0.000000E+00  0.000000E+00  0.000000E+00
  0.269463E+01 -0.361643E+00 -0.142395E-01  0.000000E+00  0.000000E+00  0.000000E+00  0.000000E+00
  0.195121E+01 -0.250811E+00  0.218199E-02  0.000000E+00  0.000000E+00  0.000000E+00  0.000000E+00
  0.184196E+01  0.468286E-02 -0.220146E+00  0.000000E+00  0.000000E+00  0.000000E+00  0.000000E+00
  0.193083E+01 -0.511436E-02 -0.241398E+00  0.000000E+00  0.000000E+00  0.000000E+00  0.000000E+00
  0.188616E+01  0.223784E+00  0.772624E-02  0.000000E+00  0.000000E+00  0.000000E+00  0.000000E+00
  0.250289E+01 -0.109917E-01  0.351579E+00  0.000000E+00  0.000000E+00  0.000000E+00  0.000000E+00
  0.245204E+01  0.272422E+00 -0.173596E-01  0.000000E+00  0.000000E+00  0.000000E+00  0.000000E+00
  0.205298E+01 -0.255626E+00  0.973634E-02  0.000000E+00  0.000000E+00  0.000000E+00  0.000000E+00
  0.237680E+01  0.345980E+00  0.679670E-02  0.000000E+00  0.000000E+00  0.000000E+00  0.000000E+00
  0.162820E+01 -0.168141E+00 -0.368105E-02  0.000000E+00  0.000000E+00  0.000000E+00  0.000000E+00
  0.177869E+01  0.202971E+00 -0.551279E-02  0.000000E+00  0.000000E+00  0.000000E+00  0.000000E+00
  0.203463E+01 -0.233617E+00  0.129211E-01  0.000000E+00  0.000000E+00  0.000000E+00  0.000000E+00
  0.276657E+01  0.505772E-03 -0.458109E+00  0.000000E+00  0.000000E+00  0.000000E+00  0.000000E+00
  0.241901E+01  0.183950E-01  0.250704E+00  0.000000E+00  0.000000E+00  0.000000E+00  0.000000E+00
  0.204363E+01 -0.243762E+00  0.115990E-01  0.000000E+00  0.000000E+00  0.000000E+00  0.000000E+00
  0.202319E+01  0.715181E-02 -0.258712E+00  0.000000E+00  0.000000E+00  0.000000E+00  0.000000E+00
  0.257147E+01  0.177000E-01 -0.288705E+00  0.000000E+00  0.000000E+00  0.000000E+00  0.000000E+00
  0.161983E+01  0.136275E-02 -0.167624E+00  0.000000E+00  0.000000E+00  0.000000E+00  0.000000E+00
  0.227931E+01 -0.309916E+00 -0.946462E-02  0.000000E+00  0.000000E+00  0.000000E+00  0.000000E+00
  0.196067E+01 -0.143543E-01  0.208096E+00  0.000000E+00  0.000000E+00  0.000000E+00  0.000000E+00
  0.244821E+01 -0.333945E+00 -0.116690E-01  0.000000E+00  0.000000E+00  0.000000E+00  0.000000E+00
  0.244839E+01 -0.120067E-01 -0.331241E+00  0.000000E+00  0.000000E+00  0.000000E+00  0.000000E+00
  0.230000E+01 -0.176249E-01 -0.241187E+00  0.000000E+00  0.000000E+00  0.000000E+00  0.000000E+00
  0.186428E+01  0.229160E+00 -0.181153E-02  0.000000E+00  0.000000E+00  0.000000E+00  0.000000E+00
  0.235750E+01 -0.239754E+00  0.184213E-01  0.000000E+00  0.000000E+00  0.000000E+00  0.000000E+00
  0.165579E+01 -0.778968E-02  0.168167E+00  0.000000E+00  0.000000E+00  0.000000E+00  0.000000E+00
  0.282904E+01 -0.137862E-01 -0.395432E+00  0.000000E+00  0.000000E+00  0.000000E+00  0.000000E+00
  0.246433E+01  0.181538E-02  0.380676E+00  0.000000E+00  0.000000E+00  0.000000E+00  0.000000E+00
  0.243182E+01 -0.144615E-01 -0.304629E+00  0.000000E+00  0.000000E+00  0.000000E+00  0.000000E+00
  0.221368E+01 -0.102147E-01  0.290449E+00  0.000000E+00  0.000000E+00  0.000000E+00  0.000000E+00
  0.274218E+01  0.951592E-02  0.418001E+00  0.000000E+00  0.000000E+00  0.000000E+00  0.000000E+00
  0.176994E+01  0.945836E-02 -0.190574E+00  0.000000E+00  0.000000E+00  0.000000E+00  0.000000E+00
  0.253085E+01 -0.187952E-01  0.262780E+00  0.000000E+00  0.000000E+00  0.000000E+00  0.000000E+00
  0.243816E+01  0.324315E+00 -0.125568E-01  0.000000E+00  0.000000E+00  0.000000E+00  0.000000E+00
  0.196838E+01  0.199408E+00  0.156886E-01  0.000000E+00  0.000000E+00  0.000000E+00  0.000000E+00
  0.206124E+01 -0.122048E-01  0.244042E+00  0.000000E+00  0.000000E+00  0.000000E+00  0.000000E+00
  0.223469E+01 -0.948973E-02  0.299326E+00  0.000000E+00  0.000000E+00  0.000000E+00  0.000000E+00
  0.231466E+01 -0.258162E+00 -0.165095E-01  0.000000E+00  0.000000E+00  0.000000E+00  0.000000E+00
  0.248424E+01  0.361626E+00  0.885949E-02  0.000000E+00  0.000000E+00  0.000000E+00  0.000000E+00
  0.247139E+01  0.377728E+00 -0.430996E-02  0.000000E+00  0.000000E+00  0.000000E+00  0.000000E+00
  0.248928E+01  0.350518E+00 -0.107201E-01  0.000000E+00  0.000000E+00  0.000000E+00  0.000000E+00
  0.181296E+01  0.835607E-02 -0.204302E+00  0.000000E+00  0.000000E+00  0.000000E+00  0.000000E+00
  0.210353E+01  0.251128E+00 -0.125462E-01  0.000000E+00  0.000000E+00  0.000000E+00  0.000000E+00
  0.170486E+01  0.223443E-02 -0.188644E+00  0.000000E+00  0.000000E+00  0.000000E+00  0.000000E+00
  0.247648E+01 -0.158683E-01  0.297315E+00  0.000000E+00  0.000000E+00  0.000000E+00  0.000000E+00
  0.212871E+01 -0.246141E+00 -0.139603E-01  0.000000E+00  0.000000E+00  0.000000E+00  0.000000E+00
  0.217049E+01  0.113858E-01  0.273569E+00  0.000000E+00  0.000000E+00  0.000000E+00  0.000000E+00
  0.196439E+01 -0.210116E+00 -0.141780E-01  0.000000E+00  0.000000E+00  0.000000E+00  0.000000E+00
  0.244820E+01  0.173389E-01 -0.272024E+00  0.000000E+00  0.000000E+00  0.000000E+00  0.000000E+00
  0.279921E+01  0.474207E-02  0.457997E+00  0.000000E+00  0.000000E+00  0.000000E+00  0.000000E+00
  0.211067E+01  0.282106E+00 -0.649693E-02  0.000000E+00  0.000000E+00  0.000000E+00  0.000000E+00
  0.233882E+01 -0.334604E+00 -0.731234E-02  0.000000E+00  0.000000E+00  0.000000E+00  0.000000E+00
  0.167201E+01 -0.664482E-02  0.174572E+00  0.000000E+00  0.000000E+00  0.000000E+00  0.000000E+00
  0.274682E+01  0.416208E+00  0.989297E-02  0.000000E+00  0.000000E+00  0.000000E+00  0.000000E+00
  0.269917E+01 -0.423569E+00  0.698499E-02  0.000000E+00  0.000000E+00  0.000000E+00  0.000000E+00
  0.201770E+01  0.154496E-01  0.211175E+00  0.000000E+00  0.000000E+00  0.000000E+00  0.000000E+00
  0.167673E+01 -0.181680E+00  0.202645E-02  0.000000E+00  0.000000E+00  0.000000E+00  0.000000E+00
  0.258800E+01 -0.183141E-01  0.281122E+00  0.000000E+00  0.000000E+00  0.000000E+00  0.000000E+00
  0.226013E+01  0.161151E-01  0.252278E+00  0.000000E+00  0.000000E+00  0.000000E+00  0.000000E+00
  0.230299E+01  0.288777E+00  0.132792E-01  0.000000E+00  0.000000E+00  0.000000E+00  0.000000E+00
  0.237382E+01  0.291012E+00 -0.146211E-01  0.000000E+00  0.000000E+00  0.000000E+00  0.000000E+00
  0.212186E+01 -0.144533E-01  0.240685E+00  0.000000E+00  0.000000E+00  0.000000E+00  0.000000E+00
  0.246326E+01 -0.112877E-01 -0.340321E+00  0.000000E+00  0.000000E+00  0.000000E+00  0.000000E+00
  0.167845E+01 -0.380298E-02  0.180590E+00  0.000000E+00  0.000000E+00  0.000000E+00  0.000000E+00
  0.193637E+01 -0.243745E+00 -0.461880E-02  0.000000E+00  0.000000E+00  0.000000E+00  0.000000E+00
  0.276956E+01 -0.190874E-01  0.296402E+00  0.000000E+00  0.000000E+00  0.000000E+00  0.000000E+00
  0.182228E+01  0.741725E-02  0.209264E+00  0.000000E+00  0.000000E+00  0.000000E+00  0.000000E+00
  0.243752E+01  0.370341E+00 -0.388438E-02  0.000000E+00  0.000000E+00  0.000000E+00  0.000000E+00
  0.182752E+01 -0.208010E+00 -0.828120E-02  0.000000E+00  0.000000E+00  0.000000E+00  0.000000E+00
  0.195064E+01 -0.724514E-02  0.240828E+00  0.000000E+00  0.000000E+00  0.000000E+00  0.000000E+00
  0.244435E+01 -0.243479E+00  0.190733E-01  0.000000E+00  0.000000E+00  0.000000E+00  0.000000E+00
  0.249520E+01 -0.277332E+00  0.175538E-01  0.000000E+00  0.000000E+00  0.000000E+00  0.000000E+00
  0.272585E+01  0.446830E+00 -0.172181E-02  0.000000E+00  0.000000E+00  0.000000E+00  0.000000E+00
  0.230258E+01  0.295252E+00  0.124783E-01  0.000000E+00  0.000000E+00  0.000000E+00  0.000000E+00
  0.221408E+01 -0.315551E+00 -0.329348E-02  0.000000E+00  0.000000E+00  0.000000E+00  0.000000E+00
  0.210111E+01  0.231712E+00  0.150077E-01  0.000000E+00  0.000000E+00  0.000000E+00  0.000000E+00
  0.261817E+01  0.306292E+00 -0.171348E-01  0.000000E+00  0.000000E+00  0.000000E+00  0.000000E+00
  0.266450E+01 -0.104750E-04 -0.432362E+00  0.000000E+00  0.000000E+00  0.000000E+00  0.000000E+00
  0.184190E+01 -0.442560E-02  0.220557E+00  0.000000E+00  0.000000E+00  0.000000E+00  0.000000E+00
  0.262081E+01  0.197952E-01  0.257317E+00  0.000000E+00  0.000000E+00  0.000000E+00  0.000000E+00
  0.195310E+01  0.567923E-02  0.245656E+00  0.000000E+00  0.000000E+00  0.000000E+00  0.000000E+00
  0.283660E+01  0.154269E-02  0.475025E+00  0.000000E+00  0.000000E+00  0.000000E+00  0.000000E+00
  0.180092E+01  0.187004E+00 -0.121037E-01  0.000000E+00  0.000000E+00  0.000000E+00  0.000000E+00
  0.273363E+01  0.401064E+00 -0.113243E-01  0.000000E+00  0.000000E+00  0.000000E+00  0.000000E+00
  0.192431E+01  0.135270E-01  0.206006E+00  0.000000E+00  0.000000E+00  0.000000E+00  0.000000E+00
  0.204262E+01  0.254058E+00 -0.955154E-02  0.000000E+00  0.000000E+00  0.000000E+00  0.000000E+00
  0.207272E+01 -0.275825E+00 -0.541620E-02  0.000000E+00  0.000000E+00  0.000000E+00  0.000000E+00
  0.248540E+01 -0.910062E-02 -0.360462E+00  0.000000E+00  0.000000E+00  0.000000E+00  0.000000E+00
  0.204158E+01  0.650972E-03  0.274559E+00  0.000000E+00  0.000000E+00  0.000000E+00  0.000000E+00
  0.239378E+01  0.159029E-01  0.280721E+00  0.000000E+00  0.000000E+00  0.000000E+00  0.000000E+00
  0.166360E+01 -0.172230E+00 -0.678986E-02  0.000000E+00  0.000000E+00  0.000000E+00  0.000000E+00
  0.251139E+01 -0.346984E+00  0.118012E-01  0.000000E+00  0.000000E+00  0.000000E+00  0.000000E+00
  0.175458E+01 -0.195721E+00 -0.617993E-02  0.000000E+00  0.000000E+00  0.000000E+00  0.000000E+00
  0.221274E+01  0.312265E+00  0.472018E-02  0.000000E+00  0.000000E+00  0.000000E+00  0.000000E+00
  0.201535E+01 -0.885466E-02 -0.250636E+00  0.000000E+00  0.000000E+00  0.000000E+00  0.000000E+00
  0.238374E+01  0.328341E+00 -0.104292E-01  0.000000E+00  0.000000E+00  0.000000E+00  0.000000E+00
  0.250933E+01 -0.387887E+00 -0.404886E-02  0.000000E+00  0.000000E+00  0.000000E+00  0.000000E+00
  0.227926E+01 -0.127397E-01 -0.288092E+00  0.000000E+00  0.000000E+00  0.000000E+00  0.000000E+00
  0.272079E+01  0.283641E+00  0.193109E-01  0.000000E+00  0.000000E+00  0.000000E+00  0.000000E+00
  0.172046E+01  0.885714E-02  0.180811E+00  0.000000E+00  0.000000E+00  0.000000E+00  0.000000E+00
  0.226731E+01 -0.166669E-01  0.247307E+00  0.000000E+00  0.000000E+00  0.000000E+00  0.000000E+00
  0.190453E+01 -0.227313E+00 -0.800679E-02  0.000000E+00  0.000000E+00  0.000000E+00  0.000000E+00
  0.212085E+01  0.286156E+00 -0.598334E-02  0.000000E+00  0.000000E+00  0.000000E+00  0.000000E+00
  0.261487E+01 -0.446270E-02  0.413054E+00  0.000000E+00  0.000000E+00  0.000000E+00  0.000000E+00
  0.209813E+01 -0.104951E-01  0.262273E+00  0.000000E+00  0.000000E+00  0.000000E+00  0.000000E+00
  0.273410E+01 -0.337542E+00  0.165324E-01  0.000000E+00  0.000000E+00  0.000000E+00  0.000000E+00
  0.264764E+01 -0.141785E-01 -0.352585E+00  0.000000E+00  0.000000E+00  0.000000E+00  0.000000E+00
  0.212251E+01 -0.122888E-01 -0.257023E+00  0.000000E+00  0.000000E+00  0.000000E+00  0.000000E+00
  0.252007E+01  0.181999E-01  0.271349E+00  0.000000E+00  0.000000E+00  0.000000E+00  0.000000E+00
  0.206643E+01  0.226565E+00  0.147828E-01  0.000000E+00  0.000000E+00  0.000000E+00  0.000000E+00
  0.218243E+01  0.223794E+00  0.173185E-01  0.000000E+00  0.000000E+00  0.000000E+00  0.000000E+00
  0.169571E+01 -0.412911E-02  0.184515E+00  0.000000E+00  0.000000E+00  0.000000E+00  0.000000E+00
  0.181906E+01  0.193925E+00 -0.114823E-01  0.000000E+00  0.000000E+00  0.000000E+00  0.000000E+00
  0.212404E+01  0.218217E+00 -0.168592E-01  0.000000E+00  0.000000E+00  0.000000E+00  0.000000E+00
  0.233158E+01  0.238026E+00 -0.182408E-01  0.000000E+00  0.000000E+00  0.000000E+00  0.000000E+00
  0.233621E+01 -0.787779E-02 -0.331453E+00  0.000000E+00  0.000000E+00  0.000000E+00  0.000000E+00
  0.233550E+01 -0.133716E-01 -0.294938E+00  0.000000E+00  0.000000E+00  0.000000E+00  0.000000E+00
  0.190090E+01  0.279763E-02 -0.237534E+00  0.000000E+00  0.000000E+00  0.000000E+00  0.000000E+00
  0.230192E+01 -0.463047E-02  0.334671E+00  0.000000E+00  0.000000E+00  0.000000E+00  0.000000E+00
  0.233491E+01  0.488366E-02  0.342194E+00  0.000000E+00  0.000000E+00  0.000000E+00  0.000000E+00
  0.266651E+01 -0.113520E-01 -0.385671E+00  0.000000E+00  0.000000E+00  0.000000E+00  0.000000E+00
  0.182518E+01 -0.184944E+00  0.135190E-01  0.000000E+00  0.000000E+00  0.000000E+00  0.000000E+00
  0.192203E+01  0.212552E-02  0.243500E+00  0.000000E+00  0.000000E+00  0.000000E+00  0.000000E+00
  0.240654E+01  0.448435E-02  0.361098E+00  0.000000E+00  0.000000E+00  0.000000E+00  0.000000E+00
  0.271671E+01  0.173693E-01 -0.320474E+00  0.000000E+00  0.000000E+00  0.000000E+00  0.000000E+00
  0.231228E+01  0.154343E-01 -0.269976E+00  0.000000E+00  0.000000E+00  0.000000E+00  0.000000E+00
  0.174762E+01  0.194786E+00  0.578909E-02  0.000000E+00  0.000000E+00  0.000000E+00  0.000000E+00
  0.202807E+01 -0.164361E-01  0.204373E+00  0.000000E+00  0.000000E+00  0.000000E+00  0.000000E+00
  0.218704E+01  0.764642E-02  0.296552E+00  0.000000E+00  0.000000E+00  0.000000E+00  0.000000E+00
  0.255866E+01  0.282800E+00 -0.179195E-01  0.000000E+00  0.000000E+00  0.000000E+00  0.000000E+00
  0.191122E+01  0.204710E+00 -0.132842E-01  0.000000E+00  0.000000E+00  0.000000E+00  0.000000E+00
  0.245151E+01  0.626607E-02  0.366357E+00  0.000000E+00  0.000000E+00  0.000000E+00  0.000000E+00
  0.252084E+01 -0.299175E+00 -0.163784E-01  0.000000E+00  0.000000E+00  0.000000E+00  0.000000E+00
  0.176572E+01  0.538783E-02 -0.199998E+00  0.000000E+00  0.000000E+00  0.000000E+00  0.000000E+00
  0.231829E+01  0.178677E-01  0.241097E+00  0.000000E+00  0.000000E+00  0.000000E+00  0.000000E+00
  0.190255E+01  0.129440E-01 -0.204857E+00  0.000000E+00  0.000000E+00  0.000000E+00  0.000000E+00
  0.220553E+01  0.136414E-01  0.264944E+00  0.000000E+00  0.000000E+00  0.000000E+00  0.000000E+00
  0.268102E+01 -0.118329E-02 -0.436054E+00  0.000000E+00  0.000000E+00  0.000000E+00  0.000000E+00
  0.278003E+01 -0.451482E-02  0.454020E+00  0.000000E+00  0.000000E+00  0.000000E+00  0.000000E+00
  0.172590E+01 -0.194364E+00  0.153037E-02  0.000000E+00  0.000000E+00  0.000000E+00  0.000000E+00
  0.265430E+01 -0.861231E-02 -0.403472E+00  0.000000E+00  0.000000E+00  0.000000E+00  0.000000E+00
  0.245086E+01 -0.169061E-01  0.278665E+00  0.000000E+00  0.000000E+00  0.000000E+00  0.000000E+00
  0.207186E+01 -0.281508E+00 -0.189231E-02  0.000000E+00  0.000000E+00  0.000000E+00  0.000000E+00
  0.269394E+01  0.353004E+00 -0.149123E-01  0.000000E+00  0.000000E+00  0.000000E+00  0.000000E+00
  0.196118E+01 -0.114722E-01 -0.225941E+00  0.000000E+00  0.000000E+00  0.000000E+00  0.000000E+00
  0.276986E+01  0.397759E+00 -0.124790E-01  0.000000E+00  0.000000E+00  0.000000E+00  0.000000E+00
  0.193249E+01  0.224598E+00  0.104098E-01  0.000000E+00  0.000000E+00  0.000000E+00  0.000000E+00
  0.173893E+01 -0.191415E+00  0.640655E-02  0.000000E+00  0.000000E+00  0.000000E+00  0.000000E+00
  0.246550E+01 -0.269332E+00 -0.177278E-01  0.000000E+00  0.000000E+00  0.000000E+00  0.000000E+00
  0.193796E+01  0.245837E+00  0.359432E-02  0.000000E+00  0.000000E+00  0.000000E+00  0.000000E+00
  0.248297E+01  0.381802E+00  0.384617E-02  0.000000E+00  0.000000E+00  0.000000E+00  0.000000E+00
  0.213294E+01  0.161073E-01 -0.227738E+00  0.000000E+00  0.000000E+00  0.000000E+00  0.000000E+00
  0.202767E+01 -0.644003E-02  0.261980E+00  0.000000E+00  0.000000E+00  0.000000E+00  0.000000E+00
  0.247930E+01  0.193240E-01  0.244565E+00  0.000000E+00  0.000000E+00  0.000000E+00  0.000000E+00
  0.247900E+01 -0.296888E+00  0.159407E-01  0.000000E+00  0.000000E+00  0.000000E+00  0.000000E+00
  0.240865E+01  0.178448E-01 -0.257441E+00  0.000000E+00  0.000000E+00  0.000000E+00  0.000000E+00
  0.199755E+01  0.207894E+00  0.153613E-01  0.000000E+00  0.000000E+00  0.000000E+00  0.000000E+00
  0.222889E+01  0.306725E+00 -0.762602E-02  0.000000E+00  0.000000E+00  0.000000E+00  0.000000E+00
  0.200746E+01 -0.658030E-02  0.256632E+00  0.000000E+00  0.000000E+00  0.000000E+00  0.000000E+00
  0.266810E+01  0.432145E+00 -0.180196E-02  0.000000E+00  0.000000E+00  0.000000E+00  0.000000E+00
  0.175301E+01  0.232283E-02  0.200720E+00  0.000000E+00  0.000000E+00  0.000000E+00  0.000000E+00
  0.227831E+01 -0.311246E+00 -0.917379E-02  0.000000E+00  0.000000E+00  0.000000E+00  0.000000E+00
  0.263464E+01  0.416748E+00  0.484507E-02  0.000000E+00  0.000000E+00  0.000000E+00  0.000000E+00
  0.242012E+01  0.493244E-02  0.363207E+00  0.000000E+00  0.000000E+00  0.000000E+00  0.000000E+00
  0.254049E+01 -0.394441E+00  0.449115E-02  0.000000E+00  0.000000E+00  0.000000E+00  0.000000E+00
  0.266294E+01  0.430279E+00 -0.220694E-02  0.000000E+00  0.000000E+00  0.000000E+00  0.000000E+00
  0.190897E+01 -0.133360E-01 -0.203912E+00  0.000000E+00  0.000000E+00  0.000000E+00  0.000000E+00
  0.227979E+01 -0.152511E-01 -0.265413E+00  0.000000E+00  0.000000E+00  0.000000E+00  0.000000E+00
  0.263914E+01  0.145844E-01  0.345949E+00  0.000000E+00  0.000000E+00  0.000000E+00  0.000000E+00
  0.258539E+01  0.169258E-01 -0.303457E+00  0.000000E+00  0.000000E+00  0.000000E+00  0.000000E+00
  0.234578E+01 -0.154709E-01 -0.276243E+00  0.000000E+00  0.000000E+00  0.000000E+00  0.000000E+00
  0.242125E+01 -0.295642E+00  0.150876E-01  0.000000E+00  0.000000E+00  0.000000E+00  0.000000E+00
  0.212854E+01 -0.101817E-01 -0.270950E+00  0.000000E+00  0.000000E+00  0.000000E+00  0.000000E+00
  0.256473E+01  0.324780E+00 -0.150735E-01  0.000000E+00  0.000000E+00  0.000000E+00  0.000000E+00
  0.185087E+01 -0.223477E+00  0.398318E-02  0.000000E+00  0.000000E+00  0.000000E+00  0.000000E+00
  0.249513E+01 -0.103662E-01  0.354419E+00  0.000000E+00  0.000000E+00  0.000000E+00  0.000000E+00
  0.220486E+01  0.300010E+00 -0.784958E-02  0.000000E+00  0.000000E+00  0.000000E+00  0.000000E+00
  0.258105E+01 -0.286445E+00 -0.179377E-01  0.000000E+00  0.000000E+00  0.000000E+00  0.000000E+00
  0.225481E+01  0.302528E+00  0.976519E-02  0.000000E+00  0.000000E+00  0.000000E+00  0.000000E+00
  0.210072E+01  0.289591E+00  0.378771E-03  0.000000E+00  0.000000E+00  0.000000E+00  0.000000E+00
  0.181951E+01 -0.125351E-01  0.188987E+00  0.000000E+00  0.000000E+00  0.000000E+00  0.000000E+00
  0.261192E+01 -0.273947E+00  0.189181E-01  0.000000E+00  0.000000E+00  0.000000E+00  0.000000E+00
  0.260133E+01 -0.273194E+00 -0.188661E-01  0.000000E+00  0.000000E+00  0.000000E+00  0.000000E+00
  0.268411E+01 -0.357242E+00 -0.144202E-01  0.000000E+00  0.000000E+00  0.000000E+00  0.000000E+00
  0.217955E+01  0.171534E-01  0.225213E+00  0.000000E+00  0.000000E+00  0.000000E+00  0.000000E+00
  0.192437E+01 -0.233420E+00 -0.758790E-02  0.000000E+00  0.000000E+00  0.000000E+00  0.000000E+00
  0.229594E+01 -0.733035E-03  0.338905E+00  0.000000E+00  0.000000E+00  0.000000E+00  0.000000E+00
  0.234293E+01 -0.265048E+00  0.163863E-01  0.000000E+00  0.000000E+00  0.000000E+00  0.000000E+00
  0.204685E+01 -0.223728E+00  0.146383E-01  0.000000E+00  0.000000E+00  0.000000E+00  0.000000E+00
  0.240963E+01 -0.365229E+00 -0.296903E-02  0.000000E+00  0.000000E+00  0.000000E+00  0.000000E+00
  0.250973E+01  0.335360E-02 -0.389623E+00  0.000000E+00  0.000000E+00  0.000000E+00  0.000000E+00
  0.223605E+01 -0.118673E-01  0.285070E+00  0.000000E+00  0.000000E+00  0.000000E+00  0.000000E+00
  0.202230E+01 -0.149274E-01  0.216401E+00  0.000000E+00  0.000000E+00  0.000000E+00  0.000000E+00
  0.276777E+01 -0.201932E-01  0.270314E+00  0.000000E+00  0.000000E+00  0.000000E+00  0.000000E+00
  0.282927E+01 -0.200982E-01  0.281946E+00  0.000000E+00  0.000000E+00  0.000000E+00  0.000000E+00
  0.204708E+01 -0.273957E+00  0.306848E-02  0.000000E+00  0.000000E+00  0.000000E+00  0.000000E+00
  0.178596E+01  0.191543E+00 -0.102330E-01  0.000000E+00  0.000000E+00  0.000000E+00  0.000000E+00
  0.260294E+01  0.581457E-02 -0.405347E+00  0.000000E+00  0.000000E+00  0.000000E+00  0.000000E+00
  0.273863E+01  0.389882E+00  0.125772E-01  0.000000E+00  0.000000E+00  0.000000E+00  0.000000E+00
  0.276767E+01  0.184495E-01 -0.309393E+00  0.000000E+00  0.000000E+00  0.000000E+00  0.000000E+00
  0.194961E+01 -0.128102E-01  0.215858E+00  0.000000E+00  0.000000E+00  0.000000E+00  0.000000E+00
  0.180342E+01 -0.126639E-01 -0.184819E+00  0.000000E+00  0.000000E+00  0.000000E+00  0.000000E+00
  0.201277E+01  0.249175E+00  0.906209E-02  0.000000E+00  0.000000E+00  0.000000E+00  0.000000E+00
  0.211990E+01  0.294355E+00  0.731283E-03  0.000000E+00  0.000000E+00  0.000000E+00  0.000000E+00
  0.280425E+01 -0.168881E-01  0.344884E+00  0.000000E+00  0.000000E+00  0.000000E+00  0.000000E+00
  0.271142E+01 -0.444168E+00  0.454194E-03  0.000000E+00  0.000000E+00  0.000000E+00  0.000000E+00
  0.174413E+01 -0.185051E+00 -0.929600E-02  0.000000E+00  0.000000E+00  0.000000E+00  0.000000E+00
  0.224350E+01 -0.293626E+00 -0.108287E-01  0.000000E+00  0.000000E+00  0.000000E+00  0.000000E+00
  0.233998E+01  0.279407E+00 -0.150714E-01  0.000000E+00  0.000000E+00  0.000000E+00  0.000000E+00
  0.243646E+01  0.597727E-02 -0.363760E+00  0.000000E+00  0.000000E+00  0.000000E+00  0.000000E+00
  0.258072E+01  0.411125E+00 -0.275926E-03  0.000000E+00  0.000000E+00  0.000000E+00  0.000000E+00
  0.255917E+01  0.164350E-01  0.305708E+00  0.000000E+00  0.000000E+00  0.000000E+00  0.000000E+00
  0.277641E+01 -0.453454E+00  0.441480E-02  0.000000E+00  0.000000E+00  0.000000E+00  0.000000E+00
  0.245509E+01 -0.126240E-01  0.327427E+00  0.000000E+00  0.000000E+00  0.000000E+00  0.000000E+00
  0.239898E+01 -0.249677E+00 -0.182420E-01  0.000000E+00  0.000000E+00  0.000000E+00  0.000000E+00
  0.174562E+01 -0.199287E+00  0.164952E-02  0.000000E+00  0.000000E+00  0.000000E+00  0.000000E+00
  0.275872E+01 -0.878841E-02  0.427096E+00  0.000000E+00  0.000000E+00  0.000000E+00  0.000000E+00
  0.272030E+01 -0.389983E+00 -0.121730E-01  0.000000E+00  0.000000E+00  0.000000E+00  0.000000E+00
  0.244181E+01 -0.306747E+00 -0.144563E-01  0.000000E+00  0.000000E+00  0.000000E+00  0.000000E+00
  0.283055E+01  0.187683E-01  0.313392E+00  0.000000E+00  0.000000E+00  0.000000E+00  0.000000E+00
  0.204431E+01  0.204984E+00  0.166913E-01  0.000000E+00  0.000000E+00  0.000000E+00  0.000000E+00
  0.282864E+01 -0.423361E+00  0.112353E-01  0.000000E+00  0.000000E+00  0.000000E+00  0.000000E+00
  0.184171E+01 -0.908594E-02 -0.208727E+00  0.000000E+00  0.000000E+00  0.000000E+00  0.000000E+00
  0.268455E+01 -0.155853E-01 -0.342030E+00  0.000000E+00  0.000000E+00  0.000000E+00  0.000000E+00
  0.282568E+01  0.353681E+00  0.166073E-01  0.000000E+00  0.000000E+00  0.000000E+00  0.000000E+00
  0.210607E+01  0.144211E-01  0.237687E+00  0.000000E+00  0.000000E+00  0.000000E+00  0.000000E+00
  0.208360E+01 -0.140941E-01 -0.235632E+00  0.000000E+00  0.000000E+00  0.000000E+00  0.000000E+00
  0.247620E+01 -0.360422E+00 -0.873857E-02  0.000000E+00  0.000000E+00  0.000000E+00  0.000000E+00
  0.235369E+01  0.259230E+00  0.170064E-01  0.000000E+00  0.000000E+00  0.000000E+00  0.000000E+00
  0.253844E+01 -0.190842E-02 -0.399277E+00  0.000000E+00  0.000000E+00  0.000000E+00  0.000000E+00
  0.255584E+01 -0.104542E-01  0.367755E+00  0.000000E+00  0.000000E+00  0.000000E+00  0.000000E+00
  0.215980E+01  0.687227E-02 -0.292848E+00  0.000000E+00  0.000000E+00  0.000000E+00  0.000000E+00
  0.241579E+01 -0.189834E-01  0.240364E+00  0.000000E+00  0.000000E+00  0.000000E+00  0.000000E+00
  0.269297E+01  0.182760E-01 -0.299932E+00  0.000000E+00  0.000000E+00  0.000000E+00  0.000000E+00
  0.278374E+01 -0.278659E+00 -0.199541E-01  0.000000E+00  0.000000E+00  0.000000E+00  0.000000E+00
  0.254023E+01  0.255884E+00  0.192452E-01  0.000000E+00  0.000000E+00  0.000000E+00  0.000000E+00
  0.210110E+01  0.376615E-03 -0.289689E+00  0.000000E+00  0.000000E+00  0.000000E+00  0.000000E+00
  0.267860E+01  0.165268E-01  0.327089E+00  0.000000E+00  0.000000E+00  0.000000E+00  0.000000E+00
  0.191833E+01 -0.406954E-03  0.243415E+00  0.000000E+00  0.000000E+00  0.000000E+00  0.000000E+00
  0.254452E+01  0.111659E-02 -0.401582E+00  0.000000E+00  0.000000E+00  0.000000E+00  0.000000E+00
  0.243794E+01 -0.170225E-03 -0.374993E+00  0.000000E+00  0.000000E+00  0.000000E+00  0.000000E+00
  0.205786E+01 -0.219396E+00  0.154236E-01  0.000000E+00  0.000000E+00  0.000000E+00  0.000000E+00
  0.236866E+01  0.242341E+00 -0.183776E-01  0.000000E+00  0.000000E+00  0.000000E+00  0.000000E+00
  0.265262E+01 -0.318908E+00 -0.167388E-01  0.000000E+00  0.000000E+00  0.000000E+00  0.000000E+00
  0.213396E+01 -0.154890E-01  0.233946E+00  0.000000E+00  0.000000E+00  0.000000E+00  0.000000E+00
  0.253010E+01  0.978551E-02 -0.366552E+00  0.000000E+00  0.000000E+00  0.000000E+00  0.000000E+00
  0.166588E+01  0.174350E+00 -0.596366E-02  0.000000E+00  0.000000E+00  0.000000E+00  0.000000E+00
  0.232562E+01 -0.144260E-01 -0.283045E+00  0.000000E+00  0.000000E+00  0.000000E+00  0.000000E+00
  0.227032E+01 -0.266475E+00 -0.149572E-01  0.000000E+00  0.000000E+00  0.000000E+00  0.000000E+00
  0.196564E+01  0.994385E-02  0.234350E+00  0.000000E+00  0.000000E+00  0.000000E+00  0.000000E+00
  0.241069E+01  0.259345E+00  0.177415E-01  0.000000E+00  0.000000E+00  0.000000E+00  0.000000E+00
  0.218169E+01  0.528746E-02 -0.303109E+00  0.000000E+00  0.000000E+00  0.000000E+00  0.000000E+00
  0.175901E+01  0.201234E+00 -0.339002E-02  0.000000E+00  0.000000E+00  0.000000E+00  0.000000E+00
  0.230792E+01 -0.819742E-02 -0.323170E+00  0.000000E+00  0.000000E+00  0.000000E+00  0.000000E+00
  0.185530E+01  0.221056E+00 -0.590342E-02  0.000000E+00  0.000000E+00  0.000000E+00  0.000000E+00
  0.209206E+01  0.251801E+00 -0.120561E-01  0.000000E+00  0.000000E+00  0.000000E+00  0.000000E+00
  0.232226E+01 -0.143001E-01 -0.283571E+00  0.000000E+00  0.000000E+00  0.000000E+00  0.000000E+00
  0.249567E+01 -0.376651E+00  0.639570E-02  0.000000E+00  0.000000E+00  0.000000E+00  0.000000E+00
  0.267220E+01 -0.423333E+00  0.558506E-02  0.000000E+00  0.000000E+00  0.000000E+00  0.000000E+00
  0.234247E+01 -0.343899E+00  0.494433E-02  0.000000E+00  0.000000E+00  0.000000E+00  0.000000E+00
  0.276053E+01  0.180102E-01 -0.316726E+00  0.000000E+00  0.000000E+00  0.000000E+00  0.000000E+00
  0.225465E+01 -0.166553E-01 -0.245056E+00  0.000000E+00  0.000000E+00  0.000000E+00  0.000000E+00
  0.197672E+01 -0.236249E+00  0.100934E-01  0.000000E+00  0.000000E+00  0.000000E+00  0.000000E+00
  0.251718E+01 -0.387018E+00 -0.501975E-02  0.000000E+00  0.000000E+00  0.000000E+00  0.000000E+00
  0.193391E+01  0.131323E-01 -0.210511E+00  0.000000E+00  0.000000E+00  0.000000E+00  0.000000E+00
  0.197113E+01  0.245832E+00  0.723297E-02  0.000000E+00  0.000000E+00  0.000000E+00  0.000000E+00
  0.250068E+01 -0.665353E-02 -0.376788E+00  0.000000E+00  0.000000E+00  0.000000E+00  0.000000E+00
  0.269448E+01  0.196422E-01  0.272165E+00  0.000000E+00  0.000000E+00  0.000000E+00  0.000000E+00
  0.265361E+01 -0.416059E+00  0.622837E-02  0.000000E+00  0.000000E+00  0.000000E+00  0.000000E+00
  0.162196E+01 -0.415021E-02  0.166077E+00  0.000000E+00  0.000000E+00  0.000000E+00  0.000000E+00
  0.226585E+01 -0.159871E-01  0.254807E+00  0.000000E+00  0.000000E+00  0.000000E+00  0.000000E+00
  0.283249E+01 -0.314543E+00 -0.187299E-01  0.000000E+00  0.000000E+00  0.000000E+00  0.000000E+00
  0.173914E+01  0.294119E-02 -0.196704E+00  0.000000E+00  0.000000E+00  0.000000E+00  0.000000E+00
  0.199575E+01  0.200981E+00  0.161290E-01  0.000000E+00  0.000000E+00  0.000000E+00  0.000000E+00
  0.181512E+01  0.205547E+00  0.811599E-02  0.000000E+00  0.000000E+00  0.000000E+00  0.000000E+00
  0.230610E+01 -0.616531E-02 -0.331071E+00  0.000000E+00  0.000000E+00  0.000000E+00  0.000000E+00
  0.180802E+01 -0.196392E+00 -0.102964E-01  0.000000E+00  0.000000E+00  0.000000E+00  0.000000E+00
  0.201621E+01 -0.267338E+00 -0.203492E-02  0.000000E+00  0.000000E+00  0.000000E+00  0.000000E+00
  0.163155E+01  0.482860E-02  0.167624E+00  0.000000E+00  0.000000E+00  0.000000E+00  0.000000E+00
  0.211455E+01 -0.212403E+00  0.172288E-01  0.000000E+00  0.000000E+00  0.000000E+00  0.000000E+00
  0.180685E+01  0.518310E-02  0.210547E+00  0.000000E+00  0.000000E+00  0.000000E+00  0.000000E+00
  0.281652E+01 -0.145714E-01  0.382601E+00  0.000000E+00  0.000000E+00  0.000000E+00  0.000000E+00
  0.248558E+01  0.187432E-01  0.256137E+00  0.000000E+00  0.000000E+00  0.000000E+00  0.000000E+00
  0.269364E+01  0.416775E+00  0.797308E-02  0.000000E+00  0.000000E+00  0.000000E+00  0.000000E+00
  0.255512E+01  0.194147E-01  0.254944E+00  0.000000E+00  0.000000E+00  0.000000E+00  0.000000E+00
  0.221546E+01  0.263991E+00 -0.140032E-01  0.000000E+00  0.000000E+00  0.000000E+00  0.000000E+00
  0.197617E+01  0.649351E-02  0.249233E+00  0.000000E+00  0.000000E+00  0.000000E+00  0.000000E+00
  0.229344E+01 -0.338393E+00 -0.304712E-03  0.000000E+00  0.000000E+00  0.000000E+00  0.000000E+00
  0.278112E+01  0.382788E+00 -0.139904E-01  0.000000E+00  0.000000E+00  0.000000E+00  0.000000E+00
  0.166613E+01 -0.178771E+00  0.239235E-02  0.000000E+00  0.000000E+00  0.000000E+00  0.000000E+00
  0.273149E+01 -0.317973E+00  0.176635E-01  0.000000E+00  0.000000E+00  0.000000E+00  0.000000E+00
  0.276175E+01 -0.456698E+00 -0.882033E-03  0.000000E+00  0.000000E+00  0.000000E+00  0.000000E+00
  0.241515E+01  0.294913E+00  0.150425E-01  0.000000E+00  0.000000E+00  0.000000E+00  0.000000E+00
  0.200678E+01  0.265490E+00  0.128366E-02  0.000000E+00  0.000000E+00  0.000000E+00  0.000000E+00
  0.267132E+01  0.629120E-02 -0.420118E+00  0.000000E+00  0.000000E+00  0.000000E+00  0.000000E+00
  0.248695E+01 -0.332005E+00  0.128833E-01  0.000000E+00  0.000000E+00  0.000000E+00  0.000000E+00
  0.269034E+01 -0.434983E+00 -0.333420E-02  0.000000E+00  0.000000E+00  0.000000E+00  0.000000E+00
  0.253944E+01 -0.406953E-02 -0.395353E+00  0.000000E+00  0.000000E+00  0.000000E+00  0.000000E+00
  0.231138E+01 -0.266669E+00  0.157203E-01  0.000000E+00  0.000000E+00  0.000000E+00  0.000000E+00
  0.257366E+01  0.305517E+00 -0.166396E-01  0.000000E+00  0.000000E+00  0.000000E+00  0.000000E+00
  0.231609E+01 -0.343718E+00  0.125566E-02  0.000000E+00  0.000000E+00  0.000000E+00  0.000000E+00
  0.193899E+01  0.100373E-01 -0.227755E+00  0.000000E+00  0.000000E+00  0.000000E+00  0.000000E+00
  0.218389E+01  0.151073E-01 -0.247539E+00  0.000000E+00  0.000000E+00  0.000000E+00  0.000000E+00
  0.241425E+01  0.457111E-03  0.368941E+00  0.000000E+00  0.000000E+00  0.000000E+00  0.000000E+00
  0.215815E+01  0.163700E-01 -0.229889E+00  0.000000E+00  0.000000E+00  0.000000E+00  0.000000E+00
  0.230137E+01  0.340157E+00  0.993392E-03  0.000000E+00  0.000000E+00  0.000000E+00  0.000000E+00
  0.283664E+01  0.475041E+00 -0.153813E-02  0.000000E+00  0.000000E+00  0.000000E+00  0.000000E+00
  0.278194E+01 -0.454701E+00  0.445378E-02  0.000000E+00  0.000000E+00  0.000000E+00  0.000000E+00
  0.240116E+01 -0.189201E-01  0.239028E+00  0.000000E+00  0.000000E+00  0.000000E+00  0.000000E+00
  0.214934E+01 -0.273779E+00 -0.105418E-01  0.000000E+00  0.000000E+00  0.000000E+00  0.000000E+00
  0.196632E+01  0.221695E+00  0.124421E-01  0.000000E+00  0.000000E+00  0.000000E+00  0.000000E+00
  0.247476E+01  0.157140E-01 -0.298911E+00  0.000000E+00  0.000000E+00  0.000000E+00  0.000000E+00
  0.202247E+01 -0.761107E-02 -0.257005E+00  0.000000E+00  0.000000E+00  0.000000E+00  0.000000E+00
  0.263868E+01 -0.270973E+00  0.192850E-01  0.000000E+00  0.000000E+00  0.000000E+00  0.000000E+00
  0.217237E+01 -0.307300E+00  0.137286E-02  0.000000E+00  0.000000E+00  0.000000E+00  0.000000E+00
  0.255289E+01  0.159695E-01 -0.310913E+00  0.000000E+00  0.000000E+00  0.000000E+00  0.000000E+00
  0.236456E+01  0.316955E+00  0.114348E-01  0.000000E+00  0.000000E+00  0.000000E+00  0.000000E+00
  0.182318E+01 -0.853655E-02 -0.206173E+00  0.000000E+00  0.000000E+00  0.000000E+00  0.000000E+00
  0.243832E+01 -0.158915E-01  0.289565E+00  0.000000E+00  0.000000E+00  0.000000E+00  0.000000E+00
  0.281296E+01 -0.284956E+00 -0.198798E-01  0.000000E+00  0.000000E+00  0.000000E+00  0.000000E+00
  0.208771E+01  0.242418E+00 -0.133042E-01  0.000000E+00  0.000000E+00  0.000000E+00  0.000000E+00
  0.208129E+01  0.161649E-01  0.217183E+00  0.000000E+00  0.000000E+00  0.000000E+00  0.000000E+00
  0.176476E+01 -0.203993E+00 -0.186929E-02  0.000000E+00  0.000000E+00  0.000000E+00  0.000000E+00
  0.231150E+01  0.533917E-02 -0.335075E+00  0.000000E+00  0.000000E+00  0.000000E+00  0.000000E+00
  0.230499E+01  0.301054E+00  0.117825E-01  0.000000E+00  0.000000E+00  0.000000E+00  0.000000E+00
  0.220167E+01  0.150957E-01  0.251238E+00  0.000000E+00  0.000000E+00  0.000000E+00  0.000000E+00
  0.267915E+01 -0.189265E-01  0.284904E+00  0.000000E+00  0.000000E+00  0.000000E+00  0.000000E+00
  0.278951E+01  0.353854E+00 -0.161717E-01  0.000000E+00  0.000000E+00  0.000000E+00  0.000000E+00
  0.230080E+01  0.163352E-01 -0.257593E+00  0.000000E+00  0.000000E+00  0.000000E+00  0.000000E+00
  0.234279E+01  0.166686E-01 -0.261529E+00  0.000000E+00  0.000000E+00  0.000000E+00  0.000000E+00
  0.255676E+01  0.295944E+00 -0.170709E-01  0.000000E+00  0.000000E+00  0.000000E+00  0.000000E+00
  0.267569E+01  0.380804E+00 -0.121021E-01  0.000000E+00  0.000000E+00  0.000000E+00  0.000000E+00
  0.167751E+01  0.232437E-02 -0.181687E+00  0.000000E+00  0.000000E+00  0.000000E+00  0.000000E+00
  0.193602E+01  0.208124E+00  0.135856E-01  0.000000E+00  0.000000E+00  0.000000E+00  0.000000E+00
  0.220330E+01  0.297136E+00 -0.842489E-02  0.000000E+00  0.000000E+00  0.000000E+00  0.000000E+00
  0.266061E+01 -0.191728E-01  0.276835E+00  0.000000E+00  0.000000E+00  0.000000E+00  0.000000E+00
  0.192500E+01 -0.214820E+00 -0.120430E-01  0.000000E+00  0.000000E+00  0.000000E+00  0.000000E+00
  0.222820E+01  0.236568E+00  0.169541E-01  0.000000E+00  0.000000E+00  0.000000E+00  0.000000E+00
  0.208746E+01 -0.237398E+00  0.139705E-01  0.000000E+00  0.000000E+00  0.000000E+00  0.000000E+00
  0.265065E+01 -0.299358E+00 -0.179014E-01  0.000000E+00  0.000000E+00  0.000000E+00  0.000000E+00
  0.278209E+01 -0.145233E-01 -0.376155E+00  0.000000E+00  0.000000E+00  0.000000E+00  0.000000E+00
  0.263882E+01 -0.380305E+00 -0.112499E-01  0.000000E+00  0.000000E+00  0.000000E+00  0.000000E+00
  0.281404E+01 -0.393618E+00  0.136766E-01  0.000000E+00  0.000000E+00  0.000000E+00  0.000000E+00
  0.223079E+01 -0.361935E-02  0.319158E+00  0.000000E+00  0.000000E+00  0.000000E+00  0.000000E+00
  0.237038E+01 -0.301703E+00  0.134482E-01  0.000000E+00  0.000000E+00  0.000000E+00  0.000000E+00
  0.216278E+01  0.518607E-02 -0.298696E+00  0.000000E+00  0.000000E+00  0.000000E+00  0.000000E+00
  0.232104E+01  0.291135E+00  0.134525E-01  0.000000E+00  0.000000E+00  0.000000E+00  0.000000E+00
  0.197777E+01 -0.130986E-01 -0.220175E+00  0.000000E+00  0.000000E+00  0.000000E+00  0.000000E+00
  0.227075E+01  0.325476E+00 -0.517146E-02  0.000000E+00  0.000000E+00  0.000000E+00  0.000000E+00
  0.215127E+01 -0.160739E-01  0.231627E+00  0.000000E+00  0.000000E+00  0.000000E+00  0.000000E+00
  0.197704E+01 -0.227650E+00 -0.118140E-01  0.000000E+00  0.000000E+00  0.000000E+00  0.000000E+00
  0.168229E+01  0.580818E-02  0.178661E+00  0.000000E+00  0.000000E+00  0.000000E+00  0.000000E+00
  0.282149E+01 -0.456094E+00  0.645617E-02  0.000000E+00  0.000000E+00  0.000000E+00  0.000000E+00
  0.256205E+01 -0.864900E-02 -0.381326E+00  0.000000E+00  0.000000E+00  0.000000E+00  0.000000E+00
  0.266534E+01  0.171509E-01 -0.314727E+00  0.000000E+00  0.000000E+00  0.000000E+00  0.000000E+00
  0.263762E+01 -0.423985E+00 -0.214617E-02  0.000000E+00  0.000000E+00  0.000000E+00  0.000000E+00
  0.218534E+01  0.204514E-02  0.310006E+00  0.000000E+00  0.000000E+00  0.000000E+00  0.000000E+00
  0.258001E+01 -0.125127E-01 -0.355790E+00  0.000000E+00  0.000000E+00  0.000000E+00  0.000000E+00
  0.255126E+01 -0.323445E+00 -0.149592E-01  0.000000E+00  0.000000E+00  0.000000E+00  0.000000E+00
  0.196876E+01  0.838148E-02 -0.241387E+00  0.000000E+00  0.000000E+00  0.000000E+00  0.000000E+00
  0.258528E+01  0.254833E+00  0.196531E-01  0.000000E+00  0.000000E+00  0.000000E+00  0.000000E+00
  0.227122E+01  0.655623E-02 -0.321142E+00  0.000000E+00  0.000000E+00  0.000000E+00  0.000000E+00
  0.271244E+01 -0.196978E-01  0.273716E+00  0.000000E+00  0.000000E+00  0.000000E+00  0.000000E+00
  0.245377E+01 -0.141296E-01 -0.312669E+00  0.000000E+00  0.000000E+00  0.000000E+00  0.000000E+00
  0.246551E+01  0.381498E+00 -0.125777E-02  0.000000E+00  0.000000E+00  0.000000E+00  0.000000E+00
  0.167621E+01  0.601161E-03  0.182097E+00  0.000000E+00  0.000000E+00  0.000000E+00  0.000000E+00
  0.272779E+01 -0.197867E-01  0.274058E+00  0.000000E+00  0.000000E+00  0.000000E+00  0.000000E+00
  0.204854E+01 -0.129120E-02  0.276046E+00  0.000000E+00  0.000000E+00  0.000000E+00  0.000000E+00
  0.284082E+01 -0.162638E-01 -0.745334E-01  0.000000E+00  0.000000E+00  0.000000E+00  0.000000E+00
  0.284082E+01 -0.704291E-01 -0.132958E+00  0.000000E+00  0.000000E+00  0.000000E+00  0.000000E+00
  0.284082E+01  0.380397E-02 -0.118420E-01  0.000000E+00  0.000000E+00  0.000000E+00  0.000000E+00
  0.284082E+01  0.155303E-01 -0.832661E-02  0.000000E+00  0.000000E+00  0.000000E+00  0.000000E+00
  0.284082E+01 -0.290567E-01 -0.144219E+00  0.000000E+00  0.000000E+00  0.000000E+00  0.000000E+00
  0.284082E+01 -0.107155E+00  0.195390E+00  0.000000E+00  0.000000E+00  0.000000E+00  0.000000E+00
  0.284082E+01  0.616932E-02  0.848287E-01  0.000000E+00  0.000000E+00  0.000000E+00  0.000000E+00
  0.284082E+01  0.470247E-01 -0.189332E-01  0.000000E+00  0.000000E+00  0.000000E+00  0.000000E+00
  0.284082E+01  0.492480E-01  0.618418E-01  0.000000E+00  0.000000E+00  0.000000E+00  0.000000E+00
  0.284082E+01 -0.189804E+00 -0.108356E+00  0.000000E+00  0.000000E+00  0.000000E+00  0.000000E+00
  0.284082E+01 -0.154840E+00  0.157088E-01  0.000000E+00  0.000000E+00  0.000000E+00  0.000000E+00
  0.284082E+01  0.914117E-01  0.197975E+00  0.000000E+00  0.000000E+00  0.000000E+00  0.000000E+00
  0.284082E+01  0.147286E+00 -0.166940E+00  0.000000E+00  0.000000E+00  0.000000E+00  0.000000E+00
  0.284082E+01  0.525893E-01 -0.715434E-02  0.000000E+00  0.000000E+00  0.000000E+00  0.000000E+00
  0.284082E+01 -0.752841E-01 -0.203724E+00  0.000000E+00  0.000000E+00  0.000000E+00  0.000000E+00
  0.284082E+01 -0.888498E-01  0.182227E+00  0.000000E+00  0.000000E+00  0.000000E+00  0.000000E+00
  0.284082E+01  0.465790E-01 -0.518364E-01  0.000000E+00  0.000000E+00  0.000000E+00  0.000000E+00
  0.284082E+01  0.377925E-01  0.170074E-01  0.000000E+00  0.000000E+00  0.000000E+00  0.000000E+00
  0.284082E+01 -0.176694E-01  0.153552E-01  0.000000E+00  0.000000E+00  0.000000E+00  0.000000E+00
  0.284082E+01  0.492931E-02 -0.160084E-01  0.000000E+00  0.000000E+00  0.000000E+00  0.000000E+00
  0.284082E+01  0.265332E-01 -0.115904E-01  0.000000E+00  0.000000E+00  0.000000E+00  0.000000E+00
  0.284082E+01 -0.122003E+00 -0.192965E+00  0.000000E+00  0.000000E+00  0.000000E+00  0.000000E+00
  0.284082E+01  0.887221E-02 -0.987514E-01  0.000000E+00  0.000000E+00  0.000000E+00  0.000000E+00
  0.284082E+01 -0.339206E-01 -0.962561E-01  0.000000E+00  0.000000E+00  0.000000E+00  0.000000E+00
  0.284082E+01  0.132844E+00 -0.164589E-01  0.000000E+00  0.000000E+00  0.000000E+00  0.000000E+00
  0.284082E+01  0.112423E+00  0.561967E-01  0.000000E+00  0.000000E+00  0.000000E+00  0.000000E+00
  0.284082E+01 -0.541188E-01  0.884010E-01  0.000000E+00  0.000000E+00  0.000000E+00  0.000000E+00
  0.284082E+01  0.833887E-01 -0.792160E-01  0.000000E+00  0.000000E+00  0.000000E+00  0.000000E+00
  0.284082E+01 -0.722487E-01 -0.112150E+00  0.000000E+00  0.000000E+00  0.000000E+00  0.000000E+00
  0.284082E+01  0.179559E-01 -0.169051E+00  0.000000E+00  0.000000E+00  0.000000E+00  0.000000E+00
  0.284082E+01  0.960473E-01  0.724539E-01  0.000000E+00  0.000000E+00  0.000000E+00  0.000000E+00
  0.284082E+01  0.312096E-01 -0.101492E+00  0.000000E+00  0.000000E+00  0.000000E+00  0.000000E+00
  0.284082E+01  0.132682E-01  0.365602E-01  0.000000E+00  0.000000E+00  0.000000E+00  0.000000E+00
  0.284082E+01  0.159086E+00 -0.145059E+00  0.000000E+00  0.000000E+00  0.000000E+00  0.000000E+00
  0.284082E+01 -0.111577E+00  0.138479E+00  0.000000E+00  0.000000E+00  0.000000E+00  0.000000E+00
  0.284082E+01  0.471076E-01 -0.653556E-01  0.000000E+00  0.000000E+00  0.000000E+00  0.000000E+00
  0.284082E+01 -0.203085E+00  0.100105E+00  0.000000E+00  0.000000E+00  0.000000E+00  0.000000E+00
  0.284082E+01 -0.160077E+00  0.971158E-01  0.000000E+00  0.000000E+00  0.000000E+00  0.000000E+00
  0.284082E+01  0.192968E+00  0.106995E+00  0.000000E+00  0.000000E+00  0.000000E+00  0.000000E+00
  0.284082E+01  0.152237E+00  0.314472E-01  0.000000E+00  0.000000E+00  0.000000E+00  0.000000E+00
  0.284082E+01 -0.110140E+00 -0.409714E-01  0.000000E+00  0.000000E+00  0.000000E+00  0.000000E+00
  0.284082E+01  0.295055E-01 -0.115575E+00  0.000000E+00  0.000000E+00  0.000000E+00  0.000000E+00
  0.284082E+01  0.895695E-01 -0.142652E-01  0.000000E+00  0.000000E+00  0.000000E+00  0.000000E+00
  0.284082E+01  0.506960E-01  0.381539E-01  0.000000E+00  0.000000E+00  0.000000E+00  0.000000E+00
  0.284082E+01  0.171122E+00 -0.520460E-01  0.000000E+00  0.000000E+00  0.000000E+00  0.000000E+00
  0.284082E+01  0.664384E-01  0.101899E+00  0.000000E+00  0.000000E+00  0.000000E+00  0.000000E+00
  0.284082E+01  0.665596E-01  0.390096E-01  0.000000E+00  0.000000E+00  0.000000E+00  0.000000E+00
  0.284082E+01  0.572704E-01 -0.238623E+00  0.000000E+00  0.000000E+00  0.000000E+00  0.000000E+00
  0.284082E+01  0.339268E-02 -0.702924E-02  0.000000E+00  0.000000E+00  0.000000E+00  0.000000E+00
  0.284082E+01 -0.612174E-02 -0.127551E-01  0.000000E+00  0.000000E+00  0.000000E+00  0.000000E+00
  0.284082E+01 -0.122036E+00 -0.233955E-02  0.000000E+00  0.000000E+00  0.000000E+00  0.000000E+00
  0.284082E+01 -0.477627E-02 -0.268454E-01  0.000000E+00  0.000000E+00  0.000000E+00  0.000000E+00
  0.284082E+01  0.209068E+00 -0.606358E-01  0.000000E+00  0.000000E+00  0.000000E+00  0.000000E+00
  0.284082E+01  0.756494E-01  0.577271E-01  0.000000E+00  0.000000E+00  0.000000E+00  0.000000E+00
  0.284082E+01  0.198405E+00  0.145928E+00  0.000000E+00  0.000000E+00  0.000000E+00  0.000000E+00
  0.284082E+01 -0.203482E+00 -0.123740E+00  0.000000E+00  0.000000E+00  0.000000E+00  0.000000E+00
  0.284082E+01 -0.157653E+00  0.128024E+00  0.000000E+00  0.000000E+00  0.000000E+00  0.000000E+00
  0.284082E+01 -0.211141E-01  0.724309E-01  0.000000E+00  0.000000E+00  0.000000E+00  0.000000E+00
  0.284082E+01  0.111215E+00  0.346989E-01  0.000000E+00  0.000000E+00  0.000000E+00  0.000000E+00
  0.284082E+01 -0.641745E-01 -0.215427E+00  0.000000E+00  0.000000E+00  0.000000E+00  0.000000E+00
  0.284082E+01 -0.100509E-01  0.161475E-02  0.000000E+00  0.000000E+00  0.000000E+00  0.000000E+00
  0.284082E+01 -0.412609E-01 -0.159460E-01  0.000000E+00  0.000000E+00  0.000000E+00  0.000000E+00
  0.284082E+01  0.123877E-02  0.336650E-02  0.000000E+00  0.000000E+00  0.000000E+00  0.000000E+00
  0.284082E+01 -0.134992E+00 -0.782655E-01  0.000000E+00  0.000000E+00  0.000000E+00  0.000000E+00
  0.284082E+01 -0.108174E+00 -0.105392E+00  0.000000E+00  0.000000E+00  0.000000E+00  0.000000E+00
  0.284082E+01 -0.828631E-01 -0.190802E+00  0.000000E+00  0.000000E+00  0.000000E+00  0.000000E+00
  0.284082E+01  0.226297E+00  0.951215E-01  0.000000E+00  0.000000E+00  0.000000E+00  0.000000E+00
  0.284082E+01 -0.268971E-01  0.344931E-01  0.000000E+00  0.000000E+00  0.000000E+00  0.000000E+00
  0.284082E+01  0.281055E-01  0.103332E-01  0.000000E+00  0.000000E+00  0.000000E+00  0.000000E+00
  0.284082E+01  0.477515E-01 -0.355212E-02  0.000000E+00  0.000000E+00  0.000000E+00  0.000000E+00
  0.284082E+01 -0.112111E-01  0.152623E+00  0.000000E+00  0.000000E+00  0.000000E+00  0.000000E+00
  0.284082E+01 -0.125854E+00  0.629180E-01  0.000000E+00  0.000000E+00  0.000000E+00  0.000000E+00
  0.284082E+01 -0.454879E-01  0.872562E-01  0.000000E+00  0.000000E+00  0.000000E+00  0.000000E+00
  0.284082E+01  0.951124E-01 -0.525756E-02  0.000000E+00  0.000000E+00  0.000000E+00  0.000000E+00
  0.284082E+01 -0.115002E+00 -0.169307E-01  0.000000E+00  0.000000E+00  0.000000E+00  0.000000E+00
  0.284082E+01 -0.312272E-02 -0.159172E+00  0.000000E+00  0.000000E+00  0.000000E+00  0.000000E+00
  0.284082E+01 -0.391414E-01 -0.727242E-01  0.000000E+00  0.000000E+00  0.000000E+00  0.000000E+00
  0.284082E+01  0.146175E-01 -0.140881E+00  0.000000E+00  0.000000E+00  0.000000E+00  0.000000E+00
  0.284082E+01  0.174051E-01  0.738615E-02  0.000000E+00  0.000000E+00  0.000000E+00  0.000000E+00
  0.284082E+01  0.130335E+00  0.154083E+00  0.000000E+00  0.000000E+00  0.000000E+00  0.000000E+00
  0.284082E+01 -0.219191E-01  0.137500E+00  0.000000E+00  0.000000E+00  0.000000E+00  0.000000E+00
  0.284082E+01  0.144479E+00 -0.144862E+00  0.000000E+00  0.000000E+00  0.000000E+00  0.000000E+00
  0.284082E+01 -0.556050E-01 -0.135763E-01  0.000000E+00  0.000000E+00  0.000000E+00  0.000000E+00
  0.284082E+01 -0.101458E-01 -0.216537E+00  0.000000E+00  0.000000E+00  0.000000E+00  0.000000E+00
  0.284082E+01  0.127536E+00 -0.706614E-01  0.000000E+00  0.000000E+00  0.000000E+00  0.000000E+00
  0.284082E+01  0.259708E-04  0.329864E-04  0.000000E+00  0.000000E+00  0.000000E+00  0.000000E+00
  0.284082E+01 -0.118030E+00  0.423442E-01  0.000000E+00  0.000000E+00  0.000000E+00  0.000000E+00
  0.284082E+01 -0.170448E+00  0.806070E-01  0.000000E+00  0.000000E+00  0.000000E+00  0.000000E+00
  0.284082E+01  0.107061E+00 -0.139037E+00  0.000000E+00  0.000000E+00  0.000000E+00  0.000000E+00
  0.284082E+01  0.165860E+00 -0.173946E+00  0.000000E+00  0.000000E+00  0.000000E+00  0.000000E+00
  0.284082E+01 -0.221449E-01  0.216476E+00  0.000000E+00  0.000000E+00  0.000000E+00  0.000000E+00
  0.284082E+01  0.181628E+00 -0.142106E+00  0.000000E+00  0.000000E+00  0.000000E+00  0.000000E+00
  0.284082E+01 -0.638264E-01  0.108737E+00  0.000000E+00  0.000000E+00  0.000000E+00  0.000000E+00
  0.284082E+01 -0.210685E+00 -0.128798E+00  0.000000E+00  0.000000E+00  0.000000E+00  0.000000E+00
  0.284082E+01 -0.159872E+00  0.118121E+00  0.000000E+00  0.000000E+00  0.000000E+00  0.000000E+00
  0.284082E+01  0.827113E-01 -0.215561E+00  0.000000E+00  0.000000E+00  0.000000E+00  0.000000E+00
  0.284082E+01 -0.434305E-01  0.105899E+00  0.000000E+00  0.000000E+00  0.000000E+00  0.000000E+00
  0.284082E+01  0.525394E-01  0.103923E+00  0.000000E+00  0.000000E+00  0.000000E+00  0.000000E+00
  0.284082E+01  0.885711E-01  0.514222E-01  0.000000E+00  0.000000E+00  0.000000E+00  0.000000E+00
  0.284082E+01  0.105107E+00 -0.103246E+00  0.000000E+00  0.000000E+00  0.000000E+00  0.000000E+00
