  0.183623E+01 -0.855977E-02 -0.209203E+00  0.000000E+00  0.000000E+00  0.000000E+00  0.000000E+00
  0.273063E+01 -0.196907E-01 -0.276716E+00  0.000000E+00  0.000000E+00  0.000000E+00  0.000000E+00
  0.274782E+01  0.367799E+00 -0.146226E-01  0.000000E+00  0.000000E+00  0.000000E+00  0.000000E+00
  0.178356E+01 -0.192853E+00  0.972142E-02  0.000000E+00  0.000000E+00  0.000000E+00  0.000000E+00
  0.268359E+01 -0.172806E-01 -0.315933E+00  0.000000E+00  0.000000E+00  0.000000E+00  0.000000E+00
  0.280310E+01 -0.198163E-01 -0.284992E+00  0.000000E+00  0.000000E+00  0.000000E+00  0.000000E+00
  0.258542E+01 -0.186483E-01  0.274626E+00  0.000000E+00  0.000000E+00  0.000000E+00  0.000000E+00
  0.241070E+01  0.180522E-01 -0.254655E+00  0.000000E+00  0.000000E+00  0.000000E+00  0.000000E+00
  0.266562E+01 -0.324867E+00  0.165107E-01  0.000000E+00  0.000000E+00  0.000000E+00  0.000000E+00
  0.246331E+01  0.367590E+00 -0.667200E-02  0.000000E+00  0.000000E+00  0.000000E+00  0.000000E+00
  0.259067E+01  0.262140E+00 -0.193395E-01  0.000000E+00  0.000000E+00  0.000000E+00  0.000000E+00
  0.249745E+01 -0.168825E-01  0.287691E+00  0.000000E+00  0.000000E+00  0.000000E+00  0.000000E+00
  0.172977E+01  0.106490E-01  0.177066E+00  0.000000E+00  0.000000E+00  0.000000E+00  0.000000E+00
  0.267900E+01 -0.157968E-01  0.337955E+00  0.000000E+00  0.000000E+00  0.000000E+00  0.000000E+00
  0.175365E+01  0.102993E-01  0.183838E+00  0.000000E+00  0.000000E+00  0.000000E+00  0.000000E+00
  0.197878E+01  0.210701E+00  0.145113E-01  0.000000E+00  0.000000E+00  0.000000E+00  0.000000E+00
  0.238758E+01 -0.384292E-02  0.357946E+00  0.000000E+00  0.000000E+00  0.000000E+00  0.000000E+00
  0.205767E+01  0.215736E+00  0.158294E-01  0.000000E+00  0.000000E+00  0.000000E+00  0.000000E+00
  0.204250E+01  0.814629E-02 -0.259881E+00  0.000000E+00  0.000000E+00  0.000000E+00  0.000000E+00
  0.214645E+01  0.294692E+00 -0.516944E-02  0.000000E+00  0.000000E+00  0.000000E+00  0.000000E+00
  0.192344E+01 -0.560323E-04  0.244741E+00  0.000000E+00  0.000000E+00  0.000000E+00  0.000000E+00
  0.209521E+01  0.257089E+00  0.113030E-01  0.000000E+00  0.000000E+00  0.000000E+00  0.000000E+00
  0.242737E+01  0.176820E-01 -0.263210E+00  0.000000E+00  0.000000E+00  0.000000E+00  0.000000E+00
  0.245670E+01 -0.316724E+00 -0.137930E-01  0.000000E+00  0.000000E+00  0.000000E+00  0.000000E+00
  0.172662E+01  0.181341E+00 -0.916486E-02  0.000000E+00  0.000000E+00  0.000000E+00  0.000000E+00
  0.248725E+01 -0.277689E+00 -0.174360E-01  0.000000E+00  0.000000E+00  0.000000E+00  0.000000E+00
  0.238830E+01  0.254924E+00 -0.177706E-01  0.000000E+00  0.000000E+00  0.000000E+00  0.000000E+00
  0.245353E+01  0.303703E+00 -0.149519E-01  0.000000E+00  0.000000E+00  0.000000E+00  0.000000E+00
  0.277430E+01 -0.282523E+00 -0.197332E-01  0.000000E+00  0.000000E+00  0.000000E+00  0.000000E+00
  0.183670E+01 -0.191475E+00  0.127792E-01  0.000000E+00  0.000000E+00  0.000000E+00  0.000000E+00
  0.283849E+01 -0.665237E-03 -0.476243E+00  0.000000E+00  0.000000E+00  0.000000E+00  0.000000E+00
  0.238148E+01 -0.283328E+00 -0.154722E-01  0.000000E+00  0.000000E+00  0.000000E+00  0.000000E+00
  0.229438E+01  0.337022E+00  0.245219E-02  0.000000E+00  0.000000E+00  0.000000E+00  0.000000E+00
  0.168822E+01  0.177804E+00  0.698992E-02  0.000000E+00  0.000000E+00  0.000000E+00  0.000000E+00
  0.236719E+01 -0.128720E-01 -0.306119E+00  0.000000E+00  0.000000E+00  0.000000E+00  0.000000E+00
  0.209450E+01  0.257426E+00  0.112173E-01  0.000000E+00  0.000000E+00  0.000000E+00  0.000000E+00
  0.227279E+01  0.570988E-02  0.324382E+00  0.000000E+00  0.000000E+00  0.000000E+00  0.000000E+00
  0.279855E+01  0.135839E-01  0.391459E+00  0.000000E+00  0.000000E+00  0.000000E+00  0.000000E+00
  0.236353E+01  0.284342E+00 -0.150548E-01  0.000000E+00  0.000000E+00  0.000000E+00  0.000000E+00
  0.242312E+01 -0.636985E-02  0.358996E+00  0.000000E+00  0.000000E+00  0.000000E+00  0.000000E+00
  0.187733E+01 -0.232176E+00 -0.218349E-02  0.000000E+00  0.000000E+00  0.000000E+00  0.000000E+00
  0.193434E+01 -0.247399E+00  0.713501E-03  0.000000E+00  0.000000E+00  0.000000E+00  0.000000E+00
  0.201369E+01  0.234959E+00  0.119639E-01  0.000000E+00  0.000000E+00  0.000000E+00  0.000000E+00
  0.176756E+01 -0.204340E+00 -0.238495E-02  0.000000E+00  0.000000E+00  0.000000E+00  0.000000E+00
  0.249259E+01  0.604650E-02 -0.377293E+00  0.000000E+00  0.000000E+00  0.000000E+00  0.000000E+00
  0.270857E+01  0.282108E+00 -0.192908E-01  0.000000E+00  0.000000E+00  0.000000E+00  0.000000E+00
  0.280256E+01  0.282668E+00  0.199079E-01  0.000000E+00  0.000000E+00  0.000000E+00  0.000000E+00
  0.227930E+01 -0.880839E-02 -0.313365E+00  0.000000E+00  0.000000E+00  0.000000E+00  0.000000E+00
  0.266512E+01 -0.195664E-01 -0.269223E+00  0.000000E+00  0.000000E+00  0.000000E+00  0.000000E+00
  0.258272E+01  0.411196E+00  0.118219E-02  0.000000E+00  0.000000E+00  0.000000E+00  0.000000E+00
  0.281311E+01 -0.362877E+00 -0.158874E-01  0.000000E+00  0.000000E+00  0.000000E+00  0.000000E+00
  0.262836E+01 -0.161539E-01 -0.322997E+00  0.000000E+00  0.000000E+00  0.000000E+00  0.000000E+00
  0.259783E+01 -0.675087E-02 -0.400046E+00  0.000000E+00  0.000000E+00  0.000000E+00  0.000000E+00
  0.261630E+01  0.340614E+00 -0.146371E-01  0.000000E+00  0.000000E+00  0.000000E+00  0.000000E+00
  0.219977E+01 -0.297578E+00 -0.813439E-02  0.000000E+00  0.000000E+00  0.000000E+00  0.000000E+00
  0.263949E+01  0.177138E-01 -0.300631E+00  0.000000E+00  0.000000E+00  0.000000E+00  0.000000E+00
  0.209702E+01 -0.144586E-01  0.235509E+00  0.000000E+00  0.000000E+00  0.000000E+00  0.000000E+00
  0.227850E+01  0.183995E-01  0.226549E+00  0.000000E+00  0.000000E+00  0.000000E+00  0.000000E+00
  0.225622E+01 -0.299640E+00  0.103225E-01  0.000000E+00  0.000000E+00  0.000000E+00  0.000000E+00
  0.190488E+01  0.238317E+00  0.299086E-02  0.000000E+00  0.000000E+00  0.000000E+00  0.000000E+00
  0.261585E+01 -0.399025E+00 -0.780928E-02  0.000000E+00  0.000000E+00  0.000000E+00  0.000000E+00
  0.257107E+01 -0.117780E-01  0.360508E+00  0.000000E+00  0.000000E+00  0.000000E+00  0.000000E+00
  0.178501E+01 -0.106048E-02 -0.209506E+00  0.000000E+00  0.000000E+00  0.000000E+00  0.000000E+00
  0.276615E+01 -0.321836E-02 -0.454285E+00  0.000000E+00  0.000000E+00  0.000000E+00  0.000000E+00
  0.269510E+01  0.198376E-01 -0.267835E+00  0.000000E+00  0.000000E+00  0.000000E+00  0.000000E+00
  0.275249E+01  0.295323E+00 -0.190073E-01  0.000000E+00  0.000000E+00  0.000000E+00  0.000000E+00
  0.190359E+01  0.215529E+00 -0.109435E-01  0.000000E+00  0.000000E+00  0.000000E+00  0.000000E+00
  0.227399E+01  0.324267E+00  0.583999E-02  0.000000E+00  0.000000E+00  0.000000E+00  0.000000E+00
  0.274743E+01  0.295353E+00  0.189666E-01  0.000000E+00  0.000000E+00  0.000000E+00  0.000000E+00
  0.213900E+01  0.133951E-01 -0.252725E+00  0.000000E+00  0.000000E+00  0.000000E+00  0.000000E+00
  0.165918E+01  0.607197E-02 -0.172511E+00  0.000000E+00  0.000000E+00  0.000000E+00  0.000000E+00
  0.193350E+01  0.107128E-01  0.223434E+00  0.000000E+00  0.000000E+00  0.000000E+00  0.000000E+00
  0.242105E+01  0.126993E-01 -0.319333E+00  0.000000E+00  0.000000E+00  0.000000E+00  0.000000E+00
  0.197251E+01  0.253257E+00 -0.434175E-02  0.000000E+00  0.000000E+00  0.000000E+00  0.000000E+00
  0.237676E+01 -0.136507E-01  0.301187E+00  0.000000E+00  0.000000E+00  0.000000E+00  0.000000E+00
  0.222979E+01  0.311785E+00 -0.633439E-02  0.000000E+00  0.000000E+00  0.000000E+00  0.000000E+00
  0.253214E+01 -0.188430E-01 -0.262123E+00  0.000000E+00  0.000000E+00  0.000000E+00  0.000000E+00
  0.262422E+01 -0.151241E-01 -0.336149E+00  0.000000E+00  0.000000E+00  0.000000E+00  0.000000E+00
  0.243852E+01  0.243368E+00 -0.190256E-01  0.000000E+00  0.000000E+00  0.000000E+00  0.000000E+00
  0.198219E+01 -0.155819E-01 -0.203020E+00  0.000000E+00  0.000000E+00  0.000000E+00  0.000000E+00
  0.221194E+01  0.302660E+00  0.762023E-02  0.000000E+00  0.000000E+00  0.000000E+00  0.000000E+00
  0.213985E+01 -0.288752E-03 -0.299512E+00  0.000000E+00  0.000000E+00  0.000000E+00  0.000000E+00
  0.256484E+01 -0.406973E+00  0.691618E-03  0.000000E+00  0.000000E+00  0.000000E+00  0.000000E+00
  0.215504E+01  0.291822E+00 -0.683419E-02  0.000000E+00  0.000000E+00  0.000000E+00  0.000000E+00
  0.276917E+01  0.147846E-01  0.370020E+00  0.000000E+00  0.000000E+00  0.000000E+00  0.000000E+00
  0.257159E+01  0.195033E-01  0.255776E+00  0.000000E+00  0.000000E+00  0.000000E+00  0.000000E+00
  0.224553E+01  0.278321E+00  0.130481E-01  0.000000E+00  0.000000E+00  0.000000E+00  0.000000E+00
  0.279874E+01 -0.998556E-02  0.427532E+00  0.000000E+00  0.000000E+00  0.000000E+00  0.000000E+00
  0.201142E+01  0.234213E+00 -0.120054E-01  0.000000E+00  0.000000E+00  0.000000E+00  0.000000E+00
  0.199587E+01 -0.261270E+00  0.292787E-02  0.000000E+00  0.000000E+00  0.000000E+00  0.000000E+00
  0.260229E+01 -0.178281E-01 -0.292060E+00  0.000000E+00  0.000000E+00  0.000000E+00  0.000000E+00
  0.169350E+01  0.185335E+00  0.281972E-02  0.000000E+00  0.000000E+00  0.000000E+00  0.000000E+00
  0.253262E+01  0.332435E+00 -0.138231E-01  0.000000E+00  0.000000E+00  0.000000E+00  0.000000E+00
  0.213498E+01  0.258706E+00 -0.124460E-01  0.000000E+00  0.000000E+00  0.000000E+00  0.000000E+00
  0.269536E+01  0.150790E-01 -0.351092E+00  0.000000E+00  0.000000E+00  0.000000E+00  0.000000E+00
  0.221148E+01 -0.157178E-01  0.247030E+00  0.000000E+00  0.000000E+00  0.000000E+00  0.000000E+00
  0.241240E+01 -0.129486E-01  0.315250E+00  0.000000E+00  0.000000E+00  0.000000E+00  0.000000E+00
  0.205479E+01 -0.248804E+00 -0.111520E-01  0.000000E+00  0.000000E+00  0.000000E+00  0.000000E+00
  0.256842E+01 -0.385376E+00  0.821529E-02  0.000000E+00  0.000000E+00  0.000000E+00  0.000000E+00
  0.195997E+01  0.116942E-03  0.253987E+00  0.000000E+00  0.000000E+00  0.000000E+00  0.000000E+00
  0.179515E+01 -0.199654E+00  0.848755E-02  0.000000E+00  0.000000E+00  0.000000E+00  0.000000E+00
  0.222056E+01 -0.256837E+00 -0.149095E-01  0.000000E+00  0.000000E+00  0.000000E+00  0.000000E+00
  0.184991E+01 -0.932197E-02 -0.209817E+00  0.000000E+00  0.000000E+00  0.000000E+00  0.000000E+00
  0.281634E+01  0.352135E+00  0.165940E-01  0.000000E+00  0.000000E+00  0.000000E+00  0.000000E+00
  0.172433E+01  0.334028E-02  0.192589E+00  0.000000E+00  0.000000E+00  0.000000E+00  0.000000E+00
  0.269220E+01 -0.288966E+00  0.188325E-01  0.000000E+00  0.000000E+00  0.000000E+00  0.000000E+00
  0.194279E+01 -0.201045E+00  0.148204E-01  0.000000E+00  0.000000E+00  0.000000E+00  0.000000E+00
  0.248008E+01  0.256191E+00  0.186872E-01  0.000000E+00  0.000000E+00  0.000000E+00  0.000000E+00
  0.210169E+01  0.121125E-01 -0.253575E+00  0.000000E+00  0.000000E+00  0.000000E+00  0.000000E+00
  0.188916E+01  0.102769E-03 -0.236060E+00  0.000000E+00  0.000000E+00  0.000000E+00  0.000000E+00
  0.241863E+01  0.191016E-01 -0.238775E+00  0.000000E+00  0.000000E+00  0.000000E+00  0.000000E+00
  0.182978E+01 -0.209121E+00 -0.809513E-02  0.000000E+00  0.000000E+00  0.000000E+00  0.000000E+00
  0.245217E+01  0.104682E-01  0.343815E+00  0.000000E+00  0.000000E+00  0.000000E+00  0.000000E+00
  0.173494E+01 -0.952680E-02  0.182152E+00  0.000000E+00  0.000000E+00  0.000000E+00  0.000000E+00
  0.228764E+01 -0.332885E+00 -0.387056E-02  0.000000E+00  0.000000E+00  0.000000E+00  0.000000E+00
  0.244942E+01 -0.150054E-01 -0.302265E+00  0.000000E+00  0.000000E+00  0.000000E+00  0.000000E+00
  0.184091E+01 -0.199275E+00 -0.113879E-01  0.000000E+00  0.000000E+00  0.000000E+00  0.000000E+00
  0.211145E+01 -0.274763E+00  0.853800E-02  0.000000E+00  0.000000E+00  0.000000E+00  0.000000E+00
  0.195728E+01 -0.771581E-02  0.240942E+00  0.000000E+00  0.000000E+00  0.000000E+00  0.000000E+00
  0.242527E+01  0.369108E+00 -0.299958E-02  0.000000E+00  0.000000E+00  0.000000E+00  0.000000E+00
  0.210279E+01  0.268156E+00  0.954737E-02  0.000000E+00  0.000000E+00  0.000000E+00  0.000000E+00
  0.249234E+01 -0.141400E-01  0.320615E+00  0.000000E+00  0.000000E+00  0.000000E+00  0.000000E+00
  0.267721E+01 -0.427544E+00 -0.477985E-02  0.000000E+00  0.000000E+00  0.000000E+00  0.000000E+00
  0.249216E+01 -0.290878E+00  0.165845E-01  0.000000E+00  0.000000E+00  0.000000E+00  0.000000E+00
  0.222422E+01 -0.118171E-01  0.282780E+00  0.000000E+00  0.000000E+00  0.000000E+00  0.000000E+00
  0.269510E+01  0.199442E-01  0.265369E+00  0.000000E+00  0.000000E+00  0.000000E+00  0.000000E+00
  0.195791E+01 -0.280503E-02 -0.251867E+00  0.000000E+00  0.000000E+00  0.000000E+00  0.000000E+00
  0.239620E+01 -0.303017E+00 -0.138892E-01  0.000000E+00  0.000000E+00  0.000000E+00  0.000000E+00
  0.223321E+01 -0.452995E-02 -0.317819E+00  0.000000E+00  0.000000E+00  0.000000E+00  0.000000E+00
  0.282075E+01 -0.309057E+00  0.188930E-01  0.000000E+00  0.000000E+00  0.000000E+00  0.000000E+00
  0.223833E+01  0.130237E-01 -0.276959E+00  0.000000E+00  0.000000E+00  0.000000E+00  0.000000E+00
  0.180937E+01  0.192593E+00  0.112907E-01  0.000000E+00  0.000000E+00  0.000000E+00  0.000000E+00
  0.232539E+01 -0.168075E-01  0.256511E+00  0.000000E+00  0.000000E+00  0.000000E+00  0.000000E+00
  0.209044E+01  0.162924E-02  0.286412E+00  0.000000E+00  0.000000E+00  0.000000E+00  0.000000E+00
  0.194387E+01 -0.242923E+00  0.587107E-02  0.000000E+00  0.000000E+00  0.000000E+00  0.000000E+00
  0.239159E+01  0.362834E+00 -0.121788E-02  0.000000E+00  0.000000E+00  0.000000E+00  0.000000E+00
  0.195166E+01  0.750170E-02 -0.240278E+00  0.000000E+00  0.000000E+00  0.000000E+00  0.000000E+00
  0.248521E+01 -0.381510E+00  0.418469E-02  0.000000E+00  0.000000E+00  0.000000E+00  0.000000E+00
  0.270868E+01 -0.162462E-01 -0.337125E+00  0.000000E+00  0.000000E+00  0.000000E+00  0.000000E+00
  0.258898E+01 -0.141179E-01  0.341042E+00  0.000000E+00  0.000000E+00  0.000000E+00  0.000000E+00
  0.231666E+01 -0.236001E+00  0.182028E-01  0.000000E+00  0.000000E+00  0.000000E+00  0.000000E+00
  0.236748E+01 -0.287935E+00  0.147919E-01  0.000000E+00  0.000000E+00  0.000000E+00  0.000000E+00
  0.256762E+01 -0.398956E+00  0.518780E-02  0.000000E+00  0.000000E+00  0.000000E+00  0.000000E+00
  0.264096E+01 -0.425920E+00  0.118748E-02  0.000000E+00  0.000000E+00  0.000000E+00  0.000000E+00
  0.225038E+01  0.677340E-02 -0.315266E+00  0.000000E+00  0.000000E+00  0.000000E+00  0.000000E+00
  0.202390E+01  0.252601E+00  0.886943E-02  0.000000E+00  0.000000E+00  0.000000E+00  0.000000E+00
  0.261103E+01 -0.287106E+00 -0.182016E-01  0.000000E+00  0.000000E+00  0.000000E+00  0.000000E+00
  0.195918E+01  0.149724E-01  0.203242E+00  0.000000E+00  0.000000E+00  0.000000E+00  0.000000E+00
  0.200274E+01  0.254112E+00 -0.703693E-02  0.000000E+00  0.000000E+00  0.000000E+00  0.000000E+00
  0.172720E+01  0.758600E-02 -0.185860E+00  0.000000E+00  0.000000E+00  0.000000E+00  0.000000E+00
  0.257601E+01  0.347371E+00  0.132764E-01  0.000000E+00  0.000000E+00  0.000000E+00  0.000000E+00
  0.278984E+01  0.464021E+00  0.440185E-03  0.000000E+00  0.000000E+00  0.000000E+00  0.000000E+00
  0.179958E+01  0.104574E-01  0.193817E+00  0.000000E+00  0.000000E+00  0.000000E+00  0.000000E+00
  0.247045E+01  0.168975E-01 -0.282438E+00  0.000000E+00  0.000000E+00  0.000000E+00  0.000000E+00
  0.242022E+01  0.190396E-01 -0.240118E+00  0.000000E+00  0.000000E+00  0.000000E+00  0.000000E+00
  0.178316E+01 -0.478493E-02  0.205356E+00  0.000000E+00  0.000000E+00  0.000000E+00  0.000000E+00
  0.211207E+01  0.292012E+00  0.143886E-02  0.000000E+00  0.000000E+00  0.000000E+00  0.000000E+00
  0.278046E+01 -0.417987E+00 -0.106200E-01  0.000000E+00  0.000000E+00  0.000000E+00  0.000000E+00
  0.228869E+01  0.285881E+00  0.132589E-01  0.000000E+00  0.000000E+00  0.000000E+00  0.000000E+00
  0.182760E+01  0.637541E-02 -0.213187E+00  0.000000E+00  0.000000E+00  0.000000E+00  0.000000E+00
  0.176635E+01  0.298256E-02 -0.203505E+00  0.000000E+00  0.000000E+00  0.000000E+00  0.000000E+00
  0.194633E+01 -0.984246E-02  0.230304E+00  0.000000E+00  0.000000E+00  0.000000E+00  0.000000E+00
  0.224262E+01  0.320791E+00 -0.425931E-02  0.000000E+00  0.000000E+00  0.000000E+00  0.000000E+00
  0.225872E+01  0.111231E-01 -0.295203E+00  0.000000E+00  0.000000E+00  0.000000E+00  0.000000E+00
  0.253580E+01 -0.158625E-02  0.398971E+00  0.000000E+00  0.000000E+00  0.000000E+00  0.000000E+00
  0.237766E+01  0.359513E+00 -0.886147E-03  0.000000E+00  0.000000E+00  0.000000E+00  0.000000E+00
  0.221297E+01  0.253827E+00  0.150634E-01  0.000000E+00  0.000000E+00  0.000000E+00  0.000000E+00
  0.191573E+01  0.139905E-01  0.201211E+00  0.000000E+00  0.000000E+00  0.000000E+00  0.000000E+00
  0.277047E+01  0.424483E+00 -0.953443E-02  0.000000E+00  0.000000E+00  0.000000E+00  0.000000E+00
  0.195714E+01 -0.107865E-01 -0.228485E+00  0.000000E+00  0.000000E+00  0.000000E+00  0.000000E+00
  0.216026E+01 -0.840310E-02  0.286971E+00  0.000000E+00  0.000000E+00  0.000000E+00  0.000000E+00
  0.273898E+01  0.448230E+00  0.287186E-02  0.000000E+00  0.000000E+00  0.000000E+00  0.000000E+00
  0.188175E+01 -0.131807E-01  0.198994E+00  0.000000E+00  0.000000E+00  0.000000E+00  0.000000E+00
  0.250658E+01  0.325952E+00  0.139177E-01  0.000000E+00  0.000000E+00  0.000000E+00  0.000000E+00
  0.203945E+01  0.168736E-03  0.274107E+00  0.000000E+00  0.000000E+00  0.000000E+00  0.000000E+00
  0.280791E+01  0.611590E-02  0.454428E+00  0.000000E+00  0.000000E+00  0.000000E+00  0.000000E+00
  0.218338E+01  0.257491E+00 -0.139760E-01  0.000000E+00  0.000000E+00  0.000000E+00  0.000000E+00
  0.227845E+01  0.240099E+00  0.174133E-01  0.000000E+00  0.000000E+00  0.000000E+00  0.000000E+00
  0.213440E+01  0.273627E+00  0.992896E-02  0.000000E+00  0.000000E+00  0.000000E+00  0.000000E+00
  0.215246E+01  0.410166E-02  0.298623E+00  0.000000E+00  0.000000E+00  0.000000E+00  0.000000E+00
  0.266949E+01 -0.431962E+00  0.218730E-02  0.000000E+00  0.000000E+00  0.000000E+00  0.000000E+00
  0.210462E+01  0.239379E+00 -0.141753E-01  0.000000E+00  0.000000E+00  0.000000E+00  0.000000E+00
  0.273924E+01 -0.168254E-02 -0.450261E+00  0.000000E+00  0.000000E+00  0.000000E+00  0.000000E+00
  0.200823E+01 -0.146773E-01 -0.215500E+00  0.000000E+00  0.000000E+00  0.000000E+00  0.000000E+00
  0.195503E+01  0.127438E-01 -0.217436E+00  0.000000E+00  0.000000E+00  0.000000E+00  0.000000E+00
  0.171359E+01 -0.593147E-03  0.191558E+00  0.000000E+00  0.000000E+00  0.000000E+00  0.000000E+00
  0.227803E+01 -0.124381E-01 -0.290176E+00  0.000000E+00  0.000000E+00  0.000000E+00  0.000000E+00
  0.195797E+01  0.278018E-02 -0.251910E+00  0.000000E+00  0.000000E+00  0.000000E+00  0.000000E+00
  0.169936E+01  0.823643E-02 -0.177513E+00  0.000000E+00  0.000000E+00  0.000000E+00  0.000000E+00
  0.278891E+01  0.885630E-02 -0.433777E+00  0.000000E+00  0.000000E+00  0.000000E+00  0.000000E+00
  0.266017E+01 -0.264493E+00  0.197463E-01  0.000000E+00  0.000000E+00  0.000000E+00  0.000000E+00
  0.192329E+01  0.127116E-01 -0.210710E+00  0.000000E+00  0.000000E+00  0.000000E+00  0.000000E+00
  0.170649E+01 -0.189814E+00  0.842647E-04  0.000000E+00  0.000000E+00  0.000000E+00  0.000000E+00
  0.221412E+01 -0.114249E-01 -0.283149E+00  0.000000E+00  0.000000E+00  0.000000E+00  0.000000E+00
  0.196481E+01 -0.821281E-02  0.241051E+00  0.000000E+00  0.000000E+00  0.000000E+00  0.000000E+00
  0.202660E+01 -0.222843E+00 -0.142111E-01  0.000000E+00  0.000000E+00  0.000000E+00  0.000000E+00
  0.260082E+01 -0.113676E-01 -0.370721E+00  0.000000E+00  0.000000E+00  0.000000E+00  0.000000E+00
  0.215127E+01 -0.236741E+00  0.155563E-01  0.000000E+00  0.000000E+00  0.000000E+00  0.000000E+00
  0.257490E+01 -0.595397E-02  0.397888E+00  0.000000E+00  0.000000E+00  0.000000E+00  0.000000E+00
  0.214961E+01 -0.914462E-02  0.281074E+00  0.000000E+00  0.000000E+00  0.000000E+00  0.000000E+00
  0.236300E+01  0.638244E-02  0.344230E+00  0.000000E+00  0.000000E+00  0.000000E+00  0.000000E+00
  0.160779E+01 -0.163978E+00  0.253378E-02  0.000000E+00  0.000000E+00  0.000000E+00  0.000000E+00
  0.212554E+01  0.265812E+00  0.109851E-01  0.000000E+00  0.000000E+00  0.000000E+00  0.000000E+00
  0.176427E+01 -0.877019E-03  0.204316E+00  0.000000E+00  0.000000E+00  0.000000E+00  0.000000E+00
  0.250392E+01 -0.404494E-02  0.386544E+00  0.000000E+00  0.000000E+00  0.000000E+00  0.000000E+00
  0.210487E+01 -0.125097E-01  0.251668E+00  0.000000E+00  0.000000E+00  0.000000E+00  0.000000E+00
  0.252276E+01 -0.312857E+00 -0.153567E-01  0.000000E+00  0.000000E+00  0.000000E+00  0.000000E+00
  0.196868E+01  0.250870E+00  0.507068E-02  0.000000E+00  0.000000E+00  0.000000E+00  0.000000E+00
  0.161524E+01 -0.166251E+00 -0.186039E-02  0.000000E+00  0.000000E+00  0.000000E+00  0.000000E+00
  0.272368E+01 -0.397097E+00  0.115115E-01  0.000000E+00  0.000000E+00  0.000000E+00  0.000000E+00
  0.229742E+01 -0.243747E+00 -0.173980E-01  0.000000E+00  0.000000E+00  0.000000E+00  0.000000E+00
  0.269661E+01  0.283970E+00  0.191116E-01  0.000000E+00  0.000000E+00  0.000000E+00  0.000000E+00
  0.194788E+01  0.249724E+00 -0.244746E-02  0.000000E+00  0.000000E+00  0.000000E+00  0.000000E+00
  0.255355E+01 -0.174126E-01 -0.290087E+00  0.000000E+00  0.000000E+00  0.000000E+00  0.000000E+00
  0.238233E+01 -0.275593E+00 -0.161428E-01  0.000000E+00  0.000000E+00  0.000000E+00  0.000000E+00
  0.208908E+01  0.625507E-03  0.286587E+00  0.000000E+00  0.000000E+00  0.000000E+00  0.000000E+00
  0.188279E+01  0.834012E-02  0.221018E+00  0.000000E+00  0.000000E+00  0.000000E+00  0.000000E+00
  0.239611E+01 -0.167129E-01  0.271010E+00  0.000000E+00  0.000000E+00  0.000000E+00  0.000000E+00
  0.219597E+01  0.374561E-03  0.313704E+00  0.000000E+00  0.000000E+00  0.000000E+00  0.000000E+00
  0.276200E+01  0.315570E+00  0.180843E-01  0.000000E+00  0.000000E+00  0.000000E+00  0.000000E+00
  0.277991E+01  0.178077E-01 -0.323968E+00  0.000000E+00  0.000000E+00  0.000000E+00  0.000000E+00
  0.185006E+01 -0.221746E+00 -0.491622E-02  0.000000E+00  0.000000E+00  0.000000E+00  0.000000E+00
  0.183384E+01  0.807511E-02  0.210154E+00  0.000000E+00  0.000000E+00  0.000000E+00  0.000000E+00
  0.226629E+01 -0.236619E+00  0.175115E-01  0.000000E+00  0.000000E+00  0.000000E+00  0.000000E+00
  0.195818E+01 -0.232539E+00 -0.996149E-02  0.000000E+00  0.000000E+00  0.000000E+00  0.000000E+00
  0.201629E+01 -0.518617E-02 -0.262414E+00  0.000000E+00  0.000000E+00  0.000000E+00  0.000000E+00
  0.199091E+01 -0.254731E+00  0.577934E-02  0.000000E+00  0.000000E+00  0.000000E+00  0.000000E+00
  0.216539E+01  0.111686E-01 -0.273764E+00  0.000000E+00  0.000000E+00  0.000000E+00  0.000000E+00
  0.194479E+01 -0.864113E-02 -0.234729E+00  0.000000E+00  0.000000E+00  0.000000E+00  0.000000E+00
  0.183889E+01  0.219913E+00 -0.435999E-02  0.000000E+00  0.000000E+00  0.000000E+00  0.000000E+00
  0.182765E+01 -0.214328E+00 -0.586861E-02  0.000000E+00  0.000000E+00  0.000000E+00  0.000000E+00
  0.248737E+01  0.843144E-02  0.364813E+00  0.000000E+00  0.000000E+00  0.000000E+00  0.000000E+00
  0.182272E+01 -0.177640E-03 -0.219236E+00  0.000000E+00  0.000000E+00  0.000000E+00  0.000000E+00
  0.219061E+01 -0.261332E-02 -0.310672E+00  0.000000E+00  0.000000E+00  0.000000E+00  0.000000E+00
  0.273874E+01  0.338915E-02  0.446991E+00  0.000000E+00  0.000000E+00  0.000000E+00  0.000000E+00
  0.184921E+01  0.204606E+00  0.106063E-01  0.000000E+00  0.000000E+00  0.000000E+00  0.000000E+00
  0.187686E+01 -0.868185E-02  0.218450E+00  0.000000E+00  0.000000E+00  0.000000E+00  0.000000E+00
  0.269403E+01 -0.281070E+00  0.192295E-01  0.000000E+00  0.000000E+00  0.000000E+00  0.000000E+00
  0.254684E+01  0.257243E+00  0.192302E-01  0.000000E+00  0.000000E+00  0.000000E+00  0.000000E+00
  0.273455E+01  0.109669E-01 -0.404478E+00  0.000000E+00  0.000000E+00  0.000000E+00  0.000000E+00
  0.258829E+01 -0.358067E+00 -0.124641E-01  0.000000E+00  0.000000E+00  0.000000E+00  0.000000E+00
  0.195570E+01  0.137202E-02  0.252528E+00  0.000000E+00  0.000000E+00  0.000000E+00  0.000000E+00
  0.231785E+01  0.181795E-01 -0.236547E+00  0.000000E+00  0.000000E+00  0.000000E+00  0.000000E+00
  0.258993E+01 -0.919947E-03  0.413202E+00  0.000000E+00  0.000000E+00  0.000000E+00  0.000000E+00
  0.213627E+01  0.169521E-01 -0.219485E+00  0.000000E+00  0.000000E+00  0.000000E+00  0.000000E+00
  0.208192E+01 -0.161140E-01  0.217794E+00  0.000000E+00  0.000000E+00  0.000000E+00  0.000000E+00
  0.279985E+01 -0.461403E+00  0.373057E-02  0.000000E+00  0.000000E+00  0.000000E+00  0.000000E+00
  0.283961E+01 -0.313081E+00 -0.188522E-01  0.000000E+00  0.000000E+00  0.000000E+00  0.000000E+00
  0.192375E+01 -0.128093E-01  0.210241E+00  0.000000E+00  0.000000E+00  0.000000E+00  0.000000E+00
  0.212791E+01 -0.800389E-02 -0.280903E+00  0.000000E+00  0.000000E+00  0.000000E+00  0.000000E+00
  0.277555E+01 -0.192793E-01  0.293151E+00  0.000000E+00  0.000000E+00  0.000000E+00  0.000000E+00
  0.260285E+01  0.254410E+00  0.198012E-01  0.000000E+00  0.000000E+00  0.000000E+00  0.000000E+00
  0.279375E+01  0.273609E+00 -0.202161E-01  0.000000E+00  0.000000E+00  0.000000E+00  0.000000E+00
  0.201506E+01 -0.168539E-02 -0.267328E+00  0.000000E+00  0.000000E+00  0.000000E+00  0.000000E+00
  0.260141E+01 -0.406440E+00  0.543222E-02  0.000000E+00  0.000000E+00  0.000000E+00  0.000000E+00
  0.217195E+01 -0.125131E-01  0.266348E+00  0.000000E+00  0.000000E+00  0.000000E+00  0.000000E+00
  0.179890E+01 -0.207738E+00 -0.562735E-02  0.000000E+00  0.000000E+00  0.000000E+00  0.000000E+00
  0.211155E+01  0.249772E+00 -0.129940E-01  0.000000E+00  0.000000E+00  0.000000E+00  0.000000E+00
  0.168586E+01 -0.403663E-02 -0.182169E+00  0.000000E+00  0.000000E+00  0.000000E+00  0.000000E+00
  0.271458E+01  0.165402E-01  0.333713E+00  0.000000E+00  0.000000E+00  0.000000E+00  0.000000E+00
  0.255840E+01  0.405487E+00 -0.187861E-03  0.000000E+00  0.000000E+00  0.000000E+00  0.000000E+00
  0.183908E+01 -0.209453E+00  0.868978E-02  0.000000E+00  0.000000E+00  0.000000E+00  0.000000E+00
  0.226791E+01 -0.318815E+00 -0.696351E-02  0.000000E+00  0.000000E+00  0.000000E+00  0.000000E+00
  0.229634E+01  0.114470E-01  0.301511E+00  0.000000E+00  0.000000E+00  0.000000E+00  0.000000E+00
  0.173185E+01 -0.112516E-01  0.175237E+00  0.000000E+00  0.000000E+00  0.000000E+00  0.000000E+00
  0.219446E+01  0.218176E+00 -0.179450E-01  0.000000E+00  0.000000E+00  0.000000E+00  0.000000E+00
  0.235389E+01 -0.270842E+00 -0.160802E-01  0.000000E+00  0.000000E+00  0.000000E+00  0.000000E+00
  0.252988E+01 -0.103231E-01 -0.362738E+00  0.000000E+00  0.000000E+00  0.000000E+00  0.000000E+00
  0.235665E+01 -0.174222E-01  0.254183E+00  0.000000E+00  0.000000E+00  0.000000E+00  0.000000E+00
  0.165916E+01 -0.176833E+00  0.264494E-02  0.000000E+00  0.000000E+00  0.000000E+00  0.000000E+00
  0.176790E+01  0.706785E-02  0.196984E+00  0.000000E+00  0.000000E+00  0.000000E+00  0.000000E+00
  0.218297E+01 -0.178260E-01 -0.217663E+00  0.000000E+00  0.000000E+00  0.000000E+00  0.000000E+00
  0.234094E+01  0.313575E+00 -0.111619E-01  0.000000E+00  0.000000E+00  0.000000E+00  0.000000E+00
  0.253275E+01 -0.185416E-01  0.267642E+00  0.000000E+00  0.000000E+00  0.000000E+00  0.000000E+00
  0.259283E+01 -0.192709E-01 -0.263868E+00  0.000000E+00  0.000000E+00  0.000000E+00  0.000000E+00
  0.193183E+01 -0.218215E+00 -0.116897E-01  0.000000E+00  0.000000E+00  0.000000E+00  0.000000E+00
  0.226019E+01 -0.239267E+00  0.172173E-01  0.000000E+00  0.000000E+00  0.000000E+00  0.000000E+00
  0.188251E+01  0.125615E-01 -0.202643E+00  0.000000E+00  0.000000E+00  0.000000E+00  0.000000E+00
  0.248691E+01 -0.178146E-01 -0.271795E+00  0.000000E+00  0.000000E+00  0.000000E+00  0.000000E+00
  0.201013E+01 -0.260067E+00  0.553628E-02  0.000000E+00  0.000000E+00  0.000000E+00  0.000000E+00
  0.202406E+01  0.160348E-01  0.207314E+00  0.000000E+00  0.000000E+00  0.000000E+00  0.000000E+00
  0.270313E+01  0.156443E-01 -0.344872E+00  0.000000E+00  0.000000E+00  0.000000E+00  0.000000E+00
  0.246244E+01  0.250127E+00  0.188657E-01  0.000000E+00  0.000000E+00  0.000000E+00  0.000000E+00
  0.201871E+01 -0.249374E+00  0.934425E-02  0.000000E+00  0.000000E+00  0.000000E+00  0.000000E+00
  0.212050E+01 -0.229448E+00 -0.156831E-01  0.000000E+00  0.000000E+00  0.000000E+00  0.000000E+00
  0.177728E+01  0.559905E-02 -0.202460E+00  0.000000E+00  0.000000E+00  0.000000E+00  0.000000E+00
  0.266728E+01  0.174223E-01 -0.310583E+00  0.000000E+00  0.000000E+00  0.000000E+00  0.000000E+00
  0.206419E+01 -0.279871E+00  0.150054E-02  0.000000E+00  0.000000E+00  0.000000E+00  0.000000E+00
  0.243980E+01 -0.268367E+00  0.174846E-01  0.000000E+00  0.000000E+00  0.000000E+00  0.000000E+00
  0.194049E+01 -0.246403E+00  0.364102E-02  0.000000E+00  0.000000E+00  0.000000E+00  0.000000E+00
  0.209230E+01 -0.131989E-01 -0.244159E+00  0.000000E+00  0.000000E+00  0.000000E+00  0.000000E+00
  0.223417E+01 -0.892448E-02 -0.302103E+00  0.000000E+00  0.000000E+00  0.000000E+00  0.000000E+00
  0.269433E+01  0.562639E-02 -0.428627E+00  0.000000E+00  0.000000E+00  0.000000E+00  0.000000E+00
  0.188522E+01  0.136440E-01 -0.196971E+00  0.000000E+00  0.000000E+00  0.000000E+00  0.000000E+00
  0.246645E+01  0.273057E+00  0.174935E-01  0.000000E+00  0.000000E+00  0.000000E+00  0.000000E+00
  0.165286E+01  0.646401E-02 -0.170243E+00  0.000000E+00  0.000000E+00  0.000000E+00  0.000000E+00
  0.264638E+01  0.135281E-01 -0.359734E+00  0.000000E+00  0.000000E+00  0.000000E+00  0.000000E+00
  0.228276E+01  0.326358E+00 -0.586057E-02  0.000000E+00  0.000000E+00  0.000000E+00  0.000000E+00
  0.190964E+01 -0.522412E-02  0.235921E+00  0.000000E+00  0.000000E+00  0.000000E+00  0.000000E+00
  0.166271E+01  0.178562E+00  0.108091E-02  0.000000E+00  0.000000E+00  0.000000E+00  0.000000E+00
  0.191258E+01 -0.237045E+00 -0.502883E-02  0.000000E+00  0.000000E+00  0.000000E+00  0.000000E+00
  0.220119E+01  0.302128E+00 -0.708928E-02  0.000000E+00  0.000000E+00  0.000000E+00  0.000000E+00
  0.281240E+01  0.940808E-02 -0.435270E+00  0.000000E+00  0.000000E+00  0.000000E+00  0.000000E+00
  0.218569E+01 -0.310645E+00  0.140595E-02  0.000000E+00  0.000000E+00  0.000000E+00  0.000000E+00
  0.243409E+01  0.286688E+00  0.160563E-01  0.000000E+00  0.000000E+00  0.000000E+00  0.000000E+00
  0.185760E+01  0.122993E-02  0.227796E+00  0.000000E+00  0.000000E+00  0.000000E+00  0.000000E+00
  0.251698E+01 -0.844315E-02 -0.371802E+00  0.000000E+00  0.000000E+00  0.000000E+00  0.000000E+00
  0.213443E+01 -0.931157E-02  0.276705E+00  0.000000E+00  0.000000E+00  0.000000E+00  0.000000E+00
  0.237707E+01 -0.359528E+00 -0.469392E-03  0.000000E+00  0.000000E+00  0.000000E+00  0.000000E+00
  0.187084E+01  0.211734E+00  0.100911E-01  0.000000E+00  0.000000E+00  0.000000E+00  0.000000E+00
  0.205986E+01  0.237375E+00  0.131714E-01  0.000000E+00  0.000000E+00  0.000000E+00  0.000000E+00
  0.198452E+01 -0.655878E-02 -0.251090E+00  0.000000E+00  0.000000E+00  0.000000E+00  0.000000E+00
  0.174782E+01 -0.189252E+00 -0.818032E-02  0.000000E+00  0.000000E+00  0.000000E+00  0.000000E+00
  0.261705E+01  0.334573E+00 -0.151343E-01  0.000000E+00  0.000000E+00  0.000000E+00  0.000000E+00
  0.190633E+01 -0.192687E+00  0.149501E-01  0.000000E+00  0.000000E+00  0.000000E+00  0.000000E+00
  0.198350E+01  0.241269E+00  0.930512E-02  0.000000E+00  0.000000E+00  0.000000E+00  0.000000E+00
  0.188383E+01  0.227276E+00  0.624357E-02  0.000000E+00  0.000000E+00  0.000000E+00  0.000000E+00
  0.169787E+01 -0.175390E+00  0.888267E-02  0.000000E+00  0.000000E+00  0.000000E+00  0.000000E+00
  0.249241E+01  0.137189E-01  0.325023E+00  0.000000E+00  0.000000E+00  0.000000E+00  0.000000E+00
  0.216067E+01 -0.291727E+00 -0.724379E-02  0.000000E+00  0.000000E+00  0.000000E+00  0.000000E+00
  0.218199E+01  0.915028E-02 -0.288674E+00  0.000000E+00  0.000000E+00  0.000000E+00  0.000000E+00
  0.215204E+01  0.300762E+00 -0.276356E-02  0.000000E+00  0.000000E+00  0.000000E+00  0.000000E+00
  0.252883E+01  0.545039E-02  0.388438E+00  0.000000E+00  0.000000E+00  0.000000E+00  0.000000E+00
  0.200656E+01  0.155678E-01 -0.207965E+00  0.000000E+00  0.000000E+00  0.000000E+00  0.000000E+00
  0.198145E+01 -0.109381E-01  0.233278E+00  0.000000E+00  0.000000E+00  0.000000E+00  0.000000E+00
  0.163813E+01  0.171677E+00  0.244902E-02  0.000000E+00  0.000000E+00  0.000000E+00  0.000000E+00
  0.266747E+01  0.372202E+00  0.127840E-01  0.000000E+00  0.000000E+00  0.000000E+00  0.000000E+00
  0.222917E+01 -0.306944E+00 -0.758894E-02  0.000000E+00  0.000000E+00  0.000000E+00  0.000000E+00
  0.175094E+01 -0.200630E+00  0.165237E-02  0.000000E+00  0.000000E+00  0.000000E+00  0.000000E+00
  0.168949E+01  0.622665E-02  0.179664E+00  0.000000E+00  0.000000E+00  0.000000E+00  0.000000E+00
  0.222994E+01  0.252535E+00 -0.155367E-01  0.000000E+00  0.000000E+00  0.000000E+00  0.000000E+00
  0.228489E+01 -0.116148E-01 -0.297760E+00  0.000000E+00  0.000000E+00  0.000000E+00  0.000000E+00
  0.246085E+01 -0.255558E+00 -0.185340E-01  0.000000E+00  0.000000E+00  0.000000E+00  0.000000E+00
  0.246115E+01 -0.245020E+00  0.191403E-01  0.000000E+00  0.000000E+00  0.000000E+00  0.000000E+00
  0.177155E+01 -0.206282E+00  0.157912E-03  0.000000E+00  0.000000E+00  0.000000E+00  0.000000E+00
  0.272783E+01 -0.433145E+00  0.646437E-02  0.000000E+00  0.000000E+00  0.000000E+00  0.000000E+00
  0.235088E+01  0.129562E-01  0.301861E+00  0.000000E+00  0.000000E+00  0.000000E+00  0.000000E+00
  0.231539E+01  0.343127E+00  0.175279E-02  0.000000E+00  0.000000E+00  0.000000E+00  0.000000E+00
  0.167371E+01  0.129774E-02  0.181271E+00  0.000000E+00  0.000000E+00  0.000000E+00  0.000000E+00
  0.210791E+01  0.229439E+00 -0.154159E-01  0.000000E+00  0.000000E+00  0.000000E+00  0.000000E+00
  0.185816E+01 -0.188646E+00 -0.140689E-01  0.000000E+00  0.000000E+00  0.000000E+00  0.000000E+00
  0.279708E+01 -0.513008E-02  0.456012E+00  0.000000E+00  0.000000E+00  0.000000E+00  0.000000E+00
  0.257619E+01  0.850711E-02 -0.385535E+00  0.000000E+00  0.000000E+00  0.000000E+00  0.000000E+00
  0.184579E+01 -0.122247E-01  0.196336E+00  0.000000E+00  0.000000E+00  0.000000E+00  0.000000E+00
  0.247005E+01  0.311683E+00  0.145386E-01  0.000000E+00  0.000000E+00  0.000000E+00  0.000000E+00
  0.263318E+01  0.257924E+00  0.198543E-01  0.000000E+00  0.000000E+00  0.000000E+00  0.000000E+00
  0.182753E+01  0.219574E+00  0.223723E-02  0.000000E+00  0.000000E+00  0.000000E+00  0.000000E+00
  0.242853E+01  0.295819E+00 -0.152014E-01  0.000000E+00  0.000000E+00  0.000000E+00  0.000000E+00
  0.253357E+01  0.386001E+00  0.637811E-02  0.000000E+00  0.000000E+00  0.000000E+00  0.000000E+00
  0.261648E+01 -0.191843E-01 -0.269436E+00  0.000000E+00  0.000000E+00  0.000000E+00  0.000000E+00
  0.226599E+01 -0.973451E-02 -0.305306E+00  0.000000E+00  0.000000E+00  0.000000E+00  0.000000E+00
  0.265242E+01  0.425356E+00  0.338219E-02  0.000000E+00  0.000000E+00  0.000000E+00  0.000000E+00
  0.233563E+01 -0.728891E-02  0.333932E+00  0.000000E+00  0.000000E+00  0.000000E+00  0.000000E+00
  0.269734E+01 -0.502791E-02  0.431670E+00  0.000000E+00  0.000000E+00  0.000000E+00  0.000000E+00
  0.226442E+01 -0.167370E-01 -0.245928E+00  0.000000E+00  0.000000E+00  0.000000E+00  0.000000E+00
  0.223548E+01 -0.323249E+00  0.138117E-02  0.000000E+00  0.000000E+00  0.000000E+00  0.000000E+00
  0.194205E+01 -0.865339E-02 -0.234032E+00  0.000000E+00  0.000000E+00  0.000000E+00  0.000000E+00
  0.231422E+01 -0.336216E+00  0.518098E-02  0.000000E+00  0.000000E+00  0.000000E+00  0.000000E+00
  0.242766E+01 -0.311862E+00  0.136632E-01  0.000000E+00  0.000000E+00  0.000000E+00  0.000000E+00
  0.230807E+01  0.341996E+00  0.678210E-03  0.000000E+00  0.000000E+00  0.000000E+00  0.000000E+00
  0.259635E+01  0.321545E+00  0.158111E-01  0.000000E+00  0.000000E+00  0.000000E+00  0.000000E+00
  0.251653E+01  0.145167E-01 -0.321503E+00  0.000000E+00  0.000000E+00  0.000000E+00  0.000000E+00
  0.277847E+01  0.456275E+00  0.364948E-02  0.000000E+00  0.000000E+00  0.000000E+00  0.000000E+00
  0.179144E+01  0.224003E-02 -0.210471E+00  0.000000E+00  0.000000E+00  0.000000E+00  0.000000E+00
  0.282593E+01 -0.644077E-02  0.457256E+00  0.000000E+00  0.000000E+00  0.000000E+00  0.000000E+00
  0.281653E+01  0.196848E-01 -0.290257E+00  0.000000E+00  0.000000E+00  0.000000E+00  0.000000E+00
  0.258234E+01 -0.192939E-01  0.261718E+00  0.000000E+00  0.000000E+00  0.000000E+00  0.000000E+00
  0.239669E+01 -0.183034E-01 -0.248322E+00  0.000000E+00  0.000000E+00  0.000000E+00  0.000000E+00
  0.272521E+01  0.152197E-01  0.355201E+00  0.000000E+00  0.000000E+00  0.000000E+00  0.000000E+00
  0.216669E+01 -0.236189E+00 -0.159198E-01  0.000000E+00  0.000000E+00  0.000000E+00  0.000000E+00
  0.215524E+01  0.126537E-01 -0.261689E+00  0.000000E+00  0.000000E+00  0.000000E+00  0.000000E+00
  0.212520E+01  0.284696E+00 -0.679199E-02  0.000000E+00  0.000000E+00  0.000000E+00  0.000000E+00
  0.270997E+01  0.280983E+00 -0.193533E-01  0.000000E+00  0.000000E+00  0.000000E+00  0.000000E+00
  0.258204E+01 -0.194314E-01  0.258900E+00  0.000000E+00  0.000000E+00  0.000000E+00  0.000000E+00
  0.215861E+01 -0.295624E+00  0.592056E-02  0.000000E+00  0.000000E+00  0.000000E+00  0.000000E+00
  0.236336E+01 -0.274716E+00  0.159083E-01  0.000000E+00  0.000000E+00  0.000000E+00  0.000000E+00
  0.207473E+01 -0.282983E+00 -0.519989E-03  0.000000E+00  0.000000E+00  0.000000E+00  0.000000E+00
  0.217626E+01  0.989520E-02 -0.283535E+00  0.000000E+00  0.000000E+00  0.000000E+00  0.000000E+00
  0.167291E+01 -0.175237E+00 -0.641679E-02  0.000000E+00  0.000000E+00  0.000000E+00  0.000000E+00
  0.208154E+01  0.216873E+00  0.162018E-01  0.000000E+00  0.000000E+00  0.000000E+00  0.000000E+00
  0.261300E+01  0.110285E-01 -0.376315E+00  0.000000E+00  0.000000E+00  0.000000E+00  0.000000E+00
  0.246937E+01  0.243256E+00  0.193086E-01  0.000000E+00  0.000000E+00  0.000000E+00  0.000000E+00
  0.249720E+01 -0.104755E-01 -0.354115E+00  0.000000E+00  0.000000E+00  0.000000E+00  0.000000E+00
  0.249634E+01 -0.167248E-01  0.289716E+00  0.000000E+00  0.000000E+00  0.000000E+00  0.000000E+00
  0.228042E+01  0.101516E-01 -0.306248E+00  0.000000E+00  0.000000E+00  0.000000E+00  0.000000E+00
  0.258757E+01  0.128192E-01 -0.354472E+00  0.000000E+00  0.000000E+00  0.000000E+00  0.000000E+00
  0.193658E+01  0.195544E+00 -0.153834E-01  0.000000E+00  0.000000E+00  0.000000E+00  0.000000E+00
  0.226154E+01 -0.325255E+00 -0.437002E-02  0.000000E+00  0.000000E+00  0.000000E+00  0.000000E+00
  0.256829E+01 -0.135099E-01 -0.343299E+00  0.000000E+00  0.000000E+00  0.000000E+00  0.000000E+00
  0.283835E+01  0.456411E+00 -0.716173E-02  0.000000E+00  0.000000E+00  0.000000E+00  0.000000E+00
  0.236243E+01  0.115540E-01 -0.315597E+00  0.000000E+00  0.000000E+00  0.000000E+00  0.000000E+00
  0.242014E+01  0.112588E-02  0.370120E+00  0.000000E+00  0.000000E+00  0.000000E+00  0.000000E+00
  0.231466E+01  0.168072E-01 -0.254503E+00  0.000000E+00  0.000000E+00  0.000000E+00  0.000000E+00
  0.221146E+01 -0.287176E+00 -0.106867E-01  0.000000E+00  0.000000E+00  0.000000E+00  0.000000E+00
  0.276581E+01 -0.416113E+00 -0.104459E-01  0.000000E+00  0.000000E+00  0.000000E+00  0.000000E+00
  0.251189E+01 -0.248935E+00 -0.193690E-01  0.000000E+00  0.000000E+00  0.000000E+00  0.000000E+00
  0.231476E+01 -0.941621E-03 -0.343571E+00  0.000000E+00  0.000000E+00  0.000000E+00  0.000000E+00
  0.197268E+01  0.158894E-01  0.198574E+00  0.000000E+00  0.000000E+00  0.000000E+00  0.000000E+00
  0.255029E+01  0.389208E+00  0.658281E-02  0.000000E+00  0.000000E+00  0.000000E+00  0.000000E+00
  0.255655E+01 -0.167992E-01 -0.299957E+00  0.000000E+00  0.000000E+00  0.000000E+00  0.000000E+00
  0.260702E+01  0.136733E-01  0.349779E+00  0.000000E+00  0.000000E+00  0.000000E+00  0.000000E+00
  0.231014E+01 -0.146399E-01 -0.277748E+00  0.000000E+00  0.000000E+00  0.000000E+00  0.000000E+00
  0.279347E+01  0.174619E-01 -0.332779E+00  0.000000E+00  0.000000E+00  0.000000E+00  0.000000E+00
  0.212535E+01 -0.173344E-01  0.213190E+00  0.000000E+00  0.000000E+00  0.000000E+00  0.000000E+00
  0.183018E+01 -0.220325E+00 -0.213124E-02  0.000000E+00  0.000000E+00  0.000000E+00  0.000000E+00
  0.165035E+01  0.175601E+00 -0.484169E-04  0.000000E+00  0.000000E+00  0.000000E+00  0.000000E+00
  0.275892E+01 -0.439357E+00  0.674308E-02  0.000000E+00  0.000000E+00  0.000000E+00  0.000000E+00
  0.222050E+01  0.275902E+00 -0.126587E-01  0.000000E+00  0.000000E+00  0.000000E+00  0.000000E+00
  0.284082E+01  0.755670E-01  0.171110E-01  0.000000E+00  0.000000E+00  0.000000E+00  0.000000E+00
  0.284082E+01  0.544544E-01 -0.137323E+00  0.000000E+00  0.000000E+00  0.000000E+00  0.000000E+00
  0.284082E+01  0.209466E+00  0.344183E-01  0.000000E+00  0.000000E+00  0.000000E+00  0.000000E+00
  0.284082E+01 -0.148057E+00  0.198020E+00  0.000000E+00  0.000000E+00  0.000000E+00  0.000000E+00
  0.284082E+01 -0.531258E-02  0.237599E-01  0.000000E+00  0.000000E+00  0.000000E+00  0.000000E+00
  0.284082E+01  0.723212E-01  0.583571E-01  0.000000E+00  0.000000E+00  0.000000E+00  0.000000E+00
  0.284082E+01 -0.588262E-01 -0.119670E+00  0.000000E+00  0.000000E+00  0.000000E+00  0.000000E+00
  0.284082E+01 -0.133312E-01  0.305189E-01  0.000000E+00  0.000000E+00  0.000000E+00  0.000000E+00
  0.284082E+01 -0.356396E-01  0.131344E+00  0.000000E+00  0.000000E+00  0.000000E+00  0.000000E+00
  0.284082E+01 -0.138992E+00  0.893507E-01  0.000000E+00  0.000000E+00  0.000000E+00  0.000000E+00
  0.284082E+01  0.730741E-02  0.154501E-01  0.000000E+00  0.000000E+00  0.000000E+00  0.000000E+00
  0.284082E+01  0.170548E+00 -0.132732E+00  0.000000E+00  0.000000E+00  0.000000E+00  0.000000E+00
  0.284082E+01 -0.403183E-01  0.130191E+00  0.000000E+00  0.000000E+00  0.000000E+00  0.000000E+00
  0.284082E+01  0.826302E-01  0.160222E-01  0.000000E+00  0.000000E+00  0.000000E+00  0.000000E+00
  0.284082E+01 -0.313519E-01 -0.236721E+00  0.000000E+00  0.000000E+00  0.000000E+00  0.000000E+00
  0.284082E+01 -0.117966E+00  0.815362E-01  0.000000E+00  0.000000E+00  0.000000E+00  0.000000E+00
  0.284082E+01 -0.419050E-01  0.428939E-02  0.000000E+00  0.000000E+00  0.000000E+00  0.000000E+00
  0.284082E+01 -0.174436E+00  0.156154E-01  0.000000E+00  0.000000E+00  0.000000E+00  0.000000E+00
  0.284082E+01 -0.474461E-01 -0.343325E-01  0.000000E+00  0.000000E+00  0.000000E+00  0.000000E+00
  0.284082E+01  0.270960E-01  0.446823E-01  0.000000E+00  0.000000E+00  0.000000E+00  0.000000E+00
  0.284082E+01  0.181813E+00 -0.122845E+00  0.000000E+00  0.000000E+00  0.000000E+00  0.000000E+00
  0.284082E+01 -0.148690E+00  0.237890E-01  0.000000E+00  0.000000E+00  0.000000E+00  0.000000E+00
  0.284082E+01 -0.288136E-01  0.240574E+00  0.000000E+00  0.000000E+00  0.000000E+00  0.000000E+00
  0.284082E+01 -0.134068E-03 -0.244522E-01  0.000000E+00  0.000000E+00  0.000000E+00  0.000000E+00
  0.284082E+01 -0.492099E-01 -0.802870E-02  0.000000E+00  0.000000E+00  0.000000E+00  0.000000E+00
  0.284082E+01  0.182605E-01  0.201873E+00  0.000000E+00  0.000000E+00  0.000000E+00  0.000000E+00
  0.284082E+01 -0.394704E-01 -0.184058E+00  0.000000E+00  0.000000E+00  0.000000E+00  0.000000E+00
  0.284082E+01 -0.414787E-01 -0.174633E+00  0.000000E+00  0.000000E+00  0.000000E+00  0.000000E+00
  0.284082E+01 -0.117010E-01 -0.399451E-02  0.000000E+00  0.000000E+00  0.000000E+00  0.000000E+00
  0.284082E+01 -0.785530E-01 -0.119690E+00  0.000000E+00  0.000000E+00  0.000000E+00  0.000000E+00
  0.284082E+01  0.111459E-01 -0.281801E-01  0.000000E+00  0.000000E+00  0.000000E+00  0.000000E+00
  0.284082E+01  0.167641E-02 -0.565852E-01  0.000000E+00  0.000000E+00  0.000000E+00  0.000000E+00
  0.284082E+01  0.174029E-01 -0.870794E-02  0.000000E+00  0.000000E+00  0.000000E+00  0.000000E+00
  0.284082E+01 -0.122822E-01  0.397337E-01  0.000000E+00  0.000000E+00  0.000000E+00  0.000000E+00
  0.284082E+01 -0.784630E-02  0.217612E-02  0.000000E+00  0.000000E+00  0.000000E+00  0.000000E+00
  0.284082E+01  0.114497E+00  0.111108E-01  0.000000E+00  0.000000E+00  0.000000E+00  0.000000E+00
  0.284082E+01  0.429610E-01 -0.414381E-01  0.000000E+00  0.000000E+00  0.000000E+00  0.000000E+00
  0.284082E+01 -0.744446E-02 -0.111472E+00  0.000000E+00  0.000000E+00  0.000000E+00  0.000000E+00
  0.284082E+01 -0.941479E-01 -0.137880E+00  0.000000E+00  0.000000E+00  0.000000E+00  0.000000E+00
  0.284082E+01  0.122650E+00 -0.628458E-01  0.000000E+00  0.000000E+00  0.000000E+00  0.000000E+00
  0.284082E+01  0.131483E+00 -0.558158E-01  0.000000E+00  0.000000E+00  0.000000E+00  0.000000E+00
  0.284082E+01 -0.336735E-01  0.167605E-02  0.000000E+00  0.000000E+00  0.000000E+00  0.000000E+00
  0.284082E+01  0.118368E+00  0.179106E+00  0.000000E+00  0.000000E+00  0.000000E+00  0.000000E+00
  0.284082E+01  0.149385E+00  0.636731E-01  0.000000E+00  0.000000E+00  0.000000E+00  0.000000E+00
  0.284082E+01  0.109035E+00 -0.918980E-01  0.000000E+00  0.000000E+00  0.000000E+00  0.000000E+00
  0.284082E+01 -0.677897E-01 -0.198332E+00  0.000000E+00  0.000000E+00  0.000000E+00  0.000000E+00
  0.284082E+01 -0.206021E+00  0.539254E-01  0.000000E+00  0.000000E+00  0.000000E+00  0.000000E+00
  0.284082E+01  0.323518E-01 -0.155949E+00  0.000000E+00  0.000000E+00  0.000000E+00  0.000000E+00
  0.284082E+01  0.221910E-01  0.217857E-01  0.000000E+00  0.000000E+00  0.000000E+00  0.000000E+00
  0.284082E+01  0.381310E-01  0.204855E-01  0.000000E+00  0.000000E+00  0.000000E+00  0.000000E+00
  0.284082E+01 -0.525767E-01  0.103680E-01  0.000000E+00  0.000000E+00  0.000000E+00  0.000000E+00
  0.284082E+01 -0.134850E-01  0.549823E-02  0.000000E+00  0.000000E+00  0.000000E+00  0.000000E+00
  0.284082E+01 -0.767173E-02 -0.137893E+00  0.000000E+00  0.000000E+00  0.000000E+00  0.000000E+00
  0.284082E+01  0.210082E-01 -0.175779E+00  0.000000E+00  0.000000E+00  0.000000E+00  0.000000E+00
  0.284082E+01  0.221217E-02  0.119473E-01  0.000000E+00  0.000000E+00  0.000000E+00  0.000000E+00
  0.284082E+01  0.157393E+00 -0.791096E-01  0.000000E+00  0.000000E+00  0.000000E+00  0.000000E+00
  0.284082E+01 -0.135753E-01  0.372955E-01  0.000000E+00  0.000000E+00  0.000000E+00  0.000000E+00
  0.284082E+01 -0.544247E-01 -0.182886E-01  0.000000E+00  0.000000E+00  0.000000E+00  0.000000E+00
  0.284082E+01  0.721205E-01  0.132449E-02  0.000000E+00  0.000000E+00  0.000000E+00  0.000000E+00
  0.284082E+01 -0.731919E-01  0.907872E-01  0.000000E+00  0.000000E+00  0.000000E+00  0.000000E+00
  0.284082E+01 -0.484396E-02  0.566726E-02  0.000000E+00  0.000000E+00  0.000000E+00  0.000000E+00
  0.284082E+01  0.227743E+00 -0.135210E-01  0.000000E+00  0.000000E+00  0.000000E+00  0.000000E+00
  0.284082E+01 -0.148015E-01  0.332029E-02  0.000000E+00  0.000000E+00  0.000000E+00  0.000000E+00
  0.284082E+01  0.124141E+00  0.565098E-01  0.000000E+00  0.000000E+00  0.000000E+00  0.000000E+00
  0.284082E+01 -0.707527E-01  0.173116E+00  0.000000E+00  0.000000E+00  0.000000E+00  0.000000E+00
  0.284082E+01 -0.168942E+00  0.126826E+00  0.000000E+00  0.000000E+00  0.000000E+00  0.000000E+00
  0.284082E+01  0.853533E-02 -0.103027E-01  0.000000E+00  0.000000E+00  0.000000E+00  0.000000E+00
  0.284082E+01 -0.286555E-01  0.144397E+00  0.000000E+00  0.000000E+00  0.000000E+00  0.000000E+00
  0.284082E+01 -0.796113E-01 -0.529400E-01  0.000000E+00  0.000000E+00  0.000000E+00  0.000000E+00
  0.284082E+01 -0.141667E-01  0.389555E-01  0.000000E+00  0.000000E+00  0.000000E+00  0.000000E+00
  0.284082E+01  0.828532E-01  0.571615E-01  0.000000E+00  0.000000E+00  0.000000E+00  0.000000E+00
  0.284082E+01  0.574623E-01  0.211200E+00  0.000000E+00  0.000000E+00  0.000000E+00  0.000000E+00
  0.284082E+01 -0.176107E-01  0.545919E-01  0.000000E+00  0.000000E+00  0.000000E+00  0.000000E+00
  0.284082E+01 -0.161365E-01  0.154789E+00  0.000000E+00  0.000000E+00  0.000000E+00  0.000000E+00
  0.284082E+01 -0.150319E+00 -0.147046E+00  0.000000E+00  0.000000E+00  0.000000E+00  0.000000E+00
  0.284082E+01  0.463578E-02  0.838759E-01  0.000000E+00  0.000000E+00  0.000000E+00  0.000000E+00
  0.284082E+01 -0.779106E-01 -0.190756E-01  0.000000E+00  0.000000E+00  0.000000E+00  0.000000E+00
  0.284082E+01  0.125938E+00 -0.938780E-02  0.000000E+00  0.000000E+00  0.000000E+00  0.000000E+00
  0.284082E+01  0.205186E+00 -0.392872E-01  0.000000E+00  0.000000E+00  0.000000E+00  0.000000E+00
  0.284082E+01  0.108204E-02  0.214848E-03  0.000000E+00  0.000000E+00  0.000000E+00  0.000000E+00
  0.284082E+01  0.178047E-01 -0.431978E-01  0.000000E+00  0.000000E+00  0.000000E+00  0.000000E+00
  0.284082E+01  0.476852E-01  0.366196E-01  0.000000E+00  0.000000E+00  0.000000E+00  0.000000E+00
  0.284082E+01  0.364268E-02 -0.274322E-01  0.000000E+00  0.000000E+00  0.000000E+00  0.000000E+00
  0.284082E+01  0.438698E-01 -0.733148E-01  0.000000E+00  0.000000E+00  0.000000E+00  0.000000E+00
  0.284082E+01 -0.203067E-01 -0.128674E-01  0.000000E+00  0.000000E+00  0.000000E+00  0.000000E+00
  0.284082E+01 -0.515209E-01 -0.430416E-01  0.000000E+00  0.000000E+00  0.000000E+00  0.000000E+00
  0.284082E+01  0.203199E-01  0.212804E-01  0.000000E+00  0.000000E+00  0.000000E+00  0.000000E+00
  0.284082E+01 -0.105092E+00  0.105819E+00  0.000000E+00  0.000000E+00  0.000000E+00  0.000000E+00
  0.284082E+01  0.455265E-01 -0.148725E+00  0.000000E+00  0.000000E+00  0.000000E+00  0.000000E+00
  0.284082E+01 -0.907106E-01  0.149071E-01  0.000000E+00  0.000000E+00  0.000000E+00  0.000000E+00
  0.284082E+01 -0.430166E-02  0.202820E-01  0.000000E+00  0.000000E+00  0.000000E+00  0.000000E+00
  0.284082E+01 -0.833946E-01 -0.514262E-01  0.000000E+00  0.000000E+00  0.000000E+00  0.000000E+00
  0.284082E+01  0.109050E-01  0.408935E-02  0.000000E+00  0.000000E+00  0.000000E+00  0.000000E+00
  0.284082E+01 -0.135621E-01 -0.159403E+00  0.000000E+00  0.000000E+00  0.000000E+00  0.000000E+00
  0.284082E+01 -0.694728E-02  0.146679E-01  0.000000E+00  0.000000E+00  0.000000E+00  0.000000E+00
  0.284082E+01  0.179813E+00 -0.721129E-01  0.000000E+00  0.000000E+00  0.000000E+00  0.000000E+00
  0.284082E+01  0.111111E-02 -0.571102E-02  0.000000E+00  0.000000E+00  0.000000E+00  0.000000E+00
  0.284082E+01  0.698107E-01  0.372951E-01  0.000000E+00  0.000000E+00  0.000000E+00  0.000000E+00
  0.284082E+01 -0.117863E-02  0.107487E-01  0.000000E+00  0.000000E+00  0.000000E+00  0.000000E+00
  0.284082E+01  0.119951E+00  0.210074E+00  0.000000E+00  0.000000E+00  0.000000E+00  0.000000E+00
