  0.214381E+01 -0.219696E+00  0.170589E-01  0.000000E+00  0.000000E+00  0.000000E+00  0.000000E+00
  0.278225E+01 -0.828596E-02  0.436049E+00  0.000000E+00  0.000000E+00  0.000000E+00  0.000000E+00
  0.191597E+01  0.137441E-01  0.202856E+00  0.000000E+00  0.000000E+00  0.000000E+00  0.000000E+00
  0.225686E+01  0.173769E-01  0.236642E+00  0.000000E+00  0.000000E+00  0.000000E+00  0.000000E+00
  0.183885E+01  0.198871E+00  0.113745E-01  0.000000E+00  0.000000E+00  0.000000E+00  0.000000E+00
  0.200680E+01  0.150718E-01  0.212103E+00  0.000000E+00  0.000000E+00  0.000000E+00  0.000000E+00
  0.168254E+01  0.882211E-02  0.171930E+00  0.000000E+00  0.000000E+00  0.000000E+00  0.000000E+00
  0.192964E+01  0.227919E+00  0.947915E-02  0.000000E+00  0.000000E+00  0.000000E+00  0.000000E+00
  0.235165E+01 -0.127373E-01  0.303880E+00  0.000000E+00  0.000000E+00  0.000000E+00  0.000000E+00
  0.237346E+01 -0.358653E+00  0.288647E-03  0.000000E+00  0.000000E+00  0.000000E+00  0.000000E+00
  0.204309E+01  0.221557E+00  0.148128E-01  0.000000E+00  0.000000E+00  0.000000E+00  0.000000E+00
  0.264062E+01 -0.290802E+00  0.182808E-01  0.000000E+00  0.000000E+00  0.000000E+00  0.000000E+00
  0.280421E+01  0.349428E+00  0.166186E-01  0.000000E+00  0.000000E+00  0.000000E+00  0.000000E+00
  0.166479E+01  0.172031E+00  0.702659E-02  0.000000E+00  0.000000E+00  0.000000E+00  0.000000E+00
  0.271875E+01 -0.431476E+00  0.634768E-02  0.000000E+00  0.000000E+00  0.000000E+00  0.000000E+00
  0.208049E+01 -0.678986E-02  0.273808E+00  0.000000E+00  0.000000E+00  0.000000E+00  0.000000E+00
  0.211545E+01  0.265649E+00  0.106054E-01  0.000000E+00  0.000000E+00  0.000000E+00  0.000000E+00
  0.249841E+01  0.366785E+00  0.854801E-02  0.000000E+00  0.000000E+00  0.000000E+00  0.000000E+00
  0.224010E+01  0.179963E-01  0.225530E+00  0.000000E+00  0.000000E+00  0.000000E+00  0.000000E+00
  0.206507E+01  0.126691E-01  0.241899E+00  0.000000E+00  0.000000E+00  0.000000E+00  0.000000E+00
  0.253283E+01 -0.263734E+00  0.187608E-01  0.000000E+00  0.000000E+00  0.000000E+00  0.000000E+00
  0.243851E+01 -0.369825E+00  0.419505E-02  0.000000E+00  0.000000E+00  0.000000E+00  0.000000E+00
  0.261021E+01 -0.127542E-01  0.360042E+00  0.000000E+00  0.000000E+00  0.000000E+00  0.000000E+00
  0.244107E+01  0.185479E-01  0.251967E+00  0.000000E+00  0.000000E+00  0.000000E+00  0.000000E+00
  0.244068E+01  0.288885E+00  0.159831E-01  0.000000E+00  0.000000E+00  0.000000E+00  0.000000E+00
  0.218670E+01  0.251225E+00  0.147713E-01  0.000000E+00  0.000000E+00  0.000000E+00  0.000000E+00
  0.196659E+01  0.227798E+00  0.113502E-01  0.000000E+00  0.000000E+00  0.000000E+00  0.000000E+00
  0.208960E+01 -0.254470E+00  0.115324E-01  0.000000E+00  0.000000E+00  0.000000E+00  0.000000E+00
  0.224658E+01  0.242699E+00  0.167263E-01  0.000000E+00  0.000000E+00  0.000000E+00  0.000000E+00
  0.226730E+01  0.232790E+00  0.178143E-01  0.000000E+00  0.000000E+00  0.000000E+00  0.000000E+00
  0.219206E+01 -0.130940E-01  0.266421E+00  0.000000E+00  0.000000E+00  0.000000E+00  0.000000E+00
  0.266665E+01 -0.268713E+00  0.196008E-01  0.000000E+00  0.000000E+00  0.000000E+00  0.000000E+00
  0.214415E+01  0.291603E+00  0.607685E-02  0.000000E+00  0.000000E+00  0.000000E+00  0.000000E+00
  0.203595E+01 -0.256598E+00  0.858861E-02  0.000000E+00  0.000000E+00  0.000000E+00  0.000000E+00
  0.240756E+01  0.839342E-02  0.345990E+00  0.000000E+00  0.000000E+00  0.000000E+00  0.000000E+00
  0.217275E+01  0.282005E+00  0.100286E-01  0.000000E+00  0.000000E+00  0.000000E+00  0.000000E+00
  0.242322E+01 -0.336306E+00  0.105919E-01  0.000000E+00  0.000000E+00  0.000000E+00  0.000000E+00
  0.272283E+01 -0.170301E-01  0.327341E+00  0.000000E+00  0.000000E+00  0.000000E+00  0.000000E+00
  0.226074E+01 -0.312983E+00  0.795412E-02  0.000000E+00  0.000000E+00  0.000000E+00  0.000000E+00
  0.207111E+01 -0.218147E+00  0.158535E-01  0.000000E+00  0.000000E+00  0.000000E+00  0.000000E+00
  0.173898E+01  0.603424E-02  0.192185E+00  0.000000E+00  0.000000E+00  0.000000E+00  0.000000E+00
  0.272334E+01 -0.427555E+00  0.733821E-02  0.000000E+00  0.000000E+00  0.000000E+00  0.000000E+00
  0.171913E+01  0.185689E+00  0.682156E-02  0.000000E+00  0.000000E+00  0.000000E+00  0.000000E+00
  0.184964E+01 -0.141423E-01  0.186411E+00  0.000000E+00  0.000000E+00  0.000000E+00  0.000000E+00
  0.194128E+01  0.246841E+00  0.347236E-02  0.000000E+00  0.000000E+00  0.000000E+00  0.000000E+00
  0.268108E+01 -0.420279E+00  0.676351E-02  0.000000E+00  0.000000E+00  0.000000E+00  0.000000E+00
  0.168344E+01  0.173006E+00  0.850428E-02  0.000000E+00  0.000000E+00  0.000000E+00  0.000000E+00
  0.233682E+01  0.345335E+00  0.380179E-02  0.000000E+00  0.000000E+00  0.000000E+00  0.000000E+00
  0.278763E+01  0.194195E-01  0.291922E+00  0.000000E+00  0.000000E+00  0.000000E+00  0.000000E+00
  0.228240E+01 -0.332353E+00  0.348067E-02  0.000000E+00  0.000000E+00  0.000000E+00  0.000000E+00
  0.277702E+01 -0.427990E+00  0.927092E-02  0.000000E+00  0.000000E+00  0.000000E+00  0.000000E+00
  0.214915E+01 -0.283521E+00  0.858675E-02  0.000000E+00  0.000000E+00  0.000000E+00  0.000000E+00
  0.208452E+01 -0.122650E-01  0.248800E+00  0.000000E+00  0.000000E+00  0.000000E+00  0.000000E+00
  0.198350E+01 -0.566750E-02  0.253179E+00  0.000000E+00  0.000000E+00  0.000000E+00  0.000000E+00
  0.212993E+01 -0.154390E-01  0.233614E+00  0.000000E+00  0.000000E+00  0.000000E+00  0.000000E+00
  0.232133E+01  0.300171E+00  0.123765E-01  0.000000E+00  0.000000E+00  0.000000E+00  0.000000E+00
  0.183310E+01 -0.203679E+00  0.991409E-02  0.000000E+00  0.000000E+00  0.000000E+00  0.000000E+00
  0.257071E+01 -0.351476E+00  0.127504E-01  0.000000E+00  0.000000E+00  0.000000E+00  0.000000E+00
  0.199576E+01 -0.256090E+00  0.571322E-02  0.000000E+00  0.000000E+00  0.000000E+00  0.000000E+00
  0.167466E+01  0.140167E-02  0.181470E+00  0.000000E+00  0.000000E+00  0.000000E+00  0.000000E+00
  0.223675E+01 -0.146874E-01  0.262242E+00  0.000000E+00  0.000000E+00  0.000000E+00  0.000000E+00
  0.191152E+01 -0.207167E+00  0.128810E-01  0.000000E+00  0.000000E+00  0.000000E+00  0.000000E+00
  0.205049E+01 -0.167938E-01  0.205127E+00  0.000000E+00  0.000000E+00  0.000000E+00  0.000000E+00
  0.255109E+01 -0.281500E+00  0.179173E-01  0.000000E+00  0.000000E+00  0.000000E+00  0.000000E+00
  0.191787E+01 -0.223528E+00  0.987903E-02  0.000000E+00  0.000000E+00  0.000000E+00  0.000000E+00
  0.222488E+01 -0.222342E+00  0.180349E-01  0.000000E+00  0.000000E+00  0.000000E+00  0.000000E+00
  0.282746E+01  0.471237E+00  0.250440E-02  0.000000E+00  0.000000E+00  0.000000E+00  0.000000E+00
  0.181713E+01 -0.183871E+00  0.134040E-01  0.000000E+00  0.000000E+00  0.000000E+00  0.000000E+00
  0.173463E+01  0.196939E+00  0.187601E-04  0.000000E+00  0.000000E+00  0.000000E+00  0.000000E+00
  0.169168E+01 -0.612879E-02  0.180387E+00  0.000000E+00  0.000000E+00  0.000000E+00  0.000000E+00
  0.177568E+01 -0.206581E+00  0.212674E-02  0.000000E+00  0.000000E+00  0.000000E+00  0.000000E+00
  0.242325E+01 -0.155424E-01  0.290810E+00  0.000000E+00  0.000000E+00  0.000000E+00  0.000000E+00
  0.178859E+01 -0.210377E+00  0.114831E-02  0.000000E+00  0.000000E+00  0.000000E+00  0.000000E+00
  0.267941E+01  0.187243E-01  0.288985E+00  0.000000E+00  0.000000E+00  0.000000E+00  0.000000E+00
  0.274052E+01  0.885306E-02  0.422343E+00  0.000000E+00  0.000000E+00  0.000000E+00  0.000000E+00
  0.183450E+01 -0.188648E+00  0.132134E-01  0.000000E+00  0.000000E+00  0.000000E+00  0.000000E+00
  0.232624E+01  0.343417E+00  0.344298E-02  0.000000E+00  0.000000E+00  0.000000E+00  0.000000E+00
  0.263176E+01  0.186216E-01  0.282948E+00  0.000000E+00  0.000000E+00  0.000000E+00  0.000000E+00
  0.207046E+01  0.139136E-01  0.234261E+00  0.000000E+00  0.000000E+00  0.000000E+00  0.000000E+00
  0.229620E+01 -0.165859E-01  0.253738E+00  0.000000E+00  0.000000E+00  0.000000E+00  0.000000E+00
  0.184298E+01 -0.222695E+00  0.305006E-02  0.000000E+00  0.000000E+00  0.000000E+00  0.000000E+00
  0.171342E+01 -0.337800E-02  0.189811E+00  0.000000E+00  0.000000E+00  0.000000E+00  0.000000E+00
  0.187814E+01  0.229849E+00  0.426662E-02  0.000000E+00  0.000000E+00  0.000000E+00  0.000000E+00
  0.183297E+01 -0.138155E-01  0.184886E+00  0.000000E+00  0.000000E+00  0.000000E+00  0.000000E+00
  0.212045E+01 -0.277297E+00  0.844625E-02  0.000000E+00  0.000000E+00  0.000000E+00  0.000000E+00
  0.210185E+01 -0.216718E+00  0.166055E-01  0.000000E+00  0.000000E+00  0.000000E+00  0.000000E+00
  0.195477E+01  0.204711E+00  0.146545E-01  0.000000E+00  0.000000E+00  0.000000E+00  0.000000E+00
  0.266551E+01  0.413485E+00  0.735205E-02  0.000000E+00  0.000000E+00  0.000000E+00  0.000000E+00
  0.246653E+01 -0.353844E+00  0.945548E-02  0.000000E+00  0.000000E+00  0.000000E+00  0.000000E+00
  0.273593E+01  0.173159E-01  0.324901E+00  0.000000E+00  0.000000E+00  0.000000E+00  0.000000E+00
  0.267444E+01 -0.428773E+00  0.417441E-02  0.000000E+00  0.000000E+00  0.000000E+00  0.000000E+00
  0.200964E+01 -0.200290E-02  0.265707E+00  0.000000E+00  0.000000E+00  0.000000E+00  0.000000E+00
  0.206690E+01  0.549010E-02  0.274201E+00  0.000000E+00  0.000000E+00  0.000000E+00  0.000000E+00
  0.195336E+01  0.223592E+00  0.115846E-01  0.000000E+00  0.000000E+00  0.000000E+00  0.000000E+00
  0.241594E+01 -0.316151E+00  0.129335E-01  0.000000E+00  0.000000E+00  0.000000E+00  0.000000E+00
  0.226363E+01  0.330262E+00  0.151534E-02  0.000000E+00  0.000000E+00  0.000000E+00  0.000000E+00
  0.179637E+01  0.212570E+00  0.444361E-04  0.000000E+00  0.000000E+00  0.000000E+00  0.000000E+00
  0.212439E+01  0.365318E-02  0.292445E+00  0.000000E+00  0.000000E+00  0.000000E+00  0.000000E+00
  0.181796E+01 -0.526103E-02  0.213153E+00  0.000000E+00  0.000000E+00  0.000000E+00  0.000000E+00
  0.245723E+01  0.285455E+00  0.164954E-01  0.000000E+00  0.000000E+00  0.000000E+00  0.000000E+00
  0.233753E+01 -0.343133E+00  0.477877E-02  0.000000E+00  0.000000E+00  0.000000E+00  0.000000E+00
  0.245918E+01  0.252257E+00  0.187117E-01  0.000000E+00  0.000000E+00  0.000000E+00  0.000000E+00
  0.240180E+01  0.538252E-02  0.357270E+00  0.000000E+00  0.000000E+00  0.000000E+00  0.000000E+00
  0.223782E+01 -0.312912E+00  0.657659E-02  0.000000E+00  0.000000E+00  0.000000E+00  0.000000E+00
  0.213824E+01  0.106635E-01  0.270548E+00  0.000000E+00  0.000000E+00  0.000000E+00  0.000000E+00
  0.216568E+01  0.160789E-01  0.234369E+00  0.000000E+00  0.000000E+00  0.000000E+00  0.000000E+00
  0.168635E+01  0.747417E-02  0.176266E+00  0.000000E+00  0.000000E+00  0.000000E+00  0.000000E+00
  0.241145E+01  0.265878E+00  0.172995E-01  0.000000E+00  0.000000E+00  0.000000E+00  0.000000E+00
  0.172554E+01  0.185767E+00  0.746126E-02  0.000000E+00  0.000000E+00  0.000000E+00  0.000000E+00
  0.215326E+01  0.260608E+00  0.127445E-01  0.000000E+00  0.000000E+00  0.000000E+00  0.000000E+00
  0.189452E+01  0.235681E+00  0.301908E-02  0.000000E+00  0.000000E+00  0.000000E+00  0.000000E+00
  0.227095E+01 -0.326110E+00  0.495959E-02  0.000000E+00  0.000000E+00  0.000000E+00  0.000000E+00
  0.180489E+01  0.468118E-02  0.210930E+00  0.000000E+00  0.000000E+00  0.000000E+00  0.000000E+00
  0.256725E+01  0.380509E+00  0.898283E-02  0.000000E+00  0.000000E+00  0.000000E+00  0.000000E+00
  0.171724E+01 -0.906522E-02  0.179432E+00  0.000000E+00  0.000000E+00  0.000000E+00  0.000000E+00
  0.202811E+01  0.260597E+00  0.693516E-02  0.000000E+00  0.000000E+00  0.000000E+00  0.000000E+00
  0.222391E+01 -0.179751E-01  0.222966E+00  0.000000E+00  0.000000E+00  0.000000E+00  0.000000E+00
  0.275815E+01  0.186950E-01  0.302796E+00  0.000000E+00  0.000000E+00  0.000000E+00  0.000000E+00
  0.208716E+01 -0.278073E+00  0.591244E-02  0.000000E+00  0.000000E+00  0.000000E+00  0.000000E+00
  0.236651E+01  0.154610E-02  0.356232E+00  0.000000E+00  0.000000E+00  0.000000E+00  0.000000E+00
  0.270828E+01  0.279795E+00  0.193954E-01  0.000000E+00  0.000000E+00  0.000000E+00  0.000000E+00
  0.221199E+01  0.227028E+00  0.174938E-01  0.000000E+00  0.000000E+00  0.000000E+00  0.000000E+00
  0.280154E+01  0.367302E+00  0.154423E-01  0.000000E+00  0.000000E+00  0.000000E+00  0.000000E+00
  0.203035E+01 -0.257454E+00  0.801651E-02  0.000000E+00  0.000000E+00  0.000000E+00  0.000000E+00
  0.252290E+01 -0.146169E-01  0.321677E+00  0.000000E+00  0.000000E+00  0.000000E+00  0.000000E+00
  0.179470E+01 -0.200830E+00  0.805587E-02  0.000000E+00  0.000000E+00  0.000000E+00  0.000000E+00
  0.258789E+01  0.118847E-01  0.363316E+00  0.000000E+00  0.000000E+00  0.000000E+00  0.000000E+00
  0.233031E+01  0.326822E+00  0.854222E-02  0.000000E+00  0.000000E+00  0.000000E+00  0.000000E+00
  0.228954E+01 -0.336578E+00  0.177575E-02  0.000000E+00  0.000000E+00  0.000000E+00  0.000000E+00
  0.260064E+01  0.193057E-01  0.264426E+00  0.000000E+00  0.000000E+00  0.000000E+00  0.000000E+00
  0.272495E+01  0.429376E+00  0.707287E-02  0.000000E+00  0.000000E+00  0.000000E+00  0.000000E+00
  0.214166E+01  0.248611E+00  0.139912E-01  0.000000E+00  0.000000E+00  0.000000E+00  0.000000E+00
  0.274725E+01  0.138516E-01  0.377369E+00  0.000000E+00  0.000000E+00  0.000000E+00  0.000000E+00
  0.187948E+01  0.520828E-02  0.228485E+00  0.000000E+00  0.000000E+00  0.000000E+00  0.000000E+00
  0.241916E+01 -0.369429E+00  0.165943E-02  0.000000E+00  0.000000E+00  0.000000E+00  0.000000E+00
  0.176386E+01 -0.204330E+00  0.225609E-03  0.000000E+00  0.000000E+00  0.000000E+00  0.000000E+00
  0.268591E+01 -0.135237E-01  0.368199E+00  0.000000E+00  0.000000E+00  0.000000E+00  0.000000E+00
  0.228265E+01  0.324804E+00  0.631329E-02  0.000000E+00  0.000000E+00  0.000000E+00  0.000000E+00
  0.235514E+01  0.237017E+00  0.185710E-01  0.000000E+00  0.000000E+00  0.000000E+00  0.000000E+00
  0.249275E+01  0.330522E+00  0.131720E-01  0.000000E+00  0.000000E+00  0.000000E+00  0.000000E+00
  0.221677E+01 -0.317684E+00  0.227353E-02  0.000000E+00  0.000000E+00  0.000000E+00  0.000000E+00
  0.237659E+01 -0.341181E+00  0.787257E-02  0.000000E+00  0.000000E+00  0.000000E+00  0.000000E+00
  0.177192E+01 -0.192230E-02  0.205770E+00  0.000000E+00  0.000000E+00  0.000000E+00  0.000000E+00
  0.164174E+01 -0.609665E-02  0.168184E+00  0.000000E+00  0.000000E+00  0.000000E+00  0.000000E+00
  0.193874E+01  0.221266E+00  0.113994E-01  0.000000E+00  0.000000E+00  0.000000E+00  0.000000E+00
  0.182188E+01  0.134527E-01  0.184613E+00  0.000000E+00  0.000000E+00  0.000000E+00  0.000000E+00
  0.194840E+01 -0.205536E+00  0.143565E-01  0.000000E+00  0.000000E+00  0.000000E+00  0.000000E+00
  0.221359E+01 -0.224107E+00  0.177478E-01  0.000000E+00  0.000000E+00  0.000000E+00  0.000000E+00
  0.256433E+01  0.272848E+00  0.185503E-01  0.000000E+00  0.000000E+00  0.000000E+00  0.000000E+00
  0.224097E+01  0.222430E+00  0.182342E-01  0.000000E+00  0.000000E+00  0.000000E+00  0.000000E+00
  0.261689E+01 -0.310268E-02  0.417058E+00  0.000000E+00  0.000000E+00  0.000000E+00  0.000000E+00
  0.261598E+01 -0.352659E+00  0.135835E-01  0.000000E+00  0.000000E+00  0.000000E+00  0.000000E+00
  0.281777E+01 -0.325616E+00  0.180693E-01  0.000000E+00  0.000000E+00  0.000000E+00  0.000000E+00
  0.251053E+01 -0.128426E-01  0.337507E+00  0.000000E+00  0.000000E+00  0.000000E+00  0.000000E+00
  0.188556E+01  0.135056E-01  0.197883E+00  0.000000E+00  0.000000E+00  0.000000E+00  0.000000E+00
  0.271760E+01  0.166781E-01  0.332101E+00  0.000000E+00  0.000000E+00  0.000000E+00  0.000000E+00
  0.189086E+01  0.296662E-02  0.234821E+00  0.000000E+00  0.000000E+00  0.000000E+00  0.000000E+00
  0.182903E+01  0.174333E-03  0.220832E+00  0.000000E+00  0.000000E+00  0.000000E+00  0.000000E+00
  0.211191E+01 -0.280452E+00  0.708969E-02  0.000000E+00  0.000000E+00  0.000000E+00  0.000000E+00
  0.206413E+01  0.151069E-01  0.223385E+00  0.000000E+00  0.000000E+00  0.000000E+00  0.000000E+00
  0.264647E+01  0.123580E-01  0.371874E+00  0.000000E+00  0.000000E+00  0.000000E+00  0.000000E+00
  0.211023E+01 -0.878266E-03  0.291851E+00  0.000000E+00  0.000000E+00  0.000000E+00  0.000000E+00
  0.246060E+01  0.268561E+00  0.177209E-01  0.000000E+00  0.000000E+00  0.000000E+00  0.000000E+00
  0.217961E+01  0.244848E+00  0.153000E-01  0.000000E+00  0.000000E+00  0.000000E+00  0.000000E+00
  0.169548E+01  0.782451E-02  0.177630E+00  0.000000E+00  0.000000E+00  0.000000E+00  0.000000E+00
  0.221371E+01  0.164952E-01  0.239130E+00  0.000000E+00  0.000000E+00  0.000000E+00  0.000000E+00
  0.253602E+01 -0.716835E-04  0.399832E+00  0.000000E+00  0.000000E+00  0.000000E+00  0.000000E+00
  0.270877E+01  0.426777E+00  0.681360E-02  0.000000E+00  0.000000E+00  0.000000E+00  0.000000E+00
  0.196699E+01 -0.237529E+00  0.927127E-02  0.000000E+00  0.000000E+00  0.000000E+00  0.000000E+00
  0.282748E+01 -0.326430E+00  0.181139E-01  0.000000E+00  0.000000E+00  0.000000E+00  0.000000E+00
  0.166997E+01 -0.787006E-02  0.171388E+00  0.000000E+00  0.000000E+00  0.000000E+00  0.000000E+00
  0.256103E+01  0.956716E-02  0.375246E+00  0.000000E+00  0.000000E+00  0.000000E+00  0.000000E+00
  0.231205E+01  0.591967E-02  0.333370E+00  0.000000E+00  0.000000E+00  0.000000E+00  0.000000E+00
  0.166669E+01 -0.464735E-02  0.176605E+00  0.000000E+00  0.000000E+00  0.000000E+00  0.000000E+00
  0.243534E+01  0.156549E-01  0.291862E+00  0.000000E+00  0.000000E+00  0.000000E+00  0.000000E+00
  0.251776E+01  0.242595E-03  0.395191E+00  0.000000E+00  0.000000E+00  0.000000E+00  0.000000E+00
  0.195618E+01  0.251386E+00  0.284404E-02  0.000000E+00  0.000000E+00  0.000000E+00  0.000000E+00
  0.239814E+01 -0.280179E+00  0.160180E-01  0.000000E+00  0.000000E+00  0.000000E+00  0.000000E+00
  0.248775E+01  0.128767E-01  0.332240E+00  0.000000E+00  0.000000E+00  0.000000E+00  0.000000E+00
  0.180319E+01  0.103751E-01  0.194972E+00  0.000000E+00  0.000000E+00  0.000000E+00  0.000000E+00
  0.223904E+01 -0.172031E-01  0.235559E+00  0.000000E+00  0.000000E+00  0.000000E+00  0.000000E+00
  0.194796E+01  0.201763E+00  0.148658E-01  0.000000E+00  0.000000E+00  0.000000E+00  0.000000E+00
  0.217188E+01  0.268725E+00  0.121703E-01  0.000000E+00  0.000000E+00  0.000000E+00  0.000000E+00
  0.221315E+01 -0.579912E-02  0.309414E+00  0.000000E+00  0.000000E+00  0.000000E+00  0.000000E+00
  0.280743E+01 -0.310407E+00  0.187268E-01  0.000000E+00  0.000000E+00  0.000000E+00  0.000000E+00
  0.192730E+01  0.488938E-02  0.240974E+00  0.000000E+00  0.000000E+00  0.000000E+00  0.000000E+00
  0.191657E+01 -0.192124E+00  0.153076E-01  0.000000E+00  0.000000E+00  0.000000E+00  0.000000E+00
  0.168194E+01 -0.172166E+00  0.868393E-02  0.000000E+00  0.000000E+00  0.000000E+00  0.000000E+00
  0.219842E+01 -0.715043E-02  0.301227E+00  0.000000E+00  0.000000E+00  0.000000E+00  0.000000E+00
  0.178520E+01 -0.627758E-02  0.203022E+00  0.000000E+00  0.000000E+00  0.000000E+00  0.000000E+00
  0.283888E+01  0.401400E+00  0.134723E-01  0.000000E+00  0.000000E+00  0.000000E+00  0.000000E+00
  0.198539E+01  0.228662E+00  0.119652E-01  0.000000E+00  0.000000E+00  0.000000E+00  0.000000E+00
  0.241429E+01  0.312533E+00  0.132923E-01  0.000000E+00  0.000000E+00  0.000000E+00  0.000000E+00
  0.251814E+01  0.185242E-01  0.265464E+00  0.000000E+00  0.000000E+00  0.000000E+00  0.000000E+00
  0.225381E+01 -0.326131E+00  0.292320E-02  0.000000E+00  0.000000E+00  0.000000E+00  0.000000E+00
  0.209240E+01 -0.163555E-01  0.217450E+00  0.000000E+00  0.000000E+00  0.000000E+00  0.000000E+00
  0.171694E+01  0.191698E+00  0.222097E-02  0.000000E+00  0.000000E+00  0.000000E+00  0.000000E+00
  0.209769E+01  0.285844E+00  0.360174E-02  0.000000E+00  0.000000E+00  0.000000E+00  0.000000E+00
  0.253512E+01 -0.919279E-02  0.371608E+00  0.000000E+00  0.000000E+00  0.000000E+00  0.000000E+00
  0.282119E+01  0.463844E+00  0.463612E-02  0.000000E+00  0.000000E+00  0.000000E+00  0.000000E+00
  0.271517E+01 -0.575486E-02  0.433233E+00  0.000000E+00  0.000000E+00  0.000000E+00  0.000000E+00
  0.210879E+01  0.119670E-01  0.256080E+00  0.000000E+00  0.000000E+00  0.000000E+00  0.000000E+00
  0.264580E+01  0.108913E-01  0.384914E+00  0.000000E+00  0.000000E+00  0.000000E+00  0.000000E+00
  0.259492E+01  0.316323E+00  0.161691E-01  0.000000E+00  0.000000E+00  0.000000E+00  0.000000E+00
  0.189291E+01 -0.499422E-02  0.232234E+00  0.000000E+00  0.000000E+00  0.000000E+00  0.000000E+00
  0.172109E+01  0.173829E+00  0.109850E-01  0.000000E+00  0.000000E+00  0.000000E+00  0.000000E+00
  0.250849E+01 -0.354118E+00  0.108259E-01  0.000000E+00  0.000000E+00  0.000000E+00  0.000000E+00
  0.269892E+01  0.252313E-03  0.441054E+00  0.000000E+00  0.000000E+00  0.000000E+00  0.000000E+00
  0.198815E+01 -0.218881E+00  0.136330E-01  0.000000E+00  0.000000E+00  0.000000E+00  0.000000E+00
  0.206642E+01 -0.238848E+00  0.131627E-01  0.000000E+00  0.000000E+00  0.000000E+00  0.000000E+00
  0.284082E+01 -0.127349E+00 -0.308177E-01  0.000000E+00  0.000000E+00  0.000000E+00  0.000000E+00
  0.284082E+01 -0.123785E+00 -0.472151E-01  0.000000E+00  0.000000E+00  0.000000E+00  0.000000E+00
  0.284082E+01 -0.109916E-01 -0.315033E-01  0.000000E+00  0.000000E+00  0.000000E+00  0.000000E+00
  0.284082E+01  0.436468E-02  0.149054E+00  0.000000E+00  0.000000E+00  0.000000E+00  0.000000E+00
  0.284082E+01  0.908847E-01  0.148110E+00  0.000000E+00  0.000000E+00  0.000000E+00  0.000000E+00
  0.284082E+01  0.529694E-01  0.853917E-01  0.000000E+00  0.000000E+00  0.000000E+00  0.000000E+00
  0.284082E+01 -0.900400E-01  0.945209E-01  0.000000E+00  0.000000E+00  0.000000E+00  0.000000E+00
  0.284082E+01 -0.954584E-01 -0.368578E-01  0.000000E+00  0.000000E+00  0.000000E+00  0.000000E+00
  0.284082E+01  0.124704E+00 -0.889646E-01  0.000000E+00  0.000000E+00  0.000000E+00  0.000000E+00
  0.284082E+01 -0.106103E+00 -0.218381E+00  0.000000E+00  0.000000E+00  0.000000E+00  0.000000E+00
  0.284082E+01  0.805384E-02 -0.123248E-01  0.000000E+00  0.000000E+00  0.000000E+00  0.000000E+00
  0.284082E+01 -0.224107E+00  0.207426E-01  0.000000E+00  0.000000E+00  0.000000E+00  0.000000E+00
  0.284082E+01  0.578555E-01 -0.323778E-01  0.000000E+00  0.000000E+00  0.000000E+00  0.000000E+00
  0.284082E+01 -0.230468E-01  0.418298E-01  0.000000E+00  0.000000E+00  0.000000E+00  0.000000E+00
  0.284082E+01 -0.105722E+00  0.190221E-01  0.000000E+00  0.000000E+00  0.000000E+00  0.000000E+00
  0.284082E+01  0.324939E-01  0.216566E-01  0.000000E+00  0.000000E+00  0.000000E+00  0.000000E+00
  0.284082E+01 -0.425143E-01  0.191576E+00  0.000000E+00  0.000000E+00  0.000000E+00  0.000000E+00
  0.284082E+01  0.196365E-01 -0.927924E-01  0.000000E+00  0.000000E+00  0.000000E+00  0.000000E+00
  0.284082E+01  0.144563E-01 -0.226422E-01  0.000000E+00  0.000000E+00  0.000000E+00  0.000000E+00
  0.284082E+01  0.105462E+00  0.355202E-02  0.000000E+00  0.000000E+00  0.000000E+00  0.000000E+00
  0.284082E+01  0.198199E+00 -0.956304E-01  0.000000E+00  0.000000E+00  0.000000E+00  0.000000E+00
  0.284082E+01 -0.936974E-01  0.127835E+00  0.000000E+00  0.000000E+00  0.000000E+00  0.000000E+00
  0.284082E+01 -0.127967E+00 -0.107354E-01  0.000000E+00  0.000000E+00  0.000000E+00  0.000000E+00
  0.284082E+01 -0.224649E-01  0.845694E-01  0.000000E+00  0.000000E+00  0.000000E+00  0.000000E+00
  0.284082E+01 -0.179803E-02  0.307551E-01  0.000000E+00  0.000000E+00  0.000000E+00  0.000000E+00
  0.284082E+01 -0.329739E-01 -0.848495E-01  0.000000E+00  0.000000E+00  0.000000E+00  0.000000E+00
  0.284082E+01 -0.757857E-01 -0.665232E-01  0.000000E+00  0.000000E+00  0.000000E+00  0.000000E+00
  0.284082E+01  0.127744E-01  0.119079E+00  0.000000E+00  0.000000E+00  0.000000E+00  0.000000E+00
  0.284082E+01  0.203566E+00 -0.308750E-01  0.000000E+00  0.000000E+00  0.000000E+00  0.000000E+00
  0.284082E+01  0.136489E+00 -0.125348E+00  0.000000E+00  0.000000E+00  0.000000E+00  0.000000E+00
  0.284082E+01 -0.130172E+00  0.157857E-02  0.000000E+00  0.000000E+00  0.000000E+00  0.000000E+00
  0.284082E+01 -0.909581E-01 -0.182566E-02  0.000000E+00  0.000000E+00  0.000000E+00  0.000000E+00
  0.284082E+01  0.316729E-01  0.209312E+00  0.000000E+00  0.000000E+00  0.000000E+00  0.000000E+00
  0.284082E+01  0.809178E-01  0.609323E-02  0.000000E+00  0.000000E+00  0.000000E+00  0.000000E+00
  0.284082E+01 -0.240266E-01  0.954234E-01  0.000000E+00  0.000000E+00  0.000000E+00  0.000000E+00
  0.284082E+01  0.160502E+00  0.417016E-01  0.000000E+00  0.000000E+00  0.000000E+00  0.000000E+00
  0.284082E+01  0.139415E+00  0.700843E-01  0.000000E+00  0.000000E+00  0.000000E+00  0.000000E+00
  0.284082E+01 -0.260545E-01  0.303464E-01  0.000000E+00  0.000000E+00  0.000000E+00  0.000000E+00
  0.284082E+01 -0.110120E+00  0.969402E-03  0.000000E+00  0.000000E+00  0.000000E+00  0.000000E+00
  0.284082E+01 -0.169233E-02 -0.697482E-01  0.000000E+00  0.000000E+00  0.000000E+00  0.000000E+00
  0.284082E+01 -0.396424E-01  0.898538E-01  0.000000E+00  0.000000E+00  0.000000E+00  0.000000E+00
  0.284082E+01 -0.560452E-01 -0.172487E+00  0.000000E+00  0.000000E+00  0.000000E+00  0.000000E+00
  0.284082E+01  0.240649E+00 -0.423897E-01  0.000000E+00  0.000000E+00  0.000000E+00  0.000000E+00
  0.284082E+01 -0.156626E+00 -0.137586E+00  0.000000E+00  0.000000E+00  0.000000E+00  0.000000E+00
  0.284082E+01 -0.103923E+00  0.204076E+00  0.000000E+00  0.000000E+00  0.000000E+00  0.000000E+00
  0.284082E+01  0.185590E+00 -0.593363E-01  0.000000E+00  0.000000E+00  0.000000E+00  0.000000E+00
  0.284082E+01 -0.640886E-01 -0.724289E-01  0.000000E+00  0.000000E+00  0.000000E+00  0.000000E+00
  0.284082E+01  0.418935E-02 -0.203801E+00  0.000000E+00  0.000000E+00  0.000000E+00  0.000000E+00
  0.284082E+01  0.636086E-01 -0.255895E-01  0.000000E+00  0.000000E+00  0.000000E+00  0.000000E+00
  0.284082E+01 -0.242097E-01  0.613331E-01  0.000000E+00  0.000000E+00  0.000000E+00  0.000000E+00
  0.284082E+01  0.223724E-01 -0.190374E+00  0.000000E+00  0.000000E+00  0.000000E+00  0.000000E+00
  0.284082E+01 -0.259446E-01 -0.509922E-01  0.000000E+00  0.000000E+00  0.000000E+00  0.000000E+00
  0.284082E+01 -0.196085E-01 -0.509722E-01  0.000000E+00  0.000000E+00  0.000000E+00  0.000000E+00
  0.284082E+01 -0.155249E+00 -0.219358E-01  0.000000E+00  0.000000E+00  0.000000E+00  0.000000E+00
  0.284082E+01  0.370180E-01 -0.211830E-01  0.000000E+00  0.000000E+00  0.000000E+00  0.000000E+00
  0.284082E+01 -0.297303E-01 -0.398327E-01  0.000000E+00  0.000000E+00  0.000000E+00  0.000000E+00
  0.284082E+01 -0.482353E-01  0.120874E+00  0.000000E+00  0.000000E+00  0.000000E+00  0.000000E+00
  0.284082E+01 -0.124171E+00  0.279541E-02  0.000000E+00  0.000000E+00  0.000000E+00  0.000000E+00
  0.284082E+01  0.157695E+00  0.670002E-01  0.000000E+00  0.000000E+00  0.000000E+00  0.000000E+00
  0.284082E+01 -0.598726E-01 -0.171507E+00  0.000000E+00  0.000000E+00  0.000000E+00  0.000000E+00
  0.284082E+01  0.171455E+00  0.168868E+00  0.000000E+00  0.000000E+00  0.000000E+00  0.000000E+00
  0.284082E+01  0.880423E-01  0.951070E-01  0.000000E+00  0.000000E+00  0.000000E+00  0.000000E+00
  0.284082E+01  0.155034E+00  0.625511E-01  0.000000E+00  0.000000E+00  0.000000E+00  0.000000E+00
  0.284082E+01 -0.104716E+00  0.261501E-01  0.000000E+00  0.000000E+00  0.000000E+00  0.000000E+00
  0.284082E+01  0.188471E+00 -0.661721E-01  0.000000E+00  0.000000E+00  0.000000E+00  0.000000E+00
  0.284082E+01  0.174948E-02 -0.291224E-01  0.000000E+00  0.000000E+00  0.000000E+00  0.000000E+00
  0.284082E+01 -0.539187E-01 -0.891553E-01  0.000000E+00  0.000000E+00  0.000000E+00  0.000000E+00
  0.284082E+01  0.897383E-01 -0.435878E-01  0.000000E+00  0.000000E+00  0.000000E+00  0.000000E+00
  0.284082E+01  0.304921E-01  0.152417E+00  0.000000E+00  0.000000E+00  0.000000E+00  0.000000E+00
  0.284082E+01 -0.140711E+00 -0.999039E-01  0.000000E+00  0.000000E+00  0.000000E+00  0.000000E+00
  0.284082E+01  0.207123E-01 -0.499726E-01  0.000000E+00  0.000000E+00  0.000000E+00  0.000000E+00
  0.284082E+01  0.952104E-01 -0.697052E-01  0.000000E+00  0.000000E+00  0.000000E+00  0.000000E+00
  0.284082E+01  0.752883E-01 -0.926138E-01  0.000000E+00  0.000000E+00  0.000000E+00  0.000000E+00
  0.284082E+01  0.131150E+00 -0.811747E-01  0.000000E+00  0.000000E+00  0.000000E+00  0.000000E+00
  0.284082E+01  0.302181E-01  0.106576E+00  0.000000E+00  0.000000E+00  0.000000E+00  0.000000E+00
  0.284082E+01  0.464486E-01  0.241093E-02  0.000000E+00  0.000000E+00  0.000000E+00  0.000000E+00
  0.284082E+01  0.637878E-03  0.392769E-01  0.000000E+00  0.000000E+00  0.000000E+00  0.000000E+00
  0.284082E+01 -0.679906E-01 -0.146341E+00  0.000000E+00  0.000000E+00  0.000000E+00  0.000000E+00
  0.284082E+01 -0.609682E-01  0.931766E-01  0.000000E+00  0.000000E+00  0.000000E+00  0.000000E+00
  0.284082E+01 -0.637901E-01 -0.168471E-01  0.000000E+00  0.000000E+00  0.000000E+00  0.000000E+00
  0.284082E+01 -0.697678E-01  0.525878E-01  0.000000E+00  0.000000E+00  0.000000E+00  0.000000E+00
  0.284082E+01 -0.272510E-01 -0.508174E-01  0.000000E+00  0.000000E+00  0.000000E+00  0.000000E+00
  0.284082E+01 -0.514567E-01  0.218598E-01  0.000000E+00  0.000000E+00  0.000000E+00  0.000000E+00
  0.284082E+01 -0.125022E+00 -0.182849E+00  0.000000E+00  0.000000E+00  0.000000E+00  0.000000E+00
  0.284082E+01  0.108505E+00  0.500017E-01  0.000000E+00  0.000000E+00  0.000000E+00  0.000000E+00
  0.284082E+01 -0.113665E+00  0.103137E+00  0.000000E+00  0.000000E+00  0.000000E+00  0.000000E+00
  0.284082E+01 -0.204467E-01 -0.179045E+00  0.000000E+00  0.000000E+00  0.000000E+00  0.000000E+00
  0.284082E+01 -0.650566E-01  0.705286E-01  0.000000E+00  0.000000E+00  0.000000E+00  0.000000E+00
  0.284082E+01  0.610469E-01  0.961200E-01  0.000000E+00  0.000000E+00  0.000000E+00  0.000000E+00
  0.284082E+01 -0.779899E-01 -0.152051E+00  0.000000E+00  0.000000E+00  0.000000E+00  0.000000E+00
  0.284082E+01  0.509339E-01  0.418079E-01  0.000000E+00  0.000000E+00  0.000000E+00  0.000000E+00
  0.284082E+01  0.444487E-03  0.106416E-02  0.000000E+00  0.000000E+00  0.000000E+00  0.000000E+00
  0.284082E+01  0.384788E-01  0.937908E-03  0.000000E+00  0.000000E+00  0.000000E+00  0.000000E+00
  0.284082E+01  0.122914E-01 -0.395296E-01  0.000000E+00  0.000000E+00  0.000000E+00  0.000000E+00
  0.284082E+01  0.596827E-01  0.191675E+00  0.000000E+00  0.000000E+00  0.000000E+00  0.000000E+00
  0.284082E+01 -0.260363E-01 -0.144926E+00  0.000000E+00  0.000000E+00  0.000000E+00  0.000000E+00
  0.284082E+01  0.146049E+00  0.108453E-01  0.000000E+00  0.000000E+00  0.000000E+00  0.000000E+00
  0.284082E+01  0.152449E+00 -0.197860E+00  0.000000E+00  0.000000E+00  0.000000E+00  0.000000E+00
  0.284082E+01  0.493207E-01 -0.162404E-01  0.000000E+00  0.000000E+00  0.000000E+00  0.000000E+00
  0.284082E+01  0.556517E-01 -0.353054E-01  0.000000E+00  0.000000E+00  0.000000E+00  0.000000E+00
