  0.198514E+01 -0.230999E+00 -0.115334E-01  0.000000E+00  0.000000E+00  0.000000E+00  0.000000E+00
  0.209792E+01 -0.257025E+00  0.114176E-01  0.000000E+00  0.000000E+00  0.000000E+00  0.000000E+00
  0.163180E+01  0.545564E-02  0.166786E+00  0.000000E+00  0.000000E+00  0.000000E+00  0.000000E+00
  0.271598E+01  0.185191E-02 -0.444170E+00  0.000000E+00  0.000000E+00  0.000000E+00  0.000000E+00
  0.176691E+01  0.203370E+00 -0.325170E-02  0.000000E+00  0.000000E+00  0.000000E+00  0.000000E+00
  0.221151E+01 -0.221764E+00 -0.179003E-01  0.000000E+00  0.000000E+00  0.000000E+00  0.000000E+00
  0.275194E+01  0.169078E-01 -0.334792E+00  0.000000E+00  0.000000E+00  0.000000E+00  0.000000E+00
  0.206823E+01  0.281247E+00 -0.819695E-03  0.000000E+00  0.000000E+00  0.000000E+00  0.000000E+00
  0.252846E+01  0.323308E+00 -0.145742E-01  0.000000E+00  0.000000E+00  0.000000E+00  0.000000E+00
  0.218016E+01 -0.133487E-01  0.261888E+00  0.000000E+00  0.000000E+00  0.000000E+00  0.000000E+00
  0.196493E+01 -0.133339E-01 -0.215911E+00  0.000000E+00  0.000000E+00  0.000000E+00  0.000000E+00
  0.276778E+01  0.440582E+00  0.692214E-02  0.000000E+00  0.000000E+00  0.000000E+00  0.000000E+00
  0.211218E+01  0.286503E+00  0.504713E-02  0.000000E+00  0.000000E+00  0.000000E+00  0.000000E+00
  0.215404E+01  0.630084E-02  0.293340E+00  0.000000E+00  0.000000E+00  0.000000E+00  0.000000E+00
  0.241352E+01 -0.579296E-02  0.358779E+00  0.000000E+00  0.000000E+00  0.000000E+00  0.000000E+00
  0.197996E+01  0.159976E-02  0.258519E+00  0.000000E+00  0.000000E+00  0.000000E+00  0.000000E+00
  0.280146E+01 -0.120990E-01  0.408698E+00  0.000000E+00  0.000000E+00  0.000000E+00  0.000000E+00
  0.181724E+01  0.132064E-01 -0.184976E+00  0.000000E+00  0.000000E+00  0.000000E+00  0.000000E+00
  0.213535E+01  0.150923E-01 -0.237884E+00  0.000000E+00  0.000000E+00  0.000000E+00  0.000000E+00
  0.264509E+01 -0.108970E-01  0.384703E+00  0.000000E+00  0.000000E+00  0.000000E+00  0.000000E+00
  0.237405E+01 -0.104729E-01  0.325823E+00  0.000000E+00  0.000000E+00  0.000000E+00  0.000000E+00
  0.231624E+01 -0.339720E+00 -0.401600E-02  0.000000E+00  0.000000E+00  0.000000E+00  0.000000E+00
  0.205845E+01 -0.213318E+00 -0.161069E-01  0.000000E+00  0.000000E+00  0.000000E+00  0.000000E+00
  0.249611E+01 -0.280375E+00  0.173646E-01  0.000000E+00  0.000000E+00  0.000000E+00  0.000000E+00
  0.236483E+01 -0.948576E-02  0.329833E+00  0.000000E+00  0.000000E+00  0.000000E+00  0.000000E+00
  0.184427E+01 -0.222555E+00  0.344359E-02  0.000000E+00  0.000000E+00  0.000000E+00  0.000000E+00
  0.273056E+01 -0.166869E-01 -0.334402E+00  0.000000E+00  0.000000E+00  0.000000E+00  0.000000E+00
  0.255427E+01  0.140045E-01  0.335037E+00  0.000000E+00  0.000000E+00  0.000000E+00  0.000000E+00
  0.227891E+01  0.332840E+00  0.265837E-02  0.000000E+00  0.000000E+00  0.000000E+00  0.000000E+00
  0.170867E+01  0.112425E-02 -0.190174E+00  0.000000E+00  0.000000E+00  0.000000E+00  0.000000E+00
  0.235994E+01  0.937116E-02 -0.329351E+00  0.000000E+00  0.000000E+00  0.000000E+00  0.000000E+00
  0.220788E+01  0.272960E+00 -0.126836E-01  0.000000E+00  0.000000E+00  0.000000E+00  0.000000E+00
  0.216743E+01  0.235294E-02 -0.305153E+00  0.000000E+00  0.000000E+00  0.000000E+00  0.000000E+00
  0.222372E+01  0.247893E+00 -0.158658E-01  0.000000E+00  0.000000E+00  0.000000E+00  0.000000E+00
  0.231055E+01  0.273168E+00 -0.150997E-01  0.000000E+00  0.000000E+00  0.000000E+00  0.000000E+00
  0.222577E+01 -0.518095E-02 -0.314310E+00  0.000000E+00  0.000000E+00  0.000000E+00  0.000000E+00
  0.193443E+01 -0.203196E+00  0.142764E-01  0.000000E+00  0.000000E+00  0.000000E+00  0.000000E+00
  0.223572E+01  0.154501E-02 -0.323183E+00  0.000000E+00  0.000000E+00  0.000000E+00  0.000000E+00
  0.178193E+01  0.967208E-02 -0.192646E+00  0.000000E+00  0.000000E+00  0.000000E+00  0.000000E+00
  0.174403E+01 -0.199302E+00  0.312335E-03  0.000000E+00  0.000000E+00  0.000000E+00  0.000000E+00
  0.252890E+01 -0.142348E-01 -0.327208E+00  0.000000E+00  0.000000E+00  0.000000E+00  0.000000E+00
  0.282831E+01  0.342852E+00 -0.172563E-01  0.000000E+00  0.000000E+00  0.000000E+00  0.000000E+00
  0.179429E+01 -0.210743E+00 -0.276477E-02  0.000000E+00  0.000000E+00  0.000000E+00  0.000000E+00
  0.213912E+01 -0.285468E+00  0.752390E-02  0.000000E+00  0.000000E+00  0.000000E+00  0.000000E+00
  0.196765E+01 -0.234600E+00  0.999249E-02  0.000000E+00  0.000000E+00  0.000000E+00  0.000000E+00
  0.279885E+01  0.411568E+00 -0.117586E-01  0.000000E+00  0.000000E+00  0.000000E+00  0.000000E+00
  0.173463E+01 -0.196752E+00 -0.108843E-02  0.000000E+00  0.000000E+00  0.000000E+00  0.000000E+00
  0.279922E+01  0.379217E+00 -0.145582E-01  0.000000E+00  0.000000E+00  0.000000E+00  0.000000E+00
  0.256269E+01 -0.394251E+00  0.611088E-02  0.000000E+00  0.000000E+00  0.000000E+00  0.000000E+00
  0.245332E+01 -0.104763E-01  0.344022E+00  0.000000E+00  0.000000E+00  0.000000E+00  0.000000E+00
  0.181242E+01  0.114532E-01  0.192563E+00  0.000000E+00  0.000000E+00  0.000000E+00  0.000000E+00
  0.229071E+01  0.799623E-02 -0.319984E+00  0.000000E+00  0.000000E+00  0.000000E+00  0.000000E+00
  0.178233E+01 -0.105096E-01 -0.189650E+00  0.000000E+00  0.000000E+00  0.000000E+00  0.000000E+00
  0.197664E+01  0.542493E-02 -0.252057E+00  0.000000E+00  0.000000E+00  0.000000E+00  0.000000E+00
  0.161947E+01  0.444840E-03  0.167756E+00  0.000000E+00  0.000000E+00  0.000000E+00  0.000000E+00
  0.186169E+01 -0.209478E+00  0.101247E-01  0.000000E+00  0.000000E+00  0.000000E+00  0.000000E+00
  0.258268E+01  0.275540E+00 -0.185734E-01  0.000000E+00  0.000000E+00  0.000000E+00  0.000000E+00
  0.216685E+01 -0.117125E-01  0.270665E+00  0.000000E+00  0.000000E+00  0.000000E+00  0.000000E+00
  0.165021E+01  0.661570E-02 -0.169306E+00  0.000000E+00  0.000000E+00  0.000000E+00  0.000000E+00
  0.221261E+01  0.317223E+00  0.169204E-02  0.000000E+00  0.000000E+00  0.000000E+00  0.000000E+00
  0.255722E+01 -0.282449E+00 -0.179254E-01  0.000000E+00  0.000000E+00  0.000000E+00  0.000000E+00
  0.186670E+01 -0.203552E+00 -0.117076E-01  0.000000E+00  0.000000E+00  0.000000E+00  0.000000E+00
  0.258368E+01 -0.352595E+00 -0.129235E-01  0.000000E+00  0.000000E+00  0.000000E+00  0.000000E+00
  0.240880E+01  0.182228E-01  0.251678E+00  0.000000E+00  0.000000E+00  0.000000E+00  0.000000E+00
  0.247530E+01 -0.141252E-01 -0.317213E+00  0.000000E+00  0.000000E+00  0.000000E+00  0.000000E+00
  0.177645E+01 -0.181306E-02  0.206981E+00  0.000000E+00  0.000000E+00  0.000000E+00  0.000000E+00
  0.208909E+01 -0.210159E+00  0.170036E-01  0.000000E+00  0.000000E+00  0.000000E+00  0.000000E+00
  0.264205E+01  0.103072E-01  0.388727E+00  0.000000E+00  0.000000E+00  0.000000E+00  0.000000E+00
  0.178152E+01 -0.103887E-01  0.189928E+00  0.000000E+00  0.000000E+00  0.000000E+00  0.000000E+00
  0.281285E+01  0.158864E-01 -0.362843E+00  0.000000E+00  0.000000E+00  0.000000E+00  0.000000E+00
  0.227924E+01  0.178996E-01 -0.233744E+00  0.000000E+00  0.000000E+00  0.000000E+00  0.000000E+00
  0.270139E+01 -0.116207E-01 -0.391083E+00  0.000000E+00  0.000000E+00  0.000000E+00  0.000000E+00
  0.173949E+01 -0.194900E+00  0.452176E-02  0.000000E+00  0.000000E+00  0.000000E+00  0.000000E+00
  0.252984E+01  0.333760E+00  0.136407E-01  0.000000E+00  0.000000E+00  0.000000E+00  0.000000E+00
  0.273997E+01  0.424592E+00  0.849699E-02  0.000000E+00  0.000000E+00  0.000000E+00  0.000000E+00
  0.223224E+01 -0.221324E+00 -0.182047E-01  0.000000E+00  0.000000E+00  0.000000E+00  0.000000E+00
  0.213844E+01  0.284691E+00  0.768431E-02  0.000000E+00  0.000000E+00  0.000000E+00  0.000000E+00
  0.196603E+01 -0.124515E-01  0.221576E+00  0.000000E+00  0.000000E+00  0.000000E+00  0.000000E+00
  0.222670E+01  0.321519E+00  0.447253E-04  0.000000E+00  0.000000E+00  0.000000E+00  0.000000E+00
  0.198661E+01 -0.439991E-02 -0.256665E+00  0.000000E+00  0.000000E+00  0.000000E+00  0.000000E+00
  0.172103E+01  0.106488E-02 -0.193319E+00  0.000000E+00  0.000000E+00  0.000000E+00  0.000000E+00
  0.228519E+01  0.314726E-02 -0.333651E+00  0.000000E+00  0.000000E+00  0.000000E+00  0.000000E+00
  0.277707E+01 -0.122163E-01 -0.402091E+00  0.000000E+00  0.000000E+00  0.000000E+00  0.000000E+00
  0.204360E+01 -0.111459E-01  0.246303E+00  0.000000E+00  0.000000E+00  0.000000E+00  0.000000E+00
  0.188145E+01  0.289710E-02 -0.232533E+00  0.000000E+00  0.000000E+00  0.000000E+00  0.000000E+00
  0.176220E+01 -0.194564E+00  0.748470E-02  0.000000E+00  0.000000E+00  0.000000E+00  0.000000E+00
  0.193183E+01  0.219872E+00  0.113667E-01  0.000000E+00  0.000000E+00  0.000000E+00  0.000000E+00
  0.171426E+01  0.187192E+00  0.543613E-02  0.000000E+00  0.000000E+00  0.000000E+00  0.000000E+00
  0.171966E+01  0.966896E-02  0.178117E+00  0.000000E+00  0.000000E+00  0.000000E+00  0.000000E+00
  0.232973E+01 -0.345173E+00  0.295151E-02  0.000000E+00  0.000000E+00  0.000000E+00  0.000000E+00
  0.259089E+01 -0.185100E-01  0.278093E+00  0.000000E+00  0.000000E+00  0.000000E+00  0.000000E+00
  0.185195E+01 -0.195897E+00 -0.125724E-01  0.000000E+00  0.000000E+00  0.000000E+00  0.000000E+00
  0.282048E+01  0.460153E+00  0.553264E-02  0.000000E+00  0.000000E+00  0.000000E+00  0.000000E+00
  0.214075E+01 -0.497118E-02  0.293773E+00  0.000000E+00  0.000000E+00  0.000000E+00  0.000000E+00
  0.218585E+01 -0.741635E-03  0.311042E+00  0.000000E+00  0.000000E+00  0.000000E+00  0.000000E+00
  0.214058E+01  0.292282E+00 -0.553322E-02  0.000000E+00  0.000000E+00  0.000000E+00  0.000000E+00
  0.240994E+01  0.176637E-01  0.260360E+00  0.000000E+00  0.000000E+00  0.000000E+00  0.000000E+00
  0.255295E+01  0.318239E+00  0.154082E-01  0.000000E+00  0.000000E+00  0.000000E+00  0.000000E+00
  0.168972E+01 -0.184093E+00  0.314706E-02  0.000000E+00  0.000000E+00  0.000000E+00  0.000000E+00
  0.220889E+01  0.311904E+00  0.446905E-02  0.000000E+00  0.000000E+00  0.000000E+00  0.000000E+00
  0.204913E+01 -0.226407E+00  0.143573E-01  0.000000E+00  0.000000E+00  0.000000E+00  0.000000E+00
  0.257155E+01  0.380888E+00  0.908356E-02  0.000000E+00  0.000000E+00  0.000000E+00  0.000000E+00
  0.258308E+01  0.135124E-01  0.346423E+00  0.000000E+00  0.000000E+00  0.000000E+00  0.000000E+00
  0.202275E+01  0.532497E-02  0.263691E+00  0.000000E+00  0.000000E+00  0.000000E+00  0.000000E+00
  0.230323E+01  0.180035E-01 -0.236523E+00  0.000000E+00  0.000000E+00  0.000000E+00  0.000000E+00
  0.270290E+01  0.146899E-01  0.357714E+00  0.000000E+00  0.000000E+00  0.000000E+00  0.000000E+00
  0.266580E+01 -0.838059E-02  0.407654E+00  0.000000E+00  0.000000E+00  0.000000E+00  0.000000E+00
  0.218966E+01 -0.307686E+00 -0.420877E-02  0.000000E+00  0.000000E+00  0.000000E+00  0.000000E+00
  0.184212E+01  0.372077E-02 -0.221656E+00  0.000000E+00  0.000000E+00  0.000000E+00  0.000000E+00
  0.281507E+01 -0.339375E-02 -0.466126E+00  0.000000E+00  0.000000E+00  0.000000E+00  0.000000E+00
  0.188140E+01 -0.215341E+00 -0.980493E-02  0.000000E+00  0.000000E+00  0.000000E+00  0.000000E+00
  0.276750E+01  0.270778E+00 -0.201732E-01  0.000000E+00  0.000000E+00  0.000000E+00  0.000000E+00
  0.226748E+01 -0.305702E+00 -0.972600E-02  0.000000E+00  0.000000E+00  0.000000E+00  0.000000E+00
  0.161149E+01  0.535161E-03 -0.165724E+00  0.000000E+00  0.000000E+00  0.000000E+00  0.000000E+00
  0.216077E+01  0.304498E+00  0.116329E-02  0.000000E+00  0.000000E+00  0.000000E+00  0.000000E+00
  0.232603E+01 -0.301262E+00  0.123694E-01  0.000000E+00  0.000000E+00  0.000000E+00  0.000000E+00
  0.213611E+01 -0.246865E+00 -0.140630E-01  0.000000E+00  0.000000E+00  0.000000E+00  0.000000E+00
  0.278530E+01  0.148459E-01  0.372480E+00  0.000000E+00  0.000000E+00  0.000000E+00  0.000000E+00
  0.207177E+01 -0.218537E-02  0.281214E+00  0.000000E+00  0.000000E+00  0.000000E+00  0.000000E+00
  0.171810E+01  0.192740E+00  0.306712E-03  0.000000E+00  0.000000E+00  0.000000E+00  0.000000E+00
  0.188414E+01  0.123388E-01 -0.204202E+00  0.000000E+00  0.000000E+00  0.000000E+00  0.000000E+00
  0.197765E+01  0.377183E-03 -0.258436E+00  0.000000E+00  0.000000E+00  0.000000E+00  0.000000E+00
  0.248127E+01 -0.177270E-01 -0.272160E+00  0.000000E+00  0.000000E+00  0.000000E+00  0.000000E+00
  0.244070E+01 -0.356523E+00 -0.788529E-02  0.000000E+00  0.000000E+00  0.000000E+00  0.000000E+00
  0.279137E+01  0.197426E-01 -0.284953E+00  0.000000E+00  0.000000E+00  0.000000E+00  0.000000E+00
  0.162878E+01 -0.170084E+00 -0.643853E-03  0.000000E+00  0.000000E+00  0.000000E+00  0.000000E+00
  0.238931E+01  0.112276E-01 -0.324055E+00  0.000000E+00  0.000000E+00  0.000000E+00  0.000000E+00
  0.161850E+01  0.167533E+00 -0.209694E-03  0.000000E+00  0.000000E+00  0.000000E+00  0.000000E+00
  0.248931E+01  0.122432E-01 -0.338294E+00  0.000000E+00  0.000000E+00  0.000000E+00  0.000000E+00
  0.165111E+01 -0.167872E+00 -0.742043E-02  0.000000E+00  0.000000E+00  0.000000E+00  0.000000E+00
  0.244908E+01  0.259752E+00  0.181546E-01  0.000000E+00  0.000000E+00  0.000000E+00  0.000000E+00
  0.177166E+01  0.811350E-02 -0.195148E+00  0.000000E+00  0.000000E+00  0.000000E+00  0.000000E+00
  0.162775E+01  0.169878E+00  0.776184E-04  0.000000E+00  0.000000E+00  0.000000E+00  0.000000E+00
  0.254361E+01 -0.682754E-03  0.401604E+00  0.000000E+00  0.000000E+00  0.000000E+00  0.000000E+00
  0.230239E+01 -0.334567E+00  0.471508E-02  0.000000E+00  0.000000E+00  0.000000E+00  0.000000E+00
  0.247294E+01 -0.274468E+00 -0.174777E-01  0.000000E+00  0.000000E+00  0.000000E+00  0.000000E+00
  0.204399E+01  0.274465E+00 -0.190009E-02  0.000000E+00  0.000000E+00  0.000000E+00  0.000000E+00
  0.175612E+01  0.194624E+00 -0.685456E-02  0.000000E+00  0.000000E+00  0.000000E+00  0.000000E+00
  0.251302E+01  0.797562E-02  0.373420E+00  0.000000E+00  0.000000E+00  0.000000E+00  0.000000E+00
  0.220584E+01 -0.896810E-02 -0.295190E+00  0.000000E+00  0.000000E+00  0.000000E+00  0.000000E+00
  0.215776E+01 -0.177267E-01 -0.214409E+00  0.000000E+00  0.000000E+00  0.000000E+00  0.000000E+00
  0.190452E+01  0.145036E-01  0.195443E+00  0.000000E+00  0.000000E+00  0.000000E+00  0.000000E+00
  0.252782E+01  0.307353E+00 -0.158688E-01  0.000000E+00  0.000000E+00  0.000000E+00  0.000000E+00
  0.240506E+01 -0.126521E-01  0.316254E+00  0.000000E+00  0.000000E+00  0.000000E+00  0.000000E+00
  0.192272E+01  0.237841E+00 -0.581951E-02  0.000000E+00  0.000000E+00  0.000000E+00  0.000000E+00
  0.169845E+01  0.174282E+00  0.930634E-02  0.000000E+00  0.000000E+00  0.000000E+00  0.000000E+00
  0.237419E+01  0.358754E+00 -0.613191E-03  0.000000E+00  0.000000E+00  0.000000E+00  0.000000E+00
  0.265283E+01 -0.231811E-02  0.427557E+00  0.000000E+00  0.000000E+00  0.000000E+00  0.000000E+00
  0.246214E+01  0.352769E+00 -0.946327E-02  0.000000E+00  0.000000E+00  0.000000E+00  0.000000E+00
  0.247315E+01  0.381171E-02 -0.379426E+00  0.000000E+00  0.000000E+00  0.000000E+00  0.000000E+00
  0.197168E+01  0.222323E+00  0.125346E-01  0.000000E+00  0.000000E+00  0.000000E+00  0.000000E+00
  0.226587E+01 -0.161832E-01 -0.252625E+00  0.000000E+00  0.000000E+00  0.000000E+00  0.000000E+00
  0.245503E+01  0.952167E-03 -0.379052E+00  0.000000E+00  0.000000E+00  0.000000E+00  0.000000E+00
  0.275015E+01 -0.323492E+00  0.175426E-01  0.000000E+00  0.000000E+00  0.000000E+00  0.000000E+00
  0.276633E+01 -0.370513E+00 -0.147046E-01  0.000000E+00  0.000000E+00  0.000000E+00  0.000000E+00
  0.213819E+01 -0.607886E-02 -0.290134E+00  0.000000E+00  0.000000E+00  0.000000E+00  0.000000E+00
  0.261033E+01 -0.134892E-01  0.352476E+00  0.000000E+00  0.000000E+00  0.000000E+00  0.000000E+00
  0.180982E+01 -0.210310E+00 -0.568871E-02  0.000000E+00  0.000000E+00  0.000000E+00  0.000000E+00
  0.222144E+01 -0.320184E+00 -0.124714E-03  0.000000E+00  0.000000E+00  0.000000E+00  0.000000E+00
  0.271948E+01 -0.345365E+00 -0.158335E-01  0.000000E+00  0.000000E+00  0.000000E+00  0.000000E+00
  0.262541E+01 -0.326114E+00  0.158926E-01  0.000000E+00  0.000000E+00  0.000000E+00  0.000000E+00
  0.281556E+01  0.405914E+00  0.126499E-01  0.000000E+00  0.000000E+00  0.000000E+00  0.000000E+00
  0.225080E+01 -0.322817E+00 -0.426525E-02  0.000000E+00  0.000000E+00  0.000000E+00  0.000000E+00
  0.207791E+01 -0.250294E+00 -0.117915E-01  0.000000E+00  0.000000E+00  0.000000E+00  0.000000E+00
  0.282558E+01 -0.330204E+00  0.179050E-01  0.000000E+00  0.000000E+00  0.000000E+00  0.000000E+00
  0.197937E+01 -0.249187E+00  0.678399E-02  0.000000E+00  0.000000E+00  0.000000E+00  0.000000E+00
  0.261186E+01 -0.250583E-02  0.416923E+00  0.000000E+00  0.000000E+00  0.000000E+00  0.000000E+00
  0.172490E+01 -0.178975E+00  0.978081E-02  0.000000E+00  0.000000E+00  0.000000E+00  0.000000E+00
  0.232436E+01  0.280710E+00  0.146355E-01  0.000000E+00  0.000000E+00  0.000000E+00  0.000000E+00
  0.221690E+01  0.105040E-01 -0.289512E+00  0.000000E+00  0.000000E+00  0.000000E+00  0.000000E+00
  0.229774E+01 -0.586143E-02  0.330041E+00  0.000000E+00  0.000000E+00  0.000000E+00  0.000000E+00
  0.278454E+01  0.200596E-01  0.276175E+00  0.000000E+00  0.000000E+00  0.000000E+00  0.000000E+00
  0.192698E+01  0.200984E+00 -0.143728E-01  0.000000E+00  0.000000E+00  0.000000E+00  0.000000E+00
  0.233588E+01 -0.171591E-01  0.253931E+00  0.000000E+00  0.000000E+00  0.000000E+00  0.000000E+00
  0.271280E+01 -0.436193E+00 -0.483580E-02  0.000000E+00  0.000000E+00  0.000000E+00  0.000000E+00
  0.252044E+01 -0.375300E+00 -0.795716E-02  0.000000E+00  0.000000E+00  0.000000E+00  0.000000E+00
  0.183992E+01 -0.221436E+00 -0.346611E-02  0.000000E+00  0.000000E+00  0.000000E+00  0.000000E+00
  0.281178E+01 -0.457802E+00  0.557994E-02  0.000000E+00  0.000000E+00  0.000000E+00  0.000000E+00
  0.237225E+01  0.309803E+00 -0.125668E-01  0.000000E+00  0.000000E+00  0.000000E+00  0.000000E+00
  0.222269E+01 -0.320255E+00 -0.986771E-03  0.000000E+00  0.000000E+00  0.000000E+00  0.000000E+00
  0.188621E+01 -0.209755E+00  0.113313E-01  0.000000E+00  0.000000E+00  0.000000E+00  0.000000E+00
  0.259172E+01  0.397049E+00  0.706772E-02  0.000000E+00  0.000000E+00  0.000000E+00  0.000000E+00
  0.266802E+01 -0.189105E-01  0.283383E+00  0.000000E+00  0.000000E+00  0.000000E+00  0.000000E+00
  0.252496E+01 -0.251097E+00 -0.193653E-01  0.000000E+00  0.000000E+00  0.000000E+00  0.000000E+00
  0.238750E+01 -0.461710E-02 -0.356001E+00  0.000000E+00  0.000000E+00  0.000000E+00  0.000000E+00
  0.176611E+01  0.194355E+00 -0.791954E-02  0.000000E+00  0.000000E+00  0.000000E+00  0.000000E+00
  0.162699E+01  0.548429E-02  0.165553E+00  0.000000E+00  0.000000E+00  0.000000E+00  0.000000E+00
  0.167147E+01  0.220518E-02 -0.180242E+00  0.000000E+00  0.000000E+00  0.000000E+00  0.000000E+00
  0.235939E+01  0.241064E+00  0.183573E-01  0.000000E+00  0.000000E+00  0.000000E+00  0.000000E+00
  0.264204E+01  0.198702E-01  0.258932E+00  0.000000E+00  0.000000E+00  0.000000E+00  0.000000E+00
  0.168523E+01  0.182021E+00  0.402935E-02  0.000000E+00  0.000000E+00  0.000000E+00  0.000000E+00
  0.264678E+01 -0.178851E-01  0.298962E+00  0.000000E+00  0.000000E+00  0.000000E+00  0.000000E+00
  0.277812E+01 -0.431983E+00 -0.874667E-02  0.000000E+00  0.000000E+00  0.000000E+00  0.000000E+00
  0.240155E+01  0.171989E-01 -0.265473E+00  0.000000E+00  0.000000E+00  0.000000E+00  0.000000E+00
  0.224116E+01 -0.283664E+00  0.122229E-01  0.000000E+00  0.000000E+00  0.000000E+00  0.000000E+00
  0.196716E+01 -0.692855E-02  0.245789E+00  0.000000E+00  0.000000E+00  0.000000E+00  0.000000E+00
  0.202094E+01 -0.142020E-01  0.221731E+00  0.000000E+00  0.000000E+00  0.000000E+00  0.000000E+00
  0.278018E+01 -0.160922E-01  0.353294E+00  0.000000E+00  0.000000E+00  0.000000E+00  0.000000E+00
  0.278240E+01  0.358444E+00  0.157837E-01  0.000000E+00  0.000000E+00  0.000000E+00  0.000000E+00
  0.243317E+01  0.259564E+00 -0.179896E-01  0.000000E+00  0.000000E+00  0.000000E+00  0.000000E+00
  0.192072E+01 -0.223313E+00 -0.100852E-01  0.000000E+00  0.000000E+00  0.000000E+00  0.000000E+00
  0.254265E+01  0.133571E-01  0.339400E+00  0.000000E+00  0.000000E+00  0.000000E+00  0.000000E+00
  0.222488E+01  0.329768E-03 -0.321030E+00  0.000000E+00  0.000000E+00  0.000000E+00  0.000000E+00
  0.165945E+01 -0.174939E+00 -0.454610E-02  0.000000E+00  0.000000E+00  0.000000E+00  0.000000E+00
  0.228974E+01 -0.229982E+00  0.182962E-01  0.000000E+00  0.000000E+00  0.000000E+00  0.000000E+00
  0.271346E+01  0.315015E+00 -0.176482E-01  0.000000E+00  0.000000E+00  0.000000E+00  0.000000E+00
  0.279201E+01 -0.327033E+00  0.177590E-01  0.000000E+00  0.000000E+00  0.000000E+00  0.000000E+00
  0.197282E+01  0.250847E+00  0.554010E-02  0.000000E+00  0.000000E+00  0.000000E+00  0.000000E+00
  0.172267E+01 -0.184684E-02 -0.193381E+00  0.000000E+00  0.000000E+00  0.000000E+00  0.000000E+00
  0.191531E+01 -0.138373E-01  0.202121E+00  0.000000E+00  0.000000E+00  0.000000E+00  0.000000E+00
  0.256137E+01 -0.400347E+00 -0.424598E-02  0.000000E+00  0.000000E+00  0.000000E+00  0.000000E+00
  0.229859E+01  0.294403E+00 -0.124751E-01  0.000000E+00  0.000000E+00  0.000000E+00  0.000000E+00
  0.244385E+01 -0.295756E+00  0.154701E-01  0.000000E+00  0.000000E+00  0.000000E+00  0.000000E+00
  0.226076E+01 -0.263168E+00 -0.150951E-01  0.000000E+00  0.000000E+00  0.000000E+00  0.000000E+00
  0.269274E+01  0.305968E+00  0.179472E-01  0.000000E+00  0.000000E+00  0.000000E+00  0.000000E+00
  0.209033E+01 -0.237049E+00  0.140927E-01  0.000000E+00  0.000000E+00  0.000000E+00  0.000000E+00
  0.172518E+01  0.188032E+00 -0.641505E-02  0.000000E+00  0.000000E+00  0.000000E+00  0.000000E+00
  0.259611E+01 -0.415016E+00  0.296888E-03  0.000000E+00  0.000000E+00  0.000000E+00  0.000000E+00
  0.221720E+01  0.155918E-01 -0.249447E+00  0.000000E+00  0.000000E+00  0.000000E+00  0.000000E+00
  0.184231E+01  0.830298E-02  0.211474E+00  0.000000E+00  0.000000E+00  0.000000E+00  0.000000E+00
  0.235950E+01  0.174072E-01 -0.254908E+00  0.000000E+00  0.000000E+00  0.000000E+00  0.000000E+00
  0.183740E+01 -0.361360E-02  0.220615E+00  0.000000E+00  0.000000E+00  0.000000E+00  0.000000E+00
  0.269775E+01 -0.324428E+00  0.169237E-01  0.000000E+00  0.000000E+00  0.000000E+00  0.000000E+00
  0.207188E+01  0.228514E+00 -0.146811E-01  0.000000E+00  0.000000E+00  0.000000E+00  0.000000E+00
  0.270121E+01  0.260161E-02  0.439257E+00  0.000000E+00  0.000000E+00  0.000000E+00  0.000000E+00
  0.222140E+01  0.924592E-02 -0.297477E+00  0.000000E+00  0.000000E+00  0.000000E+00  0.000000E+00
  0.211152E+01  0.272997E+00  0.894653E-02  0.000000E+00  0.000000E+00  0.000000E+00  0.000000E+00
  0.240781E+01 -0.330087E+00  0.109738E-01  0.000000E+00  0.000000E+00  0.000000E+00  0.000000E+00
  0.245970E+01 -0.356113E+00 -0.880771E-02  0.000000E+00  0.000000E+00  0.000000E+00  0.000000E+00
  0.228421E+01  0.108875E-01  0.302535E+00  0.000000E+00  0.000000E+00  0.000000E+00  0.000000E+00
  0.227048E+01  0.170185E-01 -0.243640E+00  0.000000E+00  0.000000E+00  0.000000E+00  0.000000E+00
  0.217924E+01 -0.306510E+00  0.346973E-02  0.000000E+00  0.000000E+00  0.000000E+00  0.000000E+00
  0.190375E+01  0.238085E+00 -0.294570E-02  0.000000E+00  0.000000E+00  0.000000E+00  0.000000E+00
  0.181769E+01 -0.196757E+00  0.107575E-01  0.000000E+00  0.000000E+00  0.000000E+00  0.000000E+00
  0.223561E+01  0.246383E+00  0.162197E-01  0.000000E+00  0.000000E+00  0.000000E+00  0.000000E+00
  0.282007E+01  0.134991E-01 -0.397064E+00  0.000000E+00  0.000000E+00  0.000000E+00  0.000000E+00
  0.246117E+01  0.170637E-01 -0.278364E+00  0.000000E+00  0.000000E+00  0.000000E+00  0.000000E+00
  0.220507E+01 -0.140456E-01  0.261448E+00  0.000000E+00  0.000000E+00  0.000000E+00  0.000000E+00
  0.276435E+01 -0.365004E+00  0.150804E-01  0.000000E+00  0.000000E+00  0.000000E+00  0.000000E+00
  0.230209E+01  0.243099E+00  0.175108E-01  0.000000E+00  0.000000E+00  0.000000E+00  0.000000E+00
  0.253916E+01  0.233434E-02  0.398878E+00  0.000000E+00  0.000000E+00  0.000000E+00  0.000000E+00
  0.248570E+01 -0.338978E+00  0.120712E-01  0.000000E+00  0.000000E+00  0.000000E+00  0.000000E+00
  0.235149E+01  0.272834E+00 -0.158708E-01  0.000000E+00  0.000000E+00  0.000000E+00  0.000000E+00
  0.198409E+01 -0.656286E-02  0.250975E+00  0.000000E+00  0.000000E+00  0.000000E+00  0.000000E+00
  0.257030E+01  0.146579E-01 -0.330928E+00  0.000000E+00  0.000000E+00  0.000000E+00  0.000000E+00
  0.169271E+01 -0.184234E+00 -0.373440E-02  0.000000E+00  0.000000E+00  0.000000E+00  0.000000E+00
  0.170997E+01 -0.188027E+00 -0.416828E-02  0.000000E+00  0.000000E+00  0.000000E+00  0.000000E+00
  0.182654E+01  0.219369E+00  0.217926E-02  0.000000E+00  0.000000E+00  0.000000E+00  0.000000E+00
  0.184523E+01 -0.195663E+00 -0.123333E-01  0.000000E+00  0.000000E+00  0.000000E+00  0.000000E+00
  0.212579E+01 -0.610981E-02  0.286996E+00  0.000000E+00  0.000000E+00  0.000000E+00  0.000000E+00
  0.194400E+01  0.145033E-01 -0.203587E+00  0.000000E+00  0.000000E+00  0.000000E+00  0.000000E+00
  0.252151E+01 -0.618776E-02  0.383832E+00  0.000000E+00  0.000000E+00  0.000000E+00  0.000000E+00
  0.279999E+01 -0.321084E+00 -0.181418E-01  0.000000E+00  0.000000E+00  0.000000E+00  0.000000E+00
  0.227400E+01  0.833474E-02 -0.314416E+00  0.000000E+00  0.000000E+00  0.000000E+00  0.000000E+00
  0.166944E+01  0.479968E-02  0.177077E+00  0.000000E+00  0.000000E+00  0.000000E+00  0.000000E+00
  0.248427E+01  0.339094E+00 -0.120203E-01  0.000000E+00  0.000000E+00  0.000000E+00  0.000000E+00
  0.281700E+01 -0.447209E+00  0.784048E-02  0.000000E+00  0.000000E+00  0.000000E+00  0.000000E+00
  0.270874E+01 -0.308159E+00  0.179816E-01  0.000000E+00  0.000000E+00  0.000000E+00  0.000000E+00
  0.194750E+01  0.739684E-02 -0.239601E+00  0.000000E+00  0.000000E+00  0.000000E+00  0.000000E+00
  0.247689E+01 -0.254181E+00  0.187718E-01  0.000000E+00  0.000000E+00  0.000000E+00  0.000000E+00
  0.165788E+01  0.617071E-02  0.172014E+00  0.000000E+00  0.000000E+00  0.000000E+00  0.000000E+00
  0.244252E+01  0.334405E+00 -0.114479E-01  0.000000E+00  0.000000E+00  0.000000E+00  0.000000E+00
  0.218084E+01 -0.175912E-01 -0.220205E+00  0.000000E+00  0.000000E+00  0.000000E+00  0.000000E+00
  0.257620E+01  0.429868E-02 -0.403898E+00  0.000000E+00  0.000000E+00  0.000000E+00  0.000000E+00
  0.199802E+01 -0.144116E-01  0.215413E+00  0.000000E+00  0.000000E+00  0.000000E+00  0.000000E+00
  0.257165E+01 -0.129758E-01 -0.349470E+00  0.000000E+00  0.000000E+00  0.000000E+00  0.000000E+00
  0.265410E+01 -0.306770E-02  0.426481E+00  0.000000E+00  0.000000E+00  0.000000E+00  0.000000E+00
  0.188748E+01  0.268380E-02  0.234276E+00  0.000000E+00  0.000000E+00  0.000000E+00  0.000000E+00
  0.182562E+01  0.511295E-02  0.215326E+00  0.000000E+00  0.000000E+00  0.000000E+00  0.000000E+00
  0.248441E+01 -0.119535E-01  0.339691E+00  0.000000E+00  0.000000E+00  0.000000E+00  0.000000E+00
  0.243826E+01 -0.130541E-02  0.374570E+00  0.000000E+00  0.000000E+00  0.000000E+00  0.000000E+00
  0.206198E+01 -0.250040E-03 -0.279803E+00  0.000000E+00  0.000000E+00  0.000000E+00  0.000000E+00
  0.212037E+01  0.158406E-01 -0.227914E+00  0.000000E+00  0.000000E+00  0.000000E+00  0.000000E+00
  0.213600E+01 -0.297697E+00  0.189522E-02  0.000000E+00  0.000000E+00  0.000000E+00  0.000000E+00
  0.189613E+01  0.140248E-01 -0.196879E+00  0.000000E+00  0.000000E+00  0.000000E+00  0.000000E+00
  0.168886E+01  0.816680E-02 -0.175182E+00  0.000000E+00  0.000000E+00  0.000000E+00  0.000000E+00
  0.198736E+01 -0.130180E-01 -0.222759E+00  0.000000E+00  0.000000E+00  0.000000E+00  0.000000E+00
  0.257184E+01  0.278073E+00 -0.183292E-01  0.000000E+00  0.000000E+00  0.000000E+00  0.000000E+00
  0.281979E+01  0.460503E+00  0.540962E-02  0.000000E+00  0.000000E+00  0.000000E+00  0.000000E+00
  0.164446E+01  0.597856E-02 -0.169058E+00  0.000000E+00  0.000000E+00  0.000000E+00  0.000000E+00
  0.193215E+01 -0.212205E+00 -0.127862E-01  0.000000E+00  0.000000E+00  0.000000E+00  0.000000E+00
  0.218253E+01  0.230851E+00 -0.167081E-01  0.000000E+00  0.000000E+00  0.000000E+00  0.000000E+00
  0.222361E+01  0.652084E-02  0.309635E+00  0.000000E+00  0.000000E+00  0.000000E+00  0.000000E+00
  0.249638E+01  0.740169E-02 -0.372322E+00  0.000000E+00  0.000000E+00  0.000000E+00  0.000000E+00
  0.224448E+01  0.309039E+00 -0.796361E-02  0.000000E+00  0.000000E+00  0.000000E+00  0.000000E+00
  0.214551E+01 -0.147777E-01 -0.242755E+00  0.000000E+00  0.000000E+00  0.000000E+00  0.000000E+00
  0.207055E+01 -0.509478E-02  0.276067E+00  0.000000E+00  0.000000E+00  0.000000E+00  0.000000E+00
  0.263437E+01 -0.385390E+00  0.105083E-01  0.000000E+00  0.000000E+00  0.000000E+00  0.000000E+00
  0.205047E+01  0.153936E-01 -0.218183E+00  0.000000E+00  0.000000E+00  0.000000E+00  0.000000E+00
  0.207634E+01  0.150620E-01  0.226232E+00  0.000000E+00  0.000000E+00  0.000000E+00  0.000000E+00
  0.214825E+01 -0.288435E+00  0.732064E-02  0.000000E+00  0.000000E+00  0.000000E+00  0.000000E+00
  0.207841E+01  0.678702E-02  0.273311E+00  0.000000E+00  0.000000E+00  0.000000E+00  0.000000E+00
  0.246586E+01 -0.375610E+00 -0.457757E-02  0.000000E+00  0.000000E+00  0.000000E+00  0.000000E+00
  0.250475E+01 -0.181530E-01  0.269468E+00  0.000000E+00  0.000000E+00  0.000000E+00  0.000000E+00
  0.268269E+01  0.199647E-01  0.263002E+00  0.000000E+00  0.000000E+00  0.000000E+00  0.000000E+00
  0.183965E+01 -0.193635E+00 -0.124896E-01  0.000000E+00  0.000000E+00  0.000000E+00  0.000000E+00
  0.201200E+01 -0.119838E-01 -0.234469E+00  0.000000E+00  0.000000E+00  0.000000E+00  0.000000E+00
  0.186285E+01 -0.225793E+00  0.441687E-02  0.000000E+00  0.000000E+00  0.000000E+00  0.000000E+00
  0.251208E+01  0.392911E+00  0.165152E-02  0.000000E+00  0.000000E+00  0.000000E+00  0.000000E+00
  0.242089E+01  0.186339E-01 -0.247122E+00  0.000000E+00  0.000000E+00  0.000000E+00  0.000000E+00
  0.278182E+01  0.408040E+00 -0.117305E-01  0.000000E+00  0.000000E+00  0.000000E+00  0.000000E+00
  0.248622E+01 -0.322063E+00  0.138798E-01  0.000000E+00  0.000000E+00  0.000000E+00  0.000000E+00
  0.220973E+01 -0.249393E+00 -0.154501E-01  0.000000E+00  0.000000E+00  0.000000E+00  0.000000E+00
  0.164350E+01  0.168916E+00 -0.592292E-02  0.000000E+00  0.000000E+00  0.000000E+00  0.000000E+00
  0.191328E+01  0.239806E+00 -0.348420E-02  0.000000E+00  0.000000E+00  0.000000E+00  0.000000E+00
  0.261679E+01  0.401420E+00  0.740547E-02  0.000000E+00  0.000000E+00  0.000000E+00  0.000000E+00
  0.253818E+01 -0.394490E+00 -0.427225E-02  0.000000E+00  0.000000E+00  0.000000E+00  0.000000E+00
  0.225764E+01 -0.229348E+00 -0.179423E-01  0.000000E+00  0.000000E+00  0.000000E+00  0.000000E+00
  0.209462E+01  0.232852E+00 -0.147196E-01  0.000000E+00  0.000000E+00  0.000000E+00  0.000000E+00
  0.260620E+01 -0.395709E+00 -0.798808E-02  0.000000E+00  0.000000E+00  0.000000E+00  0.000000E+00
  0.231627E+01 -0.166749E-01  0.256448E+00  0.000000E+00  0.000000E+00  0.000000E+00  0.000000E+00
  0.249305E+01  0.167859E-01 -0.288240E+00  0.000000E+00  0.000000E+00  0.000000E+00  0.000000E+00
  0.199947E+01 -0.979224E-03 -0.263789E+00  0.000000E+00  0.000000E+00  0.000000E+00  0.000000E+00
  0.231517E+01  0.753817E-02  0.327911E+00  0.000000E+00  0.000000E+00  0.000000E+00  0.000000E+00
  0.254509E+01  0.176473E-01  0.284835E+00  0.000000E+00  0.000000E+00  0.000000E+00  0.000000E+00
  0.282343E+01  0.405696E+00  0.128230E-01  0.000000E+00  0.000000E+00  0.000000E+00  0.000000E+00
  0.177768E+01 -0.197723E+00 -0.770441E-02  0.000000E+00  0.000000E+00  0.000000E+00  0.000000E+00
  0.206236E+01 -0.207801E+00 -0.167495E-01  0.000000E+00  0.000000E+00  0.000000E+00  0.000000E+00
  0.246480E+01  0.111995E-01  0.341348E+00  0.000000E+00  0.000000E+00  0.000000E+00  0.000000E+00
  0.281466E+01  0.125490E-01 -0.406825E+00  0.000000E+00  0.000000E+00  0.000000E+00  0.000000E+00
  0.226154E+01  0.299385E+00  0.105662E-01  0.000000E+00  0.000000E+00  0.000000E+00  0.000000E+00
  0.193107E+01 -0.779312E-04  0.246671E+00  0.000000E+00  0.000000E+00  0.000000E+00  0.000000E+00
  0.211336E+01  0.232680E+00 -0.151781E-01  0.000000E+00  0.000000E+00  0.000000E+00  0.000000E+00
  0.282409E+01  0.437767E+00 -0.943993E-02  0.000000E+00  0.000000E+00  0.000000E+00  0.000000E+00
  0.195389E+01  0.233698E+00 -0.945547E-02  0.000000E+00  0.000000E+00  0.000000E+00  0.000000E+00
  0.224590E+01  0.224999E+00  0.181101E-01  0.000000E+00  0.000000E+00  0.000000E+00  0.000000E+00
  0.197165E+01 -0.154218E-01  0.202233E+00  0.000000E+00  0.000000E+00  0.000000E+00  0.000000E+00
  0.208388E+01 -0.236660E+00  0.139688E-01  0.000000E+00  0.000000E+00  0.000000E+00  0.000000E+00
  0.214250E+01  0.296617E+00  0.385187E-02  0.000000E+00  0.000000E+00  0.000000E+00  0.000000E+00
  0.237020E+01  0.238714E+00  0.186247E-01  0.000000E+00  0.000000E+00  0.000000E+00  0.000000E+00
  0.225532E+01 -0.171966E-01  0.238631E+00  0.000000E+00  0.000000E+00  0.000000E+00  0.000000E+00
  0.243030E+01  0.681100E-02  0.358955E+00  0.000000E+00  0.000000E+00  0.000000E+00  0.000000E+00
  0.231941E+01  0.113102E-01 -0.307667E+00  0.000000E+00  0.000000E+00  0.000000E+00  0.000000E+00
  0.211543E+01  0.121443E-01 -0.256411E+00  0.000000E+00  0.000000E+00  0.000000E+00  0.000000E+00
  0.247834E+01 -0.169859E-01  0.282655E+00  0.000000E+00  0.000000E+00  0.000000E+00  0.000000E+00
  0.171625E+01  0.380130E-02  0.190049E+00  0.000000E+00  0.000000E+00  0.000000E+00  0.000000E+00
  0.196934E+01 -0.210630E+00 -0.142511E-01  0.000000E+00  0.000000E+00  0.000000E+00  0.000000E+00
  0.174653E+01 -0.968479E-02 -0.184339E+00  0.000000E+00  0.000000E+00  0.000000E+00  0.000000E+00
  0.235895E+01  0.295347E+00 -0.138710E-01  0.000000E+00  0.000000E+00  0.000000E+00  0.000000E+00
  0.175504E+01 -0.108270E-01 -0.182170E+00  0.000000E+00  0.000000E+00  0.000000E+00  0.000000E+00
  0.213821E+01  0.292894E+00  0.507233E-02  0.000000E+00  0.000000E+00  0.000000E+00  0.000000E+00
  0.162037E+01 -0.102171E-02 -0.167869E+00  0.000000E+00  0.000000E+00  0.000000E+00  0.000000E+00
  0.175117E+01  0.909410E-02  0.187347E+00  0.000000E+00  0.000000E+00  0.000000E+00  0.000000E+00
  0.184671E+01  0.128287E-01  0.193388E+00  0.000000E+00  0.000000E+00  0.000000E+00  0.000000E+00
  0.258172E+01  0.296503E-02 -0.408500E+00  0.000000E+00  0.000000E+00  0.000000E+00  0.000000E+00
  0.279205E+01 -0.318595E+00  0.181980E-01  0.000000E+00  0.000000E+00  0.000000E+00  0.000000E+00
  0.193748E+01 -0.461406E-02 -0.244030E+00  0.000000E+00  0.000000E+00  0.000000E+00  0.000000E+00
  0.168469E+01 -0.171701E+00 -0.908304E-02  0.000000E+00  0.000000E+00  0.000000E+00  0.000000E+00
  0.281541E+01 -0.728602E-02 -0.450139E+00  0.000000E+00  0.000000E+00  0.000000E+00  0.000000E+00
  0.202460E+01 -0.130317E-01 -0.230718E+00  0.000000E+00  0.000000E+00  0.000000E+00  0.000000E+00
  0.231639E+01  0.166619E-01 -0.256630E+00  0.000000E+00  0.000000E+00  0.000000E+00  0.000000E+00
  0.234977E+01  0.139755E-01  0.292425E+00  0.000000E+00  0.000000E+00  0.000000E+00  0.000000E+00
  0.272542E+01 -0.404581E+00  0.107137E-01  0.000000E+00  0.000000E+00  0.000000E+00  0.000000E+00
  0.186318E+01  0.359338E-03  0.229461E+00  0.000000E+00  0.000000E+00  0.000000E+00  0.000000E+00
  0.222058E+01  0.301113E+00 -0.845557E-02  0.000000E+00  0.000000E+00  0.000000E+00  0.000000E+00
  0.202528E+01 -0.249919E+00  0.956997E-02  0.000000E+00  0.000000E+00  0.000000E+00  0.000000E+00
  0.228567E+01  0.313377E+00 -0.909861E-02  0.000000E+00  0.000000E+00  0.000000E+00  0.000000E+00
  0.204504E+01 -0.235536E+00  0.129716E-01  0.000000E+00  0.000000E+00  0.000000E+00  0.000000E+00
  0.233249E+01 -0.165427E-01  0.261146E+00  0.000000E+00  0.000000E+00  0.000000E+00  0.000000E+00
  0.166220E+01  0.178584E+00  0.329847E-03  0.000000E+00  0.000000E+00  0.000000E+00  0.000000E+00
  0.258362E+01 -0.410859E+00 -0.176271E-02  0.000000E+00  0.000000E+00  0.000000E+00  0.000000E+00
  0.217455E+01  0.156390E-01  0.240541E+00  0.000000E+00  0.000000E+00  0.000000E+00  0.000000E+00
  0.241776E+01 -0.240523E-02 -0.368176E+00  0.000000E+00  0.000000E+00  0.000000E+00  0.000000E+00
  0.260051E+01 -0.374285E+00  0.109294E-01  0.000000E+00  0.000000E+00  0.000000E+00  0.000000E+00
  0.242216E+01 -0.360167E+00  0.599852E-02  0.000000E+00  0.000000E+00  0.000000E+00  0.000000E+00
  0.177118E+01 -0.737798E-02  0.197008E+00  0.000000E+00  0.000000E+00  0.000000E+00  0.000000E+00
  0.189779E+01  0.237489E+00  0.199418E-02  0.000000E+00  0.000000E+00  0.000000E+00  0.000000E+00
  0.194707E+01 -0.210527E+00  0.135772E-01  0.000000E+00  0.000000E+00  0.000000E+00  0.000000E+00
  0.211144E+01  0.211159E+00  0.172892E-01  0.000000E+00  0.000000E+00  0.000000E+00  0.000000E+00
  0.263885E+01  0.147500E-01 -0.343846E+00  0.000000E+00  0.000000E+00  0.000000E+00  0.000000E+00
  0.198055E+01 -0.121050E-01  0.226788E+00  0.000000E+00  0.000000E+00  0.000000E+00  0.000000E+00
  0.211856E+01  0.288840E+00  0.472466E-02  0.000000E+00  0.000000E+00  0.000000E+00  0.000000E+00
  0.227650E+01  0.241917E+00  0.172443E-01  0.000000E+00  0.000000E+00  0.000000E+00  0.000000E+00
  0.191504E+01  0.198902E+00 -0.143153E-01  0.000000E+00  0.000000E+00  0.000000E+00  0.000000E+00
  0.272138E+01 -0.551568E-02 -0.435752E+00  0.000000E+00  0.000000E+00  0.000000E+00  0.000000E+00
  0.187432E+01  0.113627E-01 -0.206925E+00  0.000000E+00  0.000000E+00  0.000000E+00  0.000000E+00
  0.185879E+01  0.126018E-01  0.197238E+00  0.000000E+00  0.000000E+00  0.000000E+00  0.000000E+00
  0.216078E+01  0.148715E-01 -0.245031E+00  0.000000E+00  0.000000E+00  0.000000E+00  0.000000E+00
  0.165063E+01  0.172482E+00 -0.474268E-02  0.000000E+00  0.000000E+00  0.000000E+00  0.000000E+00
  0.189258E+01  0.110001E-01  0.212760E+00  0.000000E+00  0.000000E+00  0.000000E+00  0.000000E+00
  0.199802E+01 -0.251740E+00  0.742117E-02  0.000000E+00  0.000000E+00  0.000000E+00  0.000000E+00
  0.203785E+01  0.861698E-02  0.256935E+00  0.000000E+00  0.000000E+00  0.000000E+00  0.000000E+00
  0.256530E+01 -0.368542E+00  0.106372E-01  0.000000E+00  0.000000E+00  0.000000E+00  0.000000E+00
  0.225478E+01 -0.159731E-01  0.252804E+00  0.000000E+00  0.000000E+00  0.000000E+00  0.000000E+00
  0.250280E+01  0.105640E-01 -0.354760E+00  0.000000E+00  0.000000E+00  0.000000E+00  0.000000E+00
  0.268614E+01 -0.331229E+00 -0.163496E-01  0.000000E+00  0.000000E+00  0.000000E+00  0.000000E+00
  0.281964E+01 -0.106788E-01  0.426445E+00  0.000000E+00  0.000000E+00  0.000000E+00  0.000000E+00
  0.195635E+01  0.157968E-01 -0.196151E+00  0.000000E+00  0.000000E+00  0.000000E+00  0.000000E+00
  0.228358E+01 -0.306457E+00 -0.102386E-01  0.000000E+00  0.000000E+00  0.000000E+00  0.000000E+00
  0.207552E+01 -0.265681E+00  0.866654E-02  0.000000E+00  0.000000E+00  0.000000E+00  0.000000E+00
  0.207728E+01  0.222324E+00 -0.155290E-01  0.000000E+00  0.000000E+00  0.000000E+00  0.000000E+00
  0.281598E+01  0.461742E+00 -0.485734E-02  0.000000E+00  0.000000E+00  0.000000E+00  0.000000E+00
  0.212700E+01  0.239023E+00 -0.147721E-01  0.000000E+00  0.000000E+00  0.000000E+00  0.000000E+00
  0.219367E+01  0.175602E-01  0.222898E+00  0.000000E+00  0.000000E+00  0.000000E+00  0.000000E+00
  0.198247E+01 -0.466748E-02  0.255120E+00  0.000000E+00  0.000000E+00  0.000000E+00  0.000000E+00
  0.243942E+01  0.312008E+00 -0.138997E-01  0.000000E+00  0.000000E+00  0.000000E+00  0.000000E+00
  0.275193E+01  0.452662E+00  0.224372E-02  0.000000E+00  0.000000E+00  0.000000E+00  0.000000E+00
  0.240203E+01 -0.365075E+00  0.168665E-02  0.000000E+00  0.000000E+00  0.000000E+00  0.000000E+00
  0.249487E+01 -0.735821E-02 -0.372164E+00  0.000000E+00  0.000000E+00  0.000000E+00  0.000000E+00
  0.219063E+01 -0.234862E+00  0.164841E-01  0.000000E+00  0.000000E+00  0.000000E+00  0.000000E+00
  0.263574E+01  0.336539E+00  0.152725E-01  0.000000E+00  0.000000E+00  0.000000E+00  0.000000E+00
  0.208908E+01  0.238426E+00  0.138810E-01  0.000000E+00  0.000000E+00  0.000000E+00  0.000000E+00
  0.170026E+01 -0.691266E-02 -0.180897E+00  0.000000E+00  0.000000E+00  0.000000E+00  0.000000E+00
  0.204841E+01 -0.217481E+00 -0.154273E-01  0.000000E+00  0.000000E+00  0.000000E+00  0.000000E+00
  0.165873E+01  0.174195E+00 -0.495633E-02  0.000000E+00  0.000000E+00  0.000000E+00  0.000000E+00
  0.246606E+01 -0.172733E-01  0.276242E+00  0.000000E+00  0.000000E+00  0.000000E+00  0.000000E+00
  0.264752E+01  0.156323E-01  0.334057E+00  0.000000E+00  0.000000E+00  0.000000E+00  0.000000E+00
  0.187708E+01 -0.514375E-02  0.228019E+00  0.000000E+00  0.000000E+00  0.000000E+00  0.000000E+00
  0.246454E+01  0.281200E+00  0.169073E-01  0.000000E+00  0.000000E+00  0.000000E+00  0.000000E+00
  0.217702E+01  0.263887E+00 -0.130001E-01  0.000000E+00  0.000000E+00  0.000000E+00  0.000000E+00
  0.223357E+01 -0.323193E+00 -0.504334E-03  0.000000E+00  0.000000E+00  0.000000E+00  0.000000E+00
  0.232505E+01  0.276211E+00  0.150886E-01  0.000000E+00  0.000000E+00  0.000000E+00  0.000000E+00
  0.284082E+01  0.371374E-01  0.306114E-01  0.000000E+00  0.000000E+00  0.000000E+00  0.000000E+00
  0.284082E+01 -0.977856E-01 -0.576010E-02  0.000000E+00  0.000000E+00  0.000000E+00  0.000000E+00
  0.284082E+01 -0.109222E+00  0.127162E+00  0.000000E+00  0.000000E+00  0.000000E+00  0.000000E+00
  0.284082E+01  0.595559E-01 -0.187093E+00  0.000000E+00  0.000000E+00  0.000000E+00  0.000000E+00
  0.284082E+01 -0.175269E+00  0.752149E-01  0.000000E+00  0.000000E+00  0.000000E+00  0.000000E+00
  0.284082E+01  0.527652E-01 -0.420300E-01  0.000000E+00  0.000000E+00  0.000000E+00  0.000000E+00
  0.284082E+01  0.145727E+00 -0.788576E-02  0.000000E+00  0.000000E+00  0.000000E+00  0.000000E+00
  0.284082E+01 -0.777965E-01  0.139920E+00  0.000000E+00  0.000000E+00  0.000000E+00  0.000000E+00
  0.284082E+01 -0.839691E-01  0.115093E+00  0.000000E+00  0.000000E+00  0.000000E+00  0.000000E+00
  0.284082E+01  0.110041E+00 -0.892473E-01  0.000000E+00  0.000000E+00  0.000000E+00  0.000000E+00
  0.284082E+01 -0.191907E+00 -0.366595E-01  0.000000E+00  0.000000E+00  0.000000E+00  0.000000E+00
  0.284082E+01  0.365996E-01 -0.516839E-02  0.000000E+00  0.000000E+00  0.000000E+00  0.000000E+00
  0.284082E+01  0.110207E-01  0.750919E-02  0.000000E+00  0.000000E+00  0.000000E+00  0.000000E+00
  0.284082E+01  0.617941E-01  0.507919E-01  0.000000E+00  0.000000E+00  0.000000E+00  0.000000E+00
  0.284082E+01  0.407798E-01 -0.574526E-02  0.000000E+00  0.000000E+00  0.000000E+00  0.000000E+00
  0.284082E+01 -0.179293E-01 -0.228338E-01  0.000000E+00  0.000000E+00  0.000000E+00  0.000000E+00
  0.284082E+01  0.461199E-01 -0.155709E-01  0.000000E+00  0.000000E+00  0.000000E+00  0.000000E+00
  0.284082E+01 -0.622623E-01  0.441752E-01  0.000000E+00  0.000000E+00  0.000000E+00  0.000000E+00
  0.284082E+01  0.365648E-01  0.819176E-01  0.000000E+00  0.000000E+00  0.000000E+00  0.000000E+00
  0.284082E+01 -0.875133E-01  0.199505E+00  0.000000E+00  0.000000E+00  0.000000E+00  0.000000E+00
  0.284082E+01 -0.107517E+00  0.220664E+00  0.000000E+00  0.000000E+00  0.000000E+00  0.000000E+00
  0.284082E+01  0.568051E-01  0.847332E-01  0.000000E+00  0.000000E+00  0.000000E+00  0.000000E+00
  0.284082E+01 -0.144087E+00  0.630969E-01  0.000000E+00  0.000000E+00  0.000000E+00  0.000000E+00
  0.284082E+01  0.258586E-01 -0.523957E-02  0.000000E+00  0.000000E+00  0.000000E+00  0.000000E+00
  0.284082E+01 -0.316115E-01  0.143534E+00  0.000000E+00  0.000000E+00  0.000000E+00  0.000000E+00
  0.284082E+01  0.112502E+00 -0.220189E+00  0.000000E+00  0.000000E+00  0.000000E+00  0.000000E+00
  0.284082E+01  0.943796E-01 -0.945411E-01  0.000000E+00  0.000000E+00  0.000000E+00  0.000000E+00
  0.284082E+01  0.246871E-01  0.127203E+00  0.000000E+00  0.000000E+00  0.000000E+00  0.000000E+00
  0.284082E+01  0.102145E-01  0.137406E+00  0.000000E+00  0.000000E+00  0.000000E+00  0.000000E+00
  0.284082E+01  0.326271E-01  0.489354E-01  0.000000E+00  0.000000E+00  0.000000E+00  0.000000E+00
  0.284082E+01  0.110966E+00 -0.179003E+00  0.000000E+00  0.000000E+00  0.000000E+00  0.000000E+00
  0.284082E+01 -0.108393E+00  0.331000E-01  0.000000E+00  0.000000E+00  0.000000E+00  0.000000E+00
  0.284082E+01  0.183896E+00  0.600947E-01  0.000000E+00  0.000000E+00  0.000000E+00  0.000000E+00
  0.284082E+01 -0.130493E-02 -0.680054E-02  0.000000E+00  0.000000E+00  0.000000E+00  0.000000E+00
  0.284082E+01 -0.233416E-01  0.131727E+00  0.000000E+00  0.000000E+00  0.000000E+00  0.000000E+00
  0.284082E+01 -0.834691E-03  0.973374E-04  0.000000E+00  0.000000E+00  0.000000E+00  0.000000E+00
  0.284082E+01 -0.343635E-01  0.685532E-01  0.000000E+00  0.000000E+00  0.000000E+00  0.000000E+00
  0.284082E+01 -0.147751E-01  0.145521E+00  0.000000E+00  0.000000E+00  0.000000E+00  0.000000E+00
  0.284082E+01  0.199312E-01  0.788048E-01  0.000000E+00  0.000000E+00  0.000000E+00  0.000000E+00
  0.284082E+01 -0.875615E-01 -0.192189E+00  0.000000E+00  0.000000E+00  0.000000E+00  0.000000E+00
  0.284082E+01 -0.107002E-01  0.589802E-02  0.000000E+00  0.000000E+00  0.000000E+00  0.000000E+00
  0.284082E+01 -0.127576E-01  0.283256E-01  0.000000E+00  0.000000E+00  0.000000E+00  0.000000E+00
  0.284082E+01  0.242818E-01 -0.120672E+00  0.000000E+00  0.000000E+00  0.000000E+00  0.000000E+00
  0.284082E+01 -0.135471E+00  0.352115E-01  0.000000E+00  0.000000E+00  0.000000E+00  0.000000E+00
  0.284082E+01 -0.478564E-01 -0.882672E-01  0.000000E+00  0.000000E+00  0.000000E+00  0.000000E+00
  0.284082E+01 -0.999632E-01 -0.496674E-01  0.000000E+00  0.000000E+00  0.000000E+00  0.000000E+00
  0.284082E+01 -0.178513E-01  0.518752E-02  0.000000E+00  0.000000E+00  0.000000E+00  0.000000E+00
  0.284082E+01 -0.209097E-01 -0.735769E-02  0.000000E+00  0.000000E+00  0.000000E+00  0.000000E+00
  0.284082E+01  0.167486E+00  0.100674E+00  0.000000E+00  0.000000E+00  0.000000E+00  0.000000E+00
  0.284082E+01 -0.467218E-02 -0.684513E-03  0.000000E+00  0.000000E+00  0.000000E+00  0.000000E+00
  0.284082E+01 -0.808186E-02  0.887021E-02  0.000000E+00  0.000000E+00  0.000000E+00  0.000000E+00
  0.284082E+01  0.368924E-01 -0.949836E-02  0.000000E+00  0.000000E+00  0.000000E+00  0.000000E+00
  0.284082E+01 -0.172549E+00 -0.133106E+00  0.000000E+00  0.000000E+00  0.000000E+00  0.000000E+00
  0.284082E+01  0.120463E-02  0.130064E+00  0.000000E+00  0.000000E+00  0.000000E+00  0.000000E+00
  0.284082E+01  0.634448E-01 -0.918996E-01  0.000000E+00  0.000000E+00  0.000000E+00  0.000000E+00
  0.284082E+01  0.179826E-02 -0.227273E-01  0.000000E+00  0.000000E+00  0.000000E+00  0.000000E+00
  0.284082E+01 -0.337611E-01 -0.827081E-01  0.000000E+00  0.000000E+00  0.000000E+00  0.000000E+00
  0.284082E+01 -0.122445E-01  0.635836E-01  0.000000E+00  0.000000E+00  0.000000E+00  0.000000E+00
  0.284082E+01 -0.547612E-01 -0.151648E+00  0.000000E+00  0.000000E+00  0.000000E+00  0.000000E+00
  0.284082E+01 -0.101251E+00 -0.867837E-01  0.000000E+00  0.000000E+00  0.000000E+00  0.000000E+00
  0.284082E+01 -0.203472E-01 -0.166185E+00  0.000000E+00  0.000000E+00  0.000000E+00  0.000000E+00
  0.284082E+01  0.126476E-01 -0.100045E-01  0.000000E+00  0.000000E+00  0.000000E+00  0.000000E+00
  0.284082E+01 -0.345858E-01 -0.354785E-01  0.000000E+00  0.000000E+00  0.000000E+00  0.000000E+00
  0.284082E+01 -0.500775E-01  0.688255E-02  0.000000E+00  0.000000E+00  0.000000E+00  0.000000E+00
  0.284082E+01 -0.748888E-01  0.201739E-01  0.000000E+00  0.000000E+00  0.000000E+00  0.000000E+00
  0.284082E+01  0.468621E-01 -0.615120E-01  0.000000E+00  0.000000E+00  0.000000E+00  0.000000E+00
  0.284082E+01  0.472914E-01 -0.147722E+00  0.000000E+00  0.000000E+00  0.000000E+00  0.000000E+00
  0.284082E+01 -0.183552E-01 -0.428305E-01  0.000000E+00  0.000000E+00  0.000000E+00  0.000000E+00
  0.284082E+01 -0.218064E+00  0.111795E+00  0.000000E+00  0.000000E+00  0.000000E+00  0.000000E+00
  0.284082E+01  0.137502E+00  0.204180E-01  0.000000E+00  0.000000E+00  0.000000E+00  0.000000E+00
  0.284082E+01  0.210680E+00  0.464531E-01  0.000000E+00  0.000000E+00  0.000000E+00  0.000000E+00
  0.284082E+01 -0.227866E-01  0.863784E-02  0.000000E+00  0.000000E+00  0.000000E+00  0.000000E+00
  0.284082E+01  0.894427E-01 -0.158998E+00  0.000000E+00  0.000000E+00  0.000000E+00  0.000000E+00
  0.284082E+01 -0.297713E-01 -0.791284E-01  0.000000E+00  0.000000E+00  0.000000E+00  0.000000E+00
  0.284082E+01  0.181128E+00  0.117109E+00  0.000000E+00  0.000000E+00  0.000000E+00  0.000000E+00
  0.284082E+01 -0.688384E-01  0.766347E-01  0.000000E+00  0.000000E+00  0.000000E+00  0.000000E+00
  0.284082E+01  0.181680E+00  0.113524E+00  0.000000E+00  0.000000E+00  0.000000E+00  0.000000E+00
  0.284082E+01  0.121748E+00  0.139483E+00  0.000000E+00  0.000000E+00  0.000000E+00  0.000000E+00
  0.284082E+01  0.173077E+00 -0.159564E-01  0.000000E+00  0.000000E+00  0.000000E+00  0.000000E+00
  0.284082E+01  0.520302E-01  0.956157E-01  0.000000E+00  0.000000E+00  0.000000E+00  0.000000E+00
  0.284082E+01  0.593927E-01 -0.118727E+00  0.000000E+00  0.000000E+00  0.000000E+00  0.000000E+00
  0.284082E+01 -0.902046E-01 -0.212497E+00  0.000000E+00  0.000000E+00  0.000000E+00  0.000000E+00
  0.284082E+01 -0.366663E-01  0.210640E+00  0.000000E+00  0.000000E+00  0.000000E+00  0.000000E+00
  0.284082E+01 -0.232500E+00 -0.191921E-01  0.000000E+00  0.000000E+00  0.000000E+00  0.000000E+00
  0.284082E+01 -0.953286E-01  0.116117E+00  0.000000E+00  0.000000E+00  0.000000E+00  0.000000E+00
  0.284082E+01  0.136979E+00  0.348586E-01  0.000000E+00  0.000000E+00  0.000000E+00  0.000000E+00
  0.284082E+01  0.481014E-01 -0.104540E+00  0.000000E+00  0.000000E+00  0.000000E+00  0.000000E+00
  0.284082E+01  0.198404E+00  0.854114E-01  0.000000E+00  0.000000E+00  0.000000E+00  0.000000E+00
  0.284082E+01  0.498727E-02 -0.115137E-02  0.000000E+00  0.000000E+00  0.000000E+00  0.000000E+00
  0.284082E+01 -0.587970E-03 -0.134611E+00  0.000000E+00  0.000000E+00  0.000000E+00  0.000000E+00
  0.284082E+01 -0.431151E-01  0.429907E-01  0.000000E+00  0.000000E+00  0.000000E+00  0.000000E+00
  0.284082E+01  0.140268E+00  0.149454E+00  0.000000E+00  0.000000E+00  0.000000E+00  0.000000E+00
  0.284082E+01 -0.254129E-01 -0.205564E+00  0.000000E+00  0.000000E+00  0.000000E+00  0.000000E+00
  0.284082E+01  0.437228E-01 -0.551429E-01  0.000000E+00  0.000000E+00  0.000000E+00  0.000000E+00
  0.284082E+01  0.146081E+00  0.969641E-01  0.000000E+00  0.000000E+00  0.000000E+00  0.000000E+00
  0.284082E+01 -0.101174E+00 -0.112834E+00  0.000000E+00  0.000000E+00  0.000000E+00  0.000000E+00
  0.284082E+01  0.414369E-01 -0.255431E-01  0.000000E+00  0.000000E+00  0.000000E+00  0.000000E+00
  0.284082E+01  0.451878E-01  0.139738E-01  0.000000E+00  0.000000E+00  0.000000E+00  0.000000E+00
  0.284082E+01 -0.145908E-02 -0.766599E-03  0.000000E+00  0.000000E+00  0.000000E+00  0.000000E+00
  0.284082E+01  0.966189E-02  0.234283E-01  0.000000E+00  0.000000E+00  0.000000E+00  0.000000E+00
