  0.200022E+01 -0.101565E-02 -0.263962E+00  0.000000E+00  0.000000E+00  0.000000E+00  0.000000E+00
  0.282247E+01  0.174456E-01 -0.338333E+00  0.000000E+00  0.000000E+00  0.000000E+00  0.000000E+00
  0.261885E+01 -0.125434E-01 -0.364003E+00  0.000000E+00  0.000000E+00  0.000000E+00  0.000000E+00
  0.178481E+01 -0.182578E+00 -0.122865E-01  0.000000E+00  0.000000E+00  0.000000E+00  0.000000E+00
  0.235444E+01 -0.351868E+00 -0.265000E-02  0.000000E+00  0.000000E+00  0.000000E+00  0.000000E+00
  0.214953E+01 -0.977940E-02 -0.277919E+00  0.000000E+00  0.000000E+00  0.000000E+00  0.000000E+00
  0.183325E+01  0.563540E-02 -0.216195E+00  0.000000E+00  0.000000E+00  0.000000E+00  0.000000E+00
  0.170720E+01 -0.186696E+00 -0.463804E-02  0.000000E+00  0.000000E+00  0.000000E+00  0.000000E+00
  0.222236E+01  0.282506E+00 -0.117965E-01  0.000000E+00  0.000000E+00  0.000000E+00  0.000000E+00
  0.202771E+01 -0.258484E+00 -0.754907E-02  0.000000E+00  0.000000E+00  0.000000E+00  0.000000E+00
  0.259352E+01 -0.413970E+00 -0.112759E-02  0.000000E+00  0.000000E+00  0.000000E+00  0.000000E+00
  0.191891E+01  0.216082E+00 -0.115415E-01  0.000000E+00  0.000000E+00  0.000000E+00  0.000000E+00
  0.251184E+01  0.190727E-01 -0.254537E+00  0.000000E+00  0.000000E+00  0.000000E+00  0.000000E+00
  0.164433E+01 -0.167908E+00 -0.659679E-02  0.000000E+00  0.000000E+00  0.000000E+00  0.000000E+00
  0.253154E+01 -0.363558E-02 -0.394460E+00  0.000000E+00  0.000000E+00  0.000000E+00  0.000000E+00
  0.251075E+01 -0.313190E+00 -0.151311E-01  0.000000E+00  0.000000E+00  0.000000E+00  0.000000E+00
  0.188835E+01  0.224520E+00 -0.765759E-02  0.000000E+00  0.000000E+00  0.000000E+00  0.000000E+00
  0.173234E+01  0.546862E-02 -0.191603E+00  0.000000E+00  0.000000E+00  0.000000E+00  0.000000E+00
  0.238314E+01 -0.313217E+00 -0.124432E-01  0.000000E+00  0.000000E+00  0.000000E+00  0.000000E+00
  0.263065E+01 -0.304747E+00 -0.173727E-01  0.000000E+00  0.000000E+00  0.000000E+00  0.000000E+00
  0.255030E+01  0.138855E-01 -0.335496E+00  0.000000E+00  0.000000E+00  0.000000E+00  0.000000E+00
  0.258840E+01  0.387444E+00 -0.867192E-02  0.000000E+00  0.000000E+00  0.000000E+00  0.000000E+00
  0.217180E+01 -0.174579E-01 -0.220191E+00  0.000000E+00  0.000000E+00  0.000000E+00  0.000000E+00
  0.200241E+01 -0.202303E+00 -0.161253E-01  0.000000E+00  0.000000E+00  0.000000E+00  0.000000E+00
  0.191636E+01 -0.202147E+00 -0.138672E-01  0.000000E+00  0.000000E+00  0.000000E+00  0.000000E+00
  0.197979E+01 -0.255848E+00 -0.389367E-02  0.000000E+00  0.000000E+00  0.000000E+00  0.000000E+00
  0.198356E+01  0.253151E+00 -0.568513E-02  0.000000E+00  0.000000E+00  0.000000E+00  0.000000E+00
  0.270736E+01 -0.343134E+00 -0.158235E-01  0.000000E+00  0.000000E+00  0.000000E+00  0.000000E+00
  0.234995E+01 -0.340341E+00 -0.656612E-02  0.000000E+00  0.000000E+00  0.000000E+00  0.000000E+00
  0.164988E+01 -0.524115E-02 -0.171581E+00  0.000000E+00  0.000000E+00  0.000000E+00  0.000000E+00
  0.205756E+01 -0.273875E+00 -0.462994E-02  0.000000E+00  0.000000E+00  0.000000E+00  0.000000E+00
  0.262712E+01 -0.335395E+00 -0.152276E-01  0.000000E+00  0.000000E+00  0.000000E+00  0.000000E+00
  0.248597E+01 -0.306305E+00 -0.152904E-01  0.000000E+00  0.000000E+00  0.000000E+00  0.000000E+00
  0.204735E+01 -0.246808E+00 -0.112084E-01  0.000000E+00  0.000000E+00  0.000000E+00  0.000000E+00
  0.206176E+01 -0.232538E+00 -0.138993E-01  0.000000E+00  0.000000E+00  0.000000E+00  0.000000E+00
  0.239433E+01 -0.298957E+00 -0.142588E-01  0.000000E+00  0.000000E+00  0.000000E+00  0.000000E+00
  0.206847E+01 -0.607810E-02 -0.273014E+00  0.000000E+00  0.000000E+00  0.000000E+00  0.000000E+00
  0.255536E+01  0.277288E+00 -0.182107E-01  0.000000E+00  0.000000E+00  0.000000E+00  0.000000E+00
  0.221258E+01  0.164616E-01 -0.239289E+00  0.000000E+00  0.000000E+00  0.000000E+00  0.000000E+00
  0.223272E+01  0.134756E-01 -0.272096E+00  0.000000E+00  0.000000E+00  0.000000E+00  0.000000E+00
  0.217808E+01 -0.758753E-02 -0.294625E+00  0.000000E+00  0.000000E+00  0.000000E+00  0.000000E+00
  0.214174E+01 -0.285029E+00 -0.780113E-02  0.000000E+00  0.000000E+00  0.000000E+00  0.000000E+00
  0.179313E+01 -0.205703E+00 -0.593180E-02  0.000000E+00  0.000000E+00  0.000000E+00  0.000000E+00
  0.274427E+01  0.279962E+00 -0.196422E-01  0.000000E+00  0.000000E+00  0.000000E+00  0.000000E+00
  0.248247E+01 -0.366095E+00 -0.797477E-02  0.000000E+00  0.000000E+00  0.000000E+00  0.000000E+00
  0.276701E+01  0.289244E+00 -0.193924E-01  0.000000E+00  0.000000E+00  0.000000E+00  0.000000E+00
  0.269030E+01  0.141492E-01 -0.361835E+00  0.000000E+00  0.000000E+00  0.000000E+00  0.000000E+00
  0.237262E+01  0.236802E+00 -0.187684E-01  0.000000E+00  0.000000E+00  0.000000E+00  0.000000E+00
  0.172559E+01 -0.177504E+00 -0.102596E-01  0.000000E+00  0.000000E+00  0.000000E+00  0.000000E+00
  0.173164E+01 -0.665133E-02 -0.189110E+00  0.000000E+00  0.000000E+00  0.000000E+00  0.000000E+00
  0.221304E+01 -0.306409E+00 -0.670512E-02  0.000000E+00  0.000000E+00  0.000000E+00  0.000000E+00
  0.209038E+01 -0.259768E+00 -0.106302E-01  0.000000E+00  0.000000E+00  0.000000E+00  0.000000E+00
  0.260200E+01 -0.394045E+00 -0.810420E-02  0.000000E+00  0.000000E+00  0.000000E+00  0.000000E+00
  0.257337E+01 -0.408379E+00 -0.166728E-02  0.000000E+00  0.000000E+00  0.000000E+00  0.000000E+00
  0.186439E+01 -0.139662E-01 -0.190591E+00  0.000000E+00  0.000000E+00  0.000000E+00  0.000000E+00
  0.196788E+01  0.155235E-01 -0.200662E+00  0.000000E+00  0.000000E+00  0.000000E+00  0.000000E+00
  0.249999E+01  0.279048E+00 -0.174983E-01  0.000000E+00  0.000000E+00  0.000000E+00  0.000000E+00
  0.267863E+01 -0.430312E+00 -0.400368E-02  0.000000E+00  0.000000E+00  0.000000E+00  0.000000E+00
  0.213900E+01 -0.213675E+00 -0.175068E-01  0.000000E+00  0.000000E+00  0.000000E+00  0.000000E+00
  0.190405E+01  0.138810E-01 -0.199466E+00  0.000000E+00  0.000000E+00  0.000000E+00  0.000000E+00
  0.281185E+01 -0.308078E+00 -0.188700E-01  0.000000E+00  0.000000E+00  0.000000E+00  0.000000E+00
  0.282067E+01 -0.348523E+00 -0.168549E-01  0.000000E+00  0.000000E+00  0.000000E+00  0.000000E+00
  0.195247E+01 -0.665434E-02 -0.242998E+00  0.000000E+00  0.000000E+00  0.000000E+00  0.000000E+00
  0.183573E+01 -0.187591E+00 -0.134488E-01  0.000000E+00  0.000000E+00  0.000000E+00  0.000000E+00
  0.268779E+01  0.276059E+00 -0.194169E-01  0.000000E+00  0.000000E+00  0.000000E+00  0.000000E+00
  0.211911E+01 -0.241252E+00 -0.143161E-01  0.000000E+00  0.000000E+00  0.000000E+00  0.000000E+00
  0.162782E+01 -0.169208E+00 -0.225051E-02  0.000000E+00  0.000000E+00  0.000000E+00  0.000000E+00
  0.276558E+01  0.345164E+00 -0.164301E-01  0.000000E+00  0.000000E+00  0.000000E+00  0.000000E+00
  0.210348E+01  0.143312E-01 -0.237886E+00  0.000000E+00  0.000000E+00  0.000000E+00  0.000000E+00
  0.262176E+01  0.353240E+00 -0.136427E-01  0.000000E+00  0.000000E+00  0.000000E+00  0.000000E+00
  0.236295E+01  0.264490E+00 -0.167346E-01  0.000000E+00  0.000000E+00  0.000000E+00  0.000000E+00
  0.214373E+01  0.155248E-01 -0.235548E+00  0.000000E+00  0.000000E+00  0.000000E+00  0.000000E+00
  0.172272E+01  0.193100E+00 -0.229983E-02  0.000000E+00  0.000000E+00  0.000000E+00  0.000000E+00
  0.245721E+01  0.379908E-02 -0.375468E+00  0.000000E+00  0.000000E+00  0.000000E+00  0.000000E+00
  0.236216E+01 -0.333412E+00 -0.873070E-02  0.000000E+00  0.000000E+00  0.000000E+00  0.000000E+00
  0.221472E+01  0.933073E-02 -0.295472E+00  0.000000E+00  0.000000E+00  0.000000E+00  0.000000E+00
  0.256930E+01 -0.183252E-01 -0.277705E+00  0.000000E+00  0.000000E+00  0.000000E+00  0.000000E+00
  0.224607E+01 -0.251260E+00 -0.159591E-01  0.000000E+00  0.000000E+00  0.000000E+00  0.000000E+00
  0.175711E+01 -0.871709E-02 -0.189913E+00  0.000000E+00  0.000000E+00  0.000000E+00  0.000000E+00
  0.162083E+01  0.166981E+00 -0.291529E-02  0.000000E+00  0.000000E+00  0.000000E+00  0.000000E+00
  0.210658E+01 -0.253962E+00 -0.122199E-01  0.000000E+00  0.000000E+00  0.000000E+00  0.000000E+00
  0.275045E+01 -0.384121E+00 -0.133353E-01  0.000000E+00  0.000000E+00  0.000000E+00  0.000000E+00
  0.261215E+01  0.353019E+00 -0.134747E-01  0.000000E+00  0.000000E+00  0.000000E+00  0.000000E+00
  0.243378E+01  0.316779E+00 -0.132851E-01  0.000000E+00  0.000000E+00  0.000000E+00  0.000000E+00
  0.236591E+01  0.362926E-02 -0.352986E+00  0.000000E+00  0.000000E+00  0.000000E+00  0.000000E+00
  0.263075E+01 -0.318415E+00 -0.164989E-01  0.000000E+00  0.000000E+00  0.000000E+00  0.000000E+00
  0.233425E+01  0.121688E-01 -0.304645E+00  0.000000E+00  0.000000E+00  0.000000E+00  0.000000E+00
  0.279134E+01 -0.452832E+00 -0.556186E-02  0.000000E+00  0.000000E+00  0.000000E+00  0.000000E+00
  0.211268E+01  0.246944E+00 -0.134160E-01  0.000000E+00  0.000000E+00  0.000000E+00  0.000000E+00
  0.230987E+01 -0.171627E-01 -0.249096E+00  0.000000E+00  0.000000E+00  0.000000E+00  0.000000E+00
  0.218440E+01 -0.310685E+00 -0.708738E-03  0.000000E+00  0.000000E+00  0.000000E+00  0.000000E+00
  0.204174E+01 -0.273122E+00 -0.266966E-02  0.000000E+00  0.000000E+00  0.000000E+00  0.000000E+00
  0.212145E+01  0.150956E-01 -0.235049E+00  0.000000E+00  0.000000E+00  0.000000E+00  0.000000E+00
  0.216067E+01  0.420789E-02 -0.300453E+00  0.000000E+00  0.000000E+00  0.000000E+00  0.000000E+00
  0.263898E+01  0.377696E+00 -0.115529E-01  0.000000E+00  0.000000E+00  0.000000E+00  0.000000E+00
  0.196963E+01  0.204570E+00 -0.150748E-01  0.000000E+00  0.000000E+00  0.000000E+00  0.000000E+00
  0.275097E+01  0.379156E+00 -0.137684E-01  0.000000E+00  0.000000E+00  0.000000E+00  0.000000E+00
  0.192020E+01  0.106339E-01 -0.220755E+00  0.000000E+00  0.000000E+00  0.000000E+00  0.000000E+00
  0.215992E+01 -0.138964E-01 -0.253219E+00  0.000000E+00  0.000000E+00  0.000000E+00  0.000000E+00
  0.262092E+01 -0.149984E-01 -0.337082E+00  0.000000E+00  0.000000E+00  0.000000E+00  0.000000E+00
  0.279715E+01  0.123645E-01 -0.404968E+00  0.000000E+00  0.000000E+00  0.000000E+00  0.000000E+00
  0.263559E+01  0.160878E-01 -0.325341E+00  0.000000E+00  0.000000E+00  0.000000E+00  0.000000E+00
  0.261713E+01 -0.665643E-02 -0.405192E+00  0.000000E+00  0.000000E+00  0.000000E+00  0.000000E+00
  0.208147E+01  0.148163E-01 -0.229355E+00  0.000000E+00  0.000000E+00  0.000000E+00  0.000000E+00
  0.213580E+01  0.294313E+00 -0.417598E-02  0.000000E+00  0.000000E+00  0.000000E+00  0.000000E+00
  0.276025E+01 -0.784582E-02 -0.433534E+00  0.000000E+00  0.000000E+00  0.000000E+00  0.000000E+00
  0.205118E+01 -0.267856E+00 -0.639722E-02  0.000000E+00  0.000000E+00  0.000000E+00  0.000000E+00
  0.277504E+01 -0.373399E+00 -0.146219E-01  0.000000E+00  0.000000E+00  0.000000E+00  0.000000E+00
  0.242463E+01  0.259944E+00 -0.178666E-01  0.000000E+00  0.000000E+00  0.000000E+00  0.000000E+00
  0.173723E+01  0.194500E+00 -0.440861E-02  0.000000E+00  0.000000E+00  0.000000E+00  0.000000E+00
  0.276918E+01  0.284030E+00 -0.196351E-01  0.000000E+00  0.000000E+00  0.000000E+00  0.000000E+00
  0.272372E+01 -0.381816E-02 -0.442107E+00  0.000000E+00  0.000000E+00  0.000000E+00  0.000000E+00
  0.234096E+01  0.245710E+00 -0.178258E-01  0.000000E+00  0.000000E+00  0.000000E+00  0.000000E+00
  0.260112E+01  0.411092E-02 -0.410646E+00  0.000000E+00  0.000000E+00  0.000000E+00  0.000000E+00
  0.241292E+01 -0.188131E-01 -0.242790E+00  0.000000E+00  0.000000E+00  0.000000E+00  0.000000E+00
  0.202155E+01 -0.129229E-01 -0.230771E+00  0.000000E+00  0.000000E+00  0.000000E+00  0.000000E+00
  0.237658E+01 -0.255175E+00 -0.176082E-01  0.000000E+00  0.000000E+00  0.000000E+00  0.000000E+00
  0.247732E+01 -0.382207E+00 -0.299073E-02  0.000000E+00  0.000000E+00  0.000000E+00  0.000000E+00
  0.170828E+01  0.652945E-02 -0.183664E+00  0.000000E+00  0.000000E+00  0.000000E+00  0.000000E+00
  0.242333E+01 -0.357999E+00 -0.663204E-02  0.000000E+00  0.000000E+00  0.000000E+00  0.000000E+00
  0.216140E+01 -0.282924E+00 -0.933577E-02  0.000000E+00  0.000000E+00  0.000000E+00  0.000000E+00
  0.252705E+01 -0.286376E+00 -0.173408E-01  0.000000E+00  0.000000E+00  0.000000E+00  0.000000E+00
  0.201682E+01 -0.102448E-01 -0.244813E+00  0.000000E+00  0.000000E+00  0.000000E+00  0.000000E+00
  0.242858E+01  0.309197E+00 -0.139528E-01  0.000000E+00  0.000000E+00  0.000000E+00  0.000000E+00
  0.248902E+01  0.380972E+00 -0.471489E-02  0.000000E+00  0.000000E+00  0.000000E+00  0.000000E+00
  0.236976E+01  0.319044E+00 -0.113092E-01  0.000000E+00  0.000000E+00  0.000000E+00  0.000000E+00
  0.224889E+01  0.178385E-01 -0.229198E+00  0.000000E+00  0.000000E+00  0.000000E+00  0.000000E+00
  0.212864E+01  0.258213E+00 -0.123130E-01  0.000000E+00  0.000000E+00  0.000000E+00  0.000000E+00
  0.226710E+01 -0.150294E-01 -0.265106E+00  0.000000E+00  0.000000E+00  0.000000E+00  0.000000E+00
  0.172790E+01  0.194959E+00 -0.133045E-02  0.000000E+00  0.000000E+00  0.000000E+00  0.000000E+00
  0.248616E+01  0.296392E-02 -0.384479E+00  0.000000E+00  0.000000E+00  0.000000E+00  0.000000E+00
  0.242107E+01 -0.283181E+00 -0.161348E-01  0.000000E+00  0.000000E+00  0.000000E+00  0.000000E+00
  0.219198E+01  0.295836E+00 -0.810579E-02  0.000000E+00  0.000000E+00  0.000000E+00  0.000000E+00
  0.197911E+01  0.207438E-02 -0.257943E+00  0.000000E+00  0.000000E+00  0.000000E+00  0.000000E+00
  0.272956E+01  0.119469E-01 -0.394266E+00  0.000000E+00  0.000000E+00  0.000000E+00  0.000000E+00
  0.273963E+01 -0.161289E-01 -0.344878E+00  0.000000E+00  0.000000E+00  0.000000E+00  0.000000E+00
  0.194746E+01  0.217692E+00 -0.124180E-01  0.000000E+00  0.000000E+00  0.000000E+00  0.000000E+00
  0.207364E+01  0.336419E-02 -0.280197E+00  0.000000E+00  0.000000E+00  0.000000E+00  0.000000E+00
  0.179849E+01 -0.509866E-02 -0.208627E+00  0.000000E+00  0.000000E+00  0.000000E+00  0.000000E+00
  0.227122E+01  0.258694E+00 -0.157268E-01  0.000000E+00  0.000000E+00  0.000000E+00  0.000000E+00
  0.247036E+01 -0.280317E+00 -0.170460E-01  0.000000E+00  0.000000E+00  0.000000E+00  0.000000E+00
  0.257527E+01 -0.361410E+00 -0.117821E-01  0.000000E+00  0.000000E+00  0.000000E+00  0.000000E+00
  0.214942E+01 -0.149594E-01 -0.241931E+00  0.000000E+00  0.000000E+00  0.000000E+00  0.000000E+00
  0.284038E+01  0.284848E+00 -0.200504E-01  0.000000E+00  0.000000E+00  0.000000E+00  0.000000E+00
  0.177411E+01  0.723972E-02 -0.198067E+00  0.000000E+00  0.000000E+00  0.000000E+00  0.000000E+00
  0.218038E+01 -0.222510E+00 -0.173945E-01  0.000000E+00  0.000000E+00  0.000000E+00  0.000000E+00
  0.223031E+01  0.311820E+00 -0.636159E-02  0.000000E+00  0.000000E+00  0.000000E+00  0.000000E+00
  0.258330E+01 -0.959843E-03 -0.411499E+00  0.000000E+00  0.000000E+00  0.000000E+00  0.000000E+00
  0.192779E+01 -0.692026E-02 -0.236237E+00  0.000000E+00  0.000000E+00  0.000000E+00  0.000000E+00
  0.238738E+01  0.113414E-01 -0.322786E+00  0.000000E+00  0.000000E+00  0.000000E+00  0.000000E+00
  0.232657E+01 -0.327258E+00 -0.827460E-02  0.000000E+00  0.000000E+00  0.000000E+00  0.000000E+00
  0.188072E+01  0.219656E+00 -0.859764E-02  0.000000E+00  0.000000E+00  0.000000E+00  0.000000E+00
  0.243924E+01 -0.349037E+00 -0.919231E-02  0.000000E+00  0.000000E+00  0.000000E+00  0.000000E+00
  0.214469E+01 -0.146835E-01 -0.243414E+00  0.000000E+00  0.000000E+00  0.000000E+00  0.000000E+00
  0.173327E+01 -0.319509E-02 -0.194982E+00  0.000000E+00  0.000000E+00  0.000000E+00  0.000000E+00
  0.249196E+01 -0.244444E+00 -0.194369E-01  0.000000E+00  0.000000E+00  0.000000E+00  0.000000E+00
  0.228062E+01  0.902412E-02 -0.312574E+00  0.000000E+00  0.000000E+00  0.000000E+00  0.000000E+00
  0.228216E+01  0.143916E-01 -0.274383E+00  0.000000E+00  0.000000E+00  0.000000E+00  0.000000E+00
  0.165179E+01  0.173562E+00 -0.411836E-02  0.000000E+00  0.000000E+00  0.000000E+00  0.000000E+00
  0.202192E+01 -0.266619E+00 -0.375309E-02  0.000000E+00  0.000000E+00  0.000000E+00  0.000000E+00
  0.212943E+01 -0.174537E-01 -0.212562E+00  0.000000E+00  0.000000E+00  0.000000E+00  0.000000E+00
  0.219268E+01 -0.243846E+00 -0.156665E-01  0.000000E+00  0.000000E+00  0.000000E+00  0.000000E+00
  0.203713E+01  0.100127E-01 -0.250629E+00  0.000000E+00  0.000000E+00  0.000000E+00  0.000000E+00
  0.226752E+01  0.180376E-01 -0.229780E+00  0.000000E+00  0.000000E+00  0.000000E+00  0.000000E+00
  0.175559E+01 -0.200934E+00 -0.284169E-02  0.000000E+00  0.000000E+00  0.000000E+00  0.000000E+00
  0.204257E+01  0.687406E-02 -0.264305E+00  0.000000E+00  0.000000E+00  0.000000E+00  0.000000E+00
  0.211564E+01 -0.290951E+00 -0.322525E-02  0.000000E+00  0.000000E+00  0.000000E+00  0.000000E+00
  0.199752E+01 -0.260175E+00 -0.395719E-02  0.000000E+00  0.000000E+00  0.000000E+00  0.000000E+00
  0.194815E+01  0.327923E-02 -0.248828E+00  0.000000E+00  0.000000E+00  0.000000E+00  0.000000E+00
  0.222314E+01  0.937912E-02 -0.297200E+00  0.000000E+00  0.000000E+00  0.000000E+00  0.000000E+00
  0.268027E+01  0.314889E-02 -0.432878E+00  0.000000E+00  0.000000E+00  0.000000E+00  0.000000E+00
  0.171422E+01  0.623338E-02 -0.185715E+00  0.000000E+00  0.000000E+00  0.000000E+00  0.000000E+00
  0.167859E+01 -0.182340E+00 -0.167698E-02  0.000000E+00  0.000000E+00  0.000000E+00  0.000000E+00
  0.209607E+01  0.149619E-01 -0.231087E+00  0.000000E+00  0.000000E+00  0.000000E+00  0.000000E+00
  0.248761E+01  0.351217E+00 -0.105719E-01  0.000000E+00  0.000000E+00  0.000000E+00  0.000000E+00
  0.185895E+01 -0.293324E-02 -0.226837E+00  0.000000E+00  0.000000E+00  0.000000E+00  0.000000E+00
  0.189898E+01  0.863713E-02 -0.223859E+00  0.000000E+00  0.000000E+00  0.000000E+00  0.000000E+00
  0.223611E+01  0.317129E+00 -0.508568E-02  0.000000E+00  0.000000E+00  0.000000E+00  0.000000E+00
  0.236859E+01  0.585188E-02 -0.347512E+00  0.000000E+00  0.000000E+00  0.000000E+00  0.000000E+00
  0.235504E+01  0.265464E+00 -0.165396E-01  0.000000E+00  0.000000E+00  0.000000E+00  0.000000E+00
  0.233046E+01 -0.134875E-01 -0.292834E+00  0.000000E+00  0.000000E+00  0.000000E+00  0.000000E+00
  0.228080E+01  0.329488E+00 -0.460213E-02  0.000000E+00  0.000000E+00  0.000000E+00  0.000000E+00
  0.225401E+01 -0.175443E-03 -0.328427E+00  0.000000E+00  0.000000E+00  0.000000E+00  0.000000E+00
  0.283620E+01  0.293587E+00 -0.196742E-01  0.000000E+00  0.000000E+00  0.000000E+00  0.000000E+00
  0.229032E+01 -0.729361E-02 -0.322940E+00  0.000000E+00  0.000000E+00  0.000000E+00  0.000000E+00
  0.249066E+01  0.279339E+00 -0.173675E-01  0.000000E+00  0.000000E+00  0.000000E+00  0.000000E+00
  0.200666E+01 -0.995542E-02 -0.243826E+00  0.000000E+00  0.000000E+00  0.000000E+00  0.000000E+00
  0.273789E+01  0.115682E-01 -0.399760E+00  0.000000E+00  0.000000E+00  0.000000E+00  0.000000E+00
  0.173421E+01 -0.182024E+00 -0.951342E-02  0.000000E+00  0.000000E+00  0.000000E+00  0.000000E+00
  0.171407E+01 -0.204677E-02 -0.191090E+00  0.000000E+00  0.000000E+00  0.000000E+00  0.000000E+00
  0.195285E+01 -0.251625E+00 -0.166576E-02  0.000000E+00  0.000000E+00  0.000000E+00  0.000000E+00
  0.233430E+01  0.307192E+00 -0.118368E-01  0.000000E+00  0.000000E+00  0.000000E+00  0.000000E+00
  0.238010E+01 -0.184591E-01 -0.243026E+00  0.000000E+00  0.000000E+00  0.000000E+00  0.000000E+00
  0.209742E+01 -0.248233E+00 -0.127756E-01  0.000000E+00  0.000000E+00  0.000000E+00  0.000000E+00
  0.242983E+01  0.286517E+00 -0.160038E-01  0.000000E+00  0.000000E+00  0.000000E+00  0.000000E+00
  0.212839E+01 -0.648135E-02 -0.286487E+00  0.000000E+00  0.000000E+00  0.000000E+00  0.000000E+00
  0.265881E+01  0.424642E+00 -0.425163E-02  0.000000E+00  0.000000E+00  0.000000E+00  0.000000E+00
  0.211764E+01  0.121727E-01 -0.256716E+00  0.000000E+00  0.000000E+00  0.000000E+00  0.000000E+00
  0.198105E+01  0.149945E-01 -0.207505E+00  0.000000E+00  0.000000E+00  0.000000E+00  0.000000E+00
  0.263902E+01  0.317664E+00 -0.166529E-01  0.000000E+00  0.000000E+00  0.000000E+00  0.000000E+00
  0.259044E+01  0.136428E-01 -0.346593E+00  0.000000E+00  0.000000E+00  0.000000E+00  0.000000E+00
  0.246531E+01 -0.192197E-01 -0.244246E+00  0.000000E+00  0.000000E+00  0.000000E+00  0.000000E+00
  0.244773E+01  0.331563E+00 -0.119499E-01  0.000000E+00  0.000000E+00  0.000000E+00  0.000000E+00
  0.194102E+01  0.710818E-02 -0.238908E+00  0.000000E+00  0.000000E+00  0.000000E+00  0.000000E+00
  0.186306E+01  0.256379E-02 -0.228243E+00  0.000000E+00  0.000000E+00  0.000000E+00  0.000000E+00
  0.204767E+01  0.148828E-01 -0.221920E+00  0.000000E+00  0.000000E+00  0.000000E+00  0.000000E+00
  0.269361E+01  0.140402E-01 -0.363835E+00  0.000000E+00  0.000000E+00  0.000000E+00  0.000000E+00
  0.199272E+01  0.463844E-02 -0.257728E+00  0.000000E+00  0.000000E+00  0.000000E+00  0.000000E+00
  0.173857E+01  0.957433E-02 -0.182846E+00  0.000000E+00  0.000000E+00  0.000000E+00  0.000000E+00
  0.279666E+01 -0.325789E+00 -0.178686E-01  0.000000E+00  0.000000E+00  0.000000E+00  0.000000E+00
  0.187705E+01  0.188481E+00 -0.146971E-01  0.000000E+00  0.000000E+00  0.000000E+00  0.000000E+00
  0.244268E+01  0.245678E+00 -0.189328E-01  0.000000E+00  0.000000E+00  0.000000E+00  0.000000E+00
  0.263429E+01  0.698417E-02 -0.407801E+00  0.000000E+00  0.000000E+00  0.000000E+00  0.000000E+00
  0.183166E+01  0.221213E+00 -0.128070E-02  0.000000E+00  0.000000E+00  0.000000E+00  0.000000E+00
  0.247767E+01 -0.271854E+00 -0.177051E-01  0.000000E+00  0.000000E+00  0.000000E+00  0.000000E+00
  0.252293E+01  0.180237E-01 -0.274783E+00  0.000000E+00  0.000000E+00  0.000000E+00  0.000000E+00
  0.198017E+01 -0.828943E-02 -0.244447E+00  0.000000E+00  0.000000E+00  0.000000E+00  0.000000E+00
  0.261447E+01  0.295419E+00 -0.177577E-01  0.000000E+00  0.000000E+00  0.000000E+00  0.000000E+00
  0.270016E+01 -0.192520E-01 -0.281583E+00  0.000000E+00  0.000000E+00  0.000000E+00  0.000000E+00
  0.220327E+01 -0.156705E-01 -0.245894E+00  0.000000E+00  0.000000E+00  0.000000E+00  0.000000E+00
  0.235242E+01 -0.699513E-03 -0.353210E+00  0.000000E+00  0.000000E+00  0.000000E+00  0.000000E+00
  0.284082E+01  0.589905E-02 -0.246443E+00  0.000000E+00  0.000000E+00  0.000000E+00  0.000000E+00
  0.284082E+01 -0.951625E-01 -0.291210E-02  0.000000E+00  0.000000E+00  0.000000E+00  0.000000E+00
  0.284082E+01  0.424454E-01 -0.179737E+00  0.000000E+00  0.000000E+00  0.000000E+00  0.000000E+00
  0.284082E+01 -0.101212E+00 -0.113188E+00  0.000000E+00  0.000000E+00  0.000000E+00  0.000000E+00
  0.284082E+01 -0.129887E+00  0.932485E-01  0.000000E+00  0.000000E+00  0.000000E+00  0.000000E+00
  0.284082E+01  0.655381E-01 -0.160929E+00  0.000000E+00  0.000000E+00  0.000000E+00  0.000000E+00
  0.284082E+01 -0.324202E-01 -0.872662E-01  0.000000E+00  0.000000E+00  0.000000E+00  0.000000E+00
  0.284082E+01  0.487301E-01  0.424799E-01  0.000000E+00  0.000000E+00  0.000000E+00  0.000000E+00
  0.284082E+01  0.260587E-01 -0.118203E+00  0.000000E+00  0.000000E+00  0.000000E+00  0.000000E+00
  0.284082E+01  0.804597E-01  0.162276E+00  0.000000E+00  0.000000E+00  0.000000E+00  0.000000E+00
  0.284082E+01 -0.199420E-01 -0.174690E+00  0.000000E+00  0.000000E+00  0.000000E+00  0.000000E+00
  0.284082E+01  0.957158E-01  0.851080E-01  0.000000E+00  0.000000E+00  0.000000E+00  0.000000E+00
  0.284082E+01  0.100025E+00  0.115402E-01  0.000000E+00  0.000000E+00  0.000000E+00  0.000000E+00
  0.284082E+01 -0.216195E-01 -0.264774E-01  0.000000E+00  0.000000E+00  0.000000E+00  0.000000E+00
  0.284082E+01 -0.231973E-01  0.561179E-01  0.000000E+00  0.000000E+00  0.000000E+00  0.000000E+00
  0.284082E+01  0.592437E-01  0.499004E-01  0.000000E+00  0.000000E+00  0.000000E+00  0.000000E+00
  0.284082E+01 -0.100469E+00 -0.522960E-01  0.000000E+00  0.000000E+00  0.000000E+00  0.000000E+00
  0.284082E+01 -0.130399E+00 -0.184637E+00  0.000000E+00  0.000000E+00  0.000000E+00  0.000000E+00
  0.284082E+01  0.106534E+00 -0.763986E-01  0.000000E+00  0.000000E+00  0.000000E+00  0.000000E+00
  0.284082E+01  0.762415E-03 -0.160332E-02  0.000000E+00  0.000000E+00  0.000000E+00  0.000000E+00
  0.284082E+01 -0.144578E-01  0.146320E-01  0.000000E+00  0.000000E+00  0.000000E+00  0.000000E+00
  0.284082E+01 -0.917041E-01  0.106036E+00  0.000000E+00  0.000000E+00  0.000000E+00  0.000000E+00
  0.284082E+01 -0.191116E+00  0.217956E-01  0.000000E+00  0.000000E+00  0.000000E+00  0.000000E+00
  0.284082E+01  0.344218E-01 -0.204179E+00  0.000000E+00  0.000000E+00  0.000000E+00  0.000000E+00
  0.284082E+01  0.112906E+00  0.108966E+00  0.000000E+00  0.000000E+00  0.000000E+00  0.000000E+00
  0.284082E+01 -0.494159E-01  0.109623E+00  0.000000E+00  0.000000E+00  0.000000E+00  0.000000E+00
  0.284082E+01 -0.330336E-02 -0.363515E-01  0.000000E+00  0.000000E+00  0.000000E+00  0.000000E+00
  0.284082E+01 -0.148381E-02  0.144437E-01  0.000000E+00  0.000000E+00  0.000000E+00  0.000000E+00
  0.284082E+01  0.373011E-01 -0.100089E+00  0.000000E+00  0.000000E+00  0.000000E+00  0.000000E+00
  0.284082E+01  0.216064E-01 -0.137640E+00  0.000000E+00  0.000000E+00  0.000000E+00  0.000000E+00
  0.284082E+01 -0.519663E-01 -0.202020E-01  0.000000E+00  0.000000E+00  0.000000E+00  0.000000E+00
  0.284082E+01 -0.945731E-01 -0.401399E-01  0.000000E+00  0.000000E+00  0.000000E+00  0.000000E+00
  0.284082E+01 -0.136800E+00 -0.820381E-01  0.000000E+00  0.000000E+00  0.000000E+00  0.000000E+00
  0.284082E+01 -0.743567E-01  0.160536E-01  0.000000E+00  0.000000E+00  0.000000E+00  0.000000E+00
  0.284082E+01  0.827047E-01 -0.366028E-02  0.000000E+00  0.000000E+00  0.000000E+00  0.000000E+00
  0.284082E+01  0.907801E-01  0.983011E-01  0.000000E+00  0.000000E+00  0.000000E+00  0.000000E+00
  0.284082E+01 -0.681710E-01  0.212041E+00  0.000000E+00  0.000000E+00  0.000000E+00  0.000000E+00
  0.284082E+01 -0.327637E-01  0.115496E+00  0.000000E+00  0.000000E+00  0.000000E+00  0.000000E+00
  0.284082E+01  0.537798E-01 -0.883795E-01  0.000000E+00  0.000000E+00  0.000000E+00  0.000000E+00
  0.284082E+01  0.129732E-01  0.860169E-02  0.000000E+00  0.000000E+00  0.000000E+00  0.000000E+00
  0.284082E+01 -0.430703E-01  0.931006E-01  0.000000E+00  0.000000E+00  0.000000E+00  0.000000E+00
  0.284082E+01  0.149574E+00  0.223516E-02  0.000000E+00  0.000000E+00  0.000000E+00  0.000000E+00
  0.284082E+01  0.216813E+00  0.668611E-01  0.000000E+00  0.000000E+00  0.000000E+00  0.000000E+00
  0.284082E+01  0.589175E-01  0.438869E-01  0.000000E+00  0.000000E+00  0.000000E+00  0.000000E+00
  0.284082E+01 -0.906058E-01 -0.399931E-01  0.000000E+00  0.000000E+00  0.000000E+00  0.000000E+00
  0.284082E+01 -0.751058E-01  0.738680E-01  0.000000E+00  0.000000E+00  0.000000E+00  0.000000E+00
  0.284082E+01 -0.181213E+00  0.151509E+00  0.000000E+00  0.000000E+00  0.000000E+00  0.000000E+00
  0.284082E+01  0.139588E-01  0.404428E-01  0.000000E+00  0.000000E+00  0.000000E+00  0.000000E+00
  0.284082E+01 -0.125773E+00 -0.467909E-01  0.000000E+00  0.000000E+00  0.000000E+00  0.000000E+00
  0.284082E+01  0.110863E+00 -0.343144E-01  0.000000E+00  0.000000E+00  0.000000E+00  0.000000E+00
  0.284082E+01  0.859507E-01  0.938227E-01  0.000000E+00  0.000000E+00  0.000000E+00  0.000000E+00
  0.284082E+01 -0.317017E-01  0.123040E+00  0.000000E+00  0.000000E+00  0.000000E+00  0.000000E+00
  0.284082E+01  0.300559E-01 -0.753045E-02  0.000000E+00  0.000000E+00  0.000000E+00  0.000000E+00
  0.284082E+01 -0.107537E+00  0.631780E-02  0.000000E+00  0.000000E+00  0.000000E+00  0.000000E+00
  0.284082E+01  0.626075E-03  0.801695E-02  0.000000E+00  0.000000E+00  0.000000E+00  0.000000E+00
  0.284082E+01 -0.104902E+00  0.105011E+00  0.000000E+00  0.000000E+00  0.000000E+00  0.000000E+00
  0.284082E+01 -0.120293E+00  0.847662E-01  0.000000E+00  0.000000E+00  0.000000E+00  0.000000E+00
  0.284082E+01 -0.342998E-01 -0.141724E+00  0.000000E+00  0.000000E+00  0.000000E+00  0.000000E+00
  0.284082E+01 -0.151637E+00  0.189585E+00  0.000000E+00  0.000000E+00  0.000000E+00  0.000000E+00
  0.284082E+01  0.915769E-01  0.465577E-01  0.000000E+00  0.000000E+00  0.000000E+00  0.000000E+00
  0.284082E+01 -0.520503E-01 -0.155917E-01  0.000000E+00  0.000000E+00  0.000000E+00  0.000000E+00
  0.284082E+01 -0.467427E-02 -0.393044E-01  0.000000E+00  0.000000E+00  0.000000E+00  0.000000E+00
  0.284082E+01  0.181329E+00 -0.635108E-01  0.000000E+00  0.000000E+00  0.000000E+00  0.000000E+00
  0.284082E+01 -0.863329E-01  0.191452E+00  0.000000E+00  0.000000E+00  0.000000E+00  0.000000E+00
  0.284082E+01 -0.511540E-02 -0.141501E-02  0.000000E+00  0.000000E+00  0.000000E+00  0.000000E+00
  0.284082E+01  0.440680E-01  0.188156E+00  0.000000E+00  0.000000E+00  0.000000E+00  0.000000E+00
  0.284082E+01  0.159072E+00  0.164193E+00  0.000000E+00  0.000000E+00  0.000000E+00  0.000000E+00
  0.284082E+01  0.209040E+00  0.924270E-03  0.000000E+00  0.000000E+00  0.000000E+00  0.000000E+00
  0.284082E+01 -0.643700E-01  0.126954E+00  0.000000E+00  0.000000E+00  0.000000E+00  0.000000E+00
  0.284082E+01 -0.552983E-01  0.197921E+00  0.000000E+00  0.000000E+00  0.000000E+00  0.000000E+00
  0.284082E+01 -0.102417E+00  0.184292E+00  0.000000E+00  0.000000E+00  0.000000E+00  0.000000E+00
  0.284082E+01  0.592408E-01  0.139214E-03  0.000000E+00  0.000000E+00  0.000000E+00  0.000000E+00
  0.284082E+01  0.725856E-01  0.508733E-01  0.000000E+00  0.000000E+00  0.000000E+00  0.000000E+00
  0.284082E+01  0.129445E+00  0.972317E-01  0.000000E+00  0.000000E+00  0.000000E+00  0.000000E+00
  0.284082E+01 -0.117519E-02  0.217790E-01  0.000000E+00  0.000000E+00  0.000000E+00  0.000000E+00
  0.284082E+01 -0.156074E+00  0.594520E-01  0.000000E+00  0.000000E+00  0.000000E+00  0.000000E+00
  0.284082E+01 -0.162735E+00 -0.121592E+00  0.000000E+00  0.000000E+00  0.000000E+00  0.000000E+00
  0.284082E+01 -0.525397E-01  0.149566E+00  0.000000E+00  0.000000E+00  0.000000E+00  0.000000E+00
  0.284082E+01  0.140913E-01 -0.372484E-01  0.000000E+00  0.000000E+00  0.000000E+00  0.000000E+00
  0.284082E+01  0.209375E+00 -0.103065E+00  0.000000E+00  0.000000E+00  0.000000E+00  0.000000E+00
  0.284082E+01  0.798192E-01 -0.152812E+00  0.000000E+00  0.000000E+00  0.000000E+00  0.000000E+00
  0.284082E+01 -0.915618E-01  0.157741E+00  0.000000E+00  0.000000E+00  0.000000E+00  0.000000E+00
  0.284082E+01 -0.105825E+00  0.167070E-01  0.000000E+00  0.000000E+00  0.000000E+00  0.000000E+00
  0.284082E+01  0.110577E-02 -0.268545E-02  0.000000E+00  0.000000E+00  0.000000E+00  0.000000E+00
  0.284082E+01  0.547972E-01  0.219838E+00  0.000000E+00  0.000000E+00  0.000000E+00  0.000000E+00
  0.284082E+01 -0.143963E+00 -0.290702E-01  0.000000E+00  0.000000E+00  0.000000E+00  0.000000E+00
  0.284082E+01  0.928712E-01 -0.113270E+00  0.000000E+00  0.000000E+00  0.000000E+00  0.000000E+00
  0.284082E+01 -0.825469E-01  0.353355E-01  0.000000E+00  0.000000E+00  0.000000E+00  0.000000E+00
  0.284082E+01 -0.189142E+00  0.462182E-01  0.000000E+00  0.000000E+00  0.000000E+00  0.000000E+00
  0.284082E+01 -0.308600E-02  0.699497E-02  0.000000E+00  0.000000E+00  0.000000E+00  0.000000E+00
  0.284082E+01  0.421042E-01  0.109385E+00  0.000000E+00  0.000000E+00  0.000000E+00  0.000000E+00
  0.284082E+01 -0.701030E-01 -0.976589E-01  0.000000E+00  0.000000E+00  0.000000E+00  0.000000E+00
  0.284082E+01  0.160244E-01  0.640170E-02  0.000000E+00  0.000000E+00  0.000000E+00  0.000000E+00
  0.284082E+01 -0.183237E+00  0.795500E-01  0.000000E+00  0.000000E+00  0.000000E+00  0.000000E+00
  0.284082E+01 -0.109861E-02 -0.600565E-02  0.000000E+00  0.000000E+00  0.000000E+00  0.000000E+00
  0.284082E+01  0.138431E+00 -0.150323E+00  0.000000E+00  0.000000E+00  0.000000E+00  0.000000E+00
  0.284082E+01 -0.832028E-01  0.148892E+00  0.000000E+00  0.000000E+00  0.000000E+00  0.000000E+00
  0.284082E+01  0.318387E-01  0.185763E-01  0.000000E+00  0.000000E+00  0.000000E+00  0.000000E+00
  0.284082E+01 -0.128612E+00 -0.135637E+00  0.000000E+00  0.000000E+00  0.000000E+00  0.000000E+00
  0.284082E+01  0.704279E-01 -0.830570E-01  0.000000E+00  0.000000E+00  0.000000E+00  0.000000E+00
