  0.259117E+01  0.323812E+00  0.155649E-01  0.000000E+00  0.000000E+00  0.000000E+00  0.000000E+00
  0.277596E+01  0.171175E-01 -0.335683E+00  0.000000E+00  0.000000E+00  0.000000E+00  0.000000E+00
  0.252277E+01 -0.715056E-02 -0.379915E+00  0.000000E+00  0.000000E+00  0.000000E+00  0.000000E+00
  0.202603E+01  0.113507E-01 -0.241203E+00  0.000000E+00  0.000000E+00  0.000000E+00  0.000000E+00
  0.199454E+01 -0.153861E-01 -0.207089E+00  0.000000E+00  0.000000E+00  0.000000E+00  0.000000E+00
  0.190931E+01 -0.128114E-01 -0.207091E+00  0.000000E+00  0.000000E+00  0.000000E+00  0.000000E+00
  0.193461E+01 -0.246542E+00 -0.227565E-02  0.000000E+00  0.000000E+00  0.000000E+00  0.000000E+00
  0.266234E+01  0.335371E+00 -0.157480E-01  0.000000E+00  0.000000E+00  0.000000E+00  0.000000E+00
  0.200789E+01 -0.409763E-02 -0.262523E+00  0.000000E+00  0.000000E+00  0.000000E+00  0.000000E+00
  0.223940E+01 -0.287213E+00 -0.116658E-01  0.000000E+00  0.000000E+00  0.000000E+00  0.000000E+00
  0.262480E+01  0.634427E-02 -0.408485E+00  0.000000E+00  0.000000E+00  0.000000E+00  0.000000E+00
  0.259576E+01  0.288081E+00 -0.179935E-01  0.000000E+00  0.000000E+00  0.000000E+00  0.000000E+00
  0.184007E+01  0.927431E-02 -0.207676E+00  0.000000E+00  0.000000E+00  0.000000E+00  0.000000E+00
  0.194938E+01 -0.212212E+00 -0.133916E-01  0.000000E+00  0.000000E+00  0.000000E+00  0.000000E+00
  0.227421E+01  0.273649E+00  0.142942E-01  0.000000E+00  0.000000E+00  0.000000E+00  0.000000E+00
  0.249538E+01 -0.193595E-01  0.246473E+00  0.000000E+00  0.000000E+00  0.000000E+00  0.000000E+00
  0.219217E+01  0.214143E-02 -0.311627E+00  0.000000E+00  0.000000E+00  0.000000E+00  0.000000E+00
  0.253858E+01 -0.400477E+00 -0.935471E-04  0.000000E+00  0.000000E+00  0.000000E+00  0.000000E+00
  0.187520E+01 -0.209011E+00 -0.109558E-01  0.000000E+00  0.000000E+00  0.000000E+00  0.000000E+00
  0.248115E+01  0.157267E-01  0.300012E+00  0.000000E+00  0.000000E+00  0.000000E+00  0.000000E+00
  0.192058E+01  0.219138E+00  0.109976E-01  0.000000E+00  0.000000E+00  0.000000E+00  0.000000E+00
  0.272439E+01  0.410492E+00  0.995760E-02  0.000000E+00  0.000000E+00  0.000000E+00  0.000000E+00
  0.167803E+01  0.431563E-02  0.179868E+00  0.000000E+00  0.000000E+00  0.000000E+00  0.000000E+00
  0.181454E+01 -0.572819E-02 -0.211392E+00  0.000000E+00  0.000000E+00  0.000000E+00  0.000000E+00
  0.180550E+01 -0.201854E+00 -0.857263E-02  0.000000E+00  0.000000E+00  0.000000E+00  0.000000E+00
  0.255694E+01 -0.321918E+00 -0.151782E-01  0.000000E+00  0.000000E+00  0.000000E+00  0.000000E+00
  0.206449E+01 -0.883167E-02  0.262370E+00  0.000000E+00  0.000000E+00  0.000000E+00  0.000000E+00
  0.243917E+01 -0.585917E-02  0.364859E+00  0.000000E+00  0.000000E+00  0.000000E+00  0.000000E+00
  0.278626E+01 -0.377528E+00 -0.144842E-01  0.000000E+00  0.000000E+00  0.000000E+00  0.000000E+00
  0.265805E+01  0.297803E+00 -0.180620E-01  0.000000E+00  0.000000E+00  0.000000E+00  0.000000E+00
  0.189907E+01  0.237960E+00  0.179041E-02  0.000000E+00  0.000000E+00  0.000000E+00  0.000000E+00
  0.200952E+01  0.499592E-02  0.261160E+00  0.000000E+00  0.000000E+00  0.000000E+00  0.000000E+00
  0.210994E+01 -0.269526E+00 -0.960994E-02  0.000000E+00  0.000000E+00  0.000000E+00  0.000000E+00
  0.163541E+01 -0.171458E+00  0.162076E-02  0.000000E+00  0.000000E+00  0.000000E+00  0.000000E+00
  0.269244E+01  0.291833E+00 -0.186909E-01  0.000000E+00  0.000000E+00  0.000000E+00  0.000000E+00
  0.195434E+01 -0.409841E-02 -0.249148E+00  0.000000E+00  0.000000E+00  0.000000E+00  0.000000E+00
  0.263321E+01  0.380659E+00 -0.110583E-01  0.000000E+00  0.000000E+00  0.000000E+00  0.000000E+00
  0.231451E+01  0.338820E+00 -0.421910E-02  0.000000E+00  0.000000E+00  0.000000E+00  0.000000E+00
  0.271814E+01  0.327209E+00 -0.169856E-01  0.000000E+00  0.000000E+00  0.000000E+00  0.000000E+00
  0.181235E+01 -0.210898E+00  0.570535E-02  0.000000E+00  0.000000E+00  0.000000E+00  0.000000E+00
  0.261798E+01  0.341419E+00  0.145992E-01  0.000000E+00  0.000000E+00  0.000000E+00  0.000000E+00
  0.220943E+01 -0.854973E-02 -0.298025E+00  0.000000E+00  0.000000E+00  0.000000E+00  0.000000E+00
  0.223996E+01 -0.163516E-01 -0.245751E+00  0.000000E+00  0.000000E+00  0.000000E+00  0.000000E+00
  0.230599E+01  0.159681E-01  0.262836E+00  0.000000E+00  0.000000E+00  0.000000E+00  0.000000E+00
  0.275749E+01  0.441077E+00 -0.632405E-02  0.000000E+00  0.000000E+00  0.000000E+00  0.000000E+00
  0.204016E+01  0.116973E-01 -0.242415E+00  0.000000E+00  0.000000E+00  0.000000E+00  0.000000E+00
  0.253313E+01 -0.398022E+00 -0.183656E-02  0.000000E+00  0.000000E+00  0.000000E+00  0.000000E+00
  0.196841E+01 -0.231121E-02  0.255030E+00  0.000000E+00  0.000000E+00  0.000000E+00  0.000000E+00
  0.275967E+01  0.646287E-02 -0.440939E+00  0.000000E+00  0.000000E+00  0.000000E+00  0.000000E+00
  0.174244E+01  0.319827E-02 -0.197282E+00  0.000000E+00  0.000000E+00  0.000000E+00  0.000000E+00
  0.275332E+01  0.343017E+00  0.164179E-01  0.000000E+00  0.000000E+00  0.000000E+00  0.000000E+00
  0.278664E+01 -0.344614E+00 -0.167086E-01  0.000000E+00  0.000000E+00  0.000000E+00  0.000000E+00
  0.173932E+01  0.196166E+00  0.350898E-02  0.000000E+00  0.000000E+00  0.000000E+00  0.000000E+00
  0.281116E+01  0.179281E-01 -0.327210E+00  0.000000E+00  0.000000E+00  0.000000E+00  0.000000E+00
  0.209211E+01  0.244174E+00 -0.131912E-01  0.000000E+00  0.000000E+00  0.000000E+00  0.000000E+00
  0.277343E+01  0.326494E+00 -0.176086E-01  0.000000E+00  0.000000E+00  0.000000E+00  0.000000E+00
  0.161649E+01  0.197224E-03  0.167024E+00  0.000000E+00  0.000000E+00  0.000000E+00  0.000000E+00
  0.236926E+01  0.158724E-01 -0.276291E+00  0.000000E+00  0.000000E+00  0.000000E+00  0.000000E+00
  0.232489E+01  0.319497E-02 -0.343540E+00  0.000000E+00  0.000000E+00  0.000000E+00  0.000000E+00
  0.180029E+01 -0.211895E+00  0.311770E-02  0.000000E+00  0.000000E+00  0.000000E+00  0.000000E+00
  0.211676E+01 -0.103293E-01  0.267446E+00  0.000000E+00  0.000000E+00  0.000000E+00  0.000000E+00
  0.280952E+01 -0.104882E-01 -0.425801E+00  0.000000E+00  0.000000E+00  0.000000E+00  0.000000E+00
  0.264276E+01  0.419080E+00  0.475029E-02  0.000000E+00  0.000000E+00  0.000000E+00  0.000000E+00
  0.227052E+01 -0.150075E-02  0.332015E+00  0.000000E+00  0.000000E+00  0.000000E+00  0.000000E+00
  0.205867E+01  0.817771E-02  0.263631E+00  0.000000E+00  0.000000E+00  0.000000E+00  0.000000E+00
  0.211427E+01  0.255071E+00  0.123094E-01  0.000000E+00  0.000000E+00  0.000000E+00  0.000000E+00
  0.188627E+01  0.550879E-02  0.229546E+00  0.000000E+00  0.000000E+00  0.000000E+00  0.000000E+00
  0.245751E+01  0.350580E+00  0.963887E-02  0.000000E+00  0.000000E+00  0.000000E+00  0.000000E+00
  0.206223E+01  0.166653E-01 -0.208624E+00  0.000000E+00  0.000000E+00  0.000000E+00  0.000000E+00
  0.222166E+01  0.912032E-02  0.298172E+00  0.000000E+00  0.000000E+00  0.000000E+00  0.000000E+00
  0.166792E+01  0.177557E+00 -0.414601E-02  0.000000E+00  0.000000E+00  0.000000E+00  0.000000E+00
  0.269192E+01  0.176117E-01  0.311790E+00  0.000000E+00  0.000000E+00  0.000000E+00  0.000000E+00
  0.228656E+01 -0.157656E-01 -0.261290E+00  0.000000E+00  0.000000E+00  0.000000E+00  0.000000E+00
  0.251576E+01  0.359143E+00  0.103704E-01  0.000000E+00  0.000000E+00  0.000000E+00  0.000000E+00
  0.250801E+01 -0.178816E-01  0.274468E+00  0.000000E+00  0.000000E+00  0.000000E+00  0.000000E+00
  0.238366E+01 -0.352007E-02 -0.357659E+00  0.000000E+00  0.000000E+00  0.000000E+00  0.000000E+00
  0.274818E+01  0.271366E+00  0.200314E-01  0.000000E+00  0.000000E+00  0.000000E+00  0.000000E+00
  0.199628E+01 -0.231175E+00  0.119489E-01  0.000000E+00  0.000000E+00  0.000000E+00  0.000000E+00
  0.250834E+01  0.246119E+00 -0.194848E-01  0.000000E+00  0.000000E+00  0.000000E+00  0.000000E+00
  0.276381E+01 -0.430825E+00 -0.841216E-02  0.000000E+00  0.000000E+00  0.000000E+00  0.000000E+00
  0.197718E+01 -0.109713E-01  0.232140E+00  0.000000E+00  0.000000E+00  0.000000E+00  0.000000E+00
  0.280594E+01  0.443571E+00 -0.799707E-02  0.000000E+00  0.000000E+00  0.000000E+00  0.000000E+00
  0.220492E+01 -0.839581E-02 -0.297651E+00  0.000000E+00  0.000000E+00  0.000000E+00  0.000000E+00
  0.280826E+01 -0.183416E-01  0.318527E+00  0.000000E+00  0.000000E+00  0.000000E+00  0.000000E+00
  0.194991E+01  0.203437E+00 -0.146924E-01  0.000000E+00  0.000000E+00  0.000000E+00  0.000000E+00
  0.218706E+01  0.122670E-01  0.271408E+00  0.000000E+00  0.000000E+00  0.000000E+00  0.000000E+00
  0.220419E+01  0.289157E+00  0.100538E-01  0.000000E+00  0.000000E+00  0.000000E+00  0.000000E+00
  0.235352E+01 -0.280950E+00 -0.151823E-01  0.000000E+00  0.000000E+00  0.000000E+00  0.000000E+00
  0.276561E+01 -0.284214E+00 -0.196030E-01  0.000000E+00  0.000000E+00  0.000000E+00  0.000000E+00
  0.182099E+01 -0.206515E+00  0.826041E-02  0.000000E+00  0.000000E+00  0.000000E+00  0.000000E+00
  0.241693E+01 -0.101614E-01  0.337767E+00  0.000000E+00  0.000000E+00  0.000000E+00  0.000000E+00
  0.178329E+01  0.208846E+00  0.156751E-02  0.000000E+00  0.000000E+00  0.000000E+00  0.000000E+00
  0.173943E+01 -0.192940E+00  0.569648E-02  0.000000E+00  0.000000E+00  0.000000E+00  0.000000E+00
  0.163030E+01 -0.724071E-03 -0.170452E+00  0.000000E+00  0.000000E+00  0.000000E+00  0.000000E+00
  0.269503E+01  0.437995E+00 -0.243585E-02  0.000000E+00  0.000000E+00  0.000000E+00  0.000000E+00
  0.260142E+01 -0.374418E+00 -0.109386E-01  0.000000E+00  0.000000E+00  0.000000E+00  0.000000E+00
  0.243055E+01 -0.137485E-01  0.311639E+00  0.000000E+00  0.000000E+00  0.000000E+00  0.000000E+00
  0.183968E+01 -0.651663E-03  0.223460E+00  0.000000E+00  0.000000E+00  0.000000E+00  0.000000E+00
  0.252958E+01 -0.361935E+00  0.104243E-01  0.000000E+00  0.000000E+00  0.000000E+00  0.000000E+00
  0.207676E+01 -0.216226E+00  0.161733E-01  0.000000E+00  0.000000E+00  0.000000E+00  0.000000E+00
  0.193002E+01  0.206692E+00 -0.136103E-01  0.000000E+00  0.000000E+00  0.000000E+00  0.000000E+00
  0.184067E+01  0.216000E+00  0.653704E-02  0.000000E+00  0.000000E+00  0.000000E+00  0.000000E+00
  0.253074E+01 -0.397128E+00 -0.207016E-02  0.000000E+00  0.000000E+00  0.000000E+00  0.000000E+00
  0.206404E+01 -0.236477E+00 -0.134267E-01  0.000000E+00  0.000000E+00  0.000000E+00  0.000000E+00
  0.209172E+01  0.211755E+00 -0.168990E-01  0.000000E+00  0.000000E+00  0.000000E+00  0.000000E+00
  0.165808E+01 -0.497641E-03 -0.177523E+00  0.000000E+00  0.000000E+00  0.000000E+00  0.000000E+00
  0.242063E+01 -0.138168E-01 -0.308874E+00  0.000000E+00  0.000000E+00  0.000000E+00  0.000000E+00
  0.270036E+01 -0.115742E-01  0.391282E+00  0.000000E+00  0.000000E+00  0.000000E+00  0.000000E+00
  0.215407E+01 -0.113602E-01  0.270028E+00  0.000000E+00  0.000000E+00  0.000000E+00  0.000000E+00
  0.173026E+01  0.195716E+00 -0.858802E-03  0.000000E+00  0.000000E+00  0.000000E+00  0.000000E+00
  0.228598E+01 -0.287390E+00 -0.130075E-01  0.000000E+00  0.000000E+00  0.000000E+00  0.000000E+00
  0.189254E+01 -0.228249E+00 -0.670047E-02  0.000000E+00  0.000000E+00  0.000000E+00  0.000000E+00
  0.250825E+01 -0.392802E+00  0.411099E-04  0.000000E+00  0.000000E+00  0.000000E+00  0.000000E+00
  0.189794E+01 -0.136413E-01 -0.199686E+00  0.000000E+00  0.000000E+00  0.000000E+00  0.000000E+00
  0.237564E+01 -0.169232E-01 -0.264409E+00  0.000000E+00  0.000000E+00  0.000000E+00  0.000000E+00
  0.226434E+01  0.247334E-03 -0.331032E+00  0.000000E+00  0.000000E+00  0.000000E+00  0.000000E+00
  0.238485E+01 -0.240138E+00  0.186895E-01  0.000000E+00  0.000000E+00  0.000000E+00  0.000000E+00
  0.258972E+01 -0.383463E+00 -0.934433E-02  0.000000E+00  0.000000E+00  0.000000E+00  0.000000E+00
  0.244503E+01  0.333385E+00  0.116498E-01  0.000000E+00  0.000000E+00  0.000000E+00  0.000000E+00
  0.174081E+01 -0.197251E+00  0.280310E-02  0.000000E+00  0.000000E+00  0.000000E+00  0.000000E+00
  0.198009E+01 -0.947313E-03  0.258898E+00  0.000000E+00  0.000000E+00  0.000000E+00  0.000000E+00
  0.223357E+01 -0.225199E+00  0.179352E-01  0.000000E+00  0.000000E+00  0.000000E+00  0.000000E+00
  0.174339E+01  0.333435E-02 -0.197377E+00  0.000000E+00  0.000000E+00  0.000000E+00  0.000000E+00
  0.206512E+01  0.142356E-01  0.230675E+00  0.000000E+00  0.000000E+00  0.000000E+00  0.000000E+00
  0.187252E+01  0.204215E+00 -0.118370E-01  0.000000E+00  0.000000E+00  0.000000E+00  0.000000E+00
  0.185186E+01 -0.226093E+00 -0.170371E-02  0.000000E+00  0.000000E+00  0.000000E+00  0.000000E+00
  0.246696E+01 -0.134077E-01 -0.322711E+00  0.000000E+00  0.000000E+00  0.000000E+00  0.000000E+00
  0.234702E+01 -0.175355E-01  0.250875E+00  0.000000E+00  0.000000E+00  0.000000E+00  0.000000E+00
  0.194018E+01  0.108404E-01  0.224355E+00  0.000000E+00  0.000000E+00  0.000000E+00  0.000000E+00
  0.264850E+01  0.190954E-01  0.276445E+00  0.000000E+00  0.000000E+00  0.000000E+00  0.000000E+00
  0.274789E+01 -0.353865E+00 -0.156338E-01  0.000000E+00  0.000000E+00  0.000000E+00  0.000000E+00
  0.260343E+01  0.130470E-01  0.355624E+00  0.000000E+00  0.000000E+00  0.000000E+00  0.000000E+00
  0.277197E+01  0.168610E-01  0.339315E+00  0.000000E+00  0.000000E+00  0.000000E+00  0.000000E+00
  0.205052E+01 -0.273263E+00  0.404730E-02  0.000000E+00  0.000000E+00  0.000000E+00  0.000000E+00
  0.261340E+01 -0.382246E+00 -0.102903E-01  0.000000E+00  0.000000E+00  0.000000E+00  0.000000E+00
  0.256706E+01 -0.173676E-01 -0.293251E+00  0.000000E+00  0.000000E+00  0.000000E+00  0.000000E+00
  0.234397E+01 -0.100830E-01  0.321377E+00  0.000000E+00  0.000000E+00  0.000000E+00  0.000000E+00
  0.260409E+01 -0.364126E+00 -0.121902E-01  0.000000E+00  0.000000E+00  0.000000E+00  0.000000E+00
  0.281283E+01 -0.194935E-01  0.294216E+00  0.000000E+00  0.000000E+00  0.000000E+00  0.000000E+00
  0.184427E+01  0.131761E-03  0.224695E+00  0.000000E+00  0.000000E+00  0.000000E+00  0.000000E+00
  0.266600E+01  0.334867E+00  0.158350E-01  0.000000E+00  0.000000E+00  0.000000E+00  0.000000E+00
  0.235446E+01  0.128975E-01  0.303139E+00  0.000000E+00  0.000000E+00  0.000000E+00  0.000000E+00
  0.209130E+01  0.505828E-02  0.281298E+00  0.000000E+00  0.000000E+00  0.000000E+00  0.000000E+00
  0.217754E+01  0.980195E-02 -0.284326E+00  0.000000E+00  0.000000E+00  0.000000E+00  0.000000E+00
  0.258685E+01  0.189308E-01 -0.269555E+00  0.000000E+00  0.000000E+00  0.000000E+00  0.000000E+00
  0.236235E+01  0.188107E-01  0.234400E+00  0.000000E+00  0.000000E+00  0.000000E+00  0.000000E+00
  0.214722E+01 -0.137560E-01 -0.251669E+00  0.000000E+00  0.000000E+00  0.000000E+00  0.000000E+00
  0.205821E+01  0.166536E-01 -0.207981E+00  0.000000E+00  0.000000E+00  0.000000E+00  0.000000E+00
  0.232038E+01 -0.155636E-01  0.270178E+00  0.000000E+00  0.000000E+00  0.000000E+00  0.000000E+00
  0.178720E+01 -0.210180E+00  0.634484E-03  0.000000E+00  0.000000E+00  0.000000E+00  0.000000E+00
  0.226539E+01  0.239910E+00 -0.172420E-01  0.000000E+00  0.000000E+00  0.000000E+00  0.000000E+00
  0.219569E+01  0.126945E-01 -0.270221E+00  0.000000E+00  0.000000E+00  0.000000E+00  0.000000E+00
  0.281932E+01 -0.786122E-02 -0.447638E+00  0.000000E+00  0.000000E+00  0.000000E+00  0.000000E+00
  0.238255E+01 -0.139581E-01  0.299475E+00  0.000000E+00  0.000000E+00  0.000000E+00  0.000000E+00
  0.209224E+01  0.504162E-02  0.281570E+00  0.000000E+00  0.000000E+00  0.000000E+00  0.000000E+00
  0.230245E+01  0.122270E-01  0.297169E+00  0.000000E+00  0.000000E+00  0.000000E+00  0.000000E+00
  0.166671E+01  0.669671E-02  0.173173E+00  0.000000E+00  0.000000E+00  0.000000E+00  0.000000E+00
  0.193398E+01 -0.464169E-02 -0.243109E+00  0.000000E+00  0.000000E+00  0.000000E+00  0.000000E+00
  0.200524E+01  0.109014E-01 -0.238885E+00  0.000000E+00  0.000000E+00  0.000000E+00  0.000000E+00
  0.165008E+01 -0.292128E-02 -0.174331E+00  0.000000E+00  0.000000E+00  0.000000E+00  0.000000E+00
  0.214507E+01 -0.103270E-01 -0.273985E+00  0.000000E+00  0.000000E+00  0.000000E+00  0.000000E+00
  0.217798E+01  0.304473E+00 -0.434846E-02  0.000000E+00  0.000000E+00  0.000000E+00  0.000000E+00
  0.184476E+01  0.632708E-02  0.217503E+00  0.000000E+00  0.000000E+00  0.000000E+00  0.000000E+00
  0.238809E+01 -0.269434E+00 -0.167180E-01  0.000000E+00  0.000000E+00  0.000000E+00  0.000000E+00
  0.233992E+01  0.142765E-01  0.287470E+00  0.000000E+00  0.000000E+00  0.000000E+00  0.000000E+00
  0.248580E+01 -0.803009E-02  0.366604E+00  0.000000E+00  0.000000E+00  0.000000E+00  0.000000E+00
  0.219928E+01  0.308824E+00 -0.475930E-02  0.000000E+00  0.000000E+00  0.000000E+00  0.000000E+00
  0.230098E+01  0.324892E+00 -0.744340E-02  0.000000E+00  0.000000E+00  0.000000E+00  0.000000E+00
  0.172489E+01  0.193573E+00  0.240176E-02  0.000000E+00  0.000000E+00  0.000000E+00  0.000000E+00
  0.244775E+01  0.170519E-01  0.276047E+00  0.000000E+00  0.000000E+00  0.000000E+00  0.000000E+00
  0.283386E+01 -0.193873E-01  0.300045E+00  0.000000E+00  0.000000E+00  0.000000E+00  0.000000E+00
  0.266843E+01 -0.885032E-02 -0.405291E+00  0.000000E+00  0.000000E+00  0.000000E+00  0.000000E+00
  0.203320E+01  0.246608E-04  0.272529E+00  0.000000E+00  0.000000E+00  0.000000E+00  0.000000E+00
  0.210430E+01  0.278304E+00  0.717599E-02  0.000000E+00  0.000000E+00  0.000000E+00  0.000000E+00
  0.216487E+01 -0.168062E-01 -0.226440E+00  0.000000E+00  0.000000E+00  0.000000E+00  0.000000E+00
  0.257998E+01  0.357853E+00  0.122922E-01  0.000000E+00  0.000000E+00  0.000000E+00  0.000000E+00
  0.250265E+01 -0.147707E-01  0.315768E+00  0.000000E+00  0.000000E+00  0.000000E+00  0.000000E+00
  0.195865E+01 -0.835891E-02 -0.239057E+00  0.000000E+00  0.000000E+00  0.000000E+00  0.000000E+00
  0.196727E+01  0.789731E-02  0.242739E+00  0.000000E+00  0.000000E+00  0.000000E+00  0.000000E+00
  0.182204E+01  0.873378E-02 -0.205266E+00  0.000000E+00  0.000000E+00  0.000000E+00  0.000000E+00
  0.223810E+01  0.232348E+00 -0.174467E-01  0.000000E+00  0.000000E+00  0.000000E+00  0.000000E+00
  0.213847E+01  0.171953E-01 -0.217173E+00  0.000000E+00  0.000000E+00  0.000000E+00  0.000000E+00
  0.235164E+01 -0.243377E+00  0.181154E-01  0.000000E+00  0.000000E+00  0.000000E+00  0.000000E+00
  0.184565E+01  0.185484E+00  0.141573E-01  0.000000E+00  0.000000E+00  0.000000E+00  0.000000E+00
  0.238056E+01 -0.114295E-03 -0.360471E+00  0.000000E+00  0.000000E+00  0.000000E+00  0.000000E+00
  0.211833E+01 -0.167698E-01 -0.218105E+00  0.000000E+00  0.000000E+00  0.000000E+00  0.000000E+00
  0.209459E+01 -0.265518E+00  0.969729E-02  0.000000E+00  0.000000E+00  0.000000E+00  0.000000E+00
  0.273182E+01 -0.179434E-01 -0.312927E+00  0.000000E+00  0.000000E+00  0.000000E+00  0.000000E+00
  0.249223E+01 -0.386958E+00  0.239506E-02  0.000000E+00  0.000000E+00  0.000000E+00  0.000000E+00
  0.255694E+01 -0.146126E-01  0.328719E+00  0.000000E+00  0.000000E+00  0.000000E+00  0.000000E+00
  0.198380E+01  0.365366E-02  0.257230E+00  0.000000E+00  0.000000E+00  0.000000E+00  0.000000E+00
  0.277368E+01  0.178240E-01  0.322557E+00  0.000000E+00  0.000000E+00  0.000000E+00  0.000000E+00
  0.244591E+01  0.545509E-02  0.367934E+00  0.000000E+00  0.000000E+00  0.000000E+00  0.000000E+00
  0.238532E+01 -0.277570E+00 -0.160278E-01  0.000000E+00  0.000000E+00  0.000000E+00  0.000000E+00
  0.172261E+01 -0.599497E-02 -0.188239E+00  0.000000E+00  0.000000E+00  0.000000E+00  0.000000E+00
  0.174952E+01 -0.178649E+00 -0.113947E-01  0.000000E+00  0.000000E+00  0.000000E+00  0.000000E+00
  0.265971E+01  0.179064E-01  0.300872E+00  0.000000E+00  0.000000E+00  0.000000E+00  0.000000E+00
  0.280561E+01  0.337120E+00  0.173439E-01  0.000000E+00  0.000000E+00  0.000000E+00  0.000000E+00
  0.165909E+01 -0.173400E+00 -0.553595E-02  0.000000E+00  0.000000E+00  0.000000E+00  0.000000E+00
  0.249740E+01 -0.191408E-01  0.250915E+00  0.000000E+00  0.000000E+00  0.000000E+00  0.000000E+00
  0.216075E+01 -0.687436E-02 -0.293073E+00  0.000000E+00  0.000000E+00  0.000000E+00  0.000000E+00
  0.184780E+01 -0.111060E-01  0.202108E+00  0.000000E+00  0.000000E+00  0.000000E+00  0.000000E+00
  0.245239E+01 -0.191639E-01  0.243167E+00  0.000000E+00  0.000000E+00  0.000000E+00  0.000000E+00
  0.272545E+01 -0.349495E+00 -0.156294E-01  0.000000E+00  0.000000E+00  0.000000E+00  0.000000E+00
  0.236031E+01  0.188882E-01  0.232794E+00  0.000000E+00  0.000000E+00  0.000000E+00  0.000000E+00
  0.262062E+01  0.267612E+00  0.193071E-01  0.000000E+00  0.000000E+00  0.000000E+00  0.000000E+00
  0.175675E+01 -0.225940E-02 -0.201711E+00  0.000000E+00  0.000000E+00  0.000000E+00  0.000000E+00
  0.195870E+01 -0.224233E+00 -0.116890E-01  0.000000E+00  0.000000E+00  0.000000E+00  0.000000E+00
  0.215529E+01 -0.104744E-01 -0.275523E+00  0.000000E+00  0.000000E+00  0.000000E+00  0.000000E+00
  0.222423E+01 -0.143790E-01  0.262506E+00  0.000000E+00  0.000000E+00  0.000000E+00  0.000000E+00
  0.224341E+01 -0.100556E-01  0.298239E+00  0.000000E+00  0.000000E+00  0.000000E+00  0.000000E+00
  0.273666E+01 -0.449011E+00 -0.211753E-02  0.000000E+00  0.000000E+00  0.000000E+00  0.000000E+00
  0.242283E+01 -0.180815E-01  0.256325E+00  0.000000E+00  0.000000E+00  0.000000E+00  0.000000E+00
  0.187970E+01 -0.822757E-03  0.233540E+00  0.000000E+00  0.000000E+00  0.000000E+00  0.000000E+00
  0.202571E+01  0.252454E+00 -0.900825E-02  0.000000E+00  0.000000E+00  0.000000E+00  0.000000E+00
  0.252295E+01 -0.317014E+00 -0.150173E-01  0.000000E+00  0.000000E+00  0.000000E+00  0.000000E+00
  0.268840E+01  0.807370E-02  0.414921E+00  0.000000E+00  0.000000E+00  0.000000E+00  0.000000E+00
  0.211386E+01  0.291191E+00  0.273674E-02  0.000000E+00  0.000000E+00  0.000000E+00  0.000000E+00
  0.254397E+01 -0.375486E+00  0.890538E-02  0.000000E+00  0.000000E+00  0.000000E+00  0.000000E+00
  0.230620E+01 -0.320960E+00 -0.856732E-02  0.000000E+00  0.000000E+00  0.000000E+00  0.000000E+00
  0.223592E+01  0.173693E-01  0.232924E+00  0.000000E+00  0.000000E+00  0.000000E+00  0.000000E+00
  0.243905E+01 -0.361223E+00  0.677902E-02  0.000000E+00  0.000000E+00  0.000000E+00  0.000000E+00
  0.239625E+01  0.435423E-02 -0.358877E+00  0.000000E+00  0.000000E+00  0.000000E+00  0.000000E+00
  0.248378E+01 -0.166086E-01 -0.288962E+00  0.000000E+00  0.000000E+00  0.000000E+00  0.000000E+00
  0.272395E+01 -0.302234E+00  0.184336E-01  0.000000E+00  0.000000E+00  0.000000E+00  0.000000E+00
  0.217030E+01 -0.251959E+00 -0.143065E-01  0.000000E+00  0.000000E+00  0.000000E+00  0.000000E+00
  0.237619E+01  0.174028E-01 -0.258001E+00  0.000000E+00  0.000000E+00  0.000000E+00  0.000000E+00
  0.162951E+01 -0.822771E-03 -0.170232E+00  0.000000E+00  0.000000E+00  0.000000E+00  0.000000E+00
  0.211205E+01  0.129896E-01 -0.249912E+00  0.000000E+00  0.000000E+00  0.000000E+00  0.000000E+00
  0.207219E+01 -0.261372E+00 -0.946653E-02  0.000000E+00  0.000000E+00  0.000000E+00  0.000000E+00
  0.228450E+01  0.112398E-01 -0.300263E+00  0.000000E+00  0.000000E+00  0.000000E+00  0.000000E+00
  0.206239E+01  0.255394E+00  0.102337E-01  0.000000E+00  0.000000E+00  0.000000E+00  0.000000E+00
  0.207448E+01  0.238904E+00  0.133993E-01  0.000000E+00  0.000000E+00  0.000000E+00  0.000000E+00
  0.257026E+01 -0.771350E-02  0.388570E+00  0.000000E+00  0.000000E+00  0.000000E+00  0.000000E+00
  0.203600E+01 -0.227669E+00  0.138235E-01  0.000000E+00  0.000000E+00  0.000000E+00  0.000000E+00
  0.200981E+01  0.229640E+00  0.127007E-01  0.000000E+00  0.000000E+00  0.000000E+00  0.000000E+00
  0.276011E+01  0.280927E+00  0.197073E-01  0.000000E+00  0.000000E+00  0.000000E+00  0.000000E+00
  0.177053E+01 -0.929670E-02  0.191252E+00  0.000000E+00  0.000000E+00  0.000000E+00  0.000000E+00
  0.279785E+01  0.145655E-01 -0.378839E+00  0.000000E+00  0.000000E+00  0.000000E+00  0.000000E+00
  0.266991E+01  0.381300E+00  0.119150E-01  0.000000E+00  0.000000E+00  0.000000E+00  0.000000E+00
  0.197514E+01 -0.257644E+00  0.951798E-03  0.000000E+00  0.000000E+00  0.000000E+00  0.000000E+00
  0.281018E+01  0.400828E+00  0.129987E-01  0.000000E+00  0.000000E+00  0.000000E+00  0.000000E+00
  0.266144E+01  0.147113E-01  0.348952E+00  0.000000E+00  0.000000E+00  0.000000E+00  0.000000E+00
  0.248206E+01  0.384750E+00 -0.214374E-02  0.000000E+00  0.000000E+00  0.000000E+00  0.000000E+00
  0.261780E+01  0.186397E-01  0.280249E+00  0.000000E+00  0.000000E+00  0.000000E+00  0.000000E+00
  0.254459E+01  0.291434E+00 -0.172198E-01  0.000000E+00  0.000000E+00  0.000000E+00  0.000000E+00
  0.225137E+01  0.139311E-01  0.272160E+00  0.000000E+00  0.000000E+00  0.000000E+00  0.000000E+00
  0.273046E+01  0.880507E-03  0.448783E+00  0.000000E+00  0.000000E+00  0.000000E+00  0.000000E+00
  0.247336E+01  0.156669E-01  0.299218E+00  0.000000E+00  0.000000E+00  0.000000E+00  0.000000E+00
  0.224574E+01  0.136623E-01 -0.273299E+00  0.000000E+00  0.000000E+00  0.000000E+00  0.000000E+00
  0.219766E+01 -0.309494E+00  0.429574E-02  0.000000E+00  0.000000E+00  0.000000E+00  0.000000E+00
  0.229062E+01 -0.256528E+00  0.162590E-01  0.000000E+00  0.000000E+00  0.000000E+00  0.000000E+00
  0.274716E+01 -0.330331E+00  0.171197E-01  0.000000E+00  0.000000E+00  0.000000E+00  0.000000E+00
  0.217359E+01 -0.294032E+00  0.746137E-02  0.000000E+00  0.000000E+00  0.000000E+00  0.000000E+00
  0.272040E+01 -0.189406E-01  0.291436E+00  0.000000E+00  0.000000E+00  0.000000E+00  0.000000E+00
  0.235607E+01 -0.293203E+00  0.140323E-01  0.000000E+00  0.000000E+00  0.000000E+00  0.000000E+00
  0.201500E+01  0.130507E-02  0.267556E+00  0.000000E+00  0.000000E+00  0.000000E+00  0.000000E+00
  0.281432E+01 -0.155474E-01 -0.368285E+00  0.000000E+00  0.000000E+00  0.000000E+00  0.000000E+00
  0.162855E+01 -0.180882E-02  0.169637E+00  0.000000E+00  0.000000E+00  0.000000E+00  0.000000E+00
  0.257852E+01 -0.375284E+00  0.101427E-01  0.000000E+00  0.000000E+00  0.000000E+00  0.000000E+00
  0.268883E+01  0.317381E+00  0.172514E-01  0.000000E+00  0.000000E+00  0.000000E+00  0.000000E+00
  0.280450E+01  0.462414E+00 -0.378468E-02  0.000000E+00  0.000000E+00  0.000000E+00  0.000000E+00
  0.167552E+01 -0.561561E-02  0.177322E+00  0.000000E+00  0.000000E+00  0.000000E+00  0.000000E+00
  0.179260E+01  0.183889E+00  0.123716E-01  0.000000E+00  0.000000E+00  0.000000E+00  0.000000E+00
  0.249627E+01 -0.315804E+00  0.146527E-01  0.000000E+00  0.000000E+00  0.000000E+00  0.000000E+00
  0.277139E+01 -0.236247E-02 -0.457366E+00  0.000000E+00  0.000000E+00  0.000000E+00  0.000000E+00
  0.269410E+01  0.197807E-01 -0.268980E+00  0.000000E+00  0.000000E+00  0.000000E+00  0.000000E+00
  0.266281E+01 -0.395174E+00  0.100923E-01  0.000000E+00  0.000000E+00  0.000000E+00  0.000000E+00
  0.237193E+01  0.345472E+00 -0.662696E-02  0.000000E+00  0.000000E+00  0.000000E+00  0.000000E+00
  0.206953E+01 -0.205622E+00  0.170899E-01  0.000000E+00  0.000000E+00  0.000000E+00  0.000000E+00
  0.211955E+01  0.701239E-02  0.282574E+00  0.000000E+00  0.000000E+00  0.000000E+00  0.000000E+00
  0.226077E+01  0.118841E-01 -0.290457E+00  0.000000E+00  0.000000E+00  0.000000E+00  0.000000E+00
  0.166957E+01 -0.546886E-02 -0.176096E+00  0.000000E+00  0.000000E+00  0.000000E+00  0.000000E+00
  0.210721E+01  0.120801E-01 -0.255007E+00  0.000000E+00  0.000000E+00  0.000000E+00  0.000000E+00
  0.274759E+01 -0.316690E+00 -0.178906E-01  0.000000E+00  0.000000E+00  0.000000E+00  0.000000E+00
  0.199544E+01 -0.256448E+00  0.553288E-02  0.000000E+00  0.000000E+00  0.000000E+00  0.000000E+00
  0.201280E+01  0.263010E+00  0.449460E-02  0.000000E+00  0.000000E+00  0.000000E+00  0.000000E+00
  0.214940E+01  0.559858E-02 -0.294280E+00  0.000000E+00  0.000000E+00  0.000000E+00  0.000000E+00
  0.215294E+01 -0.255541E+00  0.134166E-01  0.000000E+00  0.000000E+00  0.000000E+00  0.000000E+00
  0.227018E+01  0.178608E-01  0.232671E+00  0.000000E+00  0.000000E+00  0.000000E+00  0.000000E+00
  0.177670E+01  0.704755E-02  0.199170E+00  0.000000E+00  0.000000E+00  0.000000E+00  0.000000E+00
  0.179431E+01  0.198127E+00  0.890911E-02  0.000000E+00  0.000000E+00  0.000000E+00  0.000000E+00
  0.173993E+01  0.194253E+00  0.501274E-02  0.000000E+00  0.000000E+00  0.000000E+00  0.000000E+00
  0.204211E+01 -0.865971E-02  0.257774E+00  0.000000E+00  0.000000E+00  0.000000E+00  0.000000E+00
  0.283487E+01  0.160075E-01 -0.365239E+00  0.000000E+00  0.000000E+00  0.000000E+00  0.000000E+00
  0.204841E+01  0.996391E-02  0.253481E+00  0.000000E+00  0.000000E+00  0.000000E+00  0.000000E+00
  0.276963E+01 -0.304798E+00 -0.186915E-01  0.000000E+00  0.000000E+00  0.000000E+00  0.000000E+00
  0.204397E+01  0.222418E-02  0.274166E+00  0.000000E+00  0.000000E+00  0.000000E+00  0.000000E+00
  0.195631E+01 -0.202251E+00 -0.150261E-01  0.000000E+00  0.000000E+00  0.000000E+00  0.000000E+00
  0.203282E+01 -0.435866E-02 -0.268261E+00  0.000000E+00  0.000000E+00  0.000000E+00  0.000000E+00
  0.195585E+01  0.222768E+00  0.118421E-01  0.000000E+00  0.000000E+00  0.000000E+00  0.000000E+00
  0.231925E+01 -0.123766E-01 -0.299712E+00  0.000000E+00  0.000000E+00  0.000000E+00  0.000000E+00
  0.170519E+01  0.382861E-02  0.187250E+00  0.000000E+00  0.000000E+00  0.000000E+00  0.000000E+00
  0.211571E+01 -0.164295E-01  0.221160E+00  0.000000E+00  0.000000E+00  0.000000E+00  0.000000E+00
  0.242710E+01 -0.190573E-01  0.240937E+00  0.000000E+00  0.000000E+00  0.000000E+00  0.000000E+00
  0.171728E+01 -0.173674E+00  0.107939E-01  0.000000E+00  0.000000E+00  0.000000E+00  0.000000E+00
  0.192723E+01  0.624713E-02  0.237905E+00  0.000000E+00  0.000000E+00  0.000000E+00  0.000000E+00
  0.176280E+01 -0.203979E+00  0.746447E-03  0.000000E+00  0.000000E+00  0.000000E+00  0.000000E+00
  0.254337E+01 -0.184247E-01 -0.271508E+00  0.000000E+00  0.000000E+00  0.000000E+00  0.000000E+00
  0.276573E+01 -0.173901E-01 -0.329031E+00  0.000000E+00  0.000000E+00  0.000000E+00  0.000000E+00
  0.257949E+01  0.271891E+00 -0.187421E-01  0.000000E+00  0.000000E+00  0.000000E+00  0.000000E+00
  0.251617E+01 -0.394173E+00  0.141745E-02  0.000000E+00  0.000000E+00  0.000000E+00  0.000000E+00
  0.234910E+01  0.172080E-01 -0.255713E+00  0.000000E+00  0.000000E+00  0.000000E+00  0.000000E+00
  0.184496E+01  0.208760E+00  0.929301E-02  0.000000E+00  0.000000E+00  0.000000E+00  0.000000E+00
  0.263558E+01  0.190015E-01  0.276213E+00  0.000000E+00  0.000000E+00  0.000000E+00  0.000000E+00
  0.198253E+01  0.517006E-02 -0.254087E+00  0.000000E+00  0.000000E+00  0.000000E+00  0.000000E+00
  0.194464E+01 -0.249261E+00  0.205567E-02  0.000000E+00  0.000000E+00  0.000000E+00  0.000000E+00
  0.182055E+01  0.277175E-02 -0.217343E+00  0.000000E+00  0.000000E+00  0.000000E+00  0.000000E+00
  0.258018E+01 -0.391728E+00  0.756789E-02  0.000000E+00  0.000000E+00  0.000000E+00  0.000000E+00
  0.260829E+01  0.522311E-02  0.408903E+00  0.000000E+00  0.000000E+00  0.000000E+00  0.000000E+00
  0.180248E+01  0.185541E+00  0.124779E-01  0.000000E+00  0.000000E+00  0.000000E+00  0.000000E+00
  0.183287E+01 -0.197187E+00  0.114483E-01  0.000000E+00  0.000000E+00  0.000000E+00  0.000000E+00
  0.196617E+01  0.641147E-02  0.247012E+00  0.000000E+00  0.000000E+00  0.000000E+00  0.000000E+00
  0.184000E+01 -0.206520E+00  0.958738E-02  0.000000E+00  0.000000E+00  0.000000E+00  0.000000E+00
  0.233937E+01  0.152205E-01 -0.277694E+00  0.000000E+00  0.000000E+00  0.000000E+00  0.000000E+00
  0.183949E+01 -0.222230E+00  0.264610E-02  0.000000E+00  0.000000E+00  0.000000E+00  0.000000E+00
  0.222042E+01  0.766652E-03 -0.319780E+00  0.000000E+00  0.000000E+00  0.000000E+00  0.000000E+00
  0.215633E+01 -0.150920E-01  0.242121E+00  0.000000E+00  0.000000E+00  0.000000E+00  0.000000E+00
  0.243832E+01  0.419330E-02  0.369783E+00  0.000000E+00  0.000000E+00  0.000000E+00  0.000000E+00
  0.209640E+01  0.378085E-02  0.285212E+00  0.000000E+00  0.000000E+00  0.000000E+00  0.000000E+00
  0.235201E+01  0.312947E+00 -0.115961E-01  0.000000E+00  0.000000E+00  0.000000E+00  0.000000E+00
  0.175457E+01  0.152832E-02 -0.201610E+00  0.000000E+00  0.000000E+00  0.000000E+00  0.000000E+00
  0.196398E+01 -0.196080E+00  0.159835E-01  0.000000E+00  0.000000E+00  0.000000E+00  0.000000E+00
  0.187495E+01  0.139983E-01 -0.192607E+00  0.000000E+00  0.000000E+00  0.000000E+00  0.000000E+00
  0.234070E+01 -0.608165E-02  0.339857E+00  0.000000E+00  0.000000E+00  0.000000E+00  0.000000E+00
  0.253810E+01  0.135261E-01 -0.336699E+00  0.000000E+00  0.000000E+00  0.000000E+00  0.000000E+00
  0.224092E+01 -0.325119E+00  0.644655E-04  0.000000E+00  0.000000E+00  0.000000E+00  0.000000E+00
  0.264980E+01  0.375471E+00 -0.120594E-01  0.000000E+00  0.000000E+00  0.000000E+00  0.000000E+00
  0.267781E+01  0.362940E+00 -0.138339E-01  0.000000E+00  0.000000E+00  0.000000E+00  0.000000E+00
  0.254198E+01 -0.144856E-01 -0.327104E+00  0.000000E+00  0.000000E+00  0.000000E+00  0.000000E+00
  0.273656E+01 -0.179041E-01  0.314492E+00  0.000000E+00  0.000000E+00  0.000000E+00  0.000000E+00
  0.253794E+01 -0.327397E+00 -0.143861E-01  0.000000E+00  0.000000E+00  0.000000E+00  0.000000E+00
  0.282265E+01 -0.184767E-01  0.318225E+00  0.000000E+00  0.000000E+00  0.000000E+00  0.000000E+00
  0.195112E+01  0.129161E-01 -0.215548E+00  0.000000E+00  0.000000E+00  0.000000E+00  0.000000E+00
  0.237634E+01  0.255648E+00  0.175721E-01  0.000000E+00  0.000000E+00  0.000000E+00  0.000000E+00
  0.260227E+01  0.281325E+00 -0.184391E-01  0.000000E+00  0.000000E+00  0.000000E+00  0.000000E+00
  0.271610E+01 -0.357274E+00 -0.149297E-01  0.000000E+00  0.000000E+00  0.000000E+00  0.000000E+00
  0.232780E+01 -0.299964E+00 -0.125805E-01  0.000000E+00  0.000000E+00  0.000000E+00  0.000000E+00
  0.198755E+01 -0.255595E+00 -0.504872E-02  0.000000E+00  0.000000E+00  0.000000E+00  0.000000E+00
  0.215591E+01  0.298837E+00  0.441004E-02  0.000000E+00  0.000000E+00  0.000000E+00  0.000000E+00
  0.216629E+01  0.302670E+00  0.379882E-02  0.000000E+00  0.000000E+00  0.000000E+00  0.000000E+00
  0.261660E+01  0.417216E+00 -0.299094E-02  0.000000E+00  0.000000E+00  0.000000E+00  0.000000E+00
  0.233648E+01  0.187236E-01  0.231467E+00  0.000000E+00  0.000000E+00  0.000000E+00  0.000000E+00
  0.172670E+01 -0.896701E-02  0.181960E+00  0.000000E+00  0.000000E+00  0.000000E+00  0.000000E+00
  0.233787E+01  0.233527E+00  0.186073E-01  0.000000E+00  0.000000E+00  0.000000E+00  0.000000E+00
  0.228787E+01 -0.834687E-02  0.317669E+00  0.000000E+00  0.000000E+00  0.000000E+00  0.000000E+00
  0.186269E+01  0.229238E+00 -0.817481E-03  0.000000E+00  0.000000E+00  0.000000E+00  0.000000E+00
  0.204967E+01  0.231048E+00 -0.137556E-01  0.000000E+00  0.000000E+00  0.000000E+00  0.000000E+00
  0.205173E+01 -0.228859E+00  0.141082E-01  0.000000E+00  0.000000E+00  0.000000E+00  0.000000E+00
  0.274754E+01 -0.146473E-01  0.367419E+00  0.000000E+00  0.000000E+00  0.000000E+00  0.000000E+00
  0.270672E+01  0.435573E+00 -0.457354E-02  0.000000E+00  0.000000E+00  0.000000E+00  0.000000E+00
  0.250039E+01 -0.363858E+00 -0.912358E-02  0.000000E+00  0.000000E+00  0.000000E+00  0.000000E+00
  0.268349E+01  0.429572E+00 -0.464007E-02  0.000000E+00  0.000000E+00  0.000000E+00  0.000000E+00
  0.237179E+01  0.357925E+00 -0.106818E-02  0.000000E+00  0.000000E+00  0.000000E+00  0.000000E+00
  0.221427E+01  0.246772E+00 -0.157959E-01  0.000000E+00  0.000000E+00  0.000000E+00  0.000000E+00
  0.258624E+01 -0.173517E-01  0.296997E+00  0.000000E+00  0.000000E+00  0.000000E+00  0.000000E+00
  0.202254E+01  0.635609E-02  0.260964E+00  0.000000E+00  0.000000E+00  0.000000E+00  0.000000E+00
  0.228106E+01 -0.169881E-01  0.245982E+00  0.000000E+00  0.000000E+00  0.000000E+00  0.000000E+00
  0.193336E+01  0.242195E+00  0.503106E-02  0.000000E+00  0.000000E+00  0.000000E+00  0.000000E+00
  0.256267E+01  0.968946E-02 -0.374800E+00  0.000000E+00  0.000000E+00  0.000000E+00  0.000000E+00
  0.182883E+01  0.102785E-01 -0.201265E+00  0.000000E+00  0.000000E+00  0.000000E+00  0.000000E+00
  0.277071E+01 -0.302219E+00 -0.188239E-01  0.000000E+00  0.000000E+00  0.000000E+00  0.000000E+00
  0.169190E+01 -0.184564E+00  0.322587E-02  0.000000E+00  0.000000E+00  0.000000E+00  0.000000E+00
  0.267447E+01  0.852754E-02  0.408802E+00  0.000000E+00  0.000000E+00  0.000000E+00  0.000000E+00
  0.258316E+01  0.314385E+00  0.161452E-01  0.000000E+00  0.000000E+00  0.000000E+00  0.000000E+00
  0.194405E+01  0.374939E-02 -0.247133E+00  0.000000E+00  0.000000E+00  0.000000E+00  0.000000E+00
  0.235294E+01  0.264487E+00 -0.165858E-01  0.000000E+00  0.000000E+00  0.000000E+00  0.000000E+00
  0.261395E+01 -0.416603E+00  0.296434E-02  0.000000E+00  0.000000E+00  0.000000E+00  0.000000E+00
  0.273231E+01  0.100496E-02 -0.449166E+00  0.000000E+00  0.000000E+00  0.000000E+00  0.000000E+00
  0.253633E+01 -0.265776E+00 -0.186803E-01  0.000000E+00  0.000000E+00  0.000000E+00  0.000000E+00
  0.242499E+01  0.166482E-01 -0.277312E+00  0.000000E+00  0.000000E+00  0.000000E+00  0.000000E+00
  0.199250E+01 -0.240058E+00 -0.100598E-01  0.000000E+00  0.000000E+00  0.000000E+00  0.000000E+00
  0.178850E+01  0.103365E-01  0.191736E+00  0.000000E+00  0.000000E+00  0.000000E+00  0.000000E+00
  0.230546E+01  0.829388E-02  0.322121E+00  0.000000E+00  0.000000E+00  0.000000E+00  0.000000E+00
  0.206076E+01  0.163467E-01 -0.211478E+00  0.000000E+00  0.000000E+00  0.000000E+00  0.000000E+00
  0.175412E+01  0.114318E-01  0.179530E+00  0.000000E+00  0.000000E+00  0.000000E+00  0.000000E+00
  0.199871E+01 -0.218787E+00  0.139673E-01  0.000000E+00  0.000000E+00  0.000000E+00  0.000000E+00
  0.255822E+01 -0.402113E+00  0.320285E-02  0.000000E+00  0.000000E+00  0.000000E+00  0.000000E+00
  0.218978E+01  0.306083E+00 -0.491398E-02  0.000000E+00  0.000000E+00  0.000000E+00  0.000000E+00
  0.209692E+01  0.725205E-02 -0.276249E+00  0.000000E+00  0.000000E+00  0.000000E+00  0.000000E+00
  0.279715E+01  0.291593E-02 -0.462764E+00  0.000000E+00  0.000000E+00  0.000000E+00  0.000000E+00
  0.242028E+01 -0.241502E-02  0.368797E+00  0.000000E+00  0.000000E+00  0.000000E+00  0.000000E+00
  0.169607E+01  0.908008E-02  0.174394E+00  0.000000E+00  0.000000E+00  0.000000E+00  0.000000E+00
  0.209413E+01  0.851511E-02 -0.270738E+00  0.000000E+00  0.000000E+00  0.000000E+00  0.000000E+00
  0.233498E+01  0.426965E-03  0.348884E+00  0.000000E+00  0.000000E+00  0.000000E+00  0.000000E+00
  0.230942E+01  0.294940E+00 -0.127052E-01  0.000000E+00  0.000000E+00  0.000000E+00  0.000000E+00
  0.226068E+01  0.234021E+00  0.176329E-01  0.000000E+00  0.000000E+00  0.000000E+00  0.000000E+00
  0.195178E+01  0.232722E+00 -0.957125E-02  0.000000E+00  0.000000E+00  0.000000E+00  0.000000E+00
  0.194135E+01 -0.196965E+00 -0.153228E-01  0.000000E+00  0.000000E+00  0.000000E+00  0.000000E+00
  0.220180E+01 -0.132386E-02 -0.314773E+00  0.000000E+00  0.000000E+00  0.000000E+00  0.000000E+00
  0.283481E+01 -0.437091E+00 -0.984091E-02  0.000000E+00  0.000000E+00  0.000000E+00  0.000000E+00
  0.255000E+01  0.393245E+00 -0.556711E-02  0.000000E+00  0.000000E+00  0.000000E+00  0.000000E+00
  0.169623E+01 -0.179316E+00  0.718542E-02  0.000000E+00  0.000000E+00  0.000000E+00  0.000000E+00
  0.174281E+01  0.295126E-02  0.197617E+00  0.000000E+00  0.000000E+00  0.000000E+00  0.000000E+00
  0.176935E+01  0.180398E+00 -0.120179E-01  0.000000E+00  0.000000E+00  0.000000E+00  0.000000E+00
  0.240147E+01  0.921178E-02  0.340033E+00  0.000000E+00  0.000000E+00  0.000000E+00  0.000000E+00
  0.202484E+01 -0.121518E-01  0.236320E+00  0.000000E+00  0.000000E+00  0.000000E+00  0.000000E+00
  0.275106E+01 -0.339160E+00  0.166319E-01  0.000000E+00  0.000000E+00  0.000000E+00  0.000000E+00
  0.271121E+01  0.444120E+00 -0.436923E-03  0.000000E+00  0.000000E+00  0.000000E+00  0.000000E+00
  0.238299E+01 -0.360294E+00 -0.165691E-02  0.000000E+00  0.000000E+00  0.000000E+00  0.000000E+00
  0.268966E+01 -0.336777E+00  0.160227E-01  0.000000E+00  0.000000E+00  0.000000E+00  0.000000E+00
  0.240451E+01 -0.292535E+00  0.150630E-01  0.000000E+00  0.000000E+00  0.000000E+00  0.000000E+00
  0.220059E+01  0.612016E-02  0.305328E+00  0.000000E+00  0.000000E+00  0.000000E+00  0.000000E+00
  0.166665E+01 -0.136326E-02  0.179460E+00  0.000000E+00  0.000000E+00  0.000000E+00  0.000000E+00
  0.283787E+01 -0.283646E+00  0.200824E-01  0.000000E+00  0.000000E+00  0.000000E+00  0.000000E+00
  0.259781E+01 -0.147663E-01  0.335259E+00  0.000000E+00  0.000000E+00  0.000000E+00  0.000000E+00
  0.213837E+01  0.171657E-02 -0.298451E+00  0.000000E+00  0.000000E+00  0.000000E+00  0.000000E+00
  0.210737E+01 -0.938027E-02  0.270024E+00  0.000000E+00  0.000000E+00  0.000000E+00  0.000000E+00
  0.248931E+01 -0.183492E-01 -0.263527E+00  0.000000E+00  0.000000E+00  0.000000E+00  0.000000E+00
  0.176251E+01 -0.109600E-01  0.183349E+00  0.000000E+00  0.000000E+00  0.000000E+00  0.000000E+00
  0.220687E+01 -0.180443E-01 -0.219059E+00  0.000000E+00  0.000000E+00  0.000000E+00  0.000000E+00
  0.212138E+01  0.284036E+00  0.671024E-02  0.000000E+00  0.000000E+00  0.000000E+00  0.000000E+00
  0.212618E+01 -0.140312E-01 -0.245042E+00  0.000000E+00  0.000000E+00  0.000000E+00  0.000000E+00
  0.173868E+01  0.185594E+00 -0.869864E-02  0.000000E+00  0.000000E+00  0.000000E+00  0.000000E+00
  0.185050E+01 -0.220343E+00 -0.568691E-02  0.000000E+00  0.000000E+00  0.000000E+00  0.000000E+00
  0.213521E+01 -0.162057E-01 -0.227183E+00  0.000000E+00  0.000000E+00  0.000000E+00  0.000000E+00
  0.226688E+01 -0.235987E+00 -0.175682E-01  0.000000E+00  0.000000E+00  0.000000E+00  0.000000E+00
  0.173943E+01 -0.196086E+00  0.360205E-02  0.000000E+00  0.000000E+00  0.000000E+00  0.000000E+00
  0.255633E+01  0.192110E-01  0.259151E+00  0.000000E+00  0.000000E+00  0.000000E+00  0.000000E+00
  0.254027E+01 -0.315238E+00 -0.154458E-01  0.000000E+00  0.000000E+00  0.000000E+00  0.000000E+00
  0.181815E+01 -0.607538E-02  0.211545E+00  0.000000E+00  0.000000E+00  0.000000E+00  0.000000E+00
  0.244533E+01 -0.372225E+00  0.391377E-02  0.000000E+00  0.000000E+00  0.000000E+00  0.000000E+00
  0.263109E+01  0.328835E+00 -0.157765E-01  0.000000E+00  0.000000E+00  0.000000E+00  0.000000E+00
  0.231106E+01 -0.275523E+00 -0.148806E-01  0.000000E+00  0.000000E+00  0.000000E+00  0.000000E+00
  0.167289E+01  0.181257E+00 -0.590108E-03  0.000000E+00  0.000000E+00  0.000000E+00  0.000000E+00
  0.209684E+01 -0.269133E+00 -0.903502E-02  0.000000E+00  0.000000E+00  0.000000E+00  0.000000E+00
  0.239327E+01 -0.177843E-01  0.255608E+00  0.000000E+00  0.000000E+00  0.000000E+00  0.000000E+00
  0.203137E+01 -0.266815E+00  0.488821E-02  0.000000E+00  0.000000E+00  0.000000E+00  0.000000E+00
  0.173613E+01 -0.658863E-02 -0.190342E+00  0.000000E+00  0.000000E+00  0.000000E+00  0.000000E+00
  0.204751E+01  0.688722E-03 -0.276048E+00  0.000000E+00  0.000000E+00  0.000000E+00  0.000000E+00
  0.219910E+01  0.179784E-01  0.218559E+00  0.000000E+00  0.000000E+00  0.000000E+00  0.000000E+00
  0.199978E+01 -0.263424E+00 -0.174570E-02  0.000000E+00  0.000000E+00  0.000000E+00  0.000000E+00
  0.180993E+01  0.210087E+00  0.581017E-02  0.000000E+00  0.000000E+00  0.000000E+00  0.000000E+00
  0.204295E+01  0.227411E+00 -0.140568E-01  0.000000E+00  0.000000E+00  0.000000E+00  0.000000E+00
  0.200511E+01  0.263434E+00  0.305202E-02  0.000000E+00  0.000000E+00  0.000000E+00  0.000000E+00
  0.177118E+01 -0.582093E-02  0.200525E+00  0.000000E+00  0.000000E+00  0.000000E+00  0.000000E+00
  0.238271E+01 -0.176556E-01  0.255597E+00  0.000000E+00  0.000000E+00  0.000000E+00  0.000000E+00
  0.232439E+01  0.266393E+00  0.159703E-01  0.000000E+00  0.000000E+00  0.000000E+00  0.000000E+00
  0.263098E+01  0.195967E-01 -0.263196E+00  0.000000E+00  0.000000E+00  0.000000E+00  0.000000E+00
  0.242335E+01  0.154776E-01  0.291591E+00  0.000000E+00  0.000000E+00  0.000000E+00  0.000000E+00
  0.182717E+01 -0.189046E+00 -0.128470E-01  0.000000E+00  0.000000E+00  0.000000E+00  0.000000E+00
  0.219432E+01 -0.276291E+00  0.117900E-01  0.000000E+00  0.000000E+00  0.000000E+00  0.000000E+00
  0.199569E+01  0.226071E+00  0.127795E-01  0.000000E+00  0.000000E+00  0.000000E+00  0.000000E+00
  0.184857E+01  0.198727E+00  0.118669E-01  0.000000E+00  0.000000E+00  0.000000E+00  0.000000E+00
  0.284082E+01 -0.142454E+00  0.136810E+00  0.000000E+00  0.000000E+00  0.000000E+00  0.000000E+00
  0.284082E+01 -0.152879E+00 -0.326208E-02  0.000000E+00  0.000000E+00  0.000000E+00  0.000000E+00
  0.284082E+01 -0.102317E+00 -0.160670E+00  0.000000E+00  0.000000E+00  0.000000E+00  0.000000E+00
  0.284082E+01 -0.217305E-01  0.108818E+00  0.000000E+00  0.000000E+00  0.000000E+00  0.000000E+00
  0.284082E+01 -0.116327E+00  0.125929E-01  0.000000E+00  0.000000E+00  0.000000E+00  0.000000E+00
  0.284082E+01 -0.626193E-01  0.147587E-01  0.000000E+00  0.000000E+00  0.000000E+00  0.000000E+00
  0.284082E+01  0.149839E+00  0.875527E-01  0.000000E+00  0.000000E+00  0.000000E+00  0.000000E+00
  0.284082E+01 -0.159864E+00 -0.138828E+00  0.000000E+00  0.000000E+00  0.000000E+00  0.000000E+00
  0.284082E+01  0.817479E-01  0.121768E+00  0.000000E+00  0.000000E+00  0.000000E+00  0.000000E+00
  0.284082E+01  0.744225E-01 -0.186456E-01  0.000000E+00  0.000000E+00  0.000000E+00  0.000000E+00
  0.284082E+01 -0.383595E-01  0.757437E-01  0.000000E+00  0.000000E+00  0.000000E+00  0.000000E+00
  0.284082E+01  0.237101E+00  0.551734E-01  0.000000E+00  0.000000E+00  0.000000E+00  0.000000E+00
  0.284082E+01  0.871637E-01  0.145591E+00  0.000000E+00  0.000000E+00  0.000000E+00  0.000000E+00
  0.284082E+01  0.164035E-01  0.163475E+00  0.000000E+00  0.000000E+00  0.000000E+00  0.000000E+00
  0.284082E+01 -0.775725E-01  0.128119E+00  0.000000E+00  0.000000E+00  0.000000E+00  0.000000E+00
  0.284082E+01  0.199958E+00  0.193362E-01  0.000000E+00  0.000000E+00  0.000000E+00  0.000000E+00
  0.284082E+01  0.134943E-02  0.179055E-01  0.000000E+00  0.000000E+00  0.000000E+00  0.000000E+00
  0.284082E+01 -0.554940E-01 -0.457395E-01  0.000000E+00  0.000000E+00  0.000000E+00  0.000000E+00
  0.284082E+01 -0.278737E-01 -0.354424E-01  0.000000E+00  0.000000E+00  0.000000E+00  0.000000E+00
  0.284082E+01 -0.238452E-01 -0.435786E-01  0.000000E+00  0.000000E+00  0.000000E+00  0.000000E+00
  0.284082E+01  0.756162E-01 -0.207550E-01  0.000000E+00  0.000000E+00  0.000000E+00  0.000000E+00
  0.284082E+01 -0.231176E+00  0.422468E-01  0.000000E+00  0.000000E+00  0.000000E+00  0.000000E+00
  0.284082E+01  0.203082E-01 -0.117353E-01  0.000000E+00  0.000000E+00  0.000000E+00  0.000000E+00
  0.284082E+01 -0.119924E+00  0.602138E-01  0.000000E+00  0.000000E+00  0.000000E+00  0.000000E+00
  0.284082E+01  0.183951E+00 -0.689179E-01  0.000000E+00  0.000000E+00  0.000000E+00  0.000000E+00
  0.284082E+01  0.574764E-01  0.147990E+00  0.000000E+00  0.000000E+00  0.000000E+00  0.000000E+00
  0.284082E+01 -0.138167E+00  0.165103E+00  0.000000E+00  0.000000E+00  0.000000E+00  0.000000E+00
  0.284082E+01  0.511130E-01  0.134937E+00  0.000000E+00  0.000000E+00  0.000000E+00  0.000000E+00
  0.284082E+01  0.574374E-01  0.448981E-01  0.000000E+00  0.000000E+00  0.000000E+00  0.000000E+00
  0.284082E+01  0.138611E+00 -0.318884E-01  0.000000E+00  0.000000E+00  0.000000E+00  0.000000E+00
  0.284082E+01  0.503453E-02 -0.127014E+00  0.000000E+00  0.000000E+00  0.000000E+00  0.000000E+00
  0.284082E+01 -0.165637E+00 -0.139660E+00  0.000000E+00  0.000000E+00  0.000000E+00  0.000000E+00
  0.284082E+01  0.130954E+00  0.134275E+00  0.000000E+00  0.000000E+00  0.000000E+00  0.000000E+00
  0.284082E+01  0.570560E-01 -0.154471E-01  0.000000E+00  0.000000E+00  0.000000E+00  0.000000E+00
  0.284082E+01  0.900393E-03  0.292685E-03  0.000000E+00  0.000000E+00  0.000000E+00  0.000000E+00
  0.284082E+01  0.948812E-02  0.391399E-01  0.000000E+00  0.000000E+00  0.000000E+00  0.000000E+00
  0.284082E+01 -0.793236E-01 -0.679767E-01  0.000000E+00  0.000000E+00  0.000000E+00  0.000000E+00
  0.284082E+01  0.127793E+00  0.671147E-01  0.000000E+00  0.000000E+00  0.000000E+00  0.000000E+00
  0.284082E+01  0.113989E-01 -0.125056E-01  0.000000E+00  0.000000E+00  0.000000E+00  0.000000E+00
  0.284082E+01 -0.145362E+00 -0.772053E-01  0.000000E+00  0.000000E+00  0.000000E+00  0.000000E+00
  0.284082E+01 -0.707013E-01  0.399657E-01  0.000000E+00  0.000000E+00  0.000000E+00  0.000000E+00
  0.284082E+01 -0.105052E-01 -0.126154E-01  0.000000E+00  0.000000E+00  0.000000E+00  0.000000E+00
  0.284082E+01 -0.150864E+00 -0.102894E+00  0.000000E+00  0.000000E+00  0.000000E+00  0.000000E+00
  0.284082E+01  0.242378E-01 -0.380466E-01  0.000000E+00  0.000000E+00  0.000000E+00  0.000000E+00
  0.284082E+01  0.577987E-01  0.438681E-01  0.000000E+00  0.000000E+00  0.000000E+00  0.000000E+00
  0.284082E+01  0.239359E-01 -0.278829E-01  0.000000E+00  0.000000E+00  0.000000E+00  0.000000E+00
  0.284082E+01 -0.761961E-01  0.207773E-01  0.000000E+00  0.000000E+00  0.000000E+00  0.000000E+00
  0.284082E+01 -0.466893E-01  0.568240E-01  0.000000E+00  0.000000E+00  0.000000E+00  0.000000E+00
  0.284082E+01 -0.170232E+00 -0.964742E-01  0.000000E+00  0.000000E+00  0.000000E+00  0.000000E+00
  0.284082E+01 -0.157608E+00  0.239738E-01  0.000000E+00  0.000000E+00  0.000000E+00  0.000000E+00
  0.284082E+01 -0.136783E+00  0.164084E+00  0.000000E+00  0.000000E+00  0.000000E+00  0.000000E+00
  0.284082E+01 -0.385272E-01 -0.222037E-01  0.000000E+00  0.000000E+00  0.000000E+00  0.000000E+00
  0.284082E+01 -0.628811E-01 -0.772486E-01  0.000000E+00  0.000000E+00  0.000000E+00  0.000000E+00
  0.284082E+01  0.174050E+00 -0.153304E+00  0.000000E+00  0.000000E+00  0.000000E+00  0.000000E+00
  0.284082E+01 -0.186550E+00  0.128759E+00  0.000000E+00  0.000000E+00  0.000000E+00  0.000000E+00
  0.284082E+01 -0.257423E-02  0.116798E+00  0.000000E+00  0.000000E+00  0.000000E+00  0.000000E+00
  0.284082E+01  0.154433E+00  0.685239E-01  0.000000E+00  0.000000E+00  0.000000E+00  0.000000E+00
  0.284082E+01  0.326264E-02  0.819118E-03  0.000000E+00  0.000000E+00  0.000000E+00  0.000000E+00
  0.284082E+01 -0.820259E-01  0.965405E-01  0.000000E+00  0.000000E+00  0.000000E+00  0.000000E+00
  0.284082E+01  0.129704E+00  0.176253E+00  0.000000E+00  0.000000E+00  0.000000E+00  0.000000E+00
  0.284082E+01  0.606534E-01  0.966790E-01  0.000000E+00  0.000000E+00  0.000000E+00  0.000000E+00
  0.284082E+01  0.135239E-01  0.187467E+00  0.000000E+00  0.000000E+00  0.000000E+00  0.000000E+00
  0.284082E+01 -0.183269E-01  0.271104E-01  0.000000E+00  0.000000E+00  0.000000E+00  0.000000E+00
  0.284082E+01  0.158901E+00  0.812054E-01  0.000000E+00  0.000000E+00  0.000000E+00  0.000000E+00
  0.284082E+01 -0.993202E-01 -0.146566E+00  0.000000E+00  0.000000E+00  0.000000E+00  0.000000E+00
  0.284082E+01 -0.331662E-01 -0.179014E-01  0.000000E+00  0.000000E+00  0.000000E+00  0.000000E+00
  0.284082E+01  0.212272E+00  0.954370E-01  0.000000E+00  0.000000E+00  0.000000E+00  0.000000E+00
  0.284082E+01  0.131872E-01  0.661977E-02  0.000000E+00  0.000000E+00  0.000000E+00  0.000000E+00
  0.284082E+01  0.876401E-01  0.669943E-01  0.000000E+00  0.000000E+00  0.000000E+00  0.000000E+00
  0.284082E+01  0.830936E-03 -0.401654E-02  0.000000E+00  0.000000E+00  0.000000E+00  0.000000E+00
  0.284082E+01 -0.907322E-01  0.925857E-03  0.000000E+00  0.000000E+00  0.000000E+00  0.000000E+00
  0.284082E+01  0.181924E+00  0.116167E+00  0.000000E+00  0.000000E+00  0.000000E+00  0.000000E+00
  0.284082E+01 -0.235013E+00  0.159234E-01  0.000000E+00  0.000000E+00  0.000000E+00  0.000000E+00
  0.284082E+01 -0.169052E+00  0.112608E+00  0.000000E+00  0.000000E+00  0.000000E+00  0.000000E+00
  0.284082E+01  0.689864E-02 -0.338157E-02  0.000000E+00  0.000000E+00  0.000000E+00  0.000000E+00
  0.284082E+01 -0.133885E+00 -0.106717E+00  0.000000E+00  0.000000E+00  0.000000E+00  0.000000E+00
  0.284082E+01  0.102409E-01 -0.108103E-01  0.000000E+00  0.000000E+00  0.000000E+00  0.000000E+00
  0.284082E+01  0.179454E-02  0.736443E-01  0.000000E+00  0.000000E+00  0.000000E+00  0.000000E+00
  0.284082E+01 -0.201601E+00  0.800739E-01  0.000000E+00  0.000000E+00  0.000000E+00  0.000000E+00
  0.284082E+01 -0.111661E+00  0.143961E+00  0.000000E+00  0.000000E+00  0.000000E+00  0.000000E+00
  0.284082E+01 -0.227715E+00  0.299027E-01  0.000000E+00  0.000000E+00  0.000000E+00  0.000000E+00
  0.284082E+01  0.815320E-01 -0.223769E-01  0.000000E+00  0.000000E+00  0.000000E+00  0.000000E+00
  0.284082E+01  0.115516E-01  0.671077E-01  0.000000E+00  0.000000E+00  0.000000E+00  0.000000E+00
  0.284082E+01 -0.121761E+00  0.189502E+00  0.000000E+00  0.000000E+00  0.000000E+00  0.000000E+00
  0.284082E+01 -0.107217E+00  0.184381E+00  0.000000E+00  0.000000E+00  0.000000E+00  0.000000E+00
  0.284082E+01  0.200842E+00  0.910180E-01  0.000000E+00  0.000000E+00  0.000000E+00  0.000000E+00
  0.284082E+01  0.104214E+00 -0.512454E-01  0.000000E+00  0.000000E+00  0.000000E+00  0.000000E+00
  0.284082E+01  0.652345E-01  0.498057E-01  0.000000E+00  0.000000E+00  0.000000E+00  0.000000E+00
  0.284082E+01  0.154208E+00 -0.118608E+00  0.000000E+00  0.000000E+00  0.000000E+00  0.000000E+00
  0.284082E+01  0.858855E-01  0.123849E+00  0.000000E+00  0.000000E+00  0.000000E+00  0.000000E+00
  0.284082E+01  0.431411E-01 -0.106042E+00  0.000000E+00  0.000000E+00  0.000000E+00  0.000000E+00
  0.284082E+01  0.112222E+00  0.522072E-01  0.000000E+00  0.000000E+00  0.000000E+00  0.000000E+00
  0.284082E+01 -0.165137E+00 -0.834297E-01  0.000000E+00  0.000000E+00  0.000000E+00  0.000000E+00
  0.284082E+01 -0.102822E-01  0.638018E-01  0.000000E+00  0.000000E+00  0.000000E+00  0.000000E+00
  0.284082E+01  0.220833E-01 -0.937566E-01  0.000000E+00  0.000000E+00  0.000000E+00  0.000000E+00
  0.284082E+01  0.703925E-03  0.142226E+00  0.000000E+00  0.000000E+00  0.000000E+00  0.000000E+00
  0.284082E+01  0.126756E-01 -0.501753E-03  0.000000E+00  0.000000E+00  0.000000E+00  0.000000E+00
  0.284082E+01 -0.453738E-01 -0.398802E-01  0.000000E+00  0.000000E+00  0.000000E+00  0.000000E+00
  0.284082E+01 -0.116043E+00 -0.126593E+00  0.000000E+00  0.000000E+00  0.000000E+00  0.000000E+00
  0.284082E+01 -0.364886E-02 -0.981255E-01  0.000000E+00  0.000000E+00  0.000000E+00  0.000000E+00
