  0.184087E+01 -0.456168E-02  0.220079E+00  0.000000E+00  0.000000E+00  0.000000E+00  0.000000E+00
  0.281964E+01  0.428750E+00 -0.104164E-01  0.000000E+00  0.000000E+00  0.000000E+00  0.000000E+00
  0.198111E+01  0.256012E+00 -0.399308E-02  0.000000E+00  0.000000E+00  0.000000E+00  0.000000E+00
  0.261581E+01  0.163158E-01  0.318248E+00  0.000000E+00  0.000000E+00  0.000000E+00  0.000000E+00
  0.224800E+01 -0.314281E+00 -0.688237E-02  0.000000E+00  0.000000E+00  0.000000E+00  0.000000E+00
  0.222024E+01  0.226111E+00 -0.176839E-01  0.000000E+00  0.000000E+00  0.000000E+00  0.000000E+00
  0.180270E+01 -0.104651E-01  0.194505E+00  0.000000E+00  0.000000E+00  0.000000E+00  0.000000E+00
  0.186553E+01  0.189748E+00 -0.141390E-01  0.000000E+00  0.000000E+00  0.000000E+00  0.000000E+00
  0.253293E+01  0.319429E+00 -0.149842E-01  0.000000E+00  0.000000E+00  0.000000E+00  0.000000E+00
  0.282613E+01 -0.450153E+00  0.771961E-02  0.000000E+00  0.000000E+00  0.000000E+00  0.000000E+00
  0.200942E+01 -0.568013E-02  0.259539E+00  0.000000E+00  0.000000E+00  0.000000E+00  0.000000E+00
  0.254011E+01 -0.110413E-01 -0.359655E+00  0.000000E+00  0.000000E+00  0.000000E+00  0.000000E+00
  0.234561E+01  0.351460E+00 -0.767895E-03  0.000000E+00  0.000000E+00  0.000000E+00  0.000000E+00
  0.217186E+01 -0.166467E-01 -0.229518E+00  0.000000E+00  0.000000E+00  0.000000E+00  0.000000E+00
  0.171923E+01  0.177953E+00  0.968878E-02  0.000000E+00  0.000000E+00  0.000000E+00  0.000000E+00
  0.196104E+01 -0.253063E+00 -0.242410E-02  0.000000E+00  0.000000E+00  0.000000E+00  0.000000E+00
  0.202931E+01 -0.224470E+00 -0.140684E-01  0.000000E+00  0.000000E+00  0.000000E+00  0.000000E+00
  0.243978E+01 -0.173307E-02  0.374563E+00  0.000000E+00  0.000000E+00  0.000000E+00  0.000000E+00
  0.219522E+01  0.886984E-03 -0.313354E+00  0.000000E+00  0.000000E+00  0.000000E+00  0.000000E+00
  0.219154E+01 -0.548146E-02  0.305012E+00  0.000000E+00  0.000000E+00  0.000000E+00  0.000000E+00
  0.227633E+01  0.111378E-01  0.299099E+00  0.000000E+00  0.000000E+00  0.000000E+00  0.000000E+00
  0.250111E+01 -0.255067E+00 -0.189478E-01  0.000000E+00  0.000000E+00  0.000000E+00  0.000000E+00
  0.190264E+01 -0.200975E+00  0.135943E-01  0.000000E+00  0.000000E+00  0.000000E+00  0.000000E+00
  0.241403E+01  0.338699E+00  0.991378E-02  0.000000E+00  0.000000E+00  0.000000E+00  0.000000E+00
  0.279412E+01  0.323132E+00  0.179839E-01  0.000000E+00  0.000000E+00  0.000000E+00  0.000000E+00
  0.195528E+01 -0.251279E+00  0.274001E-02  0.000000E+00  0.000000E+00  0.000000E+00  0.000000E+00
  0.230556E+01 -0.276764E+00  0.146443E-01  0.000000E+00  0.000000E+00  0.000000E+00  0.000000E+00
  0.278665E+01 -0.411663E+00 -0.114684E-01  0.000000E+00  0.000000E+00  0.000000E+00  0.000000E+00
  0.272080E+01 -0.183801E-01 -0.302737E+00  0.000000E+00  0.000000E+00  0.000000E+00  0.000000E+00
  0.217522E+01 -0.417880E-02  0.304147E+00  0.000000E+00  0.000000E+00  0.000000E+00  0.000000E+00
  0.219277E+01 -0.176828E-01 -0.221211E+00  0.000000E+00  0.000000E+00  0.000000E+00  0.000000E+00
  0.197912E+01 -0.242757E+00  0.867462E-02  0.000000E+00  0.000000E+00  0.000000E+00  0.000000E+00
  0.221114E+01 -0.222693E+00  0.178237E-01  0.000000E+00  0.000000E+00  0.000000E+00  0.000000E+00
  0.244857E+01 -0.140405E-01  0.312500E+00  0.000000E+00  0.000000E+00  0.000000E+00  0.000000E+00
  0.174511E+01  0.214994E-02 -0.198852E+00  0.000000E+00  0.000000E+00  0.000000E+00  0.000000E+00
  0.190802E+01  0.240336E+00 -0.161369E-02  0.000000E+00  0.000000E+00  0.000000E+00  0.000000E+00
  0.204485E+01 -0.245815E+00  0.112855E-01  0.000000E+00  0.000000E+00  0.000000E+00  0.000000E+00
  0.188117E+01  0.138319E-01 -0.194954E+00  0.000000E+00  0.000000E+00  0.000000E+00  0.000000E+00
  0.187896E+01 -0.113480E-01  0.208041E+00  0.000000E+00  0.000000E+00  0.000000E+00  0.000000E+00
  0.183059E+01 -0.103390E-01 -0.201428E+00  0.000000E+00  0.000000E+00  0.000000E+00  0.000000E+00
  0.257937E+01  0.181895E-01  0.281823E+00  0.000000E+00  0.000000E+00  0.000000E+00  0.000000E+00
  0.178953E+01  0.596364E-02 -0.204752E+00  0.000000E+00  0.000000E+00  0.000000E+00  0.000000E+00
  0.237165E+01 -0.255280E+00 -0.175383E-01  0.000000E+00  0.000000E+00  0.000000E+00  0.000000E+00
  0.213431E+01 -0.542842E-02  0.291017E+00  0.000000E+00  0.000000E+00  0.000000E+00  0.000000E+00
  0.175046E+01  0.493834E-02 -0.196987E+00  0.000000E+00  0.000000E+00  0.000000E+00  0.000000E+00
  0.247384E+01  0.212815E-02  0.382695E+00  0.000000E+00  0.000000E+00  0.000000E+00  0.000000E+00
  0.192981E+01 -0.917559E-02 -0.229160E+00  0.000000E+00  0.000000E+00  0.000000E+00  0.000000E+00
  0.219529E+01  0.255509E+00 -0.144920E-01  0.000000E+00  0.000000E+00  0.000000E+00  0.000000E+00
  0.256845E+01 -0.398201E+00  0.545767E-02  0.000000E+00  0.000000E+00  0.000000E+00  0.000000E+00
  0.188480E+01  0.212033E+00 -0.107709E-01  0.000000E+00  0.000000E+00  0.000000E+00  0.000000E+00
  0.199182E+01 -0.230533E+00  0.118875E-01  0.000000E+00  0.000000E+00  0.000000E+00  0.000000E+00
  0.170779E+01  0.186366E+00  0.495842E-02  0.000000E+00  0.000000E+00  0.000000E+00  0.000000E+00
  0.185262E+01 -0.137773E-01 -0.189262E+00  0.000000E+00  0.000000E+00  0.000000E+00  0.000000E+00
  0.220135E+01  0.313894E+00  0.218794E-02  0.000000E+00  0.000000E+00  0.000000E+00  0.000000E+00
  0.234492E+01 -0.252541E+00 -0.173865E-01  0.000000E+00  0.000000E+00  0.000000E+00  0.000000E+00
  0.201839E+01  0.234174E-02  0.267598E+00  0.000000E+00  0.000000E+00  0.000000E+00  0.000000E+00
  0.185817E+01  0.128273E-01  0.195885E+00  0.000000E+00  0.000000E+00  0.000000E+00  0.000000E+00
  0.181530E+01 -0.216766E+00  0.185109E-02  0.000000E+00  0.000000E+00  0.000000E+00  0.000000E+00
  0.234398E+01  0.287038E+00 -0.144061E-01  0.000000E+00  0.000000E+00  0.000000E+00  0.000000E+00
  0.272745E+01  0.150727E-01  0.357658E+00  0.000000E+00  0.000000E+00  0.000000E+00  0.000000E+00
  0.252149E+01  0.393875E+00  0.267776E-02  0.000000E+00  0.000000E+00  0.000000E+00  0.000000E+00
  0.209447E+01 -0.111239E-01 -0.257957E+00  0.000000E+00  0.000000E+00  0.000000E+00  0.000000E+00
  0.239972E+01  0.163008E-01 -0.276985E+00  0.000000E+00  0.000000E+00  0.000000E+00  0.000000E+00
  0.235832E+01 -0.311111E+00  0.120234E-01  0.000000E+00  0.000000E+00  0.000000E+00  0.000000E+00
  0.181105E+01 -0.965303E-02  0.199514E+00  0.000000E+00  0.000000E+00  0.000000E+00  0.000000E+00
  0.183880E+01  0.215891E+00  0.639087E-02  0.000000E+00  0.000000E+00  0.000000E+00  0.000000E+00
  0.184627E+01 -0.111904E-01 -0.201384E+00  0.000000E+00  0.000000E+00  0.000000E+00  0.000000E+00
  0.193558E+01 -0.247078E+00  0.192789E-02  0.000000E+00  0.000000E+00  0.000000E+00  0.000000E+00
  0.187376E+01 -0.189495E+00 -0.144439E-01  0.000000E+00  0.000000E+00  0.000000E+00  0.000000E+00
  0.230138E+01 -0.509878E-03 -0.340357E+00  0.000000E+00  0.000000E+00  0.000000E+00  0.000000E+00
  0.225828E+01 -0.148036E-01 -0.265533E+00  0.000000E+00  0.000000E+00  0.000000E+00  0.000000E+00
  0.283697E+01 -0.225061E-02 -0.474092E+00  0.000000E+00  0.000000E+00  0.000000E+00  0.000000E+00
  0.184509E+01  0.223464E+00  0.282600E-02  0.000000E+00  0.000000E+00  0.000000E+00  0.000000E+00
  0.221673E+01  0.178009E-01  0.223982E+00  0.000000E+00  0.000000E+00  0.000000E+00  0.000000E+00
  0.213639E+01  0.748585E-02  0.284952E+00  0.000000E+00  0.000000E+00  0.000000E+00  0.000000E+00
  0.200458E+01 -0.234963E+00 -0.116061E-01  0.000000E+00  0.000000E+00  0.000000E+00  0.000000E+00
  0.244962E+01  0.126202E-01 -0.326266E+00  0.000000E+00  0.000000E+00  0.000000E+00  0.000000E+00
  0.210101E+01  0.253673E+00  0.120736E-01  0.000000E+00  0.000000E+00  0.000000E+00  0.000000E+00
  0.233761E+01  0.283489E+00  0.146297E-01  0.000000E+00  0.000000E+00  0.000000E+00  0.000000E+00
  0.211441E+01  0.131691E-01 -0.249131E+00  0.000000E+00  0.000000E+00  0.000000E+00  0.000000E+00
  0.216562E+01  0.230526E+00  0.164443E-01  0.000000E+00  0.000000E+00  0.000000E+00  0.000000E+00
  0.221243E+01  0.251925E-02 -0.316289E+00  0.000000E+00  0.000000E+00  0.000000E+00  0.000000E+00
  0.274912E+01  0.170104E-01 -0.332545E+00  0.000000E+00  0.000000E+00  0.000000E+00  0.000000E+00
  0.255308E+01 -0.404062E+00  0.528501E-03  0.000000E+00  0.000000E+00  0.000000E+00  0.000000E+00
  0.172746E+01  0.786171E-02  0.185225E+00  0.000000E+00  0.000000E+00  0.000000E+00  0.000000E+00
  0.183364E+01 -0.221850E+00 -0.937744E-03  0.000000E+00  0.000000E+00  0.000000E+00  0.000000E+00
  0.198836E+01 -0.204670E+00 -0.155303E-01  0.000000E+00  0.000000E+00  0.000000E+00  0.000000E+00
  0.283010E+01  0.788887E-02  0.450054E+00  0.000000E+00  0.000000E+00  0.000000E+00  0.000000E+00
  0.222057E+01  0.129872E-03  0.319964E+00  0.000000E+00  0.000000E+00  0.000000E+00  0.000000E+00
  0.263965E+01 -0.196206E-01  0.264043E+00  0.000000E+00  0.000000E+00  0.000000E+00  0.000000E+00
  0.191195E+01  0.873155E-02 -0.226603E+00  0.000000E+00  0.000000E+00  0.000000E+00  0.000000E+00
  0.271234E+01  0.191564E-01  0.285591E+00  0.000000E+00  0.000000E+00  0.000000E+00  0.000000E+00
  0.262538E+01  0.262243E+00  0.196001E-01  0.000000E+00  0.000000E+00  0.000000E+00  0.000000E+00
  0.221057E+01 -0.238026E+00 -0.165405E-01  0.000000E+00  0.000000E+00  0.000000E+00  0.000000E+00
  0.255675E+01  0.222852E-03 -0.405065E+00  0.000000E+00  0.000000E+00  0.000000E+00  0.000000E+00
  0.282788E+01  0.462450E+00 -0.542201E-02  0.000000E+00  0.000000E+00  0.000000E+00  0.000000E+00
  0.208310E+01 -0.587845E-03  0.285086E+00  0.000000E+00  0.000000E+00  0.000000E+00  0.000000E+00
  0.227689E+01  0.310201E+00 -0.930745E-02  0.000000E+00  0.000000E+00  0.000000E+00  0.000000E+00
  0.255817E+01  0.254247E+00 -0.194737E-01  0.000000E+00  0.000000E+00  0.000000E+00  0.000000E+00
  0.202745E+01 -0.115278E-01  0.240536E+00  0.000000E+00  0.000000E+00  0.000000E+00  0.000000E+00
  0.171289E+01 -0.183410E+00  0.716212E-02  0.000000E+00  0.000000E+00  0.000000E+00  0.000000E+00
  0.240661E+01  0.746037E-02  0.350343E+00  0.000000E+00  0.000000E+00  0.000000E+00  0.000000E+00
  0.189214E+01 -0.190726E+00 -0.148191E-01  0.000000E+00  0.000000E+00  0.000000E+00  0.000000E+00
  0.241413E+01 -0.341882E+00  0.940249E-02  0.000000E+00  0.000000E+00  0.000000E+00  0.000000E+00
  0.196062E+01 -0.142311E-01 -0.208959E+00  0.000000E+00  0.000000E+00  0.000000E+00  0.000000E+00
  0.219843E+01 -0.234933E+00  0.166113E-01  0.000000E+00  0.000000E+00  0.000000E+00  0.000000E+00
  0.216544E+01  0.265890E+00 -0.123749E-01  0.000000E+00  0.000000E+00  0.000000E+00  0.000000E+00
  0.269325E+01  0.197124E-01  0.270397E+00  0.000000E+00  0.000000E+00  0.000000E+00  0.000000E+00
  0.282643E+01  0.284825E+00 -0.199678E-01  0.000000E+00  0.000000E+00  0.000000E+00  0.000000E+00
  0.197575E+01 -0.124369E-02 -0.257666E+00  0.000000E+00  0.000000E+00  0.000000E+00  0.000000E+00
  0.171557E+01 -0.740340E-02 -0.183497E+00  0.000000E+00  0.000000E+00  0.000000E+00  0.000000E+00
  0.198088E+01  0.239456E+00 -0.958837E-02  0.000000E+00  0.000000E+00  0.000000E+00  0.000000E+00
  0.200314E+01  0.264886E+00  0.391134E-03  0.000000E+00  0.000000E+00  0.000000E+00  0.000000E+00
  0.173385E+01 -0.921228E-02 -0.182897E+00  0.000000E+00  0.000000E+00  0.000000E+00  0.000000E+00
  0.221629E+01  0.149893E-01  0.255209E+00  0.000000E+00  0.000000E+00  0.000000E+00  0.000000E+00
  0.204703E+01 -0.268200E+00 -0.591332E-02  0.000000E+00  0.000000E+00  0.000000E+00  0.000000E+00
  0.168182E+01  0.895791E-02 -0.171379E+00  0.000000E+00  0.000000E+00  0.000000E+00  0.000000E+00
  0.196571E+01 -0.852464E-02 -0.240133E+00  0.000000E+00  0.000000E+00  0.000000E+00  0.000000E+00
  0.195028E+01  0.250817E+00  0.188897E-02  0.000000E+00  0.000000E+00  0.000000E+00  0.000000E+00
  0.271411E+01 -0.113293E-01  0.396612E+00  0.000000E+00  0.000000E+00  0.000000E+00  0.000000E+00
  0.273770E+01  0.330490E+00  0.170066E-01  0.000000E+00  0.000000E+00  0.000000E+00  0.000000E+00
  0.203764E+01  0.265691E+00 -0.598675E-02  0.000000E+00  0.000000E+00  0.000000E+00  0.000000E+00
  0.272191E+01  0.551260E-02  0.435895E+00  0.000000E+00  0.000000E+00  0.000000E+00  0.000000E+00
  0.218064E+01 -0.282082E+00 -0.103456E-01  0.000000E+00  0.000000E+00  0.000000E+00  0.000000E+00
  0.258372E+01  0.181379E-01 -0.283479E+00  0.000000E+00  0.000000E+00  0.000000E+00  0.000000E+00
  0.270878E+01 -0.426995E+00 -0.677064E-02  0.000000E+00  0.000000E+00  0.000000E+00  0.000000E+00
  0.242616E+01  0.171769E-01  0.270302E+00  0.000000E+00  0.000000E+00  0.000000E+00  0.000000E+00
  0.238203E+01 -0.715976E-02 -0.345731E+00  0.000000E+00  0.000000E+00  0.000000E+00  0.000000E+00
  0.258722E+01  0.384212E+00 -0.914109E-02  0.000000E+00  0.000000E+00  0.000000E+00  0.000000E+00
  0.181638E+01  0.200310E+00 -0.977482E-02  0.000000E+00  0.000000E+00  0.000000E+00  0.000000E+00
  0.276700E+01 -0.374503E+00  0.144110E-01  0.000000E+00  0.000000E+00  0.000000E+00  0.000000E+00
  0.204302E+01 -0.104934E-01 -0.249617E+00  0.000000E+00  0.000000E+00  0.000000E+00  0.000000E+00
  0.178791E+01 -0.112665E-01  0.187847E+00  0.000000E+00  0.000000E+00  0.000000E+00  0.000000E+00
  0.181951E+01  0.199621E+00 -0.101485E-01  0.000000E+00  0.000000E+00  0.000000E+00  0.000000E+00
  0.249797E+01  0.325414E+00  0.137953E-01  0.000000E+00  0.000000E+00  0.000000E+00  0.000000E+00
  0.189696E+01 -0.230970E+00 -0.604586E-02  0.000000E+00  0.000000E+00  0.000000E+00  0.000000E+00
  0.190237E+01  0.871487E-02 -0.224389E+00  0.000000E+00  0.000000E+00  0.000000E+00  0.000000E+00
  0.186114E+01 -0.119114E-01  0.201309E+00  0.000000E+00  0.000000E+00  0.000000E+00  0.000000E+00
  0.162762E+01  0.373916E-02 -0.167935E+00  0.000000E+00  0.000000E+00  0.000000E+00  0.000000E+00
  0.193386E+01  0.206539E+00 -0.137597E-01  0.000000E+00  0.000000E+00  0.000000E+00  0.000000E+00
  0.229819E+01  0.323478E+00  0.761579E-02  0.000000E+00  0.000000E+00  0.000000E+00  0.000000E+00
  0.269525E+01  0.168007E-01  0.325940E+00  0.000000E+00  0.000000E+00  0.000000E+00  0.000000E+00
  0.256342E+01 -0.143990E-01 -0.332524E+00  0.000000E+00  0.000000E+00  0.000000E+00  0.000000E+00
  0.237996E+01 -0.335617E+00 -0.909752E-02  0.000000E+00  0.000000E+00  0.000000E+00  0.000000E+00
  0.225212E+01  0.183410E-01  0.222858E+00  0.000000E+00  0.000000E+00  0.000000E+00  0.000000E+00
  0.169189E+01 -0.909422E-02  0.173367E+00  0.000000E+00  0.000000E+00  0.000000E+00  0.000000E+00
  0.208316E+01  0.447976E-02  0.280563E+00  0.000000E+00  0.000000E+00  0.000000E+00  0.000000E+00
  0.166969E+01  0.180479E+00  0.364228E-03  0.000000E+00  0.000000E+00  0.000000E+00  0.000000E+00
  0.227997E+01 -0.273713E+00  0.144146E-01  0.000000E+00  0.000000E+00  0.000000E+00  0.000000E+00
  0.230517E+01  0.361754E-02  0.337794E+00  0.000000E+00  0.000000E+00  0.000000E+00  0.000000E+00
  0.268503E+01 -0.872797E-02  0.410027E+00  0.000000E+00  0.000000E+00  0.000000E+00  0.000000E+00
  0.230124E+01 -0.398327E-02  0.336042E+00  0.000000E+00  0.000000E+00  0.000000E+00  0.000000E+00
  0.213193E+01  0.256938E+00 -0.126052E-01  0.000000E+00  0.000000E+00  0.000000E+00  0.000000E+00
  0.215038E+01  0.166308E-01 -0.225632E+00  0.000000E+00  0.000000E+00  0.000000E+00  0.000000E+00
  0.245050E+01 -0.298221E+00  0.153737E-01  0.000000E+00  0.000000E+00  0.000000E+00  0.000000E+00
  0.227817E+01 -0.244793E+00  0.170405E-01  0.000000E+00  0.000000E+00  0.000000E+00  0.000000E+00
  0.173517E+01  0.284775E-02 -0.195793E+00  0.000000E+00  0.000000E+00  0.000000E+00  0.000000E+00
  0.212466E+01 -0.258297E+00  0.121680E-01  0.000000E+00  0.000000E+00  0.000000E+00  0.000000E+00
  0.216218E+01 -0.269506E+00  0.117299E-01  0.000000E+00  0.000000E+00  0.000000E+00  0.000000E+00
  0.165890E+01 -0.177243E+00  0.191375E-02  0.000000E+00  0.000000E+00  0.000000E+00  0.000000E+00
  0.280639E+01  0.363860E+00 -0.157373E-01  0.000000E+00  0.000000E+00  0.000000E+00  0.000000E+00
  0.276397E+01  0.416981E+00  0.102912E-01  0.000000E+00  0.000000E+00  0.000000E+00  0.000000E+00
  0.244243E+01 -0.361813E+00  0.683324E-02  0.000000E+00  0.000000E+00  0.000000E+00  0.000000E+00
  0.210804E+01 -0.277473E+00  0.765608E-02  0.000000E+00  0.000000E+00  0.000000E+00  0.000000E+00
  0.199666E+01 -0.764308E-02  0.250672E+00  0.000000E+00  0.000000E+00  0.000000E+00  0.000000E+00
  0.283624E+01  0.358259E+00  0.164535E-01  0.000000E+00  0.000000E+00  0.000000E+00  0.000000E+00
  0.179559E+01  0.210229E+00  0.354212E-02  0.000000E+00  0.000000E+00  0.000000E+00  0.000000E+00
  0.241695E+01  0.258009E+00 -0.179045E-01  0.000000E+00  0.000000E+00  0.000000E+00  0.000000E+00
  0.241724E+01  0.672147E-02  0.356147E+00  0.000000E+00  0.000000E+00  0.000000E+00  0.000000E+00
  0.278659E+01 -0.452962E+00 -0.524500E-02  0.000000E+00  0.000000E+00  0.000000E+00  0.000000E+00
  0.239088E+01 -0.293143E+00  0.147513E-01  0.000000E+00  0.000000E+00  0.000000E+00  0.000000E+00
  0.182594E+01  0.203144E+00  0.961136E-02  0.000000E+00  0.000000E+00  0.000000E+00  0.000000E+00
  0.233755E+01 -0.291178E+00  0.138346E-01  0.000000E+00  0.000000E+00  0.000000E+00  0.000000E+00
  0.239187E+01  0.162400E-01 -0.276237E+00  0.000000E+00  0.000000E+00  0.000000E+00  0.000000E+00
  0.221173E+01 -0.118990E-01  0.279434E+00  0.000000E+00  0.000000E+00  0.000000E+00  0.000000E+00
  0.166082E+01  0.715196E-02 -0.170802E+00  0.000000E+00  0.000000E+00  0.000000E+00  0.000000E+00
  0.277457E+01  0.353155E+00 -0.160307E-01  0.000000E+00  0.000000E+00  0.000000E+00  0.000000E+00
  0.215129E+01 -0.101965E-01 -0.276130E+00  0.000000E+00  0.000000E+00  0.000000E+00  0.000000E+00
  0.213699E+01  0.273540E+00 -0.100615E-01  0.000000E+00  0.000000E+00  0.000000E+00  0.000000E+00
  0.281869E+01 -0.180253E-01  0.326643E+00  0.000000E+00  0.000000E+00  0.000000E+00  0.000000E+00
  0.190835E+01 -0.218938E+00  0.104335E-01  0.000000E+00  0.000000E+00  0.000000E+00  0.000000E+00
  0.248264E+01  0.147773E-01 -0.311606E+00  0.000000E+00  0.000000E+00  0.000000E+00  0.000000E+00
  0.226829E+01  0.779684E-02 -0.315489E+00  0.000000E+00  0.000000E+00  0.000000E+00  0.000000E+00
  0.242785E+01  0.120120E-01 -0.326638E+00  0.000000E+00  0.000000E+00  0.000000E+00  0.000000E+00
  0.279469E+01  0.388703E+00 -0.137433E-01  0.000000E+00  0.000000E+00  0.000000E+00  0.000000E+00
  0.237532E+01  0.513937E-02 -0.351475E+00  0.000000E+00  0.000000E+00  0.000000E+00  0.000000E+00
  0.254356E+01 -0.136728E-01 -0.336333E+00  0.000000E+00  0.000000E+00  0.000000E+00  0.000000E+00
  0.199496E+01 -0.261166E+00  0.282477E-02  0.000000E+00  0.000000E+00  0.000000E+00  0.000000E+00
  0.229650E+01  0.302742E+00 -0.112741E-01  0.000000E+00  0.000000E+00  0.000000E+00  0.000000E+00
  0.171914E+01 -0.177199E+00 -0.991195E-02  0.000000E+00  0.000000E+00  0.000000E+00  0.000000E+00
  0.192990E+01  0.562321E-02  0.240063E+00  0.000000E+00  0.000000E+00  0.000000E+00  0.000000E+00
  0.282189E+01 -0.375937E+00 -0.151282E-01  0.000000E+00  0.000000E+00  0.000000E+00  0.000000E+00
  0.259133E+01 -0.138155E-01  0.344904E+00  0.000000E+00  0.000000E+00  0.000000E+00  0.000000E+00
  0.246999E+01 -0.856276E-02 -0.359943E+00  0.000000E+00  0.000000E+00  0.000000E+00  0.000000E+00
  0.274211E+01  0.280617E+00 -0.195988E-01  0.000000E+00  0.000000E+00  0.000000E+00  0.000000E+00
  0.161330E+01  0.717653E-03 -0.166153E+00  0.000000E+00  0.000000E+00  0.000000E+00  0.000000E+00
  0.240937E+01 -0.367261E+00  0.131226E-02  0.000000E+00  0.000000E+00  0.000000E+00  0.000000E+00
  0.193352E+01  0.458744E-03  0.247251E+00  0.000000E+00  0.000000E+00  0.000000E+00  0.000000E+00
  0.182151E+01  0.375522E-02 -0.216452E+00  0.000000E+00  0.000000E+00  0.000000E+00  0.000000E+00
  0.198475E+01 -0.243665E+00 -0.878498E-02  0.000000E+00  0.000000E+00  0.000000E+00  0.000000E+00
  0.227300E+01 -0.322850E+00  0.619433E-02  0.000000E+00  0.000000E+00  0.000000E+00  0.000000E+00
  0.261863E+01  0.118710E-01  0.370289E+00  0.000000E+00  0.000000E+00  0.000000E+00  0.000000E+00
  0.205277E+01  0.162048E-01 -0.211298E+00  0.000000E+00  0.000000E+00  0.000000E+00  0.000000E+00
  0.210147E+01 -0.230157E+00 -0.151930E-01  0.000000E+00  0.000000E+00  0.000000E+00  0.000000E+00
  0.189524E+01 -0.114546E-01  0.211195E+00  0.000000E+00  0.000000E+00  0.000000E+00  0.000000E+00
  0.254241E+01 -0.159136E-01 -0.309615E+00  0.000000E+00  0.000000E+00  0.000000E+00  0.000000E+00
  0.189580E+01 -0.207927E+00 -0.121217E-01  0.000000E+00  0.000000E+00  0.000000E+00  0.000000E+00
  0.273980E+01  0.281729E+00  0.195338E-01  0.000000E+00  0.000000E+00  0.000000E+00  0.000000E+00
  0.175271E+01 -0.646266E-03  0.201450E+00  0.000000E+00  0.000000E+00  0.000000E+00  0.000000E+00
  0.246103E+01  0.274400E+00  0.173363E-01  0.000000E+00  0.000000E+00  0.000000E+00  0.000000E+00
  0.165607E+01 -0.273676E-02  0.175984E+00  0.000000E+00  0.000000E+00  0.000000E+00  0.000000E+00
  0.206303E+01 -0.278900E+00 -0.229309E-02  0.000000E+00  0.000000E+00  0.000000E+00  0.000000E+00
  0.201492E+01  0.265122E+00 -0.359254E-02  0.000000E+00  0.000000E+00  0.000000E+00  0.000000E+00
  0.275542E+01 -0.625356E-02 -0.440902E+00  0.000000E+00  0.000000E+00  0.000000E+00  0.000000E+00
  0.275252E+01  0.309727E+00  0.183012E-01  0.000000E+00  0.000000E+00  0.000000E+00  0.000000E+00
  0.279365E+01 -0.429228E-02 -0.458154E+00  0.000000E+00  0.000000E+00  0.000000E+00  0.000000E+00
  0.244540E+01 -0.178881E-01  0.263290E+00  0.000000E+00  0.000000E+00  0.000000E+00  0.000000E+00
  0.241387E+01  0.300885E+00  0.144650E-01  0.000000E+00  0.000000E+00  0.000000E+00  0.000000E+00
  0.263603E+01 -0.668992E-02  0.409647E+00  0.000000E+00  0.000000E+00  0.000000E+00  0.000000E+00
  0.171002E+01  0.174424E+00  0.101087E-01  0.000000E+00  0.000000E+00  0.000000E+00  0.000000E+00
  0.272224E+01  0.273653E+00  0.197670E-01  0.000000E+00  0.000000E+00  0.000000E+00  0.000000E+00
  0.184409E+01  0.209180E+00  0.911688E-02  0.000000E+00  0.000000E+00  0.000000E+00  0.000000E+00
  0.183338E+01  0.185909E+00  0.136550E-01  0.000000E+00  0.000000E+00  0.000000E+00  0.000000E+00
  0.192551E+01  0.147140E-01 -0.198285E+00  0.000000E+00  0.000000E+00  0.000000E+00  0.000000E+00
  0.250352E+01 -0.148067E-02  0.390918E+00  0.000000E+00  0.000000E+00  0.000000E+00  0.000000E+00
  0.185703E+01 -0.791518E-02 -0.216201E+00  0.000000E+00  0.000000E+00  0.000000E+00  0.000000E+00
  0.223845E+01 -0.149873E-01 -0.259719E+00  0.000000E+00  0.000000E+00  0.000000E+00  0.000000E+00
  0.171241E+01 -0.183271E+00 -0.717242E-02  0.000000E+00  0.000000E+00  0.000000E+00  0.000000E+00
  0.253348E+01 -0.256537E+00  0.191541E-01  0.000000E+00  0.000000E+00  0.000000E+00  0.000000E+00
  0.261337E+01 -0.443469E-03  0.419349E+00  0.000000E+00  0.000000E+00  0.000000E+00  0.000000E+00
  0.212567E+01  0.168429E-01 -0.218697E+00  0.000000E+00  0.000000E+00  0.000000E+00  0.000000E+00
  0.234451E+01  0.295860E+00  0.134841E-01  0.000000E+00  0.000000E+00  0.000000E+00  0.000000E+00
  0.186546E+01  0.223726E+00  0.582640E-02  0.000000E+00  0.000000E+00  0.000000E+00  0.000000E+00
  0.227144E+01  0.180752E-01 -0.229943E+00  0.000000E+00  0.000000E+00  0.000000E+00  0.000000E+00
  0.266570E+01  0.122476E-01  0.377187E+00  0.000000E+00  0.000000E+00  0.000000E+00  0.000000E+00
  0.166252E+01  0.178168E+00 -0.189392E-02  0.000000E+00  0.000000E+00  0.000000E+00  0.000000E+00
  0.247570E+01 -0.351538E+00 -0.101355E-01  0.000000E+00  0.000000E+00  0.000000E+00  0.000000E+00
  0.227081E+01 -0.150266E-01 -0.265883E+00  0.000000E+00  0.000000E+00  0.000000E+00  0.000000E+00
  0.233500E+01 -0.328629E+00  0.840465E-02  0.000000E+00  0.000000E+00  0.000000E+00  0.000000E+00
  0.217406E+01 -0.151271E-01 -0.245372E+00  0.000000E+00  0.000000E+00  0.000000E+00  0.000000E+00
  0.243062E+01 -0.356934E+00 -0.728945E-02  0.000000E+00  0.000000E+00  0.000000E+00  0.000000E+00
  0.186393E+01 -0.216057E+00 -0.848069E-02  0.000000E+00  0.000000E+00  0.000000E+00  0.000000E+00
  0.252593E+01 -0.281130E+00 -0.176644E-01  0.000000E+00  0.000000E+00  0.000000E+00  0.000000E+00
  0.233504E+01  0.169336E-01 -0.256710E+00  0.000000E+00  0.000000E+00  0.000000E+00  0.000000E+00
  0.186529E+01  0.143952E-01 -0.188061E+00  0.000000E+00  0.000000E+00  0.000000E+00  0.000000E+00
  0.242022E+01  0.956471E-02 -0.342326E+00  0.000000E+00  0.000000E+00  0.000000E+00  0.000000E+00
  0.273975E+01 -0.419022E-02  0.445027E+00  0.000000E+00  0.000000E+00  0.000000E+00  0.000000E+00
  0.185839E+01 -0.222959E+00 -0.536250E-02  0.000000E+00  0.000000E+00  0.000000E+00  0.000000E+00
  0.224910E+01  0.166667E-01  0.243873E+00  0.000000E+00  0.000000E+00  0.000000E+00  0.000000E+00
  0.232866E+01  0.156275E-01 -0.271110E+00  0.000000E+00  0.000000E+00  0.000000E+00  0.000000E+00
  0.206714E+01  0.279808E+00 -0.241569E-02  0.000000E+00  0.000000E+00  0.000000E+00  0.000000E+00
  0.269287E+01 -0.830186E-03  0.439300E+00  0.000000E+00  0.000000E+00  0.000000E+00  0.000000E+00
  0.260406E+01 -0.158196E-01  0.322940E+00  0.000000E+00  0.000000E+00  0.000000E+00  0.000000E+00
  0.272559E+01 -0.447822E+00 -0.136342E-03  0.000000E+00  0.000000E+00  0.000000E+00  0.000000E+00
  0.213178E+01  0.131345E-01 -0.253122E+00  0.000000E+00  0.000000E+00  0.000000E+00  0.000000E+00
  0.187291E+01  0.196286E-02  0.231232E+00  0.000000E+00  0.000000E+00  0.000000E+00  0.000000E+00
  0.183827E+01  0.221063E+00  0.343325E-02  0.000000E+00  0.000000E+00  0.000000E+00  0.000000E+00
  0.191822E+01  0.172395E-02  0.242839E+00  0.000000E+00  0.000000E+00  0.000000E+00  0.000000E+00
  0.215255E+01 -0.224812E+00  0.167440E-01  0.000000E+00  0.000000E+00  0.000000E+00  0.000000E+00
  0.277843E+01  0.168415E-01  0.340849E+00  0.000000E+00  0.000000E+00  0.000000E+00  0.000000E+00
  0.235967E+01 -0.351912E+00  0.338567E-02  0.000000E+00  0.000000E+00  0.000000E+00  0.000000E+00
  0.257870E+01  0.264079E+00 -0.191446E-01  0.000000E+00  0.000000E+00  0.000000E+00  0.000000E+00
  0.239983E+01  0.270755E+00 -0.167855E-01  0.000000E+00  0.000000E+00  0.000000E+00  0.000000E+00
  0.237209E+01  0.332031E+00 -0.940085E-02  0.000000E+00  0.000000E+00  0.000000E+00  0.000000E+00
  0.165799E+01 -0.742389E-02 -0.169527E+00  0.000000E+00  0.000000E+00  0.000000E+00  0.000000E+00
  0.281279E+01  0.172120E-01 -0.340802E+00  0.000000E+00  0.000000E+00  0.000000E+00  0.000000E+00
  0.216271E+01  0.159716E-01 -0.234887E+00  0.000000E+00  0.000000E+00  0.000000E+00  0.000000E+00
  0.175882E+01  0.192474E+00 -0.796781E-02  0.000000E+00  0.000000E+00  0.000000E+00  0.000000E+00
  0.169971E+01  0.610301E-02 -0.182408E+00  0.000000E+00  0.000000E+00  0.000000E+00  0.000000E+00
  0.258242E+01 -0.345862E+00 -0.135520E-01  0.000000E+00  0.000000E+00  0.000000E+00  0.000000E+00
  0.280755E+01 -0.163045E-01 -0.355212E+00  0.000000E+00  0.000000E+00  0.000000E+00  0.000000E+00
  0.176914E+01 -0.483294E-02  0.201795E+00  0.000000E+00  0.000000E+00  0.000000E+00  0.000000E+00
  0.217583E+01 -0.123948E-01 -0.268036E+00  0.000000E+00  0.000000E+00  0.000000E+00  0.000000E+00
  0.261452E+01 -0.161711E-01 -0.320078E+00  0.000000E+00  0.000000E+00  0.000000E+00  0.000000E+00
  0.168628E+01  0.179710E+00  0.577022E-02  0.000000E+00  0.000000E+00  0.000000E+00  0.000000E+00
  0.165991E+01  0.621197E-02 -0.172438E+00  0.000000E+00  0.000000E+00  0.000000E+00  0.000000E+00
  0.276047E+01  0.456636E+00 -0.250471E-03  0.000000E+00  0.000000E+00  0.000000E+00  0.000000E+00
  0.262523E+01  0.132866E-01  0.357823E+00  0.000000E+00  0.000000E+00  0.000000E+00  0.000000E+00
  0.273544E+01 -0.946315E-02 -0.416814E+00  0.000000E+00  0.000000E+00  0.000000E+00  0.000000E+00
  0.180713E+01  0.208199E+00 -0.636538E-02  0.000000E+00  0.000000E+00  0.000000E+00  0.000000E+00
  0.229092E+01 -0.925007E-02  0.313807E+00  0.000000E+00  0.000000E+00  0.000000E+00  0.000000E+00
  0.217012E+01  0.249255E+00  0.146126E-01  0.000000E+00  0.000000E+00  0.000000E+00  0.000000E+00
  0.255009E+01 -0.345120E+00  0.129435E-01  0.000000E+00  0.000000E+00  0.000000E+00  0.000000E+00
  0.166978E+01 -0.175723E+00 -0.572516E-02  0.000000E+00  0.000000E+00  0.000000E+00  0.000000E+00
  0.184040E+01 -0.213084E+00 -0.761573E-02  0.000000E+00  0.000000E+00  0.000000E+00  0.000000E+00
  0.216175E+01  0.257450E+00  0.134129E-01  0.000000E+00  0.000000E+00  0.000000E+00  0.000000E+00
  0.165944E+01 -0.766414E-02  0.169336E+00  0.000000E+00  0.000000E+00  0.000000E+00  0.000000E+00
  0.199470E+01 -0.229418E+00  0.121914E-01  0.000000E+00  0.000000E+00  0.000000E+00  0.000000E+00
  0.234704E+01 -0.183770E-02 -0.351035E+00  0.000000E+00  0.000000E+00  0.000000E+00  0.000000E+00
  0.226824E+01 -0.540042E-02 -0.324198E+00  0.000000E+00  0.000000E+00  0.000000E+00  0.000000E+00
  0.259450E+01 -0.266261E+00 -0.191644E-01  0.000000E+00  0.000000E+00  0.000000E+00  0.000000E+00
  0.204875E+01 -0.219055E+00 -0.152519E-01  0.000000E+00  0.000000E+00  0.000000E+00  0.000000E+00
  0.235047E+01 -0.252928E+00 -0.174319E-01  0.000000E+00  0.000000E+00  0.000000E+00  0.000000E+00
  0.258421E+01  0.463249E-02  0.404898E+00  0.000000E+00  0.000000E+00  0.000000E+00  0.000000E+00
  0.246394E+01 -0.268558E+00 -0.177600E-01  0.000000E+00  0.000000E+00  0.000000E+00  0.000000E+00
  0.236641E+01 -0.952190E-02  0.329991E+00  0.000000E+00  0.000000E+00  0.000000E+00  0.000000E+00
  0.226590E+01 -0.304947E+00 -0.979485E-02  0.000000E+00  0.000000E+00  0.000000E+00  0.000000E+00
  0.223002E+01  0.240573E+00  0.166407E-01  0.000000E+00  0.000000E+00  0.000000E+00  0.000000E+00
  0.210030E+01 -0.279572E+00  0.649663E-02  0.000000E+00  0.000000E+00  0.000000E+00  0.000000E+00
  0.231814E+01  0.260527E+00  0.163680E-01  0.000000E+00  0.000000E+00  0.000000E+00  0.000000E+00
  0.275763E+01  0.198557E-01 -0.277038E+00  0.000000E+00  0.000000E+00  0.000000E+00  0.000000E+00
  0.214250E+01 -0.285380E+00 -0.775816E-02  0.000000E+00  0.000000E+00  0.000000E+00  0.000000E+00
  0.172736E+01  0.193861E+00 -0.281030E-02  0.000000E+00  0.000000E+00  0.000000E+00  0.000000E+00
  0.228655E+01 -0.180753E-01  0.232586E+00  0.000000E+00  0.000000E+00  0.000000E+00  0.000000E+00
  0.252144E+01 -0.351300E+00 -0.115535E-01  0.000000E+00  0.000000E+00  0.000000E+00  0.000000E+00
  0.264812E+01  0.115404E-01 -0.379859E+00  0.000000E+00  0.000000E+00  0.000000E+00  0.000000E+00
  0.205009E+01  0.118619E-02 -0.276495E+00  0.000000E+00  0.000000E+00  0.000000E+00  0.000000E+00
  0.163260E+01 -0.449570E-02 -0.168319E+00  0.000000E+00  0.000000E+00  0.000000E+00  0.000000E+00
  0.234578E+01  0.567239E-03  0.351578E+00  0.000000E+00  0.000000E+00  0.000000E+00  0.000000E+00
  0.244422E+01 -0.147118E-01  0.304480E+00  0.000000E+00  0.000000E+00  0.000000E+00  0.000000E+00
  0.200044E+01 -0.117424E-01 -0.233276E+00  0.000000E+00  0.000000E+00  0.000000E+00  0.000000E+00
  0.242502E+01  0.165946E-01 -0.278026E+00  0.000000E+00  0.000000E+00  0.000000E+00  0.000000E+00
  0.223469E+01  0.226982E+00 -0.178154E-01  0.000000E+00  0.000000E+00  0.000000E+00  0.000000E+00
  0.211202E+01 -0.335850E-02 -0.289835E+00  0.000000E+00  0.000000E+00  0.000000E+00  0.000000E+00
  0.271954E+01  0.301523E+00 -0.184315E-01  0.000000E+00  0.000000E+00  0.000000E+00  0.000000E+00
  0.209694E+01  0.136093E-01 -0.242146E+00  0.000000E+00  0.000000E+00  0.000000E+00  0.000000E+00
  0.229162E+01  0.177091E-01  0.238546E+00  0.000000E+00  0.000000E+00  0.000000E+00  0.000000E+00
  0.215489E+01  0.465386E-02  0.298036E+00  0.000000E+00  0.000000E+00  0.000000E+00  0.000000E+00
  0.197709E+01 -0.256094E+00  0.327865E-02  0.000000E+00  0.000000E+00  0.000000E+00  0.000000E+00
  0.262053E+01 -0.172915E-01 -0.304221E+00  0.000000E+00  0.000000E+00  0.000000E+00  0.000000E+00
  0.176097E+01 -0.185623E+00  0.102730E-01  0.000000E+00  0.000000E+00  0.000000E+00  0.000000E+00
  0.168214E+01 -0.666628E-02  0.177000E+00  0.000000E+00  0.000000E+00  0.000000E+00  0.000000E+00
  0.228059E+01  0.163982E-01  0.252989E+00  0.000000E+00  0.000000E+00  0.000000E+00  0.000000E+00
  0.234030E+01 -0.277161E+00 -0.152872E-01  0.000000E+00  0.000000E+00  0.000000E+00  0.000000E+00
  0.190471E+01 -0.147274E-01  0.193934E+00  0.000000E+00  0.000000E+00  0.000000E+00  0.000000E+00
  0.270783E+01 -0.441790E+00  0.208243E-02  0.000000E+00  0.000000E+00  0.000000E+00  0.000000E+00
  0.231986E+01  0.273012E+00  0.152923E-01  0.000000E+00  0.000000E+00  0.000000E+00  0.000000E+00
  0.236429E+01  0.498093E-02  0.349209E+00  0.000000E+00  0.000000E+00  0.000000E+00  0.000000E+00
  0.262620E+01 -0.280247E+00  0.187144E-01  0.000000E+00  0.000000E+00  0.000000E+00  0.000000E+00
  0.216042E+01 -0.528252E-02  0.297859E+00  0.000000E+00  0.000000E+00  0.000000E+00  0.000000E+00
  0.179031E+01  0.530202E-02  0.206235E+00  0.000000E+00  0.000000E+00  0.000000E+00  0.000000E+00
  0.264109E+01 -0.274476E+00 -0.191329E-01  0.000000E+00  0.000000E+00  0.000000E+00  0.000000E+00
  0.201661E+01 -0.263663E+00  0.464262E-02  0.000000E+00  0.000000E+00  0.000000E+00  0.000000E+00
  0.178960E+01 -0.369816E-02  0.208537E+00  0.000000E+00  0.000000E+00  0.000000E+00  0.000000E+00
  0.245445E+01  0.154329E-01 -0.298308E+00  0.000000E+00  0.000000E+00  0.000000E+00  0.000000E+00
  0.257222E+01 -0.324647E+00  0.152056E-01  0.000000E+00  0.000000E+00  0.000000E+00  0.000000E+00
  0.173460E+01 -0.196928E+00  0.121451E-03  0.000000E+00  0.000000E+00  0.000000E+00  0.000000E+00
  0.252734E+01 -0.274011E+00 -0.181167E-01  0.000000E+00  0.000000E+00  0.000000E+00  0.000000E+00
  0.245865E+01  0.319844E+00  0.135199E-01  0.000000E+00  0.000000E+00  0.000000E+00  0.000000E+00
  0.178936E+01  0.542868E-02  0.205765E+00  0.000000E+00  0.000000E+00  0.000000E+00  0.000000E+00
  0.268170E+01  0.151421E-01  0.347496E+00  0.000000E+00  0.000000E+00  0.000000E+00  0.000000E+00
  0.204186E+01  0.252323E+00 -0.988777E-02  0.000000E+00  0.000000E+00  0.000000E+00  0.000000E+00
  0.280415E+01 -0.176903E-01  0.330490E+00  0.000000E+00  0.000000E+00  0.000000E+00  0.000000E+00
  0.214162E+01  0.114466E-01 -0.266689E+00  0.000000E+00  0.000000E+00  0.000000E+00  0.000000E+00
  0.224941E+01 -0.267462E+00  0.144069E-01  0.000000E+00  0.000000E+00  0.000000E+00  0.000000E+00
  0.234491E+01 -0.341876E+00 -0.579458E-02  0.000000E+00  0.000000E+00  0.000000E+00  0.000000E+00
  0.256368E+01 -0.143898E-01  0.332685E+00  0.000000E+00  0.000000E+00  0.000000E+00  0.000000E+00
  0.213807E+01  0.258048E+00  0.126383E-01  0.000000E+00  0.000000E+00  0.000000E+00  0.000000E+00
  0.264447E+01 -0.141740E-02  0.426603E+00  0.000000E+00  0.000000E+00  0.000000E+00  0.000000E+00
  0.221587E+01 -0.240535E+00  0.164059E-01  0.000000E+00  0.000000E+00  0.000000E+00  0.000000E+00
  0.169965E+01 -0.178859E+00 -0.773333E-02  0.000000E+00  0.000000E+00  0.000000E+00  0.000000E+00
  0.281249E+01 -0.140542E-01 -0.388559E+00  0.000000E+00  0.000000E+00  0.000000E+00  0.000000E+00
  0.260262E+01 -0.254847E+00  0.197793E-01  0.000000E+00  0.000000E+00  0.000000E+00  0.000000E+00
  0.266309E+01  0.510759E-02  0.422891E+00  0.000000E+00  0.000000E+00  0.000000E+00  0.000000E+00
  0.229527E+01 -0.229745E+00  0.183776E-01  0.000000E+00  0.000000E+00  0.000000E+00  0.000000E+00
  0.194198E+01 -0.249076E+00  0.134193E-02  0.000000E+00  0.000000E+00  0.000000E+00  0.000000E+00
  0.176254E+01 -0.200655E+00  0.451128E-02  0.000000E+00  0.000000E+00  0.000000E+00  0.000000E+00
  0.253033E+01 -0.623315E-02  0.385812E+00  0.000000E+00  0.000000E+00  0.000000E+00  0.000000E+00
  0.209598E+01 -0.242782E+00 -0.134967E-01  0.000000E+00  0.000000E+00  0.000000E+00  0.000000E+00
  0.238353E+01 -0.140636E-02  0.360653E+00  0.000000E+00  0.000000E+00  0.000000E+00  0.000000E+00
  0.209393E+01 -0.264720E+00  0.982935E-02  0.000000E+00  0.000000E+00  0.000000E+00  0.000000E+00
  0.272426E+01  0.397368E+00 -0.114963E-01  0.000000E+00  0.000000E+00  0.000000E+00  0.000000E+00
  0.186325E+01  0.478773E-02 -0.225254E+00  0.000000E+00  0.000000E+00  0.000000E+00  0.000000E+00
  0.197820E+01  0.254803E+00  0.427144E-02  0.000000E+00  0.000000E+00  0.000000E+00  0.000000E+00
  0.250876E+01  0.298339E+00 -0.162695E-01  0.000000E+00  0.000000E+00  0.000000E+00  0.000000E+00
  0.173017E+01 -0.892813E-02 -0.182897E+00  0.000000E+00  0.000000E+00  0.000000E+00  0.000000E+00
  0.239068E+01 -0.360772E+00 -0.278710E-02  0.000000E+00  0.000000E+00  0.000000E+00  0.000000E+00
  0.270087E+01  0.832531E-02 -0.416365E+00  0.000000E+00  0.000000E+00  0.000000E+00  0.000000E+00
  0.267791E+01 -0.115828E-01 -0.386165E+00  0.000000E+00  0.000000E+00  0.000000E+00  0.000000E+00
  0.169793E+01  0.186129E+00  0.317267E-02  0.000000E+00  0.000000E+00  0.000000E+00  0.000000E+00
  0.189090E+01 -0.795260E-02  0.224219E+00  0.000000E+00  0.000000E+00  0.000000E+00  0.000000E+00
  0.201884E+01  0.995064E-02  0.246676E+00  0.000000E+00  0.000000E+00  0.000000E+00  0.000000E+00
  0.228870E+01 -0.332678E+00  0.408754E-02  0.000000E+00  0.000000E+00  0.000000E+00  0.000000E+00
  0.221489E+01 -0.131864E-01  0.270617E+00  0.000000E+00  0.000000E+00  0.000000E+00  0.000000E+00
  0.272926E+01 -0.239507E-02 -0.446691E+00  0.000000E+00  0.000000E+00  0.000000E+00  0.000000E+00
  0.166326E+01  0.174446E+00 -0.552497E-02  0.000000E+00  0.000000E+00  0.000000E+00  0.000000E+00
  0.233237E+01  0.347225E-02  0.344897E+00  0.000000E+00  0.000000E+00  0.000000E+00  0.000000E+00
  0.229910E+01  0.248690E+00  0.170389E-01  0.000000E+00  0.000000E+00  0.000000E+00  0.000000E+00
  0.234790E+01  0.805906E-02 -0.333403E+00  0.000000E+00  0.000000E+00  0.000000E+00  0.000000E+00
  0.227478E+01  0.333618E+00 -0.527099E-03  0.000000E+00  0.000000E+00  0.000000E+00  0.000000E+00
  0.234636E+01 -0.100565E-01  0.322095E+00  0.000000E+00  0.000000E+00  0.000000E+00  0.000000E+00
  0.222081E+01 -0.165865E-01  0.239450E+00  0.000000E+00  0.000000E+00  0.000000E+00  0.000000E+00
  0.220059E+01 -0.224165E+00  0.175586E-01  0.000000E+00  0.000000E+00  0.000000E+00  0.000000E+00
  0.200441E+01  0.109252E-01 -0.238573E+00  0.000000E+00  0.000000E+00  0.000000E+00  0.000000E+00
  0.171710E+01 -0.192201E+00 -0.139588E-02  0.000000E+00  0.000000E+00  0.000000E+00  0.000000E+00
  0.170188E+01  0.174020E+00 -0.965217E-02  0.000000E+00  0.000000E+00  0.000000E+00  0.000000E+00
  0.257597E+01 -0.273610E+00 -0.186168E-01  0.000000E+00  0.000000E+00  0.000000E+00  0.000000E+00
  0.258872E+01  0.385844E+00 -0.894158E-02  0.000000E+00  0.000000E+00  0.000000E+00  0.000000E+00
  0.283430E+01 -0.278117E+00  0.202744E-01  0.000000E+00  0.000000E+00  0.000000E+00  0.000000E+00
  0.256344E+01 -0.958557E-02  0.375685E+00  0.000000E+00  0.000000E+00  0.000000E+00  0.000000E+00
  0.221437E+01  0.157564E-01 -0.247201E+00  0.000000E+00  0.000000E+00  0.000000E+00  0.000000E+00
  0.195105E+01  0.248940E+00  0.371273E-02  0.000000E+00  0.000000E+00  0.000000E+00  0.000000E+00
  0.249138E+01 -0.185590E-01 -0.260316E+00  0.000000E+00  0.000000E+00  0.000000E+00  0.000000E+00
  0.283964E+01 -0.439497E+00 -0.968268E-02  0.000000E+00  0.000000E+00  0.000000E+00  0.000000E+00
  0.169133E+01  0.184090E+00  0.355162E-02  0.000000E+00  0.000000E+00  0.000000E+00  0.000000E+00
  0.187552E+01  0.144526E-01 -0.189800E+00  0.000000E+00  0.000000E+00  0.000000E+00  0.000000E+00
  0.197198E+01 -0.246153E+00  0.719592E-02  0.000000E+00  0.000000E+00  0.000000E+00  0.000000E+00
  0.179415E+01  0.182414E+00 -0.127401E-01  0.000000E+00  0.000000E+00  0.000000E+00  0.000000E+00
  0.216042E+01 -0.233394E+00  0.160747E-01  0.000000E+00  0.000000E+00  0.000000E+00  0.000000E+00
  0.189575E+01  0.471781E-02 -0.233460E+00  0.000000E+00  0.000000E+00  0.000000E+00  0.000000E+00
  0.188182E+01 -0.760561E-02  0.223102E+00  0.000000E+00  0.000000E+00  0.000000E+00  0.000000E+00
  0.166572E+01 -0.170014E+00 -0.801680E-02  0.000000E+00  0.000000E+00  0.000000E+00  0.000000E+00
  0.201418E+01 -0.113065E-01  0.238772E+00  0.000000E+00  0.000000E+00  0.000000E+00  0.000000E+00
  0.213848E+01 -0.162561E-01 -0.227298E+00  0.000000E+00  0.000000E+00  0.000000E+00  0.000000E+00
  0.238282E+01  0.153613E-01 -0.284849E+00  0.000000E+00  0.000000E+00  0.000000E+00  0.000000E+00
  0.173952E+01 -0.430079E-02 -0.195223E+00  0.000000E+00  0.000000E+00  0.000000E+00  0.000000E+00
  0.248752E+01  0.194311E-01  0.243847E+00  0.000000E+00  0.000000E+00  0.000000E+00  0.000000E+00
  0.208567E+01  0.214126E+00  0.165592E-01  0.000000E+00  0.000000E+00  0.000000E+00  0.000000E+00
  0.245773E+01  0.162321E-01 -0.289015E+00  0.000000E+00  0.000000E+00  0.000000E+00  0.000000E+00
  0.240110E+01 -0.351416E+00 -0.691305E-02  0.000000E+00  0.000000E+00  0.000000E+00  0.000000E+00
  0.210269E+01  0.143272E-01 -0.237755E+00  0.000000E+00  0.000000E+00  0.000000E+00  0.000000E+00
  0.189572E+01  0.201867E+00 -0.132030E-01  0.000000E+00  0.000000E+00  0.000000E+00  0.000000E+00
  0.223250E+01 -0.173680E-01 -0.232319E+00  0.000000E+00  0.000000E+00  0.000000E+00  0.000000E+00
  0.248936E+01  0.168890E-01  0.286088E+00  0.000000E+00  0.000000E+00  0.000000E+00  0.000000E+00
  0.265973E+01 -0.318209E+00 -0.168688E-01  0.000000E+00  0.000000E+00  0.000000E+00  0.000000E+00
  0.252271E+01 -0.525104E-02  0.387619E+00  0.000000E+00  0.000000E+00  0.000000E+00  0.000000E+00
  0.252814E+01 -0.292263E+00  0.169618E-01  0.000000E+00  0.000000E+00  0.000000E+00  0.000000E+00
  0.234986E+01  0.274685E+00 -0.156817E-01  0.000000E+00  0.000000E+00  0.000000E+00  0.000000E+00
  0.230183E+01 -0.120318E-01  0.298509E+00  0.000000E+00  0.000000E+00  0.000000E+00  0.000000E+00
  0.277549E+01  0.448596E+00 -0.563880E-02  0.000000E+00  0.000000E+00  0.000000E+00  0.000000E+00
  0.241394E+01  0.242313E+00  0.188514E-01  0.000000E+00  0.000000E+00  0.000000E+00  0.000000E+00
  0.162253E+01  0.167262E+00 -0.309283E-02  0.000000E+00  0.000000E+00  0.000000E+00  0.000000E+00
  0.195985E+01 -0.239797E+00 -0.823225E-02  0.000000E+00  0.000000E+00  0.000000E+00  0.000000E+00
  0.257646E+01 -0.329120E+00  0.149132E-01  0.000000E+00  0.000000E+00  0.000000E+00  0.000000E+00
  0.224457E+01 -0.311452E+00  0.739528E-02  0.000000E+00  0.000000E+00  0.000000E+00  0.000000E+00
  0.218131E+01 -0.301879E+00 -0.569408E-02  0.000000E+00  0.000000E+00  0.000000E+00  0.000000E+00
  0.196825E+01  0.123155E-01 -0.222858E+00  0.000000E+00  0.000000E+00  0.000000E+00  0.000000E+00
  0.237838E+01 -0.186061E-01  0.240394E+00  0.000000E+00  0.000000E+00  0.000000E+00  0.000000E+00
  0.254891E+01 -0.272252E+00  0.184362E-01  0.000000E+00  0.000000E+00  0.000000E+00  0.000000E+00
  0.230350E+01  0.132879E-01  0.288812E+00  0.000000E+00  0.000000E+00  0.000000E+00  0.000000E+00
  0.257023E+01 -0.144227E-01  0.333662E+00  0.000000E+00  0.000000E+00  0.000000E+00  0.000000E+00
  0.220805E+01 -0.100154E-01  0.290264E+00  0.000000E+00  0.000000E+00  0.000000E+00  0.000000E+00
  0.214834E+01 -0.272019E+00 -0.108104E-01  0.000000E+00  0.000000E+00  0.000000E+00  0.000000E+00
  0.187221E+01  0.377964E-02 -0.229107E+00  0.000000E+00  0.000000E+00  0.000000E+00  0.000000E+00
  0.206006E+01  0.119237E-01 -0.245513E+00  0.000000E+00  0.000000E+00  0.000000E+00  0.000000E+00
  0.196159E+01  0.130797E-01  0.216805E+00  0.000000E+00  0.000000E+00  0.000000E+00  0.000000E+00
  0.186725E+01 -0.517332E-02  0.225527E+00  0.000000E+00  0.000000E+00  0.000000E+00  0.000000E+00
  0.167774E+01  0.787303E-02  0.173248E+00  0.000000E+00  0.000000E+00  0.000000E+00  0.000000E+00
  0.242224E+01 -0.354241E+00  0.743453E-02  0.000000E+00  0.000000E+00  0.000000E+00  0.000000E+00
  0.264327E+01 -0.153119E-01  0.337527E+00  0.000000E+00  0.000000E+00  0.000000E+00  0.000000E+00
  0.268049E+01  0.266267E+00  0.198075E-01  0.000000E+00  0.000000E+00  0.000000E+00  0.000000E+00
  0.283421E+01 -0.182910E-01  0.324027E+00  0.000000E+00  0.000000E+00  0.000000E+00  0.000000E+00
  0.284082E+01 -0.160662E+00 -0.977660E-01  0.000000E+00  0.000000E+00  0.000000E+00  0.000000E+00
  0.284082E+01 -0.111083E-01 -0.184100E+00  0.000000E+00  0.000000E+00  0.000000E+00  0.000000E+00
  0.284082E+01 -0.937188E-02 -0.154240E+00  0.000000E+00  0.000000E+00  0.000000E+00  0.000000E+00
  0.284082E+01 -0.157781E+00  0.177824E+00  0.000000E+00  0.000000E+00  0.000000E+00  0.000000E+00
  0.284082E+01 -0.228786E+00 -0.122086E-01  0.000000E+00  0.000000E+00  0.000000E+00  0.000000E+00
  0.284082E+01 -0.171211E+00 -0.262574E-01  0.000000E+00  0.000000E+00  0.000000E+00  0.000000E+00
  0.284082E+01 -0.676638E-01 -0.183959E+00  0.000000E+00  0.000000E+00  0.000000E+00  0.000000E+00
  0.284082E+01 -0.627861E-02  0.321345E-01  0.000000E+00  0.000000E+00  0.000000E+00  0.000000E+00
  0.284082E+01  0.799964E-01  0.607898E-01  0.000000E+00  0.000000E+00  0.000000E+00  0.000000E+00
  0.284082E+01  0.483783E-02  0.388189E-01  0.000000E+00  0.000000E+00  0.000000E+00  0.000000E+00
  0.284082E+01  0.138613E-01 -0.199854E+00  0.000000E+00  0.000000E+00  0.000000E+00  0.000000E+00
  0.284082E+01 -0.110378E+00 -0.223728E+00  0.000000E+00  0.000000E+00  0.000000E+00  0.000000E+00
  0.284082E+01 -0.177372E-01  0.132388E-01  0.000000E+00  0.000000E+00  0.000000E+00  0.000000E+00
  0.284082E+01  0.190159E+00 -0.564080E-01  0.000000E+00  0.000000E+00  0.000000E+00  0.000000E+00
  0.284082E+01  0.121472E+00  0.358896E-01  0.000000E+00  0.000000E+00  0.000000E+00  0.000000E+00
  0.284082E+01 -0.106940E+00 -0.224013E+00  0.000000E+00  0.000000E+00  0.000000E+00  0.000000E+00
  0.284082E+01 -0.146227E+00 -0.584878E-01  0.000000E+00  0.000000E+00  0.000000E+00  0.000000E+00
  0.284082E+01  0.100840E+00 -0.303394E-01  0.000000E+00  0.000000E+00  0.000000E+00  0.000000E+00
  0.284082E+01  0.319630E-01 -0.432061E-01  0.000000E+00  0.000000E+00  0.000000E+00  0.000000E+00
  0.284082E+01 -0.394712E-01 -0.236353E+00  0.000000E+00  0.000000E+00  0.000000E+00  0.000000E+00
  0.284082E+01 -0.174109E-01 -0.571011E-01  0.000000E+00  0.000000E+00  0.000000E+00  0.000000E+00
  0.284082E+01 -0.392835E-01  0.102741E-01  0.000000E+00  0.000000E+00  0.000000E+00  0.000000E+00
  0.284082E+01 -0.221314E+00  0.246292E-01  0.000000E+00  0.000000E+00  0.000000E+00  0.000000E+00
  0.284082E+01  0.178307E+00 -0.150880E-01  0.000000E+00  0.000000E+00  0.000000E+00  0.000000E+00
  0.284082E+01  0.164732E+00  0.140525E+00  0.000000E+00  0.000000E+00  0.000000E+00  0.000000E+00
  0.284082E+01 -0.208681E+00 -0.481369E-01  0.000000E+00  0.000000E+00  0.000000E+00  0.000000E+00
  0.284082E+01 -0.228397E+00 -0.190550E-01  0.000000E+00  0.000000E+00  0.000000E+00  0.000000E+00
  0.284082E+01 -0.394148E-01  0.341709E-01  0.000000E+00  0.000000E+00  0.000000E+00  0.000000E+00
  0.284082E+01  0.144166E-01 -0.180097E-01  0.000000E+00  0.000000E+00  0.000000E+00  0.000000E+00
  0.284082E+01  0.169366E+00 -0.618556E-01  0.000000E+00  0.000000E+00  0.000000E+00  0.000000E+00
  0.284082E+01 -0.115978E+00 -0.107404E+00  0.000000E+00  0.000000E+00  0.000000E+00  0.000000E+00
  0.284082E+01 -0.177140E+00  0.689942E-01  0.000000E+00  0.000000E+00  0.000000E+00  0.000000E+00
  0.284082E+01  0.292751E-03  0.192909E-03  0.000000E+00  0.000000E+00  0.000000E+00  0.000000E+00
  0.284082E+01  0.747703E-01 -0.225864E+00  0.000000E+00  0.000000E+00  0.000000E+00  0.000000E+00
  0.284082E+01 -0.299947E-01  0.576283E-01  0.000000E+00  0.000000E+00  0.000000E+00  0.000000E+00
  0.284082E+01 -0.203895E-01 -0.964240E-01  0.000000E+00  0.000000E+00  0.000000E+00  0.000000E+00
  0.284082E+01 -0.110968E+00  0.103886E+00  0.000000E+00  0.000000E+00  0.000000E+00  0.000000E+00
  0.284082E+01  0.913109E-01  0.221483E+00  0.000000E+00  0.000000E+00  0.000000E+00  0.000000E+00
  0.284082E+01 -0.460640E-01  0.125350E+00  0.000000E+00  0.000000E+00  0.000000E+00  0.000000E+00
  0.284082E+01  0.185524E+00 -0.860000E-01  0.000000E+00  0.000000E+00  0.000000E+00  0.000000E+00
  0.284082E+01  0.497723E-02 -0.129859E+00  0.000000E+00  0.000000E+00  0.000000E+00  0.000000E+00
  0.284082E+01  0.493518E-01  0.136761E+00  0.000000E+00  0.000000E+00  0.000000E+00  0.000000E+00
  0.284082E+01 -0.104796E+00 -0.536083E-01  0.000000E+00  0.000000E+00  0.000000E+00  0.000000E+00
  0.284082E+01  0.558394E-01  0.127081E+00  0.000000E+00  0.000000E+00  0.000000E+00  0.000000E+00
  0.284082E+01 -0.967684E-01 -0.212419E+00  0.000000E+00  0.000000E+00  0.000000E+00  0.000000E+00
  0.284082E+01 -0.190588E+00 -0.105346E-01  0.000000E+00  0.000000E+00  0.000000E+00  0.000000E+00
  0.284082E+01  0.444180E-01 -0.514540E-01  0.000000E+00  0.000000E+00  0.000000E+00  0.000000E+00
  0.284082E+01 -0.159066E+00  0.899820E-01  0.000000E+00  0.000000E+00  0.000000E+00  0.000000E+00
  0.284082E+01 -0.148445E-01  0.143601E+00  0.000000E+00  0.000000E+00  0.000000E+00  0.000000E+00
  0.284082E+01 -0.244927E+00 -0.199083E-01  0.000000E+00  0.000000E+00  0.000000E+00  0.000000E+00
  0.284082E+01  0.153844E-02  0.821796E-02  0.000000E+00  0.000000E+00  0.000000E+00  0.000000E+00
  0.284082E+01 -0.445081E-01  0.793503E-01  0.000000E+00  0.000000E+00  0.000000E+00  0.000000E+00
  0.284082E+01  0.178125E+00  0.157786E+00  0.000000E+00  0.000000E+00  0.000000E+00  0.000000E+00
  0.284082E+01  0.395728E-01  0.406175E-01  0.000000E+00  0.000000E+00  0.000000E+00  0.000000E+00
  0.284082E+01 -0.463924E-02  0.148833E+00  0.000000E+00  0.000000E+00  0.000000E+00  0.000000E+00
  0.284082E+01 -0.233055E+00  0.671345E-01  0.000000E+00  0.000000E+00  0.000000E+00  0.000000E+00
  0.284082E+01 -0.116637E+00  0.174142E+00  0.000000E+00  0.000000E+00  0.000000E+00  0.000000E+00
  0.284082E+01  0.379241E-01 -0.298934E-02  0.000000E+00  0.000000E+00  0.000000E+00  0.000000E+00
  0.284082E+01 -0.145903E+00  0.133370E+00  0.000000E+00  0.000000E+00  0.000000E+00  0.000000E+00
  0.284082E+01  0.186284E+00  0.115334E+00  0.000000E+00  0.000000E+00  0.000000E+00  0.000000E+00
  0.284082E+01  0.544806E-01  0.164226E+00  0.000000E+00  0.000000E+00  0.000000E+00  0.000000E+00
  0.284082E+01  0.278447E-01 -0.236559E+00  0.000000E+00  0.000000E+00  0.000000E+00  0.000000E+00
  0.284082E+01  0.138921E+00  0.497881E-01  0.000000E+00  0.000000E+00  0.000000E+00  0.000000E+00
  0.284082E+01 -0.134819E+00  0.192702E+00  0.000000E+00  0.000000E+00  0.000000E+00  0.000000E+00
  0.284082E+01  0.121664E+00 -0.126008E-02  0.000000E+00  0.000000E+00  0.000000E+00  0.000000E+00
  0.284082E+01  0.148408E+00 -0.493156E-01  0.000000E+00  0.000000E+00  0.000000E+00  0.000000E+00
  0.284082E+01 -0.109020E+00 -0.823726E-01  0.000000E+00  0.000000E+00  0.000000E+00  0.000000E+00
  0.284082E+01 -0.872613E-01  0.619548E-02  0.000000E+00  0.000000E+00  0.000000E+00  0.000000E+00
  0.284082E+01 -0.555241E-01 -0.214975E-01  0.000000E+00  0.000000E+00  0.000000E+00  0.000000E+00
  0.284082E+01  0.224732E-01 -0.211434E-01  0.000000E+00  0.000000E+00  0.000000E+00  0.000000E+00
  0.284082E+01  0.810498E-01  0.105143E-01  0.000000E+00  0.000000E+00  0.000000E+00  0.000000E+00
  0.284082E+01 -0.849302E-01  0.313708E-01  0.000000E+00  0.000000E+00  0.000000E+00  0.000000E+00
  0.284082E+01 -0.569107E-01  0.516579E-01  0.000000E+00  0.000000E+00  0.000000E+00  0.000000E+00
  0.284082E+01 -0.601753E-02 -0.411834E-02  0.000000E+00  0.000000E+00  0.000000E+00  0.000000E+00
  0.284082E+01 -0.811506E-01 -0.126469E+00  0.000000E+00  0.000000E+00  0.000000E+00  0.000000E+00
  0.284082E+01 -0.221477E+00  0.106882E+00  0.000000E+00  0.000000E+00  0.000000E+00  0.000000E+00
  0.284082E+01  0.870695E-01  0.451474E-01  0.000000E+00  0.000000E+00  0.000000E+00  0.000000E+00
  0.284082E+01  0.681399E-01 -0.115450E+00  0.000000E+00  0.000000E+00  0.000000E+00  0.000000E+00
  0.284082E+01  0.203271E+00  0.488049E-01  0.000000E+00  0.000000E+00  0.000000E+00  0.000000E+00
  0.284082E+01  0.120861E-01  0.668415E-02  0.000000E+00  0.000000E+00  0.000000E+00  0.000000E+00
  0.284082E+01 -0.158783E+00  0.531504E-01  0.000000E+00  0.000000E+00  0.000000E+00  0.000000E+00
  0.284082E+01  0.103196E-01  0.643497E-01  0.000000E+00  0.000000E+00  0.000000E+00  0.000000E+00
  0.284082E+01 -0.164724E+00  0.109901E+00  0.000000E+00  0.000000E+00  0.000000E+00  0.000000E+00
  0.284082E+01 -0.990615E-01  0.328536E-01  0.000000E+00  0.000000E+00  0.000000E+00  0.000000E+00
  0.284082E+01  0.934312E-02 -0.197065E+00  0.000000E+00  0.000000E+00  0.000000E+00  0.000000E+00
  0.284082E+01 -0.659097E-01 -0.652422E-01  0.000000E+00  0.000000E+00  0.000000E+00  0.000000E+00
  0.284082E+01  0.156047E-01  0.919792E-01  0.000000E+00  0.000000E+00  0.000000E+00  0.000000E+00
  0.284082E+01 -0.839546E-01  0.363222E-01  0.000000E+00  0.000000E+00  0.000000E+00  0.000000E+00
  0.284082E+01  0.333439E-02  0.170069E+00  0.000000E+00  0.000000E+00  0.000000E+00  0.000000E+00
  0.284082E+01 -0.719884E-01  0.133905E+00  0.000000E+00  0.000000E+00  0.000000E+00  0.000000E+00
  0.284082E+01 -0.589197E-01  0.241675E+00  0.000000E+00  0.000000E+00  0.000000E+00  0.000000E+00
  0.284082E+01 -0.380655E-02 -0.280491E-01  0.000000E+00  0.000000E+00  0.000000E+00  0.000000E+00
  0.284082E+01 -0.171180E+00 -0.848619E-01  0.000000E+00  0.000000E+00  0.000000E+00  0.000000E+00
  0.284082E+01  0.159856E+00  0.684342E-01  0.000000E+00  0.000000E+00  0.000000E+00  0.000000E+00
  0.284082E+01  0.589224E-01  0.131855E+00  0.000000E+00  0.000000E+00  0.000000E+00  0.000000E+00
  0.284082E+01 -0.118773E-01 -0.138850E-01  0.000000E+00  0.000000E+00  0.000000E+00  0.000000E+00
  0.284082E+01  0.443663E-01  0.155593E+00  0.000000E+00  0.000000E+00  0.000000E+00  0.000000E+00
  0.284082E+01  0.112329E+00 -0.586976E-01  0.000000E+00  0.000000E+00  0.000000E+00  0.000000E+00
  0.284082E+01 -0.258184E-01  0.699149E-01  0.000000E+00  0.000000E+00  0.000000E+00  0.000000E+00
  0.284082E+01 -0.398968E-01 -0.642577E-01  0.000000E+00  0.000000E+00  0.000000E+00  0.000000E+00
