  0.234993E+01  0.161969E-01  0.268682E+00  0.000000E+00  0.000000E+00  0.000000E+00  0.000000E+00
  0.212728E+01  0.271502E+00  0.100203E-01  0.000000E+00  0.000000E+00  0.000000E+00  0.000000E+00
  0.262427E+01 -0.389074E+00  0.970399E-02  0.000000E+00  0.000000E+00  0.000000E+00  0.000000E+00
  0.259843E+01  0.312113E+00  0.165094E-01  0.000000E+00  0.000000E+00  0.000000E+00  0.000000E+00
  0.282759E+01 -0.202751E-01  0.277104E+00  0.000000E+00  0.000000E+00  0.000000E+00  0.000000E+00
  0.277799E+01 -0.170149E-01  0.337824E+00  0.000000E+00  0.000000E+00  0.000000E+00  0.000000E+00
  0.257782E+01 -0.343027E+00  0.137257E-01  0.000000E+00  0.000000E+00  0.000000E+00  0.000000E+00
  0.248106E+01 -0.366357E+00  0.785853E-02  0.000000E+00  0.000000E+00  0.000000E+00  0.000000E+00
  0.264370E+01  0.165228E-01  0.320518E+00  0.000000E+00  0.000000E+00  0.000000E+00  0.000000E+00
  0.229979E+01  0.128953E-01  0.291300E+00  0.000000E+00  0.000000E+00  0.000000E+00  0.000000E+00
  0.169863E+01 -0.312205E-02  0.186353E+00  0.000000E+00  0.000000E+00  0.000000E+00  0.000000E+00
  0.271669E+01  0.227373E-02  0.443726E+00  0.000000E+00  0.000000E+00  0.000000E+00  0.000000E+00
  0.277082E+01  0.129513E-01  0.392844E+00  0.000000E+00  0.000000E+00  0.000000E+00  0.000000E+00
  0.242729E+01 -0.357075E+00  0.707739E-02  0.000000E+00  0.000000E+00  0.000000E+00  0.000000E+00
  0.215733E+01  0.274861E+00  0.106736E-01  0.000000E+00  0.000000E+00  0.000000E+00  0.000000E+00
  0.168017E+01  0.181856E+00  0.296571E-02  0.000000E+00  0.000000E+00  0.000000E+00  0.000000E+00
  0.174176E+01  0.198385E+00  0.150022E-02  0.000000E+00  0.000000E+00  0.000000E+00  0.000000E+00
  0.175058E+01  0.177388E+00  0.117516E-01  0.000000E+00  0.000000E+00  0.000000E+00  0.000000E+00
  0.268415E+01  0.266433E+00  0.198250E-01  0.000000E+00  0.000000E+00  0.000000E+00  0.000000E+00
  0.226942E+01 -0.331789E+00  0.143162E-02  0.000000E+00  0.000000E+00  0.000000E+00  0.000000E+00
  0.183018E+01 -0.524231E-02  0.216214E+00  0.000000E+00  0.000000E+00  0.000000E+00  0.000000E+00
  0.224154E+01 -0.484751E-02  0.319102E+00  0.000000E+00  0.000000E+00  0.000000E+00  0.000000E+00
  0.207192E+01  0.282060E+00  0.110087E-02  0.000000E+00  0.000000E+00  0.000000E+00  0.000000E+00
  0.191001E+01  0.112054E-01  0.215741E+00  0.000000E+00  0.000000E+00  0.000000E+00  0.000000E+00
  0.282795E+01  0.193034E-01  0.301042E+00  0.000000E+00  0.000000E+00  0.000000E+00  0.000000E+00
  0.280024E+01 -0.446474E+00  0.728483E-02  0.000000E+00  0.000000E+00  0.000000E+00  0.000000E+00
  0.251287E+01 -0.186661E-01  0.262080E+00  0.000000E+00  0.000000E+00  0.000000E+00  0.000000E+00
  0.276892E+01  0.332970E+00  0.171991E-01  0.000000E+00  0.000000E+00  0.000000E+00  0.000000E+00
  0.213660E+01 -0.249118E+00  0.137948E-01  0.000000E+00  0.000000E+00  0.000000E+00  0.000000E+00
  0.254990E+01 -0.143783E-01  0.329961E+00  0.000000E+00  0.000000E+00  0.000000E+00  0.000000E+00
  0.236246E+01 -0.249950E+00  0.177965E-01  0.000000E+00  0.000000E+00  0.000000E+00  0.000000E+00
  0.241157E+01 -0.278670E+00  0.163473E-01  0.000000E+00  0.000000E+00  0.000000E+00  0.000000E+00
  0.217132E+01  0.297395E+00  0.635554E-02  0.000000E+00  0.000000E+00  0.000000E+00  0.000000E+00
  0.179942E+01 -0.343014E-02  0.211324E+00  0.000000E+00  0.000000E+00  0.000000E+00  0.000000E+00
  0.187637E+01 -0.222764E+00  0.726980E-02  0.000000E+00  0.000000E+00  0.000000E+00  0.000000E+00
  0.213403E+01 -0.864751E-03  0.297881E+00  0.000000E+00  0.000000E+00  0.000000E+00  0.000000E+00
  0.282447E+01  0.196097E-01  0.293304E+00  0.000000E+00  0.000000E+00  0.000000E+00  0.000000E+00
  0.269265E+01 -0.150962E-01  0.350314E+00  0.000000E+00  0.000000E+00  0.000000E+00  0.000000E+00
  0.220573E+01  0.310100E+00  0.489065E-02  0.000000E+00  0.000000E+00  0.000000E+00  0.000000E+00
  0.183774E+01 -0.201709E+00  0.106700E-01  0.000000E+00  0.000000E+00  0.000000E+00  0.000000E+00
  0.239296E+01 -0.345041E+00  0.788756E-02  0.000000E+00  0.000000E+00  0.000000E+00  0.000000E+00
  0.218735E+01  0.166550E-01  0.232350E+00  0.000000E+00  0.000000E+00  0.000000E+00  0.000000E+00
  0.204787E+01 -0.913881E-02  0.257125E+00  0.000000E+00  0.000000E+00  0.000000E+00  0.000000E+00
  0.211834E+01  0.240420E+00  0.143975E-01  0.000000E+00  0.000000E+00  0.000000E+00  0.000000E+00
  0.197343E+01 -0.114864E-01  0.228621E+00  0.000000E+00  0.000000E+00  0.000000E+00  0.000000E+00
  0.222907E+01 -0.312314E+00  0.612171E-02  0.000000E+00  0.000000E+00  0.000000E+00  0.000000E+00
  0.206557E+01 -0.219219E+00  0.156163E-01  0.000000E+00  0.000000E+00  0.000000E+00  0.000000E+00
  0.264917E+01  0.424858E+00  0.324288E-02  0.000000E+00  0.000000E+00  0.000000E+00  0.000000E+00
  0.240603E+01 -0.341192E-02  0.363489E+00  0.000000E+00  0.000000E+00  0.000000E+00  0.000000E+00
  0.168970E+01  0.563243E-02  0.180792E+00  0.000000E+00  0.000000E+00  0.000000E+00  0.000000E+00
  0.204403E+01 -0.178143E-02  0.274572E+00  0.000000E+00  0.000000E+00  0.000000E+00  0.000000E+00
  0.235824E+01  0.314644E+00  0.115556E-01  0.000000E+00  0.000000E+00  0.000000E+00  0.000000E+00
  0.242802E+01 -0.359647E+00  0.650772E-02  0.000000E+00  0.000000E+00  0.000000E+00  0.000000E+00
  0.210017E+01 -0.246995E+00  0.130389E-01  0.000000E+00  0.000000E+00  0.000000E+00  0.000000E+00
  0.229509E+01  0.186017E-01  0.226377E+00  0.000000E+00  0.000000E+00  0.000000E+00  0.000000E+00
  0.244957E+01 -0.769380E-02  0.359602E+00  0.000000E+00  0.000000E+00  0.000000E+00  0.000000E+00
  0.244646E+01  0.371071E+00  0.447305E-02  0.000000E+00  0.000000E+00  0.000000E+00  0.000000E+00
  0.168066E+01 -0.181144E+00  0.380118E-02  0.000000E+00  0.000000E+00  0.000000E+00  0.000000E+00
  0.243323E+01  0.186249E-01  0.249356E+00  0.000000E+00  0.000000E+00  0.000000E+00  0.000000E+00
  0.179309E+01 -0.188151E+00  0.114672E-01  0.000000E+00  0.000000E+00  0.000000E+00  0.000000E+00
  0.270135E+01  0.282209E+00  0.192317E-01  0.000000E+00  0.000000E+00  0.000000E+00  0.000000E+00
  0.214014E+01  0.141802E-01  0.246747E+00  0.000000E+00  0.000000E+00  0.000000E+00  0.000000E+00
  0.199850E+01 -0.185217E-03  0.263737E+00  0.000000E+00  0.000000E+00  0.000000E+00  0.000000E+00
  0.202674E+01  0.270556E+00  0.124995E-02  0.000000E+00  0.000000E+00  0.000000E+00  0.000000E+00
  0.184663E+01  0.188982E+00  0.136102E-01  0.000000E+00  0.000000E+00  0.000000E+00  0.000000E+00
  0.231437E+01  0.301156E+00  0.120497E-01  0.000000E+00  0.000000E+00  0.000000E+00  0.000000E+00
  0.245047E+01 -0.151682E-01  0.300614E+00  0.000000E+00  0.000000E+00  0.000000E+00  0.000000E+00
  0.203650E+01  0.230924E+00  0.133794E-01  0.000000E+00  0.000000E+00  0.000000E+00  0.000000E+00
  0.280504E+01 -0.467614E+00  0.935603E-03  0.000000E+00  0.000000E+00  0.000000E+00  0.000000E+00
  0.240873E+01 -0.102034E-01  0.335594E+00  0.000000E+00  0.000000E+00  0.000000E+00  0.000000E+00
  0.235829E+01  0.288868E+00  0.145185E-01  0.000000E+00  0.000000E+00  0.000000E+00  0.000000E+00
  0.215532E+01 -0.892382E-02  0.283457E+00  0.000000E+00  0.000000E+00  0.000000E+00  0.000000E+00
  0.208610E+01 -0.126567E-01  0.246574E+00  0.000000E+00  0.000000E+00  0.000000E+00  0.000000E+00
  0.254359E+01  0.727517E-03  0.401580E+00  0.000000E+00  0.000000E+00  0.000000E+00  0.000000E+00
  0.177290E+01 -0.206211E+00  0.158517E-02  0.000000E+00  0.000000E+00  0.000000E+00  0.000000E+00
  0.263578E+01 -0.344335E+00  0.146598E-01  0.000000E+00  0.000000E+00  0.000000E+00  0.000000E+00
  0.201078E+01  0.185026E-03  0.266847E+00  0.000000E+00  0.000000E+00  0.000000E+00  0.000000E+00
  0.171851E+01  0.192388E+00  0.174244E-02  0.000000E+00  0.000000E+00  0.000000E+00  0.000000E+00
  0.222912E+01 -0.702100E-02  0.309167E+00  0.000000E+00  0.000000E+00  0.000000E+00  0.000000E+00
  0.226322E+01  0.486344E-02  0.324446E+00  0.000000E+00  0.000000E+00  0.000000E+00  0.000000E+00
  0.212413E+01  0.279256E+00  0.818642E-02  0.000000E+00  0.000000E+00  0.000000E+00  0.000000E+00
  0.251542E+01 -0.279601E+00  0.176419E-01  0.000000E+00  0.000000E+00  0.000000E+00  0.000000E+00
  0.271118E+01 -0.697418E-03  0.444007E+00  0.000000E+00  0.000000E+00  0.000000E+00  0.000000E+00
  0.221519E+01  0.312717E+00  0.478444E-02  0.000000E+00  0.000000E+00  0.000000E+00  0.000000E+00
  0.242164E+01  0.338373E+00  0.102344E-01  0.000000E+00  0.000000E+00  0.000000E+00  0.000000E+00
  0.278110E+01  0.412839E+00  0.112106E-01  0.000000E+00  0.000000E+00  0.000000E+00  0.000000E+00
  0.249201E+01 -0.279397E+00  0.173800E-01  0.000000E+00  0.000000E+00  0.000000E+00  0.000000E+00
  0.188113E+01 -0.366783E-02  0.231497E+00  0.000000E+00  0.000000E+00  0.000000E+00  0.000000E+00
  0.273751E+01 -0.331984E+00  0.169148E-01  0.000000E+00  0.000000E+00  0.000000E+00  0.000000E+00
  0.232424E+01 -0.275548E+00  0.151362E-01  0.000000E+00  0.000000E+00  0.000000E+00  0.000000E+00
  0.248804E+01 -0.139452E-01  0.321768E+00  0.000000E+00  0.000000E+00  0.000000E+00  0.000000E+00
  0.227025E+01 -0.119699E-01  0.291952E+00  0.000000E+00  0.000000E+00  0.000000E+00  0.000000E+00
  0.210301E+01  0.971682E-02  0.267387E+00  0.000000E+00  0.000000E+00  0.000000E+00  0.000000E+00
  0.213465E+01 -0.229340E+00  0.159800E-01  0.000000E+00  0.000000E+00  0.000000E+00  0.000000E+00
  0.171277E+01 -0.389241E-04  0.191404E+00  0.000000E+00  0.000000E+00  0.000000E+00  0.000000E+00
  0.175377E+01 -0.189599E+00  0.855620E-02  0.000000E+00  0.000000E+00  0.000000E+00  0.000000E+00
  0.226032E+01 -0.264193E+00  0.149831E-01  0.000000E+00  0.000000E+00  0.000000E+00  0.000000E+00
  0.185060E+01  0.225537E+00  0.205031E-02  0.000000E+00  0.000000E+00  0.000000E+00  0.000000E+00
  0.165511E+01  0.176361E+00  0.177353E-02  0.000000E+00  0.000000E+00  0.000000E+00  0.000000E+00
  0.205193E+01  0.258710E+00  0.899330E-02  0.000000E+00  0.000000E+00  0.000000E+00  0.000000E+00
  0.199480E+01 -0.262249E+00  0.162798E-02  0.000000E+00  0.000000E+00  0.000000E+00  0.000000E+00
  0.164272E+01 -0.294121E-02  0.172463E+00  0.000000E+00  0.000000E+00  0.000000E+00  0.000000E+00
  0.251391E+01  0.660371E-02  0.380232E+00  0.000000E+00  0.000000E+00  0.000000E+00  0.000000E+00
  0.211316E+01 -0.908977E-02  0.272735E+00  0.000000E+00  0.000000E+00  0.000000E+00  0.000000E+00
  0.210738E+01 -0.715646E-02  0.279119E+00  0.000000E+00  0.000000E+00  0.000000E+00  0.000000E+00
  0.168108E+01 -0.181965E+00  0.310195E-02  0.000000E+00  0.000000E+00  0.000000E+00  0.000000E+00
  0.217609E+01 -0.134294E-01  0.260384E+00  0.000000E+00  0.000000E+00  0.000000E+00  0.000000E+00
  0.260502E+01  0.124870E-01  0.361519E+00  0.000000E+00  0.000000E+00  0.000000E+00  0.000000E+00
  0.198753E+01 -0.848484E-02  0.245477E+00  0.000000E+00  0.000000E+00  0.000000E+00  0.000000E+00
  0.259456E+01  0.179523E-01  0.288578E+00  0.000000E+00  0.000000E+00  0.000000E+00  0.000000E+00
  0.208921E+01  0.283495E+00  0.373376E-02  0.000000E+00  0.000000E+00  0.000000E+00  0.000000E+00
  0.242000E+01 -0.305668E+00  0.141245E-01  0.000000E+00  0.000000E+00  0.000000E+00  0.000000E+00
  0.194302E+01  0.213605E+00  0.129470E-01  0.000000E+00  0.000000E+00  0.000000E+00  0.000000E+00
  0.246108E+01 -0.236073E-03  0.380844E+00  0.000000E+00  0.000000E+00  0.000000E+00  0.000000E+00
  0.173317E+01  0.185392E+00  0.830994E-02  0.000000E+00  0.000000E+00  0.000000E+00  0.000000E+00
  0.273689E+01 -0.341204E+00  0.163333E-01  0.000000E+00  0.000000E+00  0.000000E+00  0.000000E+00
  0.220401E+01 -0.313725E+00  0.284466E-02  0.000000E+00  0.000000E+00  0.000000E+00  0.000000E+00
  0.212967E+01  0.161929E-01  0.226244E+00  0.000000E+00  0.000000E+00  0.000000E+00  0.000000E+00
  0.248265E+01 -0.343225E+00  0.114744E-01  0.000000E+00  0.000000E+00  0.000000E+00  0.000000E+00
  0.195107E+01  0.244859E+00  0.580394E-02  0.000000E+00  0.000000E+00  0.000000E+00  0.000000E+00
  0.232791E+01 -0.440182E-02  0.341721E+00  0.000000E+00  0.000000E+00  0.000000E+00  0.000000E+00
  0.246407E+01  0.168504E-01  0.281906E+00  0.000000E+00  0.000000E+00  0.000000E+00  0.000000E+00
  0.231768E+01  0.249869E-02  0.342828E+00  0.000000E+00  0.000000E+00  0.000000E+00  0.000000E+00
  0.204801E+01 -0.237112E+00  0.128315E-01  0.000000E+00  0.000000E+00  0.000000E+00  0.000000E+00
  0.171722E+01  0.113048E-02  0.192334E+00  0.000000E+00  0.000000E+00  0.000000E+00  0.000000E+00
  0.268342E+01  0.436229E+00  0.162263E-02  0.000000E+00  0.000000E+00  0.000000E+00  0.000000E+00
  0.179600E+01  0.203360E+00  0.724464E-02  0.000000E+00  0.000000E+00  0.000000E+00  0.000000E+00
  0.276175E+01  0.401091E+00  0.119805E-01  0.000000E+00  0.000000E+00  0.000000E+00  0.000000E+00
  0.166516E+01  0.173844E+00  0.614669E-02  0.000000E+00  0.000000E+00  0.000000E+00  0.000000E+00
  0.248531E+01 -0.246740E+00  0.192596E-01  0.000000E+00  0.000000E+00  0.000000E+00  0.000000E+00
  0.257319E+01  0.309435E+00  0.163609E-01  0.000000E+00  0.000000E+00  0.000000E+00  0.000000E+00
  0.194479E+01 -0.228065E+00  0.102702E-01  0.000000E+00  0.000000E+00  0.000000E+00  0.000000E+00
  0.211090E+01 -0.151647E-01  0.232304E+00  0.000000E+00  0.000000E+00  0.000000E+00  0.000000E+00
  0.193523E+01  0.197153E+00  0.151373E-01  0.000000E+00  0.000000E+00  0.000000E+00  0.000000E+00
  0.182791E+01  0.213794E+00  0.614213E-02  0.000000E+00  0.000000E+00  0.000000E+00  0.000000E+00
  0.223764E+01  0.322377E+00  0.271135E-02  0.000000E+00  0.000000E+00  0.000000E+00  0.000000E+00
  0.254866E+01 -0.227242E-02  0.401363E+00  0.000000E+00  0.000000E+00  0.000000E+00  0.000000E+00
  0.276297E+01  0.269583E+00  0.201939E-01  0.000000E+00  0.000000E+00  0.000000E+00  0.000000E+00
  0.179818E+01  0.202427E+00  0.778800E-02  0.000000E+00  0.000000E+00  0.000000E+00  0.000000E+00
  0.243603E+01 -0.254813E+00  0.183215E-01  0.000000E+00  0.000000E+00  0.000000E+00  0.000000E+00
  0.260790E+01 -0.337375E+00  0.147618E-01  0.000000E+00  0.000000E+00  0.000000E+00  0.000000E+00
  0.224680E+01 -0.230809E-02  0.325215E+00  0.000000E+00  0.000000E+00  0.000000E+00  0.000000E+00
  0.249266E+01 -0.386514E+00  0.273986E-02  0.000000E+00  0.000000E+00  0.000000E+00  0.000000E+00
  0.272604E+01  0.111582E-01  0.400849E+00  0.000000E+00  0.000000E+00  0.000000E+00  0.000000E+00
  0.177262E+01  0.200898E+00  0.581200E-02  0.000000E+00  0.000000E+00  0.000000E+00  0.000000E+00
  0.239086E+01 -0.106625E-01  0.328403E+00  0.000000E+00  0.000000E+00  0.000000E+00  0.000000E+00
  0.170316E+01  0.188197E+00  0.225937E-02  0.000000E+00  0.000000E+00  0.000000E+00  0.000000E+00
  0.221532E+01 -0.248741E+00  0.156246E-01  0.000000E+00  0.000000E+00  0.000000E+00  0.000000E+00
  0.233495E+01 -0.113837E-01  0.310655E+00  0.000000E+00  0.000000E+00  0.000000E+00  0.000000E+00
  0.230514E+01 -0.703204E-02  0.327595E+00  0.000000E+00  0.000000E+00  0.000000E+00  0.000000E+00
  0.252874E+01 -0.180334E-01  0.275641E+00  0.000000E+00  0.000000E+00  0.000000E+00  0.000000E+00
  0.243148E+01 -0.780174E-02  0.354719E+00  0.000000E+00  0.000000E+00  0.000000E+00  0.000000E+00
  0.244017E+01  0.137751E-01  0.313410E+00  0.000000E+00  0.000000E+00  0.000000E+00  0.000000E+00
  0.259810E+01  0.668039E-02  0.400440E+00  0.000000E+00  0.000000E+00  0.000000E+00  0.000000E+00
  0.225683E+01 -0.598311E-02  0.319582E+00  0.000000E+00  0.000000E+00  0.000000E+00  0.000000E+00
  0.210958E+01 -0.243910E+00  0.137301E-01  0.000000E+00  0.000000E+00  0.000000E+00  0.000000E+00
  0.236474E+01 -0.336232E+00  0.830343E-02  0.000000E+00  0.000000E+00  0.000000E+00  0.000000E+00
  0.171044E+01 -0.178024E+00  0.899889E-02  0.000000E+00  0.000000E+00  0.000000E+00  0.000000E+00
  0.210836E+01  0.256614E+00  0.118675E-01  0.000000E+00  0.000000E+00  0.000000E+00  0.000000E+00
  0.244220E+01  0.284895E+00  0.163198E-01  0.000000E+00  0.000000E+00  0.000000E+00  0.000000E+00
  0.221269E+01  0.303318E-02  0.315624E+00  0.000000E+00  0.000000E+00  0.000000E+00  0.000000E+00
  0.249193E+01  0.256682E+00  0.187726E-01  0.000000E+00  0.000000E+00  0.000000E+00  0.000000E+00
  0.214726E+01 -0.233391E+00  0.158193E-01  0.000000E+00  0.000000E+00  0.000000E+00  0.000000E+00
  0.232886E+01  0.773569E-02  0.330335E+00  0.000000E+00  0.000000E+00  0.000000E+00  0.000000E+00
  0.217591E+01  0.560605E-02  0.300801E+00  0.000000E+00  0.000000E+00  0.000000E+00  0.000000E+00
  0.279068E+01  0.100773E-01  0.424914E+00  0.000000E+00  0.000000E+00  0.000000E+00  0.000000E+00
  0.244929E+01  0.293203E-02  0.375265E+00  0.000000E+00  0.000000E+00  0.000000E+00  0.000000E+00
  0.261421E+01  0.145764E-02  0.418915E+00  0.000000E+00  0.000000E+00  0.000000E+00  0.000000E+00
  0.203528E+01  0.263890E+00  0.642291E-02  0.000000E+00  0.000000E+00  0.000000E+00  0.000000E+00
  0.281891E+01 -0.397347E+00  0.134552E-01  0.000000E+00  0.000000E+00  0.000000E+00  0.000000E+00
  0.213334E+01 -0.170108E-01  0.218292E+00  0.000000E+00  0.000000E+00  0.000000E+00  0.000000E+00
  0.192417E+01  0.153826E-01  0.193072E+00  0.000000E+00  0.000000E+00  0.000000E+00  0.000000E+00
  0.184837E+01 -0.213665E+00  0.806568E-02  0.000000E+00  0.000000E+00  0.000000E+00  0.000000E+00
  0.267790E+01  0.435280E+00  0.116389E-02  0.000000E+00  0.000000E+00  0.000000E+00  0.000000E+00
  0.209638E+01 -0.255363E+00  0.116369E-01  0.000000E+00  0.000000E+00  0.000000E+00  0.000000E+00
  0.218503E+01 -0.115576E-01  0.275744E+00  0.000000E+00  0.000000E+00  0.000000E+00  0.000000E+00
  0.260008E+01 -0.392809E+00  0.823869E-02  0.000000E+00  0.000000E+00  0.000000E+00  0.000000E+00
  0.270315E+01  0.515590E-02  0.432641E+00  0.000000E+00  0.000000E+00  0.000000E+00  0.000000E+00
  0.202263E+01 -0.231479E+00  0.128498E-01  0.000000E+00  0.000000E+00  0.000000E+00  0.000000E+00
  0.273715E+01 -0.335108E+00  0.167201E-01  0.000000E+00  0.000000E+00  0.000000E+00  0.000000E+00
  0.228221E+01 -0.227685E+00  0.183651E-01  0.000000E+00  0.000000E+00  0.000000E+00  0.000000E+00
  0.262248E+01 -0.326293E+00  0.158383E-01  0.000000E+00  0.000000E+00  0.000000E+00  0.000000E+00
  0.273316E+01 -0.113716E-01  0.400524E+00  0.000000E+00  0.000000E+00  0.000000E+00  0.000000E+00
  0.187052E+01  0.977343E-02  0.212933E+00  0.000000E+00  0.000000E+00  0.000000E+00  0.000000E+00
  0.223195E+01  0.107366E-01  0.291561E+00  0.000000E+00  0.000000E+00  0.000000E+00  0.000000E+00
  0.195383E+01 -0.104606E-01  0.229275E+00  0.000000E+00  0.000000E+00  0.000000E+00  0.000000E+00
  0.264107E+01 -0.185163E-01  0.286513E+00  0.000000E+00  0.000000E+00  0.000000E+00  0.000000E+00
  0.240887E+01  0.295316E+00  0.148903E-01  0.000000E+00  0.000000E+00  0.000000E+00  0.000000E+00
  0.267961E+01  0.368719E+00  0.133562E-01  0.000000E+00  0.000000E+00  0.000000E+00  0.000000E+00
  0.171820E+01  0.189710E+00  0.444276E-02  0.000000E+00  0.000000E+00  0.000000E+00  0.000000E+00
  0.222344E+01  0.287354E+00  0.110994E-01  0.000000E+00  0.000000E+00  0.000000E+00  0.000000E+00
  0.257927E+01  0.151668E-01  0.326551E+00  0.000000E+00  0.000000E+00  0.000000E+00  0.000000E+00
  0.225863E+01  0.130993E-01  0.280735E+00  0.000000E+00  0.000000E+00  0.000000E+00  0.000000E+00
  0.244161E+01  0.340975E+00  0.105274E-01  0.000000E+00  0.000000E+00  0.000000E+00  0.000000E+00
  0.250329E+01  0.388808E+00  0.295099E-02  0.000000E+00  0.000000E+00  0.000000E+00  0.000000E+00
  0.210450E+01 -0.290332E+00  0.103343E-02  0.000000E+00  0.000000E+00  0.000000E+00  0.000000E+00
  0.228218E+01  0.319328E+00  0.768256E-02  0.000000E+00  0.000000E+00  0.000000E+00  0.000000E+00
  0.276023E+01  0.355348E+00  0.156989E-01  0.000000E+00  0.000000E+00  0.000000E+00  0.000000E+00
  0.207415E+01  0.158203E-02  0.282332E+00  0.000000E+00  0.000000E+00  0.000000E+00  0.000000E+00
  0.257557E+01  0.321542E+00  0.155019E-01  0.000000E+00  0.000000E+00  0.000000E+00  0.000000E+00
  0.216444E+01  0.176537E-01  0.216495E+00  0.000000E+00  0.000000E+00  0.000000E+00  0.000000E+00
  0.252183E+01 -0.125772E-01  0.342445E+00  0.000000E+00  0.000000E+00  0.000000E+00  0.000000E+00
  0.242606E+01  0.125808E-01  0.321460E+00  0.000000E+00  0.000000E+00  0.000000E+00  0.000000E+00
  0.185961E+01 -0.187214E+00  0.143438E-01  0.000000E+00  0.000000E+00  0.000000E+00  0.000000E+00
  0.171891E+01  0.187994E+00  0.563414E-02  0.000000E+00  0.000000E+00  0.000000E+00  0.000000E+00
  0.185066E+01 -0.219791E+00  0.595944E-02  0.000000E+00  0.000000E+00  0.000000E+00  0.000000E+00
  0.255577E+01  0.886913E-02  0.378500E+00  0.000000E+00  0.000000E+00  0.000000E+00  0.000000E+00
  0.274137E+01 -0.150149E-01  0.361255E+00  0.000000E+00  0.000000E+00  0.000000E+00  0.000000E+00
  0.165331E+01  0.688476E-02  0.169532E+00  0.000000E+00  0.000000E+00  0.000000E+00  0.000000E+00
  0.201171E+01  0.230649E+00  0.126059E-01  0.000000E+00  0.000000E+00  0.000000E+00  0.000000E+00
  0.225474E+01 -0.112694E-01  0.293337E+00  0.000000E+00  0.000000E+00  0.000000E+00  0.000000E+00
  0.258824E+01  0.345365E+00  0.137134E-01  0.000000E+00  0.000000E+00  0.000000E+00  0.000000E+00
  0.166348E+01 -0.178112E+00  0.237925E-02  0.000000E+00  0.000000E+00  0.000000E+00  0.000000E+00
  0.275726E+01 -0.443535E+00  0.577104E-02  0.000000E+00  0.000000E+00  0.000000E+00  0.000000E+00
  0.207338E+01  0.255317E+00  0.107341E-01  0.000000E+00  0.000000E+00  0.000000E+00  0.000000E+00
  0.202697E+01 -0.208994E+00  0.159108E-01  0.000000E+00  0.000000E+00  0.000000E+00  0.000000E+00
  0.251452E+01  0.367253E+00  0.911319E-02  0.000000E+00  0.000000E+00  0.000000E+00  0.000000E+00
  0.224167E+01 -0.530695E-02  0.317897E+00  0.000000E+00  0.000000E+00  0.000000E+00  0.000000E+00
  0.181069E+01 -0.204458E+00  0.812525E-02  0.000000E+00  0.000000E+00  0.000000E+00  0.000000E+00
  0.243939E+01 -0.366920E+00  0.527437E-02  0.000000E+00  0.000000E+00  0.000000E+00  0.000000E+00
  0.257230E+01  0.401223E+00  0.485784E-02  0.000000E+00  0.000000E+00  0.000000E+00  0.000000E+00
  0.248459E+01  0.262923E+00  0.183368E-01  0.000000E+00  0.000000E+00  0.000000E+00  0.000000E+00
  0.244608E+01 -0.241964E+00  0.191737E-01  0.000000E+00  0.000000E+00  0.000000E+00  0.000000E+00
  0.228498E+01 -0.630640E-02  0.325400E+00  0.000000E+00  0.000000E+00  0.000000E+00  0.000000E+00
  0.284082E+01 -0.513213E-01 -0.231133E+00  0.000000E+00  0.000000E+00  0.000000E+00  0.000000E+00
  0.284082E+01  0.417117E-01  0.430172E-01  0.000000E+00  0.000000E+00  0.000000E+00  0.000000E+00
  0.284082E+01 -0.218910E-01  0.860422E-03  0.000000E+00  0.000000E+00  0.000000E+00  0.000000E+00
  0.284082E+01 -0.274376E-01 -0.364646E-01  0.000000E+00  0.000000E+00  0.000000E+00  0.000000E+00
  0.284082E+01  0.712412E-01 -0.203040E-01  0.000000E+00  0.000000E+00  0.000000E+00  0.000000E+00
  0.284082E+01  0.119673E+00 -0.967049E-01  0.000000E+00  0.000000E+00  0.000000E+00  0.000000E+00
  0.284082E+01  0.875739E-01 -0.200928E+00  0.000000E+00  0.000000E+00  0.000000E+00  0.000000E+00
  0.284082E+01  0.202199E+00 -0.123739E+00  0.000000E+00  0.000000E+00  0.000000E+00  0.000000E+00
  0.284082E+01 -0.146165E-01 -0.726993E-01  0.000000E+00  0.000000E+00  0.000000E+00  0.000000E+00
  0.284082E+01  0.231097E-01 -0.230441E+00  0.000000E+00  0.000000E+00  0.000000E+00  0.000000E+00
  0.284082E+01  0.115233E+00  0.771804E-01  0.000000E+00  0.000000E+00  0.000000E+00  0.000000E+00
  0.284082E+01  0.177083E-01 -0.634320E-02  0.000000E+00  0.000000E+00  0.000000E+00  0.000000E+00
  0.284082E+01 -0.709501E-01  0.339932E-01  0.000000E+00  0.000000E+00  0.000000E+00  0.000000E+00
  0.284082E+01  0.140313E-01  0.539347E-01  0.000000E+00  0.000000E+00  0.000000E+00  0.000000E+00
  0.284082E+01  0.882777E-01 -0.404848E-01  0.000000E+00  0.000000E+00  0.000000E+00  0.000000E+00
  0.284082E+01  0.190712E-02  0.201122E-02  0.000000E+00  0.000000E+00  0.000000E+00  0.000000E+00
  0.284082E+01  0.671264E-01  0.212564E-01  0.000000E+00  0.000000E+00  0.000000E+00  0.000000E+00
  0.284082E+01 -0.416845E-01  0.123160E+00  0.000000E+00  0.000000E+00  0.000000E+00  0.000000E+00
  0.284082E+01 -0.217758E+00  0.693477E-01  0.000000E+00  0.000000E+00  0.000000E+00  0.000000E+00
  0.284082E+01  0.100323E-02 -0.436265E-02  0.000000E+00  0.000000E+00  0.000000E+00  0.000000E+00
  0.284082E+01 -0.115889E-01  0.225814E+00  0.000000E+00  0.000000E+00  0.000000E+00  0.000000E+00
  0.284082E+01  0.540060E-02 -0.260262E-01  0.000000E+00  0.000000E+00  0.000000E+00  0.000000E+00
  0.284082E+01 -0.876211E-01 -0.210149E+00  0.000000E+00  0.000000E+00  0.000000E+00  0.000000E+00
  0.284082E+01 -0.165350E-01 -0.217979E-01  0.000000E+00  0.000000E+00  0.000000E+00  0.000000E+00
  0.284082E+01  0.124632E+00  0.209918E+00  0.000000E+00  0.000000E+00  0.000000E+00  0.000000E+00
  0.284082E+01  0.216791E+00  0.925478E-01  0.000000E+00  0.000000E+00  0.000000E+00  0.000000E+00
  0.284082E+01 -0.232769E-01  0.668071E-01  0.000000E+00  0.000000E+00  0.000000E+00  0.000000E+00
  0.284082E+01 -0.524000E-01 -0.333158E-01  0.000000E+00  0.000000E+00  0.000000E+00  0.000000E+00
  0.284082E+01  0.191177E-01 -0.246463E+00  0.000000E+00  0.000000E+00  0.000000E+00  0.000000E+00
  0.284082E+01 -0.154855E-02  0.104825E-01  0.000000E+00  0.000000E+00  0.000000E+00  0.000000E+00
  0.284082E+01 -0.603747E-01  0.982948E-01  0.000000E+00  0.000000E+00  0.000000E+00  0.000000E+00
  0.284082E+01  0.846227E-01  0.201267E+00  0.000000E+00  0.000000E+00  0.000000E+00  0.000000E+00
  0.284082E+01 -0.515016E-01 -0.580088E-01  0.000000E+00  0.000000E+00  0.000000E+00  0.000000E+00
  0.284082E+01 -0.245726E-01  0.175613E-01  0.000000E+00  0.000000E+00  0.000000E+00  0.000000E+00
  0.284082E+01  0.185518E+00  0.327373E-01  0.000000E+00  0.000000E+00  0.000000E+00  0.000000E+00
  0.284082E+01  0.130062E-01  0.266526E-01  0.000000E+00  0.000000E+00  0.000000E+00  0.000000E+00
  0.284082E+01 -0.991425E-01 -0.146861E+00  0.000000E+00  0.000000E+00  0.000000E+00  0.000000E+00
  0.284082E+01 -0.145327E-01  0.113819E-01  0.000000E+00  0.000000E+00  0.000000E+00  0.000000E+00
  0.284082E+01  0.496873E-01 -0.142557E+00  0.000000E+00  0.000000E+00  0.000000E+00  0.000000E+00
  0.284082E+01  0.181057E-01  0.466098E-01  0.000000E+00  0.000000E+00  0.000000E+00  0.000000E+00
  0.284082E+01  0.218537E-01 -0.223598E-01  0.000000E+00  0.000000E+00  0.000000E+00  0.000000E+00
  0.284082E+01 -0.775511E-01 -0.836881E-01  0.000000E+00  0.000000E+00  0.000000E+00  0.000000E+00
  0.284082E+01  0.592049E-01 -0.229742E+00  0.000000E+00  0.000000E+00  0.000000E+00  0.000000E+00
  0.284082E+01 -0.543501E-01  0.255797E-01  0.000000E+00  0.000000E+00  0.000000E+00  0.000000E+00
  0.284082E+01 -0.718022E-01 -0.271823E-01  0.000000E+00  0.000000E+00  0.000000E+00  0.000000E+00
  0.284082E+01 -0.357804E-01 -0.463861E-02  0.000000E+00  0.000000E+00  0.000000E+00  0.000000E+00
  0.284082E+01 -0.955809E-01  0.100771E+00  0.000000E+00  0.000000E+00  0.000000E+00  0.000000E+00
  0.284082E+01  0.391456E-01 -0.156683E+00  0.000000E+00  0.000000E+00  0.000000E+00  0.000000E+00
  0.284082E+01 -0.120407E+00  0.195279E+00  0.000000E+00  0.000000E+00  0.000000E+00  0.000000E+00
  0.284082E+01  0.183932E+00  0.945962E-01  0.000000E+00  0.000000E+00  0.000000E+00  0.000000E+00
  0.284082E+01  0.387676E-01  0.282062E-01  0.000000E+00  0.000000E+00  0.000000E+00  0.000000E+00
  0.284082E+01  0.557884E-01  0.775676E-01  0.000000E+00  0.000000E+00  0.000000E+00  0.000000E+00
  0.284082E+01 -0.537939E-01 -0.323819E-01  0.000000E+00  0.000000E+00  0.000000E+00  0.000000E+00
  0.284082E+01 -0.112036E+00 -0.645093E-01  0.000000E+00  0.000000E+00  0.000000E+00  0.000000E+00
  0.284082E+01  0.154316E+00  0.773511E-02  0.000000E+00  0.000000E+00  0.000000E+00  0.000000E+00
  0.284082E+01 -0.175820E+00 -0.994862E-01  0.000000E+00  0.000000E+00  0.000000E+00  0.000000E+00
  0.284082E+01 -0.126199E+00 -0.779575E-01  0.000000E+00  0.000000E+00  0.000000E+00  0.000000E+00
  0.284082E+01  0.111237E+00  0.129980E+00  0.000000E+00  0.000000E+00  0.000000E+00  0.000000E+00
  0.284082E+01  0.288623E-01  0.380716E-01  0.000000E+00  0.000000E+00  0.000000E+00  0.000000E+00
  0.284082E+01 -0.659349E-01 -0.445660E-01  0.000000E+00  0.000000E+00  0.000000E+00  0.000000E+00
  0.284082E+01 -0.353660E-02 -0.232354E+00  0.000000E+00  0.000000E+00  0.000000E+00  0.000000E+00
  0.284082E+01 -0.139594E+00 -0.367358E-01  0.000000E+00  0.000000E+00  0.000000E+00  0.000000E+00
  0.284082E+01 -0.631544E-02 -0.836373E-02  0.000000E+00  0.000000E+00  0.000000E+00  0.000000E+00
  0.284082E+01  0.290154E-01 -0.213293E+00  0.000000E+00  0.000000E+00  0.000000E+00  0.000000E+00
  0.284082E+01  0.289514E-01  0.671045E-01  0.000000E+00  0.000000E+00  0.000000E+00  0.000000E+00
  0.284082E+01 -0.938242E-01 -0.255874E-01  0.000000E+00  0.000000E+00  0.000000E+00  0.000000E+00
  0.284082E+01 -0.187073E+00 -0.227423E-01  0.000000E+00  0.000000E+00  0.000000E+00  0.000000E+00
  0.284082E+01 -0.346257E-01 -0.765686E-01  0.000000E+00  0.000000E+00  0.000000E+00  0.000000E+00
  0.284082E+01  0.107148E+00 -0.134873E+00  0.000000E+00  0.000000E+00  0.000000E+00  0.000000E+00
  0.284082E+01 -0.740130E-01 -0.144690E+00  0.000000E+00  0.000000E+00  0.000000E+00  0.000000E+00
  0.284082E+01 -0.129964E+00 -0.344789E-01  0.000000E+00  0.000000E+00  0.000000E+00  0.000000E+00
  0.284082E+01 -0.147173E-02 -0.230028E+00  0.000000E+00  0.000000E+00  0.000000E+00  0.000000E+00
  0.284082E+01 -0.786599E-01 -0.949215E-01  0.000000E+00  0.000000E+00  0.000000E+00  0.000000E+00
  0.284082E+01  0.361662E-01  0.119260E-02  0.000000E+00  0.000000E+00  0.000000E+00  0.000000E+00
  0.284082E+01 -0.259106E-02  0.218778E+00  0.000000E+00  0.000000E+00  0.000000E+00  0.000000E+00
  0.284082E+01 -0.331302E-02 -0.721598E-02  0.000000E+00  0.000000E+00  0.000000E+00  0.000000E+00
  0.284082E+01 -0.138818E-01 -0.245928E-01  0.000000E+00  0.000000E+00  0.000000E+00  0.000000E+00
  0.284082E+01 -0.102886E+00  0.150286E+00  0.000000E+00  0.000000E+00  0.000000E+00  0.000000E+00
  0.284082E+01  0.143288E+00  0.630149E-01  0.000000E+00  0.000000E+00  0.000000E+00  0.000000E+00
  0.284082E+01  0.145288E-01  0.135778E+00  0.000000E+00  0.000000E+00  0.000000E+00  0.000000E+00
  0.284082E+01  0.139596E-01  0.692022E-01  0.000000E+00  0.000000E+00  0.000000E+00  0.000000E+00
  0.284082E+01  0.467906E-01 -0.332994E-01  0.000000E+00  0.000000E+00  0.000000E+00  0.000000E+00
  0.284082E+01  0.971849E-01  0.347845E-02  0.000000E+00  0.000000E+00  0.000000E+00  0.000000E+00
  0.284082E+01 -0.801318E-02 -0.107593E-02  0.000000E+00  0.000000E+00  0.000000E+00  0.000000E+00
  0.284082E+01  0.465477E-02  0.134484E+00  0.000000E+00  0.000000E+00  0.000000E+00  0.000000E+00
  0.284082E+01 -0.139609E+00  0.337628E-01  0.000000E+00  0.000000E+00  0.000000E+00  0.000000E+00
  0.284082E+01  0.611076E-01 -0.105565E+00  0.000000E+00  0.000000E+00  0.000000E+00  0.000000E+00
  0.284082E+01 -0.163631E+00 -0.557418E-01  0.000000E+00  0.000000E+00  0.000000E+00  0.000000E+00
  0.284082E+01  0.154352E-02 -0.923634E-02  0.000000E+00  0.000000E+00  0.000000E+00  0.000000E+00
  0.284082E+01 -0.397536E-02  0.809706E-03  0.000000E+00  0.000000E+00  0.000000E+00  0.000000E+00
  0.284082E+01 -0.368456E-01 -0.109377E+00  0.000000E+00  0.000000E+00  0.000000E+00  0.000000E+00
  0.284082E+01  0.141207E+00 -0.709627E-01  0.000000E+00  0.000000E+00  0.000000E+00  0.000000E+00
  0.284082E+01  0.969884E-01  0.532618E-01  0.000000E+00  0.000000E+00  0.000000E+00  0.000000E+00
  0.284082E+01  0.135741E+00 -0.839589E-01  0.000000E+00  0.000000E+00  0.000000E+00  0.000000E+00
  0.284082E+01 -0.248494E-01 -0.105586E+00  0.000000E+00  0.000000E+00  0.000000E+00  0.000000E+00
  0.284082E+01 -0.495168E-01 -0.484862E-01  0.000000E+00  0.000000E+00  0.000000E+00  0.000000E+00
  0.284082E+01 -0.611367E-01  0.984641E-01  0.000000E+00  0.000000E+00  0.000000E+00  0.000000E+00
  0.284082E+01 -0.505839E-01 -0.478747E-02  0.000000E+00  0.000000E+00  0.000000E+00  0.000000E+00
  0.284082E+01 -0.139634E-01 -0.393275E-01  0.000000E+00  0.000000E+00  0.000000E+00  0.000000E+00
  0.284082E+01  0.936333E-01 -0.565196E-01  0.000000E+00  0.000000E+00  0.000000E+00  0.000000E+00
