  0.229534E+01  0.906768E-02 -0.315820E+00  0.000000E+00  0.000000E+00  0.000000E+00  0.000000E+00
  0.267264E+01  0.150632E-01  0.346711E+00  0.000000E+00  0.000000E+00  0.000000E+00  0.000000E+00
  0.243314E+01 -0.330533E+00  0.116735E-01  0.000000E+00  0.000000E+00  0.000000E+00  0.000000E+00
  0.188004E+01  0.700967E-02  0.224377E+00  0.000000E+00  0.000000E+00  0.000000E+00  0.000000E+00
  0.194532E+01  0.241453E+00  0.658142E-02  0.000000E+00  0.000000E+00  0.000000E+00  0.000000E+00
  0.174764E+01  0.198831E+00  0.295220E-02  0.000000E+00  0.000000E+00  0.000000E+00  0.000000E+00
  0.164381E+01 -0.485716E-02  0.170630E+00  0.000000E+00  0.000000E+00  0.000000E+00  0.000000E+00
  0.204650E+01 -0.275373E+00  0.154008E-02  0.000000E+00  0.000000E+00  0.000000E+00  0.000000E+00
  0.270689E+01  0.198051E-01  0.270401E+00  0.000000E+00  0.000000E+00  0.000000E+00  0.000000E+00
  0.250282E+01  0.561473E-02 -0.381429E+00  0.000000E+00  0.000000E+00  0.000000E+00  0.000000E+00
  0.270902E+01  0.443012E+00  0.132268E-02  0.000000E+00  0.000000E+00  0.000000E+00  0.000000E+00
  0.246920E+01 -0.331029E+00  0.125660E-01  0.000000E+00  0.000000E+00  0.000000E+00  0.000000E+00
  0.263727E+01  0.423072E+00 -0.264936E-02  0.000000E+00  0.000000E+00  0.000000E+00  0.000000E+00
  0.269059E+01 -0.242453E-03 -0.438946E+00  0.000000E+00  0.000000E+00  0.000000E+00  0.000000E+00
  0.266371E+01 -0.184512E-01 -0.291598E+00  0.000000E+00  0.000000E+00  0.000000E+00  0.000000E+00
  0.187807E+01 -0.200265E+00  0.128175E-01  0.000000E+00  0.000000E+00  0.000000E+00  0.000000E+00
  0.192158E+01  0.130401E-01  0.208409E+00  0.000000E+00  0.000000E+00  0.000000E+00  0.000000E+00
  0.282672E+01 -0.175407E-01  0.337341E+00  0.000000E+00  0.000000E+00  0.000000E+00  0.000000E+00
  0.273474E+01 -0.145796E-01  0.365670E+00  0.000000E+00  0.000000E+00  0.000000E+00  0.000000E+00
  0.255550E+01 -0.186634E-01 -0.269308E+00  0.000000E+00  0.000000E+00  0.000000E+00  0.000000E+00
  0.216609E+01  0.616667E-02  0.296713E+00  0.000000E+00  0.000000E+00  0.000000E+00  0.000000E+00
  0.214819E+01 -0.954033E-02 -0.278814E+00  0.000000E+00  0.000000E+00  0.000000E+00  0.000000E+00
  0.256646E+01 -0.123515E-01  0.354326E+00  0.000000E+00  0.000000E+00  0.000000E+00  0.000000E+00
  0.239225E+01  0.363250E+00  0.795007E-03  0.000000E+00  0.000000E+00  0.000000E+00  0.000000E+00
  0.272973E+01 -0.111959E-01  0.401347E+00  0.000000E+00  0.000000E+00  0.000000E+00  0.000000E+00
  0.264686E+01  0.197155E-01 -0.263105E+00  0.000000E+00  0.000000E+00  0.000000E+00  0.000000E+00
  0.180910E+01  0.457709E-02  0.212147E+00  0.000000E+00  0.000000E+00  0.000000E+00  0.000000E+00
  0.167455E+01  0.175898E+00 -0.628109E-02  0.000000E+00  0.000000E+00  0.000000E+00  0.000000E+00
  0.205449E+01  0.131853E-01 -0.236123E+00  0.000000E+00  0.000000E+00  0.000000E+00  0.000000E+00
  0.254914E+01  0.192361E-01  0.257499E+00  0.000000E+00  0.000000E+00  0.000000E+00  0.000000E+00
  0.222048E+01  0.100008E-01  0.293231E+00  0.000000E+00  0.000000E+00  0.000000E+00  0.000000E+00
  0.279097E+01 -0.391197E+00  0.134710E-01  0.000000E+00  0.000000E+00  0.000000E+00  0.000000E+00
  0.222035E+01 -0.311704E+00  0.562708E-02  0.000000E+00  0.000000E+00  0.000000E+00  0.000000E+00
  0.204624E+01  0.109249E-02  0.275567E+00  0.000000E+00  0.000000E+00  0.000000E+00  0.000000E+00
  0.226978E+01 -0.502322E-02  0.325648E+00  0.000000E+00  0.000000E+00  0.000000E+00  0.000000E+00
  0.282830E+01  0.450404E+00 -0.776375E-02  0.000000E+00  0.000000E+00  0.000000E+00  0.000000E+00
  0.221120E+01 -0.154145E-01 -0.250041E+00  0.000000E+00  0.000000E+00  0.000000E+00  0.000000E+00
  0.240683E+01 -0.754642E-02  0.350001E+00  0.000000E+00  0.000000E+00  0.000000E+00  0.000000E+00
  0.228475E+01  0.296162E+00  0.118341E-01  0.000000E+00  0.000000E+00  0.000000E+00  0.000000E+00
  0.170083E+01 -0.563926E-02 -0.183526E+00  0.000000E+00  0.000000E+00  0.000000E+00  0.000000E+00
  0.199623E+01 -0.617519E-02 -0.255016E+00  0.000000E+00  0.000000E+00  0.000000E+00  0.000000E+00
  0.260708E+01 -0.410996E+00  0.450054E-02  0.000000E+00  0.000000E+00  0.000000E+00  0.000000E+00
  0.174639E+01  0.192241E+00  0.686044E-02  0.000000E+00  0.000000E+00  0.000000E+00  0.000000E+00
  0.200136E+01  0.199595E+00 -0.164018E-01  0.000000E+00  0.000000E+00  0.000000E+00  0.000000E+00
  0.225888E+01  0.166518E-01  0.245895E+00  0.000000E+00  0.000000E+00  0.000000E+00  0.000000E+00
  0.266002E+01 -0.190690E-01  0.278867E+00  0.000000E+00  0.000000E+00  0.000000E+00  0.000000E+00
  0.170380E+01 -0.189081E+00  0.580067E-03  0.000000E+00  0.000000E+00  0.000000E+00  0.000000E+00
  0.281639E+01 -0.433236E+00  0.978741E-02  0.000000E+00  0.000000E+00  0.000000E+00  0.000000E+00
  0.193351E+01  0.240326E+00  0.589160E-02  0.000000E+00  0.000000E+00  0.000000E+00  0.000000E+00
  0.188262E+01  0.516889E-02  0.229343E+00  0.000000E+00  0.000000E+00  0.000000E+00  0.000000E+00
  0.258837E+01  0.404086E+00  0.519064E-02  0.000000E+00  0.000000E+00  0.000000E+00  0.000000E+00
  0.271097E+01  0.700569E-02 -0.426330E+00  0.000000E+00  0.000000E+00  0.000000E+00  0.000000E+00
  0.231345E+01 -0.335309E+00  0.542122E-02  0.000000E+00  0.000000E+00  0.000000E+00  0.000000E+00
  0.192908E+01 -0.124044E-01  0.213730E+00  0.000000E+00  0.000000E+00  0.000000E+00  0.000000E+00
  0.255081E+01 -0.262604E+00 -0.189836E-01  0.000000E+00  0.000000E+00  0.000000E+00  0.000000E+00
  0.187113E+01 -0.209078E+00  0.107329E-01  0.000000E+00  0.000000E+00  0.000000E+00  0.000000E+00
  0.214940E+01  0.129162E-01 -0.258529E+00  0.000000E+00  0.000000E+00  0.000000E+00  0.000000E+00
  0.234145E+01 -0.312312E+00  0.113568E-01  0.000000E+00  0.000000E+00  0.000000E+00  0.000000E+00
  0.173053E+01  0.471842E-02  0.192379E+00  0.000000E+00  0.000000E+00  0.000000E+00  0.000000E+00
  0.188734E+01 -0.234776E+00  0.208945E-02  0.000000E+00  0.000000E+00  0.000000E+00  0.000000E+00
  0.182895E+01  0.208890E+00 -0.810530E-02  0.000000E+00  0.000000E+00  0.000000E+00  0.000000E+00
  0.271473E+01  0.369625E+00  0.139265E-01  0.000000E+00  0.000000E+00  0.000000E+00  0.000000E+00
  0.206915E+01 -0.259091E+00 -0.979993E-02  0.000000E+00  0.000000E+00  0.000000E+00  0.000000E+00
  0.242687E+01 -0.299162E+00 -0.148735E-01  0.000000E+00  0.000000E+00  0.000000E+00  0.000000E+00
  0.204279E+01  0.204235E+00  0.167382E-01  0.000000E+00  0.000000E+00  0.000000E+00  0.000000E+00
  0.251957E+01  0.457800E-02  0.388978E+00  0.000000E+00  0.000000E+00  0.000000E+00  0.000000E+00
  0.169869E+01  0.965888E-02  0.173253E+00  0.000000E+00  0.000000E+00  0.000000E+00  0.000000E+00
  0.257633E+01  0.273154E+00  0.186451E-01  0.000000E+00  0.000000E+00  0.000000E+00  0.000000E+00
  0.168133E+01  0.171999E+00  0.869255E-02  0.000000E+00  0.000000E+00  0.000000E+00  0.000000E+00
  0.192449E+01 -0.231880E+00 -0.807301E-02  0.000000E+00  0.000000E+00  0.000000E+00  0.000000E+00
  0.250438E+01  0.121111E-01  0.342776E+00  0.000000E+00  0.000000E+00  0.000000E+00  0.000000E+00
  0.221386E+01 -0.684309E-02 -0.306113E+00  0.000000E+00  0.000000E+00  0.000000E+00  0.000000E+00
  0.279329E+01 -0.458568E+00 -0.413391E-02  0.000000E+00  0.000000E+00  0.000000E+00  0.000000E+00
  0.247974E+01  0.510381E-02  0.377463E+00  0.000000E+00  0.000000E+00  0.000000E+00  0.000000E+00
  0.219006E+01  0.248774E+00  0.151083E-01  0.000000E+00  0.000000E+00  0.000000E+00  0.000000E+00
  0.270965E+01  0.399983E+00  0.108307E-01  0.000000E+00  0.000000E+00  0.000000E+00  0.000000E+00
  0.250768E+01 -0.368982E+00 -0.854948E-02  0.000000E+00  0.000000E+00  0.000000E+00  0.000000E+00
  0.223384E+01 -0.316165E+00  0.523249E-02  0.000000E+00  0.000000E+00  0.000000E+00  0.000000E+00
  0.202875E+01 -0.204041E+00 -0.164848E-01  0.000000E+00  0.000000E+00  0.000000E+00  0.000000E+00
  0.280255E+01  0.426972E+00 -0.101611E-01  0.000000E+00  0.000000E+00  0.000000E+00  0.000000E+00
  0.264115E+01 -0.307183E+00 -0.173409E-01  0.000000E+00  0.000000E+00  0.000000E+00  0.000000E+00
  0.218697E+01  0.264141E-02  0.309718E+00  0.000000E+00  0.000000E+00  0.000000E+00  0.000000E+00
  0.172548E+01 -0.194395E+00  0.120454E-02  0.000000E+00  0.000000E+00  0.000000E+00  0.000000E+00
  0.216430E+01 -0.163080E-01  0.231721E+00  0.000000E+00  0.000000E+00  0.000000E+00  0.000000E+00
  0.182641E+01 -0.204500E+00  0.926403E-02  0.000000E+00  0.000000E+00  0.000000E+00  0.000000E+00
  0.272338E+01  0.187984E-01 -0.294855E+00  0.000000E+00  0.000000E+00  0.000000E+00  0.000000E+00
  0.189756E+01 -0.800602E-02  0.225644E+00  0.000000E+00  0.000000E+00  0.000000E+00  0.000000E+00
  0.215295E+01 -0.143833E-01  0.247706E+00  0.000000E+00  0.000000E+00  0.000000E+00  0.000000E+00
  0.240959E+01 -0.243801E+00  0.187195E-01  0.000000E+00  0.000000E+00  0.000000E+00  0.000000E+00
  0.271561E+01 -0.373316E+00  0.136285E-01  0.000000E+00  0.000000E+00  0.000000E+00  0.000000E+00
  0.196501E+01 -0.159310E-01  0.196724E+00  0.000000E+00  0.000000E+00  0.000000E+00  0.000000E+00
  0.202321E+01 -0.262357E+00 -0.590677E-02  0.000000E+00  0.000000E+00  0.000000E+00  0.000000E+00
  0.220886E+01 -0.316931E+00 -0.536244E-03  0.000000E+00  0.000000E+00  0.000000E+00  0.000000E+00
  0.266516E+01 -0.188348E-01 -0.284420E+00  0.000000E+00  0.000000E+00  0.000000E+00  0.000000E+00
  0.223821E+01 -0.251515E+00 -0.157915E-01  0.000000E+00  0.000000E+00  0.000000E+00  0.000000E+00
  0.219764E+01  0.300847E+00  0.720134E-02  0.000000E+00  0.000000E+00  0.000000E+00  0.000000E+00
  0.204071E+01 -0.166375E-01 -0.204835E+00  0.000000E+00  0.000000E+00  0.000000E+00  0.000000E+00
  0.267002E+01 -0.208981E-02  0.432240E+00  0.000000E+00  0.000000E+00  0.000000E+00  0.000000E+00
  0.239257E+01  0.112774E-01 -0.324428E+00  0.000000E+00  0.000000E+00  0.000000E+00  0.000000E+00
  0.189407E+01 -0.216671E+00 -0.101963E-01  0.000000E+00  0.000000E+00  0.000000E+00  0.000000E+00
  0.232919E+01 -0.288672E+00 -0.139147E-01  0.000000E+00  0.000000E+00  0.000000E+00  0.000000E+00
  0.185109E+01  0.869976E-02 -0.212273E+00  0.000000E+00  0.000000E+00  0.000000E+00  0.000000E+00
  0.165905E+01 -0.762731E-03 -0.177721E+00  0.000000E+00  0.000000E+00  0.000000E+00  0.000000E+00
  0.263202E+01 -0.123499E-01  0.368773E+00  0.000000E+00  0.000000E+00  0.000000E+00  0.000000E+00
  0.177860E+01  0.222421E-03 -0.208062E+00  0.000000E+00  0.000000E+00  0.000000E+00  0.000000E+00
  0.190998E+01 -0.120987E-02  0.241052E+00  0.000000E+00  0.000000E+00  0.000000E+00  0.000000E+00
  0.208698E+01 -0.167266E-01  0.212664E+00  0.000000E+00  0.000000E+00  0.000000E+00  0.000000E+00
  0.194532E+01 -0.229028E+00  0.100816E-01  0.000000E+00  0.000000E+00  0.000000E+00  0.000000E+00
  0.195540E+01  0.787764E-02  0.239952E+00  0.000000E+00  0.000000E+00  0.000000E+00  0.000000E+00
  0.230000E+01 -0.138633E-01 -0.283000E+00  0.000000E+00  0.000000E+00  0.000000E+00  0.000000E+00
  0.181300E+01 -0.840246E-02  0.204170E+00  0.000000E+00  0.000000E+00  0.000000E+00  0.000000E+00
  0.263749E+01  0.197473E-02  0.424192E+00  0.000000E+00  0.000000E+00  0.000000E+00  0.000000E+00
  0.188794E+01 -0.211705E+00 -0.110002E-01  0.000000E+00  0.000000E+00  0.000000E+00  0.000000E+00
  0.274382E+01  0.133665E-01 -0.382344E+00  0.000000E+00  0.000000E+00  0.000000E+00  0.000000E+00
  0.189625E+01 -0.226318E+00  0.769222E-02  0.000000E+00  0.000000E+00  0.000000E+00  0.000000E+00
  0.249753E+01  0.186824E-01 -0.259211E+00  0.000000E+00  0.000000E+00  0.000000E+00  0.000000E+00
  0.256238E+01 -0.313569E+00 -0.159096E-01  0.000000E+00  0.000000E+00  0.000000E+00  0.000000E+00
  0.180939E+01  0.111070E-01 -0.193391E+00  0.000000E+00  0.000000E+00  0.000000E+00  0.000000E+00
  0.254218E+01 -0.258948E+00 -0.191019E-01  0.000000E+00  0.000000E+00  0.000000E+00  0.000000E+00
  0.240340E+01 -0.778771E-02 -0.348033E+00  0.000000E+00  0.000000E+00  0.000000E+00  0.000000E+00
  0.184303E+01 -0.287858E-02  0.222891E+00  0.000000E+00  0.000000E+00  0.000000E+00  0.000000E+00
  0.253847E+01  0.339874E+00  0.132209E-01  0.000000E+00  0.000000E+00  0.000000E+00  0.000000E+00
  0.207265E+01  0.213802E+00  0.163418E-01  0.000000E+00  0.000000E+00  0.000000E+00  0.000000E+00
  0.187776E+01 -0.712533E-02 -0.223505E+00  0.000000E+00  0.000000E+00  0.000000E+00  0.000000E+00
  0.283482E+01 -0.313327E+00  0.188043E-01  0.000000E+00  0.000000E+00  0.000000E+00  0.000000E+00
  0.168426E+01 -0.783808E-02 -0.174900E+00  0.000000E+00  0.000000E+00  0.000000E+00  0.000000E+00
  0.271662E+01  0.193181E-01 -0.282813E+00  0.000000E+00  0.000000E+00  0.000000E+00  0.000000E+00
  0.207698E+01  0.243434E+00 -0.128275E-01  0.000000E+00  0.000000E+00  0.000000E+00  0.000000E+00
  0.246966E+01 -0.368577E+00 -0.680345E-02  0.000000E+00  0.000000E+00  0.000000E+00  0.000000E+00
  0.171352E+01 -0.173981E+00 -0.104707E-01  0.000000E+00  0.000000E+00  0.000000E+00  0.000000E+00
  0.250573E+01  0.101785E-02 -0.391838E+00  0.000000E+00  0.000000E+00  0.000000E+00  0.000000E+00
  0.186790E+01  0.211312E+00 -0.100272E-01  0.000000E+00  0.000000E+00  0.000000E+00  0.000000E+00
  0.179883E+01  0.212263E+00  0.233193E-02  0.000000E+00  0.000000E+00  0.000000E+00  0.000000E+00
  0.179918E+01 -0.211330E+00 -0.337300E-02  0.000000E+00  0.000000E+00  0.000000E+00  0.000000E+00
  0.240784E+01 -0.155159E-01 -0.288062E+00  0.000000E+00  0.000000E+00  0.000000E+00  0.000000E+00
  0.282309E+01 -0.127165E-01 -0.406817E+00  0.000000E+00  0.000000E+00  0.000000E+00  0.000000E+00
  0.275698E+01  0.417413E+00  0.100391E-01  0.000000E+00  0.000000E+00  0.000000E+00  0.000000E+00
  0.261035E+01  0.312159E+00 -0.166590E-01  0.000000E+00  0.000000E+00  0.000000E+00  0.000000E+00
  0.187039E+01  0.192226E+00 -0.139055E-01  0.000000E+00  0.000000E+00  0.000000E+00  0.000000E+00
  0.224524E+01 -0.233296E+00 -0.174739E-01  0.000000E+00  0.000000E+00  0.000000E+00  0.000000E+00
  0.268312E+01  0.197807E-01 -0.267281E+00  0.000000E+00  0.000000E+00  0.000000E+00  0.000000E+00
  0.268529E+01  0.298917E+00  0.182594E-01  0.000000E+00  0.000000E+00  0.000000E+00  0.000000E+00
  0.182894E+01  0.357368E-02  0.218549E+00  0.000000E+00  0.000000E+00  0.000000E+00  0.000000E+00
  0.270638E+01  0.388147E+00  0.120464E-01  0.000000E+00  0.000000E+00  0.000000E+00  0.000000E+00
  0.169048E+01  0.185512E+00  0.129523E-02  0.000000E+00  0.000000E+00  0.000000E+00  0.000000E+00
  0.218418E+01  0.720569E-02 -0.297567E+00  0.000000E+00  0.000000E+00  0.000000E+00  0.000000E+00
  0.231083E+01  0.327287E+00 -0.744018E-02  0.000000E+00  0.000000E+00  0.000000E+00  0.000000E+00
  0.241903E+01  0.915224E-02 -0.344514E+00  0.000000E+00  0.000000E+00  0.000000E+00  0.000000E+00
  0.240526E+01 -0.180142E-01  0.254284E+00  0.000000E+00  0.000000E+00  0.000000E+00  0.000000E+00
  0.242373E+01  0.738132E-02  0.354845E+00  0.000000E+00  0.000000E+00  0.000000E+00  0.000000E+00
  0.163986E+01 -0.170789E+00 -0.393458E-02  0.000000E+00  0.000000E+00  0.000000E+00  0.000000E+00
  0.207577E+01 -0.245182E+00 -0.125259E-01  0.000000E+00  0.000000E+00  0.000000E+00  0.000000E+00
  0.196164E+01 -0.784926E-02 -0.241547E+00  0.000000E+00  0.000000E+00  0.000000E+00  0.000000E+00
  0.230356E+01 -0.919893E-02  0.317057E+00  0.000000E+00  0.000000E+00  0.000000E+00  0.000000E+00
  0.207259E+01 -0.165152E-01  0.212085E+00  0.000000E+00  0.000000E+00  0.000000E+00  0.000000E+00
  0.251170E+01 -0.181108E-01  0.271378E+00  0.000000E+00  0.000000E+00  0.000000E+00  0.000000E+00
  0.211090E+01 -0.289549E+00 -0.336207E-02  0.000000E+00  0.000000E+00  0.000000E+00  0.000000E+00
  0.180447E+01 -0.123565E-02 -0.214358E+00  0.000000E+00  0.000000E+00  0.000000E+00  0.000000E+00
  0.266136E+01 -0.415447E+00  0.676870E-02  0.000000E+00  0.000000E+00  0.000000E+00  0.000000E+00
  0.228585E+01 -0.125427E-01  0.291081E+00  0.000000E+00  0.000000E+00  0.000000E+00  0.000000E+00
  0.279614E+01 -0.382861E-02  0.460195E+00  0.000000E+00  0.000000E+00  0.000000E+00  0.000000E+00
  0.176507E+01 -0.185467E+00  0.105664E-01  0.000000E+00  0.000000E+00  0.000000E+00  0.000000E+00
  0.246585E+01 -0.257975E+00 -0.184407E-01  0.000000E+00  0.000000E+00  0.000000E+00  0.000000E+00
  0.264739E+01 -0.290669E+00  0.183514E-01  0.000000E+00  0.000000E+00  0.000000E+00  0.000000E+00
  0.214922E+01 -0.916478E-02  0.280887E+00  0.000000E+00  0.000000E+00  0.000000E+00  0.000000E+00
  0.193175E+01  0.623236E-03 -0.246767E+00  0.000000E+00  0.000000E+00  0.000000E+00  0.000000E+00
  0.218211E+01  0.287755E+00 -0.934239E-02  0.000000E+00  0.000000E+00  0.000000E+00  0.000000E+00
  0.272524E+01  0.380891E+00 -0.131414E-01  0.000000E+00  0.000000E+00  0.000000E+00  0.000000E+00
  0.176296E+01  0.193435E+00 -0.797929E-02  0.000000E+00  0.000000E+00  0.000000E+00  0.000000E+00
  0.275066E+01 -0.441733E+00  0.581168E-02  0.000000E+00  0.000000E+00  0.000000E+00  0.000000E+00
  0.184275E+01 -0.187641E+00 -0.136986E-01  0.000000E+00  0.000000E+00  0.000000E+00  0.000000E+00
  0.175390E+01  0.928672E-02 -0.187377E+00  0.000000E+00  0.000000E+00  0.000000E+00  0.000000E+00
  0.205820E+01  0.638024E-03  0.278769E+00  0.000000E+00  0.000000E+00  0.000000E+00  0.000000E+00
  0.256489E+01  0.319672E+00 -0.154822E-01  0.000000E+00  0.000000E+00  0.000000E+00  0.000000E+00
  0.273054E+01  0.950876E-02  0.415329E+00  0.000000E+00  0.000000E+00  0.000000E+00  0.000000E+00
  0.194682E+01 -0.211088E+00 -0.134818E-01  0.000000E+00  0.000000E+00  0.000000E+00  0.000000E+00
  0.226186E+01  0.279205E+00  0.133691E-01  0.000000E+00  0.000000E+00  0.000000E+00  0.000000E+00
  0.170011E+01  0.186176E+00 -0.365646E-02  0.000000E+00  0.000000E+00  0.000000E+00  0.000000E+00
  0.273532E+01  0.367623E+00  0.144368E-01  0.000000E+00  0.000000E+00  0.000000E+00  0.000000E+00
  0.223013E+01  0.297987E+00  0.954091E-02  0.000000E+00  0.000000E+00  0.000000E+00  0.000000E+00
  0.235456E+01 -0.308531E+00 -0.122455E-01  0.000000E+00  0.000000E+00  0.000000E+00  0.000000E+00
  0.224120E+01  0.231950E+00  0.175222E-01  0.000000E+00  0.000000E+00  0.000000E+00  0.000000E+00
  0.184553E+01 -0.206389E+00 -0.995968E-02  0.000000E+00  0.000000E+00  0.000000E+00  0.000000E+00
  0.219157E+01 -0.312616E+00 -0.195596E-03  0.000000E+00  0.000000E+00  0.000000E+00  0.000000E+00
  0.192782E+01  0.204382E+00  0.138945E-01  0.000000E+00  0.000000E+00  0.000000E+00  0.000000E+00
  0.246782E+01 -0.360003E+00  0.845861E-02  0.000000E+00  0.000000E+00  0.000000E+00  0.000000E+00
  0.235921E+01 -0.105168E-01  0.322123E+00  0.000000E+00  0.000000E+00  0.000000E+00  0.000000E+00
  0.276862E+01 -0.321507E+00  0.178321E-01  0.000000E+00  0.000000E+00  0.000000E+00  0.000000E+00
  0.237072E+01 -0.728546E-02  0.342445E+00  0.000000E+00  0.000000E+00  0.000000E+00  0.000000E+00
  0.236321E+01  0.292491E+00 -0.142583E-01  0.000000E+00  0.000000E+00  0.000000E+00  0.000000E+00
  0.248987E+01 -0.358083E+00  0.964747E-02  0.000000E+00  0.000000E+00  0.000000E+00  0.000000E+00
  0.173956E+01  0.196531E+00 -0.322347E-02  0.000000E+00  0.000000E+00  0.000000E+00  0.000000E+00
  0.262343E+01  0.416573E+00 -0.398331E-02  0.000000E+00  0.000000E+00  0.000000E+00  0.000000E+00
  0.267420E+01 -0.197203E-01 -0.267254E+00  0.000000E+00  0.000000E+00  0.000000E+00  0.000000E+00
  0.223631E+01  0.294667E+00  0.103871E-01  0.000000E+00  0.000000E+00  0.000000E+00  0.000000E+00
  0.246705E+01  0.331146E+00 -0.124995E-01  0.000000E+00  0.000000E+00  0.000000E+00  0.000000E+00
  0.177218E+01  0.185163E-03  0.206439E+00  0.000000E+00  0.000000E+00  0.000000E+00  0.000000E+00
  0.176139E+01 -0.468618E-02  0.200103E+00  0.000000E+00  0.000000E+00  0.000000E+00  0.000000E+00
  0.225429E+01  0.326557E+00 -0.271737E-02  0.000000E+00  0.000000E+00  0.000000E+00  0.000000E+00
  0.211947E+01 -0.279012E-02  0.292532E+00  0.000000E+00  0.000000E+00  0.000000E+00  0.000000E+00
  0.195989E+01  0.201990E+00  0.151543E-01  0.000000E+00  0.000000E+00  0.000000E+00  0.000000E+00
  0.278495E+01 -0.440480E+00  0.767917E-02  0.000000E+00  0.000000E+00  0.000000E+00  0.000000E+00
  0.184785E+01 -0.204326E+00  0.105990E-01  0.000000E+00  0.000000E+00  0.000000E+00  0.000000E+00
  0.279163E+01  0.358846E+00 -0.158765E-01  0.000000E+00  0.000000E+00  0.000000E+00  0.000000E+00
  0.265473E+01  0.139018E-01 -0.357294E+00  0.000000E+00  0.000000E+00  0.000000E+00  0.000000E+00
  0.176830E+01  0.205001E+00  0.167625E-02  0.000000E+00  0.000000E+00  0.000000E+00  0.000000E+00
  0.243222E+01 -0.328078E+00  0.119546E-01  0.000000E+00  0.000000E+00  0.000000E+00  0.000000E+00
  0.279004E+01  0.459261E+00 -0.361664E-02  0.000000E+00  0.000000E+00  0.000000E+00  0.000000E+00
  0.230982E+01  0.673996E-02 -0.329881E+00  0.000000E+00  0.000000E+00  0.000000E+00  0.000000E+00
  0.240298E+01 -0.356497E+00  0.570268E-02  0.000000E+00  0.000000E+00  0.000000E+00  0.000000E+00
  0.255783E+01  0.398748E+00  0.449501E-02  0.000000E+00  0.000000E+00  0.000000E+00  0.000000E+00
  0.216914E+01 -0.299524E+00  0.546450E-02  0.000000E+00  0.000000E+00  0.000000E+00  0.000000E+00
  0.197856E+01  0.664789E-02 -0.249383E+00  0.000000E+00  0.000000E+00  0.000000E+00  0.000000E+00
  0.178105E+01  0.747189E-02 -0.199153E+00  0.000000E+00  0.000000E+00  0.000000E+00  0.000000E+00
  0.199045E+01 -0.233874E+00 -0.112190E-01  0.000000E+00  0.000000E+00  0.000000E+00  0.000000E+00
  0.249490E+01 -0.309349E+00 -0.151854E-01  0.000000E+00  0.000000E+00  0.000000E+00  0.000000E+00
  0.168092E+01 -0.416339E-02  0.180780E+00  0.000000E+00  0.000000E+00  0.000000E+00  0.000000E+00
  0.269574E+01 -0.200276E-01 -0.263513E+00  0.000000E+00  0.000000E+00  0.000000E+00  0.000000E+00
  0.252301E+01  0.121400E-02  0.396070E+00  0.000000E+00  0.000000E+00  0.000000E+00  0.000000E+00
  0.280620E+01  0.433852E+00 -0.940327E-02  0.000000E+00  0.000000E+00  0.000000E+00  0.000000E+00
  0.210995E+01  0.173819E-01  0.209845E+00  0.000000E+00  0.000000E+00  0.000000E+00  0.000000E+00
  0.217437E+01  0.121351E-01 -0.269519E+00  0.000000E+00  0.000000E+00  0.000000E+00  0.000000E+00
  0.188125E+01 -0.195603E+00 -0.137299E-01  0.000000E+00  0.000000E+00  0.000000E+00  0.000000E+00
  0.249575E+01  0.255143E+00  0.188946E-01  0.000000E+00  0.000000E+00  0.000000E+00  0.000000E+00
  0.275639E+01  0.155236E-01  0.357145E+00  0.000000E+00  0.000000E+00  0.000000E+00  0.000000E+00
  0.182935E+01  0.435422E-02  0.217543E+00  0.000000E+00  0.000000E+00  0.000000E+00  0.000000E+00
  0.263008E+01 -0.367468E+00 -0.124406E-01  0.000000E+00  0.000000E+00  0.000000E+00  0.000000E+00
  0.188320E+01 -0.194683E+00  0.139436E-01  0.000000E+00  0.000000E+00  0.000000E+00  0.000000E+00
  0.195362E+01 -0.150638E-01  0.201421E+00  0.000000E+00  0.000000E+00  0.000000E+00  0.000000E+00
  0.259792E+01 -0.194422E-01 -0.261208E+00  0.000000E+00  0.000000E+00  0.000000E+00  0.000000E+00
  0.239606E+01  0.319513E+00 -0.120203E-01  0.000000E+00  0.000000E+00  0.000000E+00  0.000000E+00
  0.252136E+01  0.300298E+00  0.163036E-01  0.000000E+00  0.000000E+00  0.000000E+00  0.000000E+00
  0.243530E+01 -0.820510E-02  0.353597E+00  0.000000E+00  0.000000E+00  0.000000E+00  0.000000E+00
  0.228342E+01 -0.335710E+00  0.791671E-03  0.000000E+00  0.000000E+00  0.000000E+00  0.000000E+00
  0.198365E+01  0.147066E-01 -0.210242E+00  0.000000E+00  0.000000E+00  0.000000E+00  0.000000E+00
  0.203014E+01  0.184910E-02 -0.271011E+00  0.000000E+00  0.000000E+00  0.000000E+00  0.000000E+00
  0.237524E+01 -0.290996E+00  0.146507E-01  0.000000E+00  0.000000E+00  0.000000E+00  0.000000E+00
  0.272341E+01  0.293147E+00  0.188819E-01  0.000000E+00  0.000000E+00  0.000000E+00  0.000000E+00
  0.230684E+01 -0.440413E-02  0.336463E+00  0.000000E+00  0.000000E+00  0.000000E+00  0.000000E+00
  0.280007E+01 -0.386783E+00 -0.139891E-01  0.000000E+00  0.000000E+00  0.000000E+00  0.000000E+00
  0.243491E+01 -0.186799E-01  0.248718E+00  0.000000E+00  0.000000E+00  0.000000E+00  0.000000E+00
  0.282302E+01 -0.406911E+00 -0.127068E-01  0.000000E+00  0.000000E+00  0.000000E+00  0.000000E+00
  0.173953E+01  0.175632E+00 -0.115814E-01  0.000000E+00  0.000000E+00  0.000000E+00  0.000000E+00
  0.162721E+01  0.169103E+00  0.216890E-02  0.000000E+00  0.000000E+00  0.000000E+00  0.000000E+00
  0.274172E+01 -0.832509E-02  0.426119E+00  0.000000E+00  0.000000E+00  0.000000E+00  0.000000E+00
  0.268961E+01 -0.393801E+00 -0.110194E-01  0.000000E+00  0.000000E+00  0.000000E+00  0.000000E+00
  0.188269E+01  0.100265E-01 -0.214744E+00  0.000000E+00  0.000000E+00  0.000000E+00  0.000000E+00
  0.263828E+01 -0.176277E-01  0.301879E+00  0.000000E+00  0.000000E+00  0.000000E+00  0.000000E+00
  0.264961E+01  0.935496E-02  0.397454E+00  0.000000E+00  0.000000E+00  0.000000E+00  0.000000E+00
  0.166890E+01  0.275227E-02  0.179201E+00  0.000000E+00  0.000000E+00  0.000000E+00  0.000000E+00
  0.183328E+01 -0.213521E+00 -0.681047E-02  0.000000E+00  0.000000E+00  0.000000E+00  0.000000E+00
  0.181801E+01 -0.746326E-02  0.208105E+00  0.000000E+00  0.000000E+00  0.000000E+00  0.000000E+00
  0.253691E+01 -0.258254E+00 -0.190931E-01  0.000000E+00  0.000000E+00  0.000000E+00  0.000000E+00
  0.247118E+01 -0.156931E-01 -0.298465E+00  0.000000E+00  0.000000E+00  0.000000E+00  0.000000E+00
  0.260196E+01  0.173160E-01 -0.300434E+00  0.000000E+00  0.000000E+00  0.000000E+00  0.000000E+00
  0.204708E+01 -0.531586E-02  0.269732E+00  0.000000E+00  0.000000E+00  0.000000E+00  0.000000E+00
  0.191623E+01  0.492717E-02 -0.238151E+00  0.000000E+00  0.000000E+00  0.000000E+00  0.000000E+00
  0.258929E+01  0.726798E-02  0.395468E+00  0.000000E+00  0.000000E+00  0.000000E+00  0.000000E+00
  0.255948E+01  0.370665E+00 -0.101721E-01  0.000000E+00  0.000000E+00  0.000000E+00  0.000000E+00
  0.178591E+01 -0.180870E+00 -0.126894E-01  0.000000E+00  0.000000E+00  0.000000E+00  0.000000E+00
  0.265305E+01  0.381521E+00  0.114782E-01  0.000000E+00  0.000000E+00  0.000000E+00  0.000000E+00
  0.271609E+01 -0.306080E+00  0.181625E-01  0.000000E+00  0.000000E+00  0.000000E+00  0.000000E+00
  0.241101E+01  0.320523E+00  0.123019E-01  0.000000E+00  0.000000E+00  0.000000E+00  0.000000E+00
  0.180751E+01 -0.974076E-02 -0.198369E+00  0.000000E+00  0.000000E+00  0.000000E+00  0.000000E+00
  0.187788E+01 -0.207936E+00  0.113185E-01  0.000000E+00  0.000000E+00  0.000000E+00  0.000000E+00
  0.240369E+01 -0.157185E-01  0.284864E+00  0.000000E+00  0.000000E+00  0.000000E+00  0.000000E+00
  0.178699E+01  0.199840E+00 -0.775009E-02  0.000000E+00  0.000000E+00  0.000000E+00  0.000000E+00
  0.186759E+01 -0.983867E-02 -0.211992E+00  0.000000E+00  0.000000E+00  0.000000E+00  0.000000E+00
  0.251988E+01  0.168416E-01  0.292471E+00  0.000000E+00  0.000000E+00  0.000000E+00  0.000000E+00
  0.196547E+01 -0.248141E+00 -0.591130E-02  0.000000E+00  0.000000E+00  0.000000E+00  0.000000E+00
  0.263300E+01 -0.261776E+00  0.196773E-01  0.000000E+00  0.000000E+00  0.000000E+00  0.000000E+00
  0.257881E+01  0.935949E-02 -0.380800E+00  0.000000E+00  0.000000E+00  0.000000E+00  0.000000E+00
  0.204051E+01 -0.269832E+00 -0.453326E-02  0.000000E+00  0.000000E+00  0.000000E+00  0.000000E+00
  0.204691E+01 -0.275519E+00 -0.147583E-02  0.000000E+00  0.000000E+00  0.000000E+00  0.000000E+00
  0.179366E+01 -0.199004E+00  0.858344E-02  0.000000E+00  0.000000E+00  0.000000E+00  0.000000E+00
  0.237928E+01 -0.347552E+00  0.655401E-02  0.000000E+00  0.000000E+00  0.000000E+00  0.000000E+00
  0.250866E+01 -0.141995E-01 -0.323378E+00  0.000000E+00  0.000000E+00  0.000000E+00  0.000000E+00
  0.268251E+01 -0.197419E-01 -0.268061E+00  0.000000E+00  0.000000E+00  0.000000E+00  0.000000E+00
  0.222848E+01  0.297979E+00 -0.946935E-02  0.000000E+00  0.000000E+00  0.000000E+00  0.000000E+00
  0.266619E+01 -0.288815E+00 -0.186189E-01  0.000000E+00  0.000000E+00  0.000000E+00  0.000000E+00
  0.278136E+01 -0.322069E+00  0.179220E-01  0.000000E+00  0.000000E+00  0.000000E+00  0.000000E+00
  0.253703E+01  0.425015E-02 -0.394265E+00  0.000000E+00  0.000000E+00  0.000000E+00  0.000000E+00
  0.181404E+01  0.961934E-02 -0.200334E+00  0.000000E+00  0.000000E+00  0.000000E+00  0.000000E+00
  0.242603E+01  0.310272E+00  0.137904E-01  0.000000E+00  0.000000E+00  0.000000E+00  0.000000E+00
  0.198817E+01 -0.967227E-02 -0.240793E+00  0.000000E+00  0.000000E+00  0.000000E+00  0.000000E+00
  0.220651E+01 -0.120247E-02  0.316042E+00  0.000000E+00  0.000000E+00  0.000000E+00  0.000000E+00
  0.276445E+01  0.397683E+00 -0.123730E-01  0.000000E+00  0.000000E+00  0.000000E+00  0.000000E+00
  0.195586E+01 -0.142557E-01 -0.207796E+00  0.000000E+00  0.000000E+00  0.000000E+00  0.000000E+00
  0.197230E+01 -0.785913E-02  0.244076E+00  0.000000E+00  0.000000E+00  0.000000E+00  0.000000E+00
  0.234566E+01  0.178469E-01  0.246242E+00  0.000000E+00  0.000000E+00  0.000000E+00  0.000000E+00
  0.228996E+01 -0.261803E+00  0.157798E-01  0.000000E+00  0.000000E+00  0.000000E+00  0.000000E+00
  0.176071E+01 -0.635625E-02  0.196852E+00  0.000000E+00  0.000000E+00  0.000000E+00  0.000000E+00
  0.230277E+01  0.164679E-01 -0.256399E+00  0.000000E+00  0.000000E+00  0.000000E+00  0.000000E+00
  0.244097E+01  0.363035E+00  0.645249E-02  0.000000E+00  0.000000E+00  0.000000E+00  0.000000E+00
  0.171110E+01 -0.705330E-02  0.183222E+00  0.000000E+00  0.000000E+00  0.000000E+00  0.000000E+00
  0.177694E+01 -0.231808E-02 -0.206756E+00  0.000000E+00  0.000000E+00  0.000000E+00  0.000000E+00
  0.195030E+01  0.239171E+00 -0.774341E-02  0.000000E+00  0.000000E+00  0.000000E+00  0.000000E+00
  0.283464E+01  0.447655E+00  0.842086E-02  0.000000E+00  0.000000E+00  0.000000E+00  0.000000E+00
  0.164688E+01  0.173653E+00  0.276333E-02  0.000000E+00  0.000000E+00  0.000000E+00  0.000000E+00
  0.195804E+01 -0.250738E+00  0.368153E-02  0.000000E+00  0.000000E+00  0.000000E+00  0.000000E+00
  0.254156E+01  0.136074E-01 -0.336592E+00  0.000000E+00  0.000000E+00  0.000000E+00  0.000000E+00
  0.251292E+01  0.355016E+00 -0.108408E-01  0.000000E+00  0.000000E+00  0.000000E+00  0.000000E+00
  0.172171E+01 -0.778485E-02 -0.184038E+00  0.000000E+00  0.000000E+00  0.000000E+00  0.000000E+00
  0.221026E+01  0.234057E+00 -0.168832E-01  0.000000E+00  0.000000E+00  0.000000E+00  0.000000E+00
  0.223616E+01  0.592958E-02 -0.314673E+00  0.000000E+00  0.000000E+00  0.000000E+00  0.000000E+00
  0.180934E+01  0.186198E+00 -0.126465E-01  0.000000E+00  0.000000E+00  0.000000E+00  0.000000E+00
  0.182057E+01 -0.189511E+00 -0.124775E-01  0.000000E+00  0.000000E+00  0.000000E+00  0.000000E+00
  0.247306E+01 -0.373397E+00 -0.580583E-02  0.000000E+00  0.000000E+00  0.000000E+00  0.000000E+00
  0.221782E+01 -0.288899E+00 -0.106423E-01  0.000000E+00  0.000000E+00  0.000000E+00  0.000000E+00
  0.224961E+01  0.326473E+00  0.179795E-02  0.000000E+00  0.000000E+00  0.000000E+00  0.000000E+00
  0.210983E+01 -0.225401E+00 -0.158875E-01  0.000000E+00  0.000000E+00  0.000000E+00  0.000000E+00
  0.222879E+01 -0.301285E+00 -0.883158E-02  0.000000E+00  0.000000E+00  0.000000E+00  0.000000E+00
  0.178886E+01 -0.597055E-02  0.204574E+00  0.000000E+00  0.000000E+00  0.000000E+00  0.000000E+00
  0.201403E+01  0.153437E-01  0.211332E+00  0.000000E+00  0.000000E+00  0.000000E+00  0.000000E+00
  0.182768E+01  0.184136E+00  0.137525E-01  0.000000E+00  0.000000E+00  0.000000E+00  0.000000E+00
  0.267053E+01  0.110932E-01 -0.388833E+00  0.000000E+00  0.000000E+00  0.000000E+00  0.000000E+00
  0.273319E+01  0.328670E+00 -0.170653E-01  0.000000E+00  0.000000E+00  0.000000E+00  0.000000E+00
  0.208093E+01  0.118017E-02 -0.284296E+00  0.000000E+00  0.000000E+00  0.000000E+00  0.000000E+00
  0.270888E+01 -0.103711E-01  0.403625E+00  0.000000E+00  0.000000E+00  0.000000E+00  0.000000E+00
  0.211702E+01 -0.155803E-01  0.229729E+00  0.000000E+00  0.000000E+00  0.000000E+00  0.000000E+00
  0.271135E+01  0.132736E-01 -0.376437E+00  0.000000E+00  0.000000E+00  0.000000E+00  0.000000E+00
  0.212466E+01  0.352874E-02 -0.292725E+00  0.000000E+00  0.000000E+00  0.000000E+00  0.000000E+00
  0.211355E+01  0.277309E+00  0.804092E-02  0.000000E+00  0.000000E+00  0.000000E+00  0.000000E+00
  0.271225E+01  0.404503E+00  0.103585E-01  0.000000E+00  0.000000E+00  0.000000E+00  0.000000E+00
  0.178238E+01 -0.737005E-02  0.199738E+00  0.000000E+00  0.000000E+00  0.000000E+00  0.000000E+00
  0.188598E+01  0.204555E+00  0.123484E-01  0.000000E+00  0.000000E+00  0.000000E+00  0.000000E+00
  0.263770E+01 -0.267586E+00  0.194399E-01  0.000000E+00  0.000000E+00  0.000000E+00  0.000000E+00
  0.192532E+01 -0.447819E-02  0.241251E+00  0.000000E+00  0.000000E+00  0.000000E+00  0.000000E+00
  0.226469E+01 -0.259118E+00 -0.155661E-01  0.000000E+00  0.000000E+00  0.000000E+00  0.000000E+00
  0.175828E+01  0.843839E-03 -0.202810E+00  0.000000E+00  0.000000E+00  0.000000E+00  0.000000E+00
  0.169410E+01  0.739920E-02 -0.178314E+00  0.000000E+00  0.000000E+00  0.000000E+00  0.000000E+00
  0.273096E+01 -0.186014E-01  0.300109E+00  0.000000E+00  0.000000E+00  0.000000E+00  0.000000E+00
  0.262691E+01 -0.265499E+00 -0.194576E-01  0.000000E+00  0.000000E+00  0.000000E+00  0.000000E+00
  0.235608E+01  0.339621E+00  0.711591E-02  0.000000E+00  0.000000E+00  0.000000E+00  0.000000E+00
  0.178518E+01  0.188449E+00  0.109745E-01  0.000000E+00  0.000000E+00  0.000000E+00  0.000000E+00
  0.207578E+01  0.121587E-02 -0.282974E+00  0.000000E+00  0.000000E+00  0.000000E+00  0.000000E+00
  0.255806E+01 -0.366906E+00 -0.106345E-01  0.000000E+00  0.000000E+00  0.000000E+00  0.000000E+00
  0.213801E+01 -0.150190E-01  0.239081E+00  0.000000E+00  0.000000E+00  0.000000E+00  0.000000E+00
  0.182732E+01 -0.499440E-02  0.215963E+00  0.000000E+00  0.000000E+00  0.000000E+00  0.000000E+00
  0.281121E+01  0.309253E+00  0.188105E-01  0.000000E+00  0.000000E+00  0.000000E+00  0.000000E+00
  0.192080E+01  0.243016E+00  0.232431E-02  0.000000E+00  0.000000E+00  0.000000E+00  0.000000E+00
  0.272768E+01 -0.156195E-01  0.350077E+00  0.000000E+00  0.000000E+00  0.000000E+00  0.000000E+00
  0.207915E+01 -0.274598E+00  0.643223E-02  0.000000E+00  0.000000E+00  0.000000E+00  0.000000E+00
  0.283615E+01  0.895635E-02 -0.444235E+00  0.000000E+00  0.000000E+00  0.000000E+00  0.000000E+00
  0.221527E+01 -0.179520E-01 -0.221751E+00  0.000000E+00  0.000000E+00  0.000000E+00  0.000000E+00
  0.216360E+01 -0.109511E-01 -0.274671E+00  0.000000E+00  0.000000E+00  0.000000E+00  0.000000E+00
  0.196647E+01 -0.443605E-02  0.251580E+00  0.000000E+00  0.000000E+00  0.000000E+00  0.000000E+00
  0.268755E+01  0.199187E-01 -0.264806E+00  0.000000E+00  0.000000E+00  0.000000E+00  0.000000E+00
  0.239179E+01 -0.265426E+00  0.170712E-01  0.000000E+00  0.000000E+00  0.000000E+00  0.000000E+00
  0.261728E+01 -0.358420E+00  0.130659E-01  0.000000E+00  0.000000E+00  0.000000E+00  0.000000E+00
  0.211042E+01 -0.158233E-01  0.226131E+00  0.000000E+00  0.000000E+00  0.000000E+00  0.000000E+00
  0.244769E+01 -0.263587E+00 -0.178951E-01  0.000000E+00  0.000000E+00  0.000000E+00  0.000000E+00
  0.268380E+01  0.363866E+00  0.138628E-01  0.000000E+00  0.000000E+00  0.000000E+00  0.000000E+00
  0.220182E+01  0.169039E-01  0.232241E+00  0.000000E+00  0.000000E+00  0.000000E+00  0.000000E+00
  0.167300E+01 -0.180031E+00  0.299421E-02  0.000000E+00  0.000000E+00  0.000000E+00  0.000000E+00
  0.163103E+01 -0.170131E+00 -0.205754E-02  0.000000E+00  0.000000E+00  0.000000E+00  0.000000E+00
  0.193727E+01  0.237558E+00  0.725599E-02  0.000000E+00  0.000000E+00  0.000000E+00  0.000000E+00
  0.196002E+01  0.214102E+00 -0.134512E-01  0.000000E+00  0.000000E+00  0.000000E+00  0.000000E+00
  0.215239E+01  0.784870E-03  0.302558E+00  0.000000E+00  0.000000E+00  0.000000E+00  0.000000E+00
  0.221120E+01 -0.132617E-01 -0.269227E+00  0.000000E+00  0.000000E+00  0.000000E+00  0.000000E+00
  0.226861E+01 -0.331621E+00 -0.138507E-02  0.000000E+00  0.000000E+00  0.000000E+00  0.000000E+00
  0.221306E+01 -0.310421E-02  0.315606E+00  0.000000E+00  0.000000E+00  0.000000E+00  0.000000E+00
  0.165663E+01 -0.172320E+00 -0.582112E-02  0.000000E+00  0.000000E+00  0.000000E+00  0.000000E+00
  0.240103E+01 -0.829579E-02 -0.344937E+00  0.000000E+00  0.000000E+00  0.000000E+00  0.000000E+00
  0.261162E+01  0.189227E-01  0.273808E+00  0.000000E+00  0.000000E+00  0.000000E+00  0.000000E+00
  0.211470E+01 -0.170773E-01 -0.214108E+00  0.000000E+00  0.000000E+00  0.000000E+00  0.000000E+00
  0.217094E+01 -0.336939E-02  0.304598E+00  0.000000E+00  0.000000E+00  0.000000E+00  0.000000E+00
  0.280591E+01 -0.426423E-02 -0.461302E+00  0.000000E+00  0.000000E+00  0.000000E+00  0.000000E+00
  0.169250E+01  0.174065E+00 -0.890147E-02  0.000000E+00  0.000000E+00  0.000000E+00  0.000000E+00
  0.250543E+01 -0.624051E-02  0.379676E+00  0.000000E+00  0.000000E+00  0.000000E+00  0.000000E+00
  0.236211E+01  0.151087E-01  0.283476E+00  0.000000E+00  0.000000E+00  0.000000E+00  0.000000E+00
  0.228319E+01  0.313497E+00 -0.896327E-02  0.000000E+00  0.000000E+00  0.000000E+00  0.000000E+00
  0.222184E+01 -0.256051E+00  0.150187E-01  0.000000E+00  0.000000E+00  0.000000E+00  0.000000E+00
  0.169459E+01 -0.292919E-02  0.185515E+00  0.000000E+00  0.000000E+00  0.000000E+00  0.000000E+00
  0.252555E+01  0.181205E-01  0.273634E+00  0.000000E+00  0.000000E+00  0.000000E+00  0.000000E+00
  0.268079E+01  0.422416E+00  0.629596E-02  0.000000E+00  0.000000E+00  0.000000E+00  0.000000E+00
  0.202277E+01  0.239204E+00  0.115776E-01  0.000000E+00  0.000000E+00  0.000000E+00  0.000000E+00
  0.270194E+01  0.281637E+00 -0.192629E-01  0.000000E+00  0.000000E+00  0.000000E+00  0.000000E+00
  0.211643E+01  0.154483E-01  0.230839E+00  0.000000E+00  0.000000E+00  0.000000E+00  0.000000E+00
  0.187979E+01  0.196911E+00  0.134630E-01  0.000000E+00  0.000000E+00  0.000000E+00  0.000000E+00
  0.186170E+01 -0.224259E+00 -0.511723E-02  0.000000E+00  0.000000E+00  0.000000E+00  0.000000E+00
  0.279067E+01  0.339242E+00  0.170689E-01  0.000000E+00  0.000000E+00  0.000000E+00  0.000000E+00
  0.161107E+01  0.334931E-02  0.164163E+00  0.000000E+00  0.000000E+00  0.000000E+00  0.000000E+00
  0.188018E+01  0.944748E-02 -0.216453E+00  0.000000E+00  0.000000E+00  0.000000E+00  0.000000E+00
  0.257981E+01 -0.135798E-01 -0.345010E+00  0.000000E+00  0.000000E+00  0.000000E+00  0.000000E+00
  0.273373E+01 -0.338294E+00  0.164805E-01  0.000000E+00  0.000000E+00  0.000000E+00  0.000000E+00
  0.275460E+01 -0.370471E+00  0.145246E-01  0.000000E+00  0.000000E+00  0.000000E+00  0.000000E+00
  0.281195E+01 -0.148512E-01 -0.377834E+00  0.000000E+00  0.000000E+00  0.000000E+00  0.000000E+00
  0.174804E+01  0.180587E+00  0.108230E-01  0.000000E+00  0.000000E+00  0.000000E+00  0.000000E+00
  0.258330E+01  0.120723E-01 -0.360608E+00  0.000000E+00  0.000000E+00  0.000000E+00  0.000000E+00
  0.268675E+01 -0.286364E+00  0.189165E-01  0.000000E+00  0.000000E+00  0.000000E+00  0.000000E+00
  0.175440E+01 -0.507048E-02 -0.197746E+00  0.000000E+00  0.000000E+00  0.000000E+00  0.000000E+00
  0.270542E+01  0.922446E-02  0.411482E+00  0.000000E+00  0.000000E+00  0.000000E+00  0.000000E+00
  0.250327E+01  0.358286E+00 -0.100824E-01  0.000000E+00  0.000000E+00  0.000000E+00  0.000000E+00
  0.241990E+01 -0.307298E+00  0.139604E-01  0.000000E+00  0.000000E+00  0.000000E+00  0.000000E+00
  0.243909E+01 -0.373669E+00  0.232227E-02  0.000000E+00  0.000000E+00  0.000000E+00  0.000000E+00
  0.199673E+01 -0.253487E+00  0.676015E-02  0.000000E+00  0.000000E+00  0.000000E+00  0.000000E+00
  0.218764E+01 -0.144809E-01  0.254030E+00  0.000000E+00  0.000000E+00  0.000000E+00  0.000000E+00
  0.187139E+01  0.778260E-02  0.220056E+00  0.000000E+00  0.000000E+00  0.000000E+00  0.000000E+00
  0.283057E+01 -0.316096E-02  0.470599E+00  0.000000E+00  0.000000E+00  0.000000E+00  0.000000E+00
  0.178754E+01  0.945349E-02 -0.194717E+00  0.000000E+00  0.000000E+00  0.000000E+00  0.000000E+00
  0.198444E+01 -0.226169E+00 -0.123587E-01  0.000000E+00  0.000000E+00  0.000000E+00  0.000000E+00
  0.193289E+01  0.196701E+00  0.151348E-01  0.000000E+00  0.000000E+00  0.000000E+00  0.000000E+00
  0.232148E+01  0.860097E-02 -0.324423E+00  0.000000E+00  0.000000E+00  0.000000E+00  0.000000E+00
  0.171082E+01  0.866105E-02 -0.179087E+00  0.000000E+00  0.000000E+00  0.000000E+00  0.000000E+00
  0.249601E+01  0.253723E+00  0.189755E-01  0.000000E+00  0.000000E+00  0.000000E+00  0.000000E+00
  0.209982E+01 -0.114660E-01  0.257164E+00  0.000000E+00  0.000000E+00  0.000000E+00  0.000000E+00
  0.270580E+01 -0.441105E+00  0.219637E-02  0.000000E+00  0.000000E+00  0.000000E+00  0.000000E+00
  0.200803E+01  0.239993E-02  0.264928E+00  0.000000E+00  0.000000E+00  0.000000E+00  0.000000E+00
  0.199599E+01  0.149051E-01 -0.211233E+00  0.000000E+00  0.000000E+00  0.000000E+00  0.000000E+00
  0.210749E+01 -0.164181E-01 -0.219708E+00  0.000000E+00  0.000000E+00  0.000000E+00  0.000000E+00
  0.225252E+01 -0.277626E+00 -0.133188E-01  0.000000E+00  0.000000E+00  0.000000E+00  0.000000E+00
  0.255722E+01 -0.131438E-01  0.344679E+00  0.000000E+00  0.000000E+00  0.000000E+00  0.000000E+00
  0.236220E+01  0.162611E-01 -0.270268E+00  0.000000E+00  0.000000E+00  0.000000E+00  0.000000E+00
  0.256443E+01 -0.376566E+00  0.948898E-02  0.000000E+00  0.000000E+00  0.000000E+00  0.000000E+00
  0.207086E+01  0.114037E-01 -0.251012E+00  0.000000E+00  0.000000E+00  0.000000E+00  0.000000E+00
  0.198479E+01  0.876586E-02  0.243750E+00  0.000000E+00  0.000000E+00  0.000000E+00  0.000000E+00
  0.223710E+01  0.307580E+00  0.789156E-02  0.000000E+00  0.000000E+00  0.000000E+00  0.000000E+00
  0.186196E+01  0.117621E-01  0.202227E+00  0.000000E+00  0.000000E+00  0.000000E+00  0.000000E+00
  0.269594E+01 -0.430181E+00 -0.533398E-02  0.000000E+00  0.000000E+00  0.000000E+00  0.000000E+00
  0.268822E+01 -0.190236E-01 -0.284420E+00  0.000000E+00  0.000000E+00  0.000000E+00  0.000000E+00
  0.182687E+01  0.102579E-01  0.200893E+00  0.000000E+00  0.000000E+00  0.000000E+00  0.000000E+00
  0.208892E+01 -0.314466E-02 -0.284360E+00  0.000000E+00  0.000000E+00  0.000000E+00  0.000000E+00
  0.284079E+01  0.321237E+00 -0.184806E-01  0.000000E+00  0.000000E+00  0.000000E+00  0.000000E+00
  0.177418E+01 -0.115126E-01  0.183703E+00  0.000000E+00  0.000000E+00  0.000000E+00  0.000000E+00
  0.280240E+01 -0.176901E-01  0.330178E+00  0.000000E+00  0.000000E+00  0.000000E+00  0.000000E+00
  0.214804E+01 -0.215664E+00  0.174767E-01  0.000000E+00  0.000000E+00  0.000000E+00  0.000000E+00
  0.209261E+01 -0.283320E+00  0.428265E-02  0.000000E+00  0.000000E+00  0.000000E+00  0.000000E+00
  0.192800E+01  0.121473E-01  0.214917E+00  0.000000E+00  0.000000E+00  0.000000E+00  0.000000E+00
  0.283686E+01 -0.191310E-01 -0.306421E+00  0.000000E+00  0.000000E+00  0.000000E+00  0.000000E+00
  0.268652E+01  0.111106E-01  0.392311E+00  0.000000E+00  0.000000E+00  0.000000E+00  0.000000E+00
  0.182483E+01 -0.219721E+00 -0.554095E-03  0.000000E+00  0.000000E+00  0.000000E+00  0.000000E+00
  0.245446E+01 -0.302034E+00  0.151147E-01  0.000000E+00  0.000000E+00  0.000000E+00  0.000000E+00
  0.244771E+01 -0.307645E+00  0.144862E-01  0.000000E+00  0.000000E+00  0.000000E+00  0.000000E+00
  0.232678E+01  0.328236E+00 -0.808145E-02  0.000000E+00  0.000000E+00  0.000000E+00  0.000000E+00
  0.253711E+01 -0.376563E+00 -0.844935E-02  0.000000E+00  0.000000E+00  0.000000E+00  0.000000E+00
  0.243110E+01  0.142682E-01 -0.306505E+00  0.000000E+00  0.000000E+00  0.000000E+00  0.000000E+00
  0.231374E+01 -0.938295E-02 -0.318441E+00  0.000000E+00  0.000000E+00  0.000000E+00  0.000000E+00
  0.236244E+01  0.131270E-01 -0.302879E+00  0.000000E+00  0.000000E+00  0.000000E+00  0.000000E+00
  0.197864E+01  0.149311E-01  0.207506E+00  0.000000E+00  0.000000E+00  0.000000E+00  0.000000E+00
  0.243001E+01  0.357711E+00  0.708268E-02  0.000000E+00  0.000000E+00  0.000000E+00  0.000000E+00
  0.235040E+01 -0.183002E-01  0.240386E+00  0.000000E+00  0.000000E+00  0.000000E+00  0.000000E+00
  0.230292E+01 -0.340594E+00  0.904952E-03  0.000000E+00  0.000000E+00  0.000000E+00  0.000000E+00
  0.206093E+01 -0.235810E+00  0.134268E-01  0.000000E+00  0.000000E+00  0.000000E+00  0.000000E+00
  0.253184E+01 -0.617269E-02 -0.386427E+00  0.000000E+00  0.000000E+00  0.000000E+00  0.000000E+00
  0.241696E+01 -0.366973E+00 -0.302438E-02  0.000000E+00  0.000000E+00  0.000000E+00  0.000000E+00
  0.233957E+01  0.182846E-01  0.238753E+00  0.000000E+00  0.000000E+00  0.000000E+00  0.000000E+00
  0.186994E+01 -0.228701E+00 -0.366230E-02  0.000000E+00  0.000000E+00  0.000000E+00  0.000000E+00
  0.175249E+01  0.195205E+00 -0.618183E-02  0.000000E+00  0.000000E+00  0.000000E+00  0.000000E+00
  0.214968E+01  0.118793E-01  0.265745E+00  0.000000E+00  0.000000E+00  0.000000E+00  0.000000E+00
  0.196400E+01 -0.226532E+00 -0.114804E-01  0.000000E+00  0.000000E+00  0.000000E+00  0.000000E+00
  0.204334E+01 -0.204219E+00  0.167502E-01  0.000000E+00  0.000000E+00  0.000000E+00  0.000000E+00
  0.188461E+01 -0.234801E+00 -0.762813E-03  0.000000E+00  0.000000E+00  0.000000E+00  0.000000E+00
  0.283810E+01 -0.394424E+00  0.140153E-01  0.000000E+00  0.000000E+00  0.000000E+00  0.000000E+00
  0.284082E+01 -0.471257E-01 -0.107287E+00  0.000000E+00  0.000000E+00  0.000000E+00  0.000000E+00
  0.284082E+01 -0.192461E+00 -0.241844E-01  0.000000E+00  0.000000E+00  0.000000E+00  0.000000E+00
  0.284082E+01  0.947406E-01 -0.163338E+00  0.000000E+00  0.000000E+00  0.000000E+00  0.000000E+00
  0.284082E+01  0.127394E-01 -0.567602E-02  0.000000E+00  0.000000E+00  0.000000E+00  0.000000E+00
  0.284082E+01 -0.103244E-01 -0.338889E-01  0.000000E+00  0.000000E+00  0.000000E+00  0.000000E+00
  0.284082E+01  0.377475E-02  0.342646E-01  0.000000E+00  0.000000E+00  0.000000E+00  0.000000E+00
  0.284082E+01 -0.637510E-01 -0.151501E+00  0.000000E+00  0.000000E+00  0.000000E+00  0.000000E+00
  0.284082E+01  0.122768E+00 -0.135087E+00  0.000000E+00  0.000000E+00  0.000000E+00  0.000000E+00
  0.284082E+01 -0.782739E-01  0.193423E-01  0.000000E+00  0.000000E+00  0.000000E+00  0.000000E+00
  0.284082E+01  0.460032E-01  0.129287E+00  0.000000E+00  0.000000E+00  0.000000E+00  0.000000E+00
  0.284082E+01 -0.115263E+00  0.659815E-01  0.000000E+00  0.000000E+00  0.000000E+00  0.000000E+00
  0.284082E+01 -0.113807E+00 -0.750843E-01  0.000000E+00  0.000000E+00  0.000000E+00  0.000000E+00
  0.284082E+01 -0.472694E-03  0.334140E-01  0.000000E+00  0.000000E+00  0.000000E+00  0.000000E+00
  0.284082E+01  0.469443E-01 -0.133308E+00  0.000000E+00  0.000000E+00  0.000000E+00  0.000000E+00
  0.284082E+01  0.105860E+00  0.119706E+00  0.000000E+00  0.000000E+00  0.000000E+00  0.000000E+00
  0.284082E+01 -0.116246E+00  0.150609E+00  0.000000E+00  0.000000E+00  0.000000E+00  0.000000E+00
  0.284082E+01  0.589312E-04  0.484915E-01  0.000000E+00  0.000000E+00  0.000000E+00  0.000000E+00
  0.284082E+01  0.112051E+00  0.166779E+00  0.000000E+00  0.000000E+00  0.000000E+00  0.000000E+00
  0.284082E+01 -0.554067E-01  0.216848E+00  0.000000E+00  0.000000E+00  0.000000E+00  0.000000E+00
  0.284082E+01 -0.737596E-01  0.123125E+00  0.000000E+00  0.000000E+00  0.000000E+00  0.000000E+00
  0.284082E+01 -0.216033E-01 -0.805112E-01  0.000000E+00  0.000000E+00  0.000000E+00  0.000000E+00
  0.284082E+01 -0.149228E+00 -0.866546E-01  0.000000E+00  0.000000E+00  0.000000E+00  0.000000E+00
  0.284082E+01 -0.127352E+00 -0.123273E+00  0.000000E+00  0.000000E+00  0.000000E+00  0.000000E+00
  0.284082E+01  0.519932E-01  0.201077E+00  0.000000E+00  0.000000E+00  0.000000E+00  0.000000E+00
  0.284082E+01 -0.228635E-01  0.118991E+00  0.000000E+00  0.000000E+00  0.000000E+00  0.000000E+00
  0.284082E+01  0.710158E-02 -0.381366E-01  0.000000E+00  0.000000E+00  0.000000E+00  0.000000E+00
  0.284082E+01  0.138539E-02  0.250072E-01  0.000000E+00  0.000000E+00  0.000000E+00  0.000000E+00
  0.284082E+01 -0.274964E-01  0.168882E+00  0.000000E+00  0.000000E+00  0.000000E+00  0.000000E+00
  0.284082E+01 -0.167975E+00 -0.118478E+00  0.000000E+00  0.000000E+00  0.000000E+00  0.000000E+00
  0.284082E+01  0.637826E-01 -0.105163E+00  0.000000E+00  0.000000E+00  0.000000E+00  0.000000E+00
  0.284082E+01 -0.460925E-01 -0.331424E-01  0.000000E+00  0.000000E+00  0.000000E+00  0.000000E+00
  0.284082E+01 -0.270392E-02  0.179447E-02  0.000000E+00  0.000000E+00  0.000000E+00  0.000000E+00
  0.284082E+01 -0.531281E-01 -0.139414E+00  0.000000E+00  0.000000E+00  0.000000E+00  0.000000E+00
  0.284082E+01  0.171584E-01  0.168937E+00  0.000000E+00  0.000000E+00  0.000000E+00  0.000000E+00
  0.284082E+01 -0.190809E+00 -0.855172E-01  0.000000E+00  0.000000E+00  0.000000E+00  0.000000E+00
  0.284082E+01  0.555380E-01  0.479768E-01  0.000000E+00  0.000000E+00  0.000000E+00  0.000000E+00
  0.284082E+01  0.136376E+00  0.122915E+00  0.000000E+00  0.000000E+00  0.000000E+00  0.000000E+00
  0.284082E+01 -0.229761E+00 -0.154554E-01  0.000000E+00  0.000000E+00  0.000000E+00  0.000000E+00
  0.284082E+01 -0.392080E-01  0.104085E-01  0.000000E+00  0.000000E+00  0.000000E+00  0.000000E+00
  0.284082E+01 -0.472541E-01 -0.147138E-02  0.000000E+00  0.000000E+00  0.000000E+00  0.000000E+00
  0.284082E+01  0.191547E+00 -0.117742E+00  0.000000E+00  0.000000E+00  0.000000E+00  0.000000E+00
  0.284082E+01 -0.195543E+00  0.845739E-02  0.000000E+00  0.000000E+00  0.000000E+00  0.000000E+00
  0.284082E+01  0.737988E-01  0.400409E-01  0.000000E+00  0.000000E+00  0.000000E+00  0.000000E+00
  0.284082E+01  0.165222E+00 -0.244794E-02  0.000000E+00  0.000000E+00  0.000000E+00  0.000000E+00
  0.284082E+01  0.126116E-01  0.435971E-01  0.000000E+00  0.000000E+00  0.000000E+00  0.000000E+00
  0.284082E+01 -0.867548E-01 -0.155936E+00  0.000000E+00  0.000000E+00  0.000000E+00  0.000000E+00
  0.284082E+01  0.177619E+00 -0.107280E+00  0.000000E+00  0.000000E+00  0.000000E+00  0.000000E+00
  0.284082E+01 -0.138849E+00 -0.982599E-01  0.000000E+00  0.000000E+00  0.000000E+00  0.000000E+00
  0.284082E+01  0.114533E-01  0.450410E-01  0.000000E+00  0.000000E+00  0.000000E+00  0.000000E+00
  0.284082E+01 -0.302533E-01 -0.159400E+00  0.000000E+00  0.000000E+00  0.000000E+00  0.000000E+00
  0.284082E+01 -0.734645E-02 -0.659180E-01  0.000000E+00  0.000000E+00  0.000000E+00  0.000000E+00
  0.284082E+01 -0.653985E-01  0.152262E+00  0.000000E+00  0.000000E+00  0.000000E+00  0.000000E+00
  0.284082E+01  0.604267E-01 -0.195134E+00  0.000000E+00  0.000000E+00  0.000000E+00  0.000000E+00
  0.284082E+01  0.673744E-01 -0.377750E-01  0.000000E+00  0.000000E+00  0.000000E+00  0.000000E+00
  0.284082E+01  0.222168E+00 -0.385850E-01  0.000000E+00  0.000000E+00  0.000000E+00  0.000000E+00
  0.284082E+01  0.220168E+00  0.716390E-01  0.000000E+00  0.000000E+00  0.000000E+00  0.000000E+00
  0.284082E+01  0.264941E-01  0.443980E-01  0.000000E+00  0.000000E+00  0.000000E+00  0.000000E+00
  0.284082E+01  0.133592E+00 -0.622991E-01  0.000000E+00  0.000000E+00  0.000000E+00  0.000000E+00
  0.284082E+01 -0.108810E+00  0.735882E-01  0.000000E+00  0.000000E+00  0.000000E+00  0.000000E+00
  0.284082E+01 -0.444666E-01 -0.495208E-01  0.000000E+00  0.000000E+00  0.000000E+00  0.000000E+00
  0.284082E+01  0.842777E-01 -0.661711E-02  0.000000E+00  0.000000E+00  0.000000E+00  0.000000E+00
  0.284082E+01  0.427687E-03  0.912149E-02  0.000000E+00  0.000000E+00  0.000000E+00  0.000000E+00
  0.284082E+01  0.276564E-01 -0.731997E-01  0.000000E+00  0.000000E+00  0.000000E+00  0.000000E+00
  0.284082E+01 -0.644414E-01 -0.144522E+00  0.000000E+00  0.000000E+00  0.000000E+00  0.000000E+00
  0.284082E+01 -0.154864E-01 -0.468661E-01  0.000000E+00  0.000000E+00  0.000000E+00  0.000000E+00
  0.284082E+01 -0.569224E-01 -0.153673E+00  0.000000E+00  0.000000E+00  0.000000E+00  0.000000E+00
  0.284082E+01  0.984634E-02  0.412516E-01  0.000000E+00  0.000000E+00  0.000000E+00  0.000000E+00
  0.284082E+01  0.890778E-01  0.744715E-01  0.000000E+00  0.000000E+00  0.000000E+00  0.000000E+00
  0.284082E+01  0.366751E-01  0.362386E-01  0.000000E+00  0.000000E+00  0.000000E+00  0.000000E+00
  0.284082E+01 -0.710489E-02  0.115292E-01  0.000000E+00  0.000000E+00  0.000000E+00  0.000000E+00
  0.284082E+01 -0.159066E-02 -0.497260E-01  0.000000E+00  0.000000E+00  0.000000E+00  0.000000E+00
  0.284082E+01  0.242799E-01 -0.483820E-01  0.000000E+00  0.000000E+00  0.000000E+00  0.000000E+00
  0.284082E+01  0.143342E+00 -0.598431E-01  0.000000E+00  0.000000E+00  0.000000E+00  0.000000E+00
  0.284082E+01 -0.963953E-01 -0.609858E-01  0.000000E+00  0.000000E+00  0.000000E+00  0.000000E+00
  0.284082E+01  0.925849E-01 -0.169652E-01  0.000000E+00  0.000000E+00  0.000000E+00  0.000000E+00
  0.284082E+01  0.427746E-01  0.131820E+00  0.000000E+00  0.000000E+00  0.000000E+00  0.000000E+00
  0.284082E+01 -0.175370E+00 -0.107631E+00  0.000000E+00  0.000000E+00  0.000000E+00  0.000000E+00
  0.284082E+01 -0.129510E+00  0.150763E+00  0.000000E+00  0.000000E+00  0.000000E+00  0.000000E+00
  0.284082E+01 -0.995210E-01  0.272251E-01  0.000000E+00  0.000000E+00  0.000000E+00  0.000000E+00
  0.284082E+01 -0.681176E-01  0.181425E+00  0.000000E+00  0.000000E+00  0.000000E+00  0.000000E+00
  0.284082E+01 -0.103249E+00  0.122308E+00  0.000000E+00  0.000000E+00  0.000000E+00  0.000000E+00
  0.284082E+01  0.141263E-01  0.214368E+00  0.000000E+00  0.000000E+00  0.000000E+00  0.000000E+00
  0.284082E+01  0.115487E+00 -0.126341E+00  0.000000E+00  0.000000E+00  0.000000E+00  0.000000E+00
  0.284082E+01  0.487047E-01  0.682604E-02  0.000000E+00  0.000000E+00  0.000000E+00  0.000000E+00
  0.284082E+01  0.113013E+00  0.130785E-01  0.000000E+00  0.000000E+00  0.000000E+00  0.000000E+00
  0.284082E+01  0.279881E-01  0.155069E+00  0.000000E+00  0.000000E+00  0.000000E+00  0.000000E+00
  0.284082E+01 -0.376058E-01  0.631476E-01  0.000000E+00  0.000000E+00  0.000000E+00  0.000000E+00
  0.284082E+01  0.319102E-01  0.730198E-01  0.000000E+00  0.000000E+00  0.000000E+00  0.000000E+00
  0.284082E+01 -0.944417E-02  0.707876E-01  0.000000E+00  0.000000E+00  0.000000E+00  0.000000E+00
  0.284082E+01  0.163548E+00  0.605492E-01  0.000000E+00  0.000000E+00  0.000000E+00  0.000000E+00
  0.284082E+01  0.108711E+00  0.135190E+00  0.000000E+00  0.000000E+00  0.000000E+00  0.000000E+00
  0.284082E+01 -0.718852E-01 -0.534338E-01  0.000000E+00  0.000000E+00  0.000000E+00  0.000000E+00
  0.284082E+01 -0.263571E-01 -0.190978E-01  0.000000E+00  0.000000E+00  0.000000E+00  0.000000E+00
  0.284082E+01 -0.322839E-01  0.945856E-02  0.000000E+00  0.000000E+00  0.000000E+00  0.000000E+00
  0.284082E+01  0.145081E+00  0.184315E+00  0.000000E+00  0.000000E+00  0.000000E+00  0.000000E+00
  0.284082E+01  0.813876E-01  0.540785E-01  0.000000E+00  0.000000E+00  0.000000E+00  0.000000E+00
  0.284082E+01  0.394594E-01  0.153677E+00  0.000000E+00  0.000000E+00  0.000000E+00  0.000000E+00
  0.284082E+01 -0.662886E-01 -0.197155E-01  0.000000E+00  0.000000E+00  0.000000E+00  0.000000E+00
  0.284082E+01 -0.832552E-01  0.100328E-01  0.000000E+00  0.000000E+00  0.000000E+00  0.000000E+00
  0.284082E+01  0.452828E-02  0.261714E-01  0.000000E+00  0.000000E+00  0.000000E+00  0.000000E+00
