  0.177981E+01  0.207959E+00  0.158271E-02  0.000000E+00  0.000000E+00  0.000000E+00  0.000000E+00
  0.273801E+01  0.193656E-01 -0.285205E+00  0.000000E+00  0.000000E+00  0.000000E+00  0.000000E+00
  0.258313E+01  0.112147E-01 -0.368006E+00  0.000000E+00  0.000000E+00  0.000000E+00  0.000000E+00
  0.182552E+01  0.213541E+00  0.599059E-02  0.000000E+00  0.000000E+00  0.000000E+00  0.000000E+00
  0.174828E+01  0.191122E+00  0.751675E-02  0.000000E+00  0.000000E+00  0.000000E+00  0.000000E+00
  0.238257E+01  0.305827E-02 -0.358272E+00  0.000000E+00  0.000000E+00  0.000000E+00  0.000000E+00
  0.272612E+01 -0.124352E-01 -0.388613E+00  0.000000E+00  0.000000E+00  0.000000E+00  0.000000E+00
  0.267295E+01 -0.352461E+00 -0.146196E-01  0.000000E+00  0.000000E+00  0.000000E+00  0.000000E+00
  0.236625E+01  0.188082E-01 -0.235089E+00  0.000000E+00  0.000000E+00  0.000000E+00  0.000000E+00
  0.197548E+01 -0.149270E-01  0.206896E+00  0.000000E+00  0.000000E+00  0.000000E+00  0.000000E+00
  0.257412E+01 -0.399645E+00 -0.544599E-02  0.000000E+00  0.000000E+00  0.000000E+00  0.000000E+00
  0.200639E+01 -0.265731E+00 -0.232343E-03  0.000000E+00  0.000000E+00  0.000000E+00  0.000000E+00
  0.250605E+01  0.390578E+00  0.230293E-02  0.000000E+00  0.000000E+00  0.000000E+00  0.000000E+00
  0.271194E+01 -0.365224E+00  0.142411E-01  0.000000E+00  0.000000E+00  0.000000E+00  0.000000E+00
  0.269625E+01  0.190170E-01  0.285876E+00  0.000000E+00  0.000000E+00  0.000000E+00  0.000000E+00
  0.212567E+01 -0.268001E+00  0.106039E-01  0.000000E+00  0.000000E+00  0.000000E+00  0.000000E+00
  0.265966E+01  0.416206E+00 -0.652221E-02  0.000000E+00  0.000000E+00  0.000000E+00  0.000000E+00
  0.278764E+01 -0.369105E+00  0.151232E-01  0.000000E+00  0.000000E+00  0.000000E+00  0.000000E+00
  0.251706E+01  0.362007E+00 -0.100067E-01  0.000000E+00  0.000000E+00  0.000000E+00  0.000000E+00
  0.225077E+01  0.179811E-01 -0.227613E+00  0.000000E+00  0.000000E+00  0.000000E+00  0.000000E+00
  0.214075E+01 -0.232657E+00 -0.157638E-01  0.000000E+00  0.000000E+00  0.000000E+00  0.000000E+00
  0.250661E+01  0.386577E+00  0.428564E-02  0.000000E+00  0.000000E+00  0.000000E+00  0.000000E+00
  0.176848E+01  0.116740E-01  0.181728E+00  0.000000E+00  0.000000E+00  0.000000E+00  0.000000E+00
  0.205914E+01  0.427815E-02 -0.274981E+00  0.000000E+00  0.000000E+00  0.000000E+00  0.000000E+00
  0.231969E+01 -0.364595E-02  0.341373E+00  0.000000E+00  0.000000E+00  0.000000E+00  0.000000E+00
  0.218537E+01  0.264703E+00  0.131299E-01  0.000000E+00  0.000000E+00  0.000000E+00  0.000000E+00
  0.233256E+01  0.266423E+00  0.161044E-01  0.000000E+00  0.000000E+00  0.000000E+00  0.000000E+00
  0.190062E+01  0.117449E-01 -0.210951E+00  0.000000E+00  0.000000E+00  0.000000E+00  0.000000E+00
  0.228474E+01  0.173630E-01 -0.241898E+00  0.000000E+00  0.000000E+00  0.000000E+00  0.000000E+00
  0.221073E+01  0.113206E-02  0.317152E+00  0.000000E+00  0.000000E+00  0.000000E+00  0.000000E+00
  0.196809E+01  0.339000E-02  0.253681E+00  0.000000E+00  0.000000E+00  0.000000E+00  0.000000E+00
  0.181402E+01 -0.101113E-01 -0.198494E+00  0.000000E+00  0.000000E+00  0.000000E+00  0.000000E+00
  0.204812E+01 -0.978792E-02 -0.254250E+00  0.000000E+00  0.000000E+00  0.000000E+00  0.000000E+00
  0.263963E+01 -0.119302E-01  0.374422E+00  0.000000E+00  0.000000E+00  0.000000E+00  0.000000E+00
  0.278556E+01  0.186043E-01 -0.309285E+00  0.000000E+00  0.000000E+00  0.000000E+00  0.000000E+00
  0.230917E+01  0.186445E-01  0.228104E+00  0.000000E+00  0.000000E+00  0.000000E+00  0.000000E+00
  0.196751E+01 -0.244156E+00  0.748639E-02  0.000000E+00  0.000000E+00  0.000000E+00  0.000000E+00
  0.241300E+01 -0.978478E-02  0.339275E+00  0.000000E+00  0.000000E+00  0.000000E+00  0.000000E+00
  0.177434E+01 -0.425014E-02 -0.203979E+00  0.000000E+00  0.000000E+00  0.000000E+00  0.000000E+00
  0.193867E+01  0.619714E-02  0.240837E+00  0.000000E+00  0.000000E+00  0.000000E+00  0.000000E+00
  0.219004E+01  0.134253E-01  0.263395E+00  0.000000E+00  0.000000E+00  0.000000E+00  0.000000E+00
  0.225528E+01 -0.272574E+00 -0.139771E-01  0.000000E+00  0.000000E+00  0.000000E+00  0.000000E+00
  0.242348E+01  0.363917E-02  0.367385E+00  0.000000E+00  0.000000E+00  0.000000E+00  0.000000E+00
  0.255595E+01  0.390580E+00  0.658511E-02  0.000000E+00  0.000000E+00  0.000000E+00  0.000000E+00
  0.203923E+01 -0.225436E+00 -0.142160E-01  0.000000E+00  0.000000E+00  0.000000E+00  0.000000E+00
  0.220394E+01 -0.814482E-02 -0.298529E+00  0.000000E+00  0.000000E+00  0.000000E+00  0.000000E+00
  0.262309E+01  0.138863E-01  0.350811E+00  0.000000E+00  0.000000E+00  0.000000E+00  0.000000E+00
  0.194016E+01  0.125288E-01 -0.215452E+00  0.000000E+00  0.000000E+00  0.000000E+00  0.000000E+00
  0.196163E+01  0.803594E-02 -0.240909E+00  0.000000E+00  0.000000E+00  0.000000E+00  0.000000E+00
  0.162393E+01 -0.166307E+00 -0.437407E-02  0.000000E+00  0.000000E+00  0.000000E+00  0.000000E+00
  0.210913E+01  0.269455E+00  0.958606E-02  0.000000E+00  0.000000E+00  0.000000E+00  0.000000E+00
  0.269640E+01  0.138982E-01  0.366104E+00  0.000000E+00  0.000000E+00  0.000000E+00  0.000000E+00
  0.169376E+01  0.784058E-02  0.177177E+00  0.000000E+00  0.000000E+00  0.000000E+00  0.000000E+00
  0.259670E+01 -0.193139E-01  0.263628E+00  0.000000E+00  0.000000E+00  0.000000E+00  0.000000E+00
  0.172293E+01 -0.319276E-03  0.193961E+00  0.000000E+00  0.000000E+00  0.000000E+00  0.000000E+00
  0.197190E+01  0.251216E+00  0.527875E-02  0.000000E+00  0.000000E+00  0.000000E+00  0.000000E+00
  0.189275E+01 -0.114656E-01 -0.210580E+00  0.000000E+00  0.000000E+00  0.000000E+00  0.000000E+00
  0.183416E+01  0.221170E+00  0.233228E-02  0.000000E+00  0.000000E+00  0.000000E+00  0.000000E+00
  0.247914E+01  0.171461E-01  0.280497E+00  0.000000E+00  0.000000E+00  0.000000E+00  0.000000E+00
  0.250724E+01  0.268174E+00 -0.182566E-01  0.000000E+00  0.000000E+00  0.000000E+00  0.000000E+00
  0.209009E+01  0.286816E+00 -0.716620E-03  0.000000E+00  0.000000E+00  0.000000E+00  0.000000E+00
  0.261857E+01 -0.277736E+00 -0.187789E-01  0.000000E+00  0.000000E+00  0.000000E+00  0.000000E+00
  0.274775E+01 -0.165476E-01  0.339892E+00  0.000000E+00  0.000000E+00  0.000000E+00  0.000000E+00
  0.265388E+01 -0.428310E+00 -0.198869E-02  0.000000E+00  0.000000E+00  0.000000E+00  0.000000E+00
  0.259857E+01  0.288223E+00  0.180139E-01  0.000000E+00  0.000000E+00  0.000000E+00  0.000000E+00
  0.250565E+01  0.377189E+00 -0.683823E-02  0.000000E+00  0.000000E+00  0.000000E+00  0.000000E+00
  0.276693E+01 -0.141684E-01  0.377588E+00  0.000000E+00  0.000000E+00  0.000000E+00  0.000000E+00
  0.198244E+01 -0.234739E+00 -0.106905E-01  0.000000E+00  0.000000E+00  0.000000E+00  0.000000E+00
  0.231763E+01 -0.866689E-02  0.323173E+00  0.000000E+00  0.000000E+00  0.000000E+00  0.000000E+00
  0.194448E+01 -0.250068E+00  0.780559E-04  0.000000E+00  0.000000E+00  0.000000E+00  0.000000E+00
  0.201253E+01 -0.955742E-02  0.246992E+00  0.000000E+00  0.000000E+00  0.000000E+00  0.000000E+00
  0.185642E+01  0.206263E+00  0.106054E-01  0.000000E+00  0.000000E+00  0.000000E+00  0.000000E+00
  0.230589E+01 -0.165021E-01  0.256583E+00  0.000000E+00  0.000000E+00  0.000000E+00  0.000000E+00
  0.210192E+01 -0.119205E-01 -0.254846E+00  0.000000E+00  0.000000E+00  0.000000E+00  0.000000E+00
  0.194368E+01  0.210227E+00  0.135118E-01  0.000000E+00  0.000000E+00  0.000000E+00  0.000000E+00
  0.222884E+01  0.314176E+00  0.549785E-02  0.000000E+00  0.000000E+00  0.000000E+00  0.000000E+00
  0.232213E+01  0.291542E+00  0.134326E-01  0.000000E+00  0.000000E+00  0.000000E+00  0.000000E+00
  0.175842E+01  0.201765E+00  0.270992E-02  0.000000E+00  0.000000E+00  0.000000E+00  0.000000E+00
  0.208527E+01  0.880814E-02 -0.267392E+00  0.000000E+00  0.000000E+00  0.000000E+00  0.000000E+00
  0.272575E+01  0.353124E+00 -0.153773E-01  0.000000E+00  0.000000E+00  0.000000E+00  0.000000E+00
  0.186558E+01  0.101083E-01  0.210445E+00  0.000000E+00  0.000000E+00  0.000000E+00  0.000000E+00
  0.195365E+01 -0.220398E+00  0.121819E-01  0.000000E+00  0.000000E+00  0.000000E+00  0.000000E+00
  0.217786E+01  0.191033E-02 -0.308251E+00  0.000000E+00  0.000000E+00  0.000000E+00  0.000000E+00
  0.168468E+01  0.198602E-02 -0.183710E+00  0.000000E+00  0.000000E+00  0.000000E+00  0.000000E+00
  0.248162E+01 -0.332145E+00  0.127428E-01  0.000000E+00  0.000000E+00  0.000000E+00  0.000000E+00
  0.185960E+01 -0.210238E+00 -0.981186E-02  0.000000E+00  0.000000E+00  0.000000E+00  0.000000E+00
  0.278347E+01 -0.280123E+00 -0.198924E-01  0.000000E+00  0.000000E+00  0.000000E+00  0.000000E+00
  0.242724E+01 -0.350584E+00 -0.841182E-02  0.000000E+00  0.000000E+00  0.000000E+00  0.000000E+00
  0.190553E+01 -0.197459E+00 -0.142359E-01  0.000000E+00  0.000000E+00  0.000000E+00  0.000000E+00
  0.196236E+01  0.886092E-02  0.238067E+00  0.000000E+00  0.000000E+00  0.000000E+00  0.000000E+00
  0.224242E+01 -0.320838E+00 -0.421603E-02  0.000000E+00  0.000000E+00  0.000000E+00  0.000000E+00
  0.275956E+01  0.419822E+00  0.980971E-02  0.000000E+00  0.000000E+00  0.000000E+00  0.000000E+00
  0.276601E+01  0.335128E+00 -0.170428E-01  0.000000E+00  0.000000E+00  0.000000E+00  0.000000E+00
  0.263966E+01 -0.370714E+00  0.123229E-01  0.000000E+00  0.000000E+00  0.000000E+00  0.000000E+00
  0.176606E+01  0.455882E-02  0.201462E+00  0.000000E+00  0.000000E+00  0.000000E+00  0.000000E+00
  0.263491E+01 -0.193932E-01  0.268120E+00  0.000000E+00  0.000000E+00  0.000000E+00  0.000000E+00
  0.239773E+01  0.320261E+00  0.119729E-01  0.000000E+00  0.000000E+00  0.000000E+00  0.000000E+00
  0.209203E+01  0.239683E+00 -0.137979E-01  0.000000E+00  0.000000E+00  0.000000E+00  0.000000E+00
  0.237184E+01 -0.356499E+00 -0.247929E-02  0.000000E+00  0.000000E+00  0.000000E+00  0.000000E+00
  0.191148E+01  0.240889E+00  0.206329E-02  0.000000E+00  0.000000E+00  0.000000E+00  0.000000E+00
  0.257730E+01 -0.296813E-02  0.407382E+00  0.000000E+00  0.000000E+00  0.000000E+00  0.000000E+00
  0.219787E+01 -0.275481E+00 -0.120255E-01  0.000000E+00  0.000000E+00  0.000000E+00  0.000000E+00
  0.177253E+01  0.120896E-01 -0.180778E+00  0.000000E+00  0.000000E+00  0.000000E+00  0.000000E+00
  0.259409E+01 -0.260592E+00 -0.194424E-01  0.000000E+00  0.000000E+00  0.000000E+00  0.000000E+00
  0.264206E+01  0.178990E-01 -0.297881E+00  0.000000E+00  0.000000E+00  0.000000E+00  0.000000E+00
  0.261832E+01 -0.265136E+00  0.194093E-01  0.000000E+00  0.000000E+00  0.000000E+00  0.000000E+00
  0.240849E+01  0.151279E-01  0.292616E+00  0.000000E+00  0.000000E+00  0.000000E+00  0.000000E+00
  0.250295E+01  0.113188E-02 -0.391059E+00  0.000000E+00  0.000000E+00  0.000000E+00  0.000000E+00
  0.275960E+01 -0.152894E-01  0.361126E+00  0.000000E+00  0.000000E+00  0.000000E+00  0.000000E+00
  0.177924E+01 -0.874832E-02  0.195067E+00  0.000000E+00  0.000000E+00  0.000000E+00  0.000000E+00
  0.164230E+01 -0.173519E+00  0.564784E-03  0.000000E+00  0.000000E+00  0.000000E+00  0.000000E+00
  0.256706E+01  0.405732E+00  0.244842E-02  0.000000E+00  0.000000E+00  0.000000E+00  0.000000E+00
  0.252097E+01 -0.384462E+00 -0.599631E-02  0.000000E+00  0.000000E+00  0.000000E+00  0.000000E+00
  0.272123E+01 -0.413025E+00 -0.952546E-02  0.000000E+00  0.000000E+00  0.000000E+00  0.000000E+00
  0.184453E+01  0.424275E-02  0.221502E+00  0.000000E+00  0.000000E+00  0.000000E+00  0.000000E+00
  0.252056E+01 -0.131841E-01 -0.336387E+00  0.000000E+00  0.000000E+00  0.000000E+00  0.000000E+00
  0.257818E+01 -0.153226E-01 -0.324363E+00  0.000000E+00  0.000000E+00  0.000000E+00  0.000000E+00
  0.242470E+01 -0.371632E+00 -0.244649E-03  0.000000E+00  0.000000E+00  0.000000E+00  0.000000E+00
  0.202193E+01  0.625380E-02  0.261101E+00  0.000000E+00  0.000000E+00  0.000000E+00  0.000000E+00
  0.191365E+01 -0.214326E+00  0.116547E-01  0.000000E+00  0.000000E+00  0.000000E+00  0.000000E+00
  0.231016E+01 -0.277346E+00 -0.146808E-01  0.000000E+00  0.000000E+00  0.000000E+00  0.000000E+00
  0.257479E+01 -0.174592E-01 -0.293201E+00  0.000000E+00  0.000000E+00  0.000000E+00  0.000000E+00
  0.221759E+01 -0.284902E+00 -0.112757E-01  0.000000E+00  0.000000E+00  0.000000E+00  0.000000E+00
  0.199852E+01 -0.262124E+00  0.277176E-02  0.000000E+00  0.000000E+00  0.000000E+00  0.000000E+00
  0.254885E+01 -0.386496E+00 -0.709765E-02  0.000000E+00  0.000000E+00  0.000000E+00  0.000000E+00
  0.189455E+01 -0.228447E+00  0.681086E-02  0.000000E+00  0.000000E+00  0.000000E+00  0.000000E+00
  0.176545E+01 -0.241615E-04 -0.204741E+00  0.000000E+00  0.000000E+00  0.000000E+00  0.000000E+00
  0.177988E+01  0.205301E+00  0.429145E-02  0.000000E+00  0.000000E+00  0.000000E+00  0.000000E+00
  0.277789E+01 -0.295333E+00  0.191981E-01  0.000000E+00  0.000000E+00  0.000000E+00  0.000000E+00
  0.166649E+01  0.898872E-03  0.179572E+00  0.000000E+00  0.000000E+00  0.000000E+00  0.000000E+00
  0.205316E+01 -0.241025E+00 -0.124012E-01  0.000000E+00  0.000000E+00  0.000000E+00  0.000000E+00
  0.273552E+01  0.183469E-01 -0.305908E+00  0.000000E+00  0.000000E+00  0.000000E+00  0.000000E+00
  0.173675E+01 -0.757264E-02  0.188198E+00  0.000000E+00  0.000000E+00  0.000000E+00  0.000000E+00
  0.247887E+01 -0.303410E+00  0.154132E-01  0.000000E+00  0.000000E+00  0.000000E+00  0.000000E+00
  0.200895E+01 -0.236477E+00  0.115103E-01  0.000000E+00  0.000000E+00  0.000000E+00  0.000000E+00
  0.177776E+01  0.368839E-02 -0.205584E+00  0.000000E+00  0.000000E+00  0.000000E+00  0.000000E+00
  0.179198E+01  0.196828E+00  0.913756E-02  0.000000E+00  0.000000E+00  0.000000E+00  0.000000E+00
  0.246831E+01  0.107697E-01  0.345360E+00  0.000000E+00  0.000000E+00  0.000000E+00  0.000000E+00
  0.218335E+01 -0.124200E-02  0.310160E+00  0.000000E+00  0.000000E+00  0.000000E+00  0.000000E+00
  0.207606E+01  0.235648E+00 -0.138861E-01  0.000000E+00  0.000000E+00  0.000000E+00  0.000000E+00
  0.213856E+01  0.237458E+00  0.152099E-01  0.000000E+00  0.000000E+00  0.000000E+00  0.000000E+00
  0.252597E+01  0.408895E-04  0.397288E+00  0.000000E+00  0.000000E+00  0.000000E+00  0.000000E+00
  0.202547E+01 -0.212823E+00 -0.154376E-01  0.000000E+00  0.000000E+00  0.000000E+00  0.000000E+00
  0.272219E+01  0.354333E+00 -0.152386E-01  0.000000E+00  0.000000E+00  0.000000E+00  0.000000E+00
  0.276164E+01  0.332141E+00 -0.171697E-01  0.000000E+00  0.000000E+00  0.000000E+00  0.000000E+00
  0.165496E+01 -0.174033E+00 -0.437997E-02  0.000000E+00  0.000000E+00  0.000000E+00  0.000000E+00
  0.193227E+01 -0.131735E-01 -0.209907E+00  0.000000E+00  0.000000E+00  0.000000E+00  0.000000E+00
  0.224052E+01 -0.187013E-02  0.324109E+00  0.000000E+00  0.000000E+00  0.000000E+00  0.000000E+00
  0.202234E+01  0.229156E+00  0.131931E-01  0.000000E+00  0.000000E+00  0.000000E+00  0.000000E+00
  0.251583E+01  0.152045E-01  0.313329E+00  0.000000E+00  0.000000E+00  0.000000E+00  0.000000E+00
  0.201137E+01 -0.248191E-02  0.265685E+00  0.000000E+00  0.000000E+00  0.000000E+00  0.000000E+00
  0.213150E+01  0.212242E+00 -0.175135E-01  0.000000E+00  0.000000E+00  0.000000E+00  0.000000E+00
  0.261572E+01  0.415194E-02 -0.414179E+00  0.000000E+00  0.000000E+00  0.000000E+00  0.000000E+00
  0.256540E+01 -0.153270E-01  0.321753E+00  0.000000E+00  0.000000E+00  0.000000E+00  0.000000E+00
  0.202757E+01 -0.153203E-01 -0.214234E+00  0.000000E+00  0.000000E+00  0.000000E+00  0.000000E+00
  0.190051E+01 -0.222764E+00 -0.904077E-02  0.000000E+00  0.000000E+00  0.000000E+00  0.000000E+00
  0.266719E+01 -0.194538E-01  0.271984E+00  0.000000E+00  0.000000E+00  0.000000E+00  0.000000E+00
  0.284031E+01  0.454933E+00 -0.749571E-02  0.000000E+00  0.000000E+00  0.000000E+00  0.000000E+00
  0.237040E+01 -0.162590E-01 -0.271872E+00  0.000000E+00  0.000000E+00  0.000000E+00  0.000000E+00
  0.277270E+01 -0.327775E+00 -0.175308E-01  0.000000E+00  0.000000E+00  0.000000E+00  0.000000E+00
  0.262723E+01  0.329938E+00  0.156404E-01  0.000000E+00  0.000000E+00  0.000000E+00  0.000000E+00
  0.224446E+01  0.157777E-01 -0.252889E+00  0.000000E+00  0.000000E+00  0.000000E+00  0.000000E+00
  0.216673E+01  0.127601E-01 -0.263430E+00  0.000000E+00  0.000000E+00  0.000000E+00  0.000000E+00
  0.199346E+01 -0.259394E+00  0.381485E-02  0.000000E+00  0.000000E+00  0.000000E+00  0.000000E+00
  0.282697E+01 -0.466621E+00 -0.424441E-02  0.000000E+00  0.000000E+00  0.000000E+00  0.000000E+00
  0.266329E+01 -0.762388E-02 -0.411474E+00  0.000000E+00  0.000000E+00  0.000000E+00  0.000000E+00
  0.193812E+01  0.248265E+00 -0.983085E-03  0.000000E+00  0.000000E+00  0.000000E+00  0.000000E+00
  0.261288E+01 -0.192850E-01 -0.266816E+00  0.000000E+00  0.000000E+00  0.000000E+00  0.000000E+00
  0.242464E+01 -0.343029E+00 -0.961814E-02  0.000000E+00  0.000000E+00  0.000000E+00  0.000000E+00
  0.261197E+01 -0.416663E+00 -0.267128E-02  0.000000E+00  0.000000E+00  0.000000E+00  0.000000E+00
  0.257780E+01 -0.331966E+00  0.147000E-01  0.000000E+00  0.000000E+00  0.000000E+00  0.000000E+00
  0.186232E+01  0.434847E-03  0.229231E+00  0.000000E+00  0.000000E+00  0.000000E+00  0.000000E+00
  0.219934E+01 -0.221310E+00  0.177678E-01  0.000000E+00  0.000000E+00  0.000000E+00  0.000000E+00
  0.214404E+01 -0.300563E+00  0.342169E-03  0.000000E+00  0.000000E+00  0.000000E+00  0.000000E+00
  0.243975E+01  0.172627E-01 -0.271579E+00  0.000000E+00  0.000000E+00  0.000000E+00  0.000000E+00
  0.245806E+01 -0.348888E+00 -0.992041E-02  0.000000E+00  0.000000E+00  0.000000E+00  0.000000E+00
  0.280797E+01 -0.188513E-01  0.307838E+00  0.000000E+00  0.000000E+00  0.000000E+00  0.000000E+00
  0.233644E+01 -0.241417E+00  0.180680E-01  0.000000E+00  0.000000E+00  0.000000E+00  0.000000E+00
  0.255226E+01 -0.320333E+00 -0.152302E-01  0.000000E+00  0.000000E+00  0.000000E+00  0.000000E+00
  0.189142E+01 -0.626056E-02  0.229093E+00  0.000000E+00  0.000000E+00  0.000000E+00  0.000000E+00
  0.187615E+01  0.111745E-01  0.208223E+00  0.000000E+00  0.000000E+00  0.000000E+00  0.000000E+00
  0.256808E+01  0.259346E+00  0.192978E-01  0.000000E+00  0.000000E+00  0.000000E+00  0.000000E+00
  0.174020E+01 -0.758598E-02  0.188997E+00  0.000000E+00  0.000000E+00  0.000000E+00  0.000000E+00
  0.170190E+01  0.176815E+00  0.871617E-02  0.000000E+00  0.000000E+00  0.000000E+00  0.000000E+00
  0.172786E+01  0.110547E-01  0.175101E+00  0.000000E+00  0.000000E+00  0.000000E+00  0.000000E+00
  0.178538E+01 -0.204293E+00  0.568426E-02  0.000000E+00  0.000000E+00  0.000000E+00  0.000000E+00
  0.211187E+01  0.126024E-01 -0.252571E+00  0.000000E+00  0.000000E+00  0.000000E+00  0.000000E+00
  0.178981E+01  0.200705E+00 -0.768206E-02  0.000000E+00  0.000000E+00  0.000000E+00  0.000000E+00
  0.243673E+01 -0.272597E+00 -0.171523E-01  0.000000E+00  0.000000E+00  0.000000E+00  0.000000E+00
  0.202635E+01 -0.240848E+00 -0.114278E-01  0.000000E+00  0.000000E+00  0.000000E+00  0.000000E+00
  0.249875E+01  0.254818E+00 -0.189401E-01  0.000000E+00  0.000000E+00  0.000000E+00  0.000000E+00
  0.209889E+01  0.117444E-01  0.255268E+00  0.000000E+00  0.000000E+00  0.000000E+00  0.000000E+00
  0.172720E+01  0.877874E-02  0.182635E+00  0.000000E+00  0.000000E+00  0.000000E+00  0.000000E+00
  0.203772E+01 -0.245781E+00  0.109961E-01  0.000000E+00  0.000000E+00  0.000000E+00  0.000000E+00
  0.238176E+01 -0.316716E+00  0.119723E-01  0.000000E+00  0.000000E+00  0.000000E+00  0.000000E+00
  0.254551E+01 -0.562307E-02  0.391928E+00  0.000000E+00  0.000000E+00  0.000000E+00  0.000000E+00
  0.256811E+01 -0.123868E-01  0.354362E+00  0.000000E+00  0.000000E+00  0.000000E+00  0.000000E+00
  0.189028E+01 -0.474264E-02  0.232055E+00  0.000000E+00  0.000000E+00  0.000000E+00  0.000000E+00
  0.241879E+01 -0.262115E+00  0.176522E-01  0.000000E+00  0.000000E+00  0.000000E+00  0.000000E+00
  0.227077E+01  0.178371E-01  0.233097E+00  0.000000E+00  0.000000E+00  0.000000E+00  0.000000E+00
  0.206447E+01 -0.928718E-02 -0.260378E+00  0.000000E+00  0.000000E+00  0.000000E+00  0.000000E+00
  0.201289E+01  0.267365E+00  0.328339E-03  0.000000E+00  0.000000E+00  0.000000E+00  0.000000E+00
  0.221221E+01  0.258262E+00  0.145731E-01  0.000000E+00  0.000000E+00  0.000000E+00  0.000000E+00
  0.190859E+01  0.232553E+00  0.655442E-02  0.000000E+00  0.000000E+00  0.000000E+00  0.000000E+00
  0.211702E+01  0.293015E+00  0.176966E-02  0.000000E+00  0.000000E+00  0.000000E+00  0.000000E+00
  0.243160E+01  0.157679E-01 -0.289761E+00  0.000000E+00  0.000000E+00  0.000000E+00  0.000000E+00
  0.220895E+01  0.168452E-01  0.234253E+00  0.000000E+00  0.000000E+00  0.000000E+00  0.000000E+00
  0.257428E+01 -0.372842E-02 -0.404939E+00  0.000000E+00  0.000000E+00  0.000000E+00  0.000000E+00
  0.238247E+01  0.348268E+00 -0.657057E-02  0.000000E+00  0.000000E+00  0.000000E+00  0.000000E+00
  0.275493E+01  0.441989E+00 -0.599112E-02  0.000000E+00  0.000000E+00  0.000000E+00  0.000000E+00
  0.169951E+01  0.632103E-02 -0.181937E+00  0.000000E+00  0.000000E+00  0.000000E+00  0.000000E+00
  0.264150E+01  0.187759E-01 -0.281626E+00  0.000000E+00  0.000000E+00  0.000000E+00  0.000000E+00
  0.196659E+01 -0.104738E-01 -0.232146E+00  0.000000E+00  0.000000E+00  0.000000E+00  0.000000E+00
  0.166527E+01  0.542599E-02 -0.175104E+00  0.000000E+00  0.000000E+00  0.000000E+00  0.000000E+00
  0.167832E+01  0.861267E-02 -0.171498E+00  0.000000E+00  0.000000E+00  0.000000E+00  0.000000E+00
  0.196192E+01  0.131298E-01 -0.216562E+00  0.000000E+00  0.000000E+00  0.000000E+00  0.000000E+00
  0.260814E+01  0.265262E+00 -0.193240E-01  0.000000E+00  0.000000E+00  0.000000E+00  0.000000E+00
  0.171336E+01 -0.186660E+00  0.561475E-02  0.000000E+00  0.000000E+00  0.000000E+00  0.000000E+00
  0.263346E+01 -0.340278E+00  0.149468E-01  0.000000E+00  0.000000E+00  0.000000E+00  0.000000E+00
  0.166043E+01  0.177402E+00  0.229175E-02  0.000000E+00  0.000000E+00  0.000000E+00  0.000000E+00
  0.229265E+01 -0.130298E-01  0.288647E+00  0.000000E+00  0.000000E+00  0.000000E+00  0.000000E+00
  0.164874E+01  0.172360E+00 -0.447806E-02  0.000000E+00  0.000000E+00  0.000000E+00  0.000000E+00
  0.223411E+01  0.679233E-02  0.311231E+00  0.000000E+00  0.000000E+00  0.000000E+00  0.000000E+00
  0.256346E+01  0.174690E-01 -0.290994E+00  0.000000E+00  0.000000E+00  0.000000E+00  0.000000E+00
  0.254394E+01 -0.400867E+00  0.173550E-02  0.000000E+00  0.000000E+00  0.000000E+00  0.000000E+00
  0.254628E+01  0.174932E-01 -0.287501E+00  0.000000E+00  0.000000E+00  0.000000E+00  0.000000E+00
  0.185617E+01  0.214275E+00  0.846037E-02  0.000000E+00  0.000000E+00  0.000000E+00  0.000000E+00
  0.272825E+01  0.354793E+00 -0.152933E-01  0.000000E+00  0.000000E+00  0.000000E+00  0.000000E+00
  0.190412E+01  0.964059E-03  0.239672E+00  0.000000E+00  0.000000E+00  0.000000E+00  0.000000E+00
  0.249391E+01 -0.377195E+00  0.615449E-02  0.000000E+00  0.000000E+00  0.000000E+00  0.000000E+00
  0.195231E+01 -0.400439E-02 -0.248797E+00  0.000000E+00  0.000000E+00  0.000000E+00  0.000000E+00
  0.200577E+01  0.257435E+00  0.614575E-02  0.000000E+00  0.000000E+00  0.000000E+00  0.000000E+00
  0.204032E+01 -0.973290E-02  0.252690E+00  0.000000E+00  0.000000E+00  0.000000E+00  0.000000E+00
  0.278180E+01 -0.430222E+00  0.911906E-02  0.000000E+00  0.000000E+00  0.000000E+00  0.000000E+00
  0.237911E+01  0.162283E-01 -0.273925E+00  0.000000E+00  0.000000E+00  0.000000E+00  0.000000E+00
  0.264814E+01  0.422582E+00  0.404277E-02  0.000000E+00  0.000000E+00  0.000000E+00  0.000000E+00
  0.213506E+01 -0.138949E-01  0.247998E+00  0.000000E+00  0.000000E+00  0.000000E+00  0.000000E+00
  0.187831E+01 -0.190582E+00  0.144217E-01  0.000000E+00  0.000000E+00  0.000000E+00  0.000000E+00
  0.213314E+01 -0.253418E-02 -0.296298E+00  0.000000E+00  0.000000E+00  0.000000E+00  0.000000E+00
  0.226173E+01 -0.158571E-01 -0.255424E+00  0.000000E+00  0.000000E+00  0.000000E+00  0.000000E+00
  0.259875E+01  0.498820E-02  0.407356E+00  0.000000E+00  0.000000E+00  0.000000E+00  0.000000E+00
  0.188346E+01 -0.221252E+00 -0.831766E-02  0.000000E+00  0.000000E+00  0.000000E+00  0.000000E+00
  0.241270E+01  0.474950E-02  0.361897E+00  0.000000E+00  0.000000E+00  0.000000E+00  0.000000E+00
  0.219405E+01 -0.292683E+00  0.891026E-02  0.000000E+00  0.000000E+00  0.000000E+00  0.000000E+00
  0.229632E+01  0.168687E-01 -0.250306E+00  0.000000E+00  0.000000E+00  0.000000E+00  0.000000E+00
  0.197806E+01 -0.230131E+00 -0.113982E-01  0.000000E+00  0.000000E+00  0.000000E+00  0.000000E+00
  0.275901E+01 -0.309879E+00  0.183505E-01  0.000000E+00  0.000000E+00  0.000000E+00  0.000000E+00
  0.280804E+01  0.109781E-01  0.421095E+00  0.000000E+00  0.000000E+00  0.000000E+00  0.000000E+00
  0.212568E+01 -0.193768E-02 -0.295053E+00  0.000000E+00  0.000000E+00  0.000000E+00  0.000000E+00
  0.262891E+01 -0.118944E-01 -0.372365E+00  0.000000E+00  0.000000E+00  0.000000E+00  0.000000E+00
  0.254817E+01  0.178877E-01  0.281475E+00  0.000000E+00  0.000000E+00  0.000000E+00  0.000000E+00
  0.175549E+01  0.319617E-02 -0.200559E+00  0.000000E+00  0.000000E+00  0.000000E+00  0.000000E+00
  0.185425E+01 -0.215000E+00 -0.808898E-02  0.000000E+00  0.000000E+00  0.000000E+00  0.000000E+00
  0.249263E+01 -0.168897E-02 -0.387959E+00  0.000000E+00  0.000000E+00  0.000000E+00  0.000000E+00
  0.188099E+01  0.214964E+00  0.987527E-02  0.000000E+00  0.000000E+00  0.000000E+00  0.000000E+00
  0.260133E+01 -0.315735E+00 -0.162975E-01  0.000000E+00  0.000000E+00  0.000000E+00  0.000000E+00
  0.202133E+01  0.209511E+00  0.157272E-01  0.000000E+00  0.000000E+00  0.000000E+00  0.000000E+00
  0.220984E+01  0.144115E-01 -0.259235E+00  0.000000E+00  0.000000E+00  0.000000E+00  0.000000E+00
  0.253575E+01  0.277844E+00  0.179748E-01  0.000000E+00  0.000000E+00  0.000000E+00  0.000000E+00
  0.228023E+01 -0.249737E+00 -0.166675E-01  0.000000E+00  0.000000E+00  0.000000E+00  0.000000E+00
  0.281129E+01  0.425133E+00  0.106111E-01  0.000000E+00  0.000000E+00  0.000000E+00  0.000000E+00
  0.161181E+01  0.137855E-02 -0.165592E+00  0.000000E+00  0.000000E+00  0.000000E+00  0.000000E+00
  0.261201E+01 -0.405451E+00  0.632196E-02  0.000000E+00  0.000000E+00  0.000000E+00  0.000000E+00
  0.270872E+01  0.194102E-01  0.279544E+00  0.000000E+00  0.000000E+00  0.000000E+00  0.000000E+00
  0.206583E+01  0.831023E-03 -0.280636E+00  0.000000E+00  0.000000E+00  0.000000E+00  0.000000E+00
  0.281137E+01 -0.284427E-02  0.466496E+00  0.000000E+00  0.000000E+00  0.000000E+00  0.000000E+00
  0.214384E+01 -0.248596E+00  0.140492E-01  0.000000E+00  0.000000E+00  0.000000E+00  0.000000E+00
  0.187537E+01 -0.214715E+00  0.960676E-02  0.000000E+00  0.000000E+00  0.000000E+00  0.000000E+00
  0.242610E+01  0.173562E-01  0.267743E+00  0.000000E+00  0.000000E+00  0.000000E+00  0.000000E+00
  0.214892E+01 -0.268926E+00 -0.113506E-01  0.000000E+00  0.000000E+00  0.000000E+00  0.000000E+00
  0.216173E+01  0.121639E-01 -0.266526E+00  0.000000E+00  0.000000E+00  0.000000E+00  0.000000E+00
  0.237463E+01 -0.621318E-02 -0.347710E+00  0.000000E+00  0.000000E+00  0.000000E+00  0.000000E+00
  0.220137E+01  0.348993E-02 -0.312022E+00  0.000000E+00  0.000000E+00  0.000000E+00  0.000000E+00
  0.279321E+01  0.187685E-01 -0.307144E+00  0.000000E+00  0.000000E+00  0.000000E+00  0.000000E+00
  0.246764E+01 -0.944179E-02  0.354190E+00  0.000000E+00  0.000000E+00  0.000000E+00  0.000000E+00
  0.238851E+01 -0.611059E-03  0.362378E+00  0.000000E+00  0.000000E+00  0.000000E+00  0.000000E+00
  0.208647E+01 -0.158078E-01 -0.221582E+00  0.000000E+00  0.000000E+00  0.000000E+00  0.000000E+00
  0.264087E+01  0.607545E-02 -0.413595E+00  0.000000E+00  0.000000E+00  0.000000E+00  0.000000E+00
  0.187214E+01  0.128898E-01  0.198574E+00  0.000000E+00  0.000000E+00  0.000000E+00  0.000000E+00
  0.236268E+01 -0.874259E-02 -0.333473E+00  0.000000E+00  0.000000E+00  0.000000E+00  0.000000E+00
  0.200646E+01  0.162279E-01  0.202160E+00  0.000000E+00  0.000000E+00  0.000000E+00  0.000000E+00
  0.248740E+01 -0.171967E-01  0.281279E+00  0.000000E+00  0.000000E+00  0.000000E+00  0.000000E+00
  0.236144E+01 -0.320754E+00  0.107972E-01  0.000000E+00  0.000000E+00  0.000000E+00  0.000000E+00
  0.182051E+01 -0.211913E+00  0.617239E-02  0.000000E+00  0.000000E+00  0.000000E+00  0.000000E+00
  0.256507E+01 -0.403741E+00 -0.324588E-02  0.000000E+00  0.000000E+00  0.000000E+00  0.000000E+00
  0.244736E+01 -0.364090E+00  0.657762E-02  0.000000E+00  0.000000E+00  0.000000E+00  0.000000E+00
  0.214189E+01 -0.222426E+00  0.167793E-01  0.000000E+00  0.000000E+00  0.000000E+00  0.000000E+00
  0.263605E+01 -0.380596E+00 -0.111423E-01  0.000000E+00  0.000000E+00  0.000000E+00  0.000000E+00
  0.233069E+01 -0.452439E-02 -0.342103E+00  0.000000E+00  0.000000E+00  0.000000E+00  0.000000E+00
  0.276797E+01  0.199549E-01 -0.276234E+00  0.000000E+00  0.000000E+00  0.000000E+00  0.000000E+00
  0.192636E+01  0.112221E-01  0.219358E+00  0.000000E+00  0.000000E+00  0.000000E+00  0.000000E+00
  0.161356E+01 -0.168633E-02  0.165907E+00  0.000000E+00  0.000000E+00  0.000000E+00  0.000000E+00
  0.171092E+01 -0.820072E-02  0.180370E+00  0.000000E+00  0.000000E+00  0.000000E+00  0.000000E+00
  0.230783E+01 -0.400311E-02  0.337647E+00  0.000000E+00  0.000000E+00  0.000000E+00  0.000000E+00
  0.280358E+01 -0.194661E-01 -0.293386E+00  0.000000E+00  0.000000E+00  0.000000E+00  0.000000E+00
  0.207933E+01  0.252891E+00  0.114085E-01  0.000000E+00  0.000000E+00  0.000000E+00  0.000000E+00
  0.213636E+01 -0.136549E-01 -0.250165E+00  0.000000E+00  0.000000E+00  0.000000E+00  0.000000E+00
  0.172941E+01  0.194018E+00 -0.318908E-02  0.000000E+00  0.000000E+00  0.000000E+00  0.000000E+00
  0.188030E+01 -0.906083E-02  0.217923E+00  0.000000E+00  0.000000E+00  0.000000E+00  0.000000E+00
  0.238273E+01  0.262759E+00  0.171442E-01  0.000000E+00  0.000000E+00  0.000000E+00  0.000000E+00
  0.260152E+01 -0.186335E-01 -0.277619E+00  0.000000E+00  0.000000E+00  0.000000E+00  0.000000E+00
  0.266503E+01 -0.272028E+00  0.194356E-01  0.000000E+00  0.000000E+00  0.000000E+00  0.000000E+00
  0.202856E+01 -0.258269E+00 -0.766985E-02  0.000000E+00  0.000000E+00  0.000000E+00  0.000000E+00
  0.175567E+01 -0.189451E+00 -0.875661E-02  0.000000E+00  0.000000E+00  0.000000E+00  0.000000E+00
  0.242692E+01  0.350294E+00 -0.845219E-02  0.000000E+00  0.000000E+00  0.000000E+00  0.000000E+00
  0.231002E+01 -0.699965E-02  0.328912E+00  0.000000E+00  0.000000E+00  0.000000E+00  0.000000E+00
  0.255010E+01  0.362148E+00 -0.110128E-01  0.000000E+00  0.000000E+00  0.000000E+00  0.000000E+00
  0.272127E+01  0.964832E-02  0.412124E+00  0.000000E+00  0.000000E+00  0.000000E+00  0.000000E+00
  0.227446E+01 -0.254555E+00  0.161592E-01  0.000000E+00  0.000000E+00  0.000000E+00  0.000000E+00
  0.224718E+01 -0.319551E+00  0.520312E-02  0.000000E+00  0.000000E+00  0.000000E+00  0.000000E+00
  0.239096E+01 -0.152105E-01 -0.288167E+00  0.000000E+00  0.000000E+00  0.000000E+00  0.000000E+00
  0.250611E+01  0.113271E-01  0.349687E+00  0.000000E+00  0.000000E+00  0.000000E+00  0.000000E+00
  0.185222E+01 -0.186664E+00  0.141880E-01  0.000000E+00  0.000000E+00  0.000000E+00  0.000000E+00
  0.178992E+01  0.205733E+00 -0.551841E-02  0.000000E+00  0.000000E+00  0.000000E+00  0.000000E+00
  0.238113E+01 -0.339082E+00 -0.850976E-02  0.000000E+00  0.000000E+00  0.000000E+00  0.000000E+00
  0.218836E+01 -0.250041E-02 -0.310249E+00  0.000000E+00  0.000000E+00  0.000000E+00  0.000000E+00
  0.188879E+01 -0.403312E-02  0.232878E+00  0.000000E+00  0.000000E+00  0.000000E+00  0.000000E+00
  0.245050E+01  0.174031E-01  0.271504E+00  0.000000E+00  0.000000E+00  0.000000E+00  0.000000E+00
  0.257007E+01 -0.407420E+00 -0.177754E-02  0.000000E+00  0.000000E+00  0.000000E+00  0.000000E+00
  0.198920E+01 -0.249733E+00  0.738293E-02  0.000000E+00  0.000000E+00  0.000000E+00  0.000000E+00
  0.196095E+01  0.247091E+00 -0.588584E-02  0.000000E+00  0.000000E+00  0.000000E+00  0.000000E+00
  0.263372E+01  0.177781E-01  0.298498E+00  0.000000E+00  0.000000E+00  0.000000E+00  0.000000E+00
  0.232382E+01  0.325313E+00  0.853534E-02  0.000000E+00  0.000000E+00  0.000000E+00  0.000000E+00
  0.278309E+01 -0.338359E+00  0.170389E-01  0.000000E+00  0.000000E+00  0.000000E+00  0.000000E+00
  0.213838E+01  0.260073E+00  0.123551E-01  0.000000E+00  0.000000E+00  0.000000E+00  0.000000E+00
  0.266091E+01 -0.298896E+00 -0.180290E-01  0.000000E+00  0.000000E+00  0.000000E+00  0.000000E+00
  0.216218E+01  0.230396E+00 -0.163948E-01  0.000000E+00  0.000000E+00  0.000000E+00  0.000000E+00
  0.187343E+01  0.894601E-02 -0.216713E+00  0.000000E+00  0.000000E+00  0.000000E+00  0.000000E+00
  0.254804E+01 -0.134045E-01 -0.340069E+00  0.000000E+00  0.000000E+00  0.000000E+00  0.000000E+00
  0.274192E+01  0.278038E+00 -0.197097E-01  0.000000E+00  0.000000E+00  0.000000E+00  0.000000E+00
  0.258329E+01  0.312851E+00  0.162564E-01  0.000000E+00  0.000000E+00  0.000000E+00  0.000000E+00
  0.239614E+01 -0.350949E+00  0.673412E-02  0.000000E+00  0.000000E+00  0.000000E+00  0.000000E+00
  0.222358E+01 -0.107137E-01  0.289786E+00  0.000000E+00  0.000000E+00  0.000000E+00  0.000000E+00
  0.185664E+01 -0.207481E+00 -0.103274E-01  0.000000E+00  0.000000E+00  0.000000E+00  0.000000E+00
  0.184208E+01 -0.650228E-02  0.216428E+00  0.000000E+00  0.000000E+00  0.000000E+00  0.000000E+00
  0.194827E+01 -0.892399E-02  0.234489E+00  0.000000E+00  0.000000E+00  0.000000E+00  0.000000E+00
  0.178131E+01  0.199376E+00  0.741044E-02  0.000000E+00  0.000000E+00  0.000000E+00  0.000000E+00
  0.271589E+01 -0.330420E-02  0.441465E+00  0.000000E+00  0.000000E+00  0.000000E+00  0.000000E+00
  0.275587E+01 -0.335735E+00  0.168951E-01  0.000000E+00  0.000000E+00  0.000000E+00  0.000000E+00
  0.270145E+01  0.431154E+00 -0.543421E-02  0.000000E+00  0.000000E+00  0.000000E+00  0.000000E+00
  0.195890E+01  0.197710E+00  0.156678E-01  0.000000E+00  0.000000E+00  0.000000E+00  0.000000E+00
  0.215299E+01 -0.278064E+00 -0.990655E-02  0.000000E+00  0.000000E+00  0.000000E+00  0.000000E+00
  0.200834E+01 -0.250989E+00 -0.833901E-02  0.000000E+00  0.000000E+00  0.000000E+00  0.000000E+00
  0.186238E+01  0.202229E+00 -0.117810E-01  0.000000E+00  0.000000E+00  0.000000E+00  0.000000E+00
  0.180688E+01  0.206564E+00  0.702327E-02  0.000000E+00  0.000000E+00  0.000000E+00  0.000000E+00
  0.190578E+01  0.109327E-01 -0.216078E+00  0.000000E+00  0.000000E+00  0.000000E+00  0.000000E+00
  0.275275E+01 -0.452319E+00 -0.255742E-02  0.000000E+00  0.000000E+00  0.000000E+00  0.000000E+00
  0.238503E+01 -0.655493E-02  0.348954E+00  0.000000E+00  0.000000E+00  0.000000E+00  0.000000E+00
  0.220904E+01  0.350614E-02  0.313916E+00  0.000000E+00  0.000000E+00  0.000000E+00  0.000000E+00
  0.282462E+01 -0.472257E+00  0.130216E-02  0.000000E+00  0.000000E+00  0.000000E+00  0.000000E+00
  0.195726E+01  0.946266E-02  0.234458E+00  0.000000E+00  0.000000E+00  0.000000E+00  0.000000E+00
  0.184908E+01  0.224229E+00  0.304934E-02  0.000000E+00  0.000000E+00  0.000000E+00  0.000000E+00
  0.243007E+01 -0.314641E+00  0.134273E-01  0.000000E+00  0.000000E+00  0.000000E+00  0.000000E+00
  0.277710E+01  0.374989E+00 -0.145336E-01  0.000000E+00  0.000000E+00  0.000000E+00  0.000000E+00
  0.204248E+01 -0.238086E+00 -0.124947E-01  0.000000E+00  0.000000E+00  0.000000E+00  0.000000E+00
  0.254350E+01  0.179365E-01  0.279844E+00  0.000000E+00  0.000000E+00  0.000000E+00  0.000000E+00
  0.251211E+01  0.169535E-01  0.289401E+00  0.000000E+00  0.000000E+00  0.000000E+00  0.000000E+00
  0.252729E+01 -0.380505E+00  0.725638E-02  0.000000E+00  0.000000E+00  0.000000E+00  0.000000E+00
  0.248504E+01 -0.170201E-01  0.283409E+00  0.000000E+00  0.000000E+00  0.000000E+00  0.000000E+00
  0.232968E+01 -0.172305E-01 -0.251847E+00  0.000000E+00  0.000000E+00  0.000000E+00  0.000000E+00
  0.254613E+01 -0.254442E+00 -0.193677E-01  0.000000E+00  0.000000E+00  0.000000E+00  0.000000E+00
  0.226878E+01 -0.273867E+00  0.141477E-01  0.000000E+00  0.000000E+00  0.000000E+00  0.000000E+00
  0.240115E+01 -0.344190E+00  0.844508E-02  0.000000E+00  0.000000E+00  0.000000E+00  0.000000E+00
  0.185937E+01  0.427199E-02 -0.225160E+00  0.000000E+00  0.000000E+00  0.000000E+00  0.000000E+00
  0.245056E+01  0.335702E+00 -0.115134E-01  0.000000E+00  0.000000E+00  0.000000E+00  0.000000E+00
  0.196416E+01 -0.229296E+00 -0.109478E-01  0.000000E+00  0.000000E+00  0.000000E+00  0.000000E+00
  0.186339E+01  0.214106E+00 -0.901149E-02  0.000000E+00  0.000000E+00  0.000000E+00  0.000000E+00
  0.237651E+01  0.253959E+00  0.176922E-01  0.000000E+00  0.000000E+00  0.000000E+00  0.000000E+00
  0.208132E+01  0.217862E+00 -0.160949E-01  0.000000E+00  0.000000E+00  0.000000E+00  0.000000E+00
  0.221041E+01 -0.235987E+00 -0.167181E-01  0.000000E+00  0.000000E+00  0.000000E+00  0.000000E+00
  0.245325E+01  0.993722E-02 -0.347660E+00  0.000000E+00  0.000000E+00  0.000000E+00  0.000000E+00
  0.197658E+01  0.235403E+00 -0.102701E-01  0.000000E+00  0.000000E+00  0.000000E+00  0.000000E+00
  0.277464E+01 -0.581744E-02  0.447611E+00  0.000000E+00  0.000000E+00  0.000000E+00  0.000000E+00
  0.282350E+01 -0.411712E+00  0.122761E-01  0.000000E+00  0.000000E+00  0.000000E+00  0.000000E+00
  0.184184E+01 -0.108567E-01 -0.201849E+00  0.000000E+00  0.000000E+00  0.000000E+00  0.000000E+00
  0.244607E+01  0.983889E-02 -0.346631E+00  0.000000E+00  0.000000E+00  0.000000E+00  0.000000E+00
  0.217597E+01 -0.257017E+00 -0.138452E-01  0.000000E+00  0.000000E+00  0.000000E+00  0.000000E+00
  0.186710E+01 -0.652577E-02  0.222486E+00  0.000000E+00  0.000000E+00  0.000000E+00  0.000000E+00
  0.275808E+01  0.113511E-01  0.406334E+00  0.000000E+00  0.000000E+00  0.000000E+00  0.000000E+00
  0.263218E+01 -0.198222E-02 -0.422844E+00  0.000000E+00  0.000000E+00  0.000000E+00  0.000000E+00
  0.238072E+01 -0.349083E+00  0.624514E-02  0.000000E+00  0.000000E+00  0.000000E+00  0.000000E+00
  0.262486E+01  0.333545E+00  0.153346E-01  0.000000E+00  0.000000E+00  0.000000E+00  0.000000E+00
  0.243155E+01  0.250871E+00 -0.185164E-01  0.000000E+00  0.000000E+00  0.000000E+00  0.000000E+00
  0.194071E+01  0.245025E+00  0.451066E-02  0.000000E+00  0.000000E+00  0.000000E+00  0.000000E+00
  0.268722E+01  0.187277E-01 -0.290227E+00  0.000000E+00  0.000000E+00  0.000000E+00  0.000000E+00
  0.241304E+01 -0.367103E+00  0.232298E-02  0.000000E+00  0.000000E+00  0.000000E+00  0.000000E+00
  0.279015E+01 -0.284071E-02 -0.461166E+00  0.000000E+00  0.000000E+00  0.000000E+00  0.000000E+00
  0.191087E+01  0.256755E-02 -0.240281E+00  0.000000E+00  0.000000E+00  0.000000E+00  0.000000E+00
  0.188080E+01  0.140946E-01 -0.193221E+00  0.000000E+00  0.000000E+00  0.000000E+00  0.000000E+00
  0.235403E+01  0.616895E-02  0.342818E+00  0.000000E+00  0.000000E+00  0.000000E+00  0.000000E+00
  0.207226E+01 -0.225212E-02 -0.281272E+00  0.000000E+00  0.000000E+00  0.000000E+00  0.000000E+00
  0.216651E+01 -0.176690E-01  0.216679E+00  0.000000E+00  0.000000E+00  0.000000E+00  0.000000E+00
  0.253758E+01  0.265078E+00 -0.187306E-01  0.000000E+00  0.000000E+00  0.000000E+00  0.000000E+00
  0.259172E+01  0.408178E+00 -0.415525E-02  0.000000E+00  0.000000E+00  0.000000E+00  0.000000E+00
  0.182832E+01 -0.217107E+00  0.446824E-02  0.000000E+00  0.000000E+00  0.000000E+00  0.000000E+00
  0.188073E+01  0.129533E-01  0.200078E+00  0.000000E+00  0.000000E+00  0.000000E+00  0.000000E+00
  0.218169E+01 -0.252977E+00 -0.144609E-01  0.000000E+00  0.000000E+00  0.000000E+00  0.000000E+00
  0.188593E+01 -0.191808E+00  0.144741E-01  0.000000E+00  0.000000E+00  0.000000E+00  0.000000E+00
  0.283985E+01  0.194736E-01 -0.298970E+00  0.000000E+00  0.000000E+00  0.000000E+00  0.000000E+00
  0.196742E+01 -0.531110E-02  0.250035E+00  0.000000E+00  0.000000E+00  0.000000E+00  0.000000E+00
  0.185478E+01  0.105919E-01  0.205945E+00  0.000000E+00  0.000000E+00  0.000000E+00  0.000000E+00
  0.192836E+01 -0.208056E+00  0.133376E-01  0.000000E+00  0.000000E+00  0.000000E+00  0.000000E+00
  0.258325E+01  0.123830E-01 -0.357725E+00  0.000000E+00  0.000000E+00  0.000000E+00  0.000000E+00
  0.179441E+01 -0.995542E-04  0.212073E+00  0.000000E+00  0.000000E+00  0.000000E+00  0.000000E+00
  0.235285E+01  0.175253E-01  0.252068E+00  0.000000E+00  0.000000E+00  0.000000E+00  0.000000E+00
  0.217125E+01  0.280463E+00  0.102473E-01  0.000000E+00  0.000000E+00  0.000000E+00  0.000000E+00
  0.174748E+01  0.106163E-02  0.200012E+00  0.000000E+00  0.000000E+00  0.000000E+00  0.000000E+00
  0.226657E+01 -0.581311E-02 -0.322526E+00  0.000000E+00  0.000000E+00  0.000000E+00  0.000000E+00
  0.238082E+01 -0.156578E-01 -0.281066E+00  0.000000E+00  0.000000E+00  0.000000E+00  0.000000E+00
  0.194435E+01 -0.246566E+00 -0.415010E-02  0.000000E+00  0.000000E+00  0.000000E+00  0.000000E+00
  0.280773E+01  0.148651E-01  0.376783E+00  0.000000E+00  0.000000E+00  0.000000E+00  0.000000E+00
  0.221545E+01 -0.317826E+00  0.181915E-02  0.000000E+00  0.000000E+00  0.000000E+00  0.000000E+00
  0.167418E+01  0.365105E-03  0.181615E+00  0.000000E+00  0.000000E+00  0.000000E+00  0.000000E+00
  0.160952E+01 -0.398310E-03  0.165243E+00  0.000000E+00  0.000000E+00  0.000000E+00  0.000000E+00
  0.242042E+01  0.287672E+00 -0.157589E-01  0.000000E+00  0.000000E+00  0.000000E+00  0.000000E+00
  0.229200E+01  0.244683E+00 -0.172501E-01  0.000000E+00  0.000000E+00  0.000000E+00  0.000000E+00
  0.273609E+01  0.134423E-01 -0.379823E+00  0.000000E+00  0.000000E+00  0.000000E+00  0.000000E+00
  0.259417E+01  0.321209E+00 -0.158043E-01  0.000000E+00  0.000000E+00  0.000000E+00  0.000000E+00
  0.281047E+01 -0.329764E+00 -0.177885E-01  0.000000E+00  0.000000E+00  0.000000E+00  0.000000E+00
  0.190111E+01  0.281910E-02  0.237562E+00  0.000000E+00  0.000000E+00  0.000000E+00  0.000000E+00
  0.224492E+01 -0.287975E+00 -0.117343E-01  0.000000E+00  0.000000E+00  0.000000E+00  0.000000E+00
  0.279687E+01 -0.189359E-01 -0.304175E+00  0.000000E+00  0.000000E+00  0.000000E+00  0.000000E+00
  0.237834E+01 -0.281253E+00 -0.155991E-01  0.000000E+00  0.000000E+00  0.000000E+00  0.000000E+00
  0.168088E+01  0.173091E+00 -0.823834E-02  0.000000E+00  0.000000E+00  0.000000E+00  0.000000E+00
  0.284082E+01  0.719117E-01 -0.239819E-01  0.000000E+00  0.000000E+00  0.000000E+00  0.000000E+00
  0.284082E+01  0.132522E+00 -0.387050E-01  0.000000E+00  0.000000E+00  0.000000E+00  0.000000E+00
  0.284082E+01 -0.991750E-01  0.135257E+00  0.000000E+00  0.000000E+00  0.000000E+00  0.000000E+00
  0.284082E+01 -0.225091E-02  0.285129E-02  0.000000E+00  0.000000E+00  0.000000E+00  0.000000E+00
  0.284082E+01 -0.886872E-01 -0.905666E-02  0.000000E+00  0.000000E+00  0.000000E+00  0.000000E+00
  0.284082E+01 -0.505194E-01 -0.915458E-01  0.000000E+00  0.000000E+00  0.000000E+00  0.000000E+00
  0.284082E+01  0.236598E-01  0.231789E+00  0.000000E+00  0.000000E+00  0.000000E+00  0.000000E+00
  0.284082E+01  0.112288E+00  0.209119E-02  0.000000E+00  0.000000E+00  0.000000E+00  0.000000E+00
  0.284082E+01 -0.820394E-01  0.882830E-01  0.000000E+00  0.000000E+00  0.000000E+00  0.000000E+00
  0.284082E+01 -0.102509E+00  0.545521E-01  0.000000E+00  0.000000E+00  0.000000E+00  0.000000E+00
  0.284082E+01 -0.130377E+00 -0.101710E-03  0.000000E+00  0.000000E+00  0.000000E+00  0.000000E+00
  0.284082E+01 -0.174704E+00 -0.144321E+00  0.000000E+00  0.000000E+00  0.000000E+00  0.000000E+00
  0.284082E+01  0.100306E+00  0.854758E-02  0.000000E+00  0.000000E+00  0.000000E+00  0.000000E+00
  0.284082E+01 -0.159032E+00  0.170552E+00  0.000000E+00  0.000000E+00  0.000000E+00  0.000000E+00
  0.284082E+01  0.167860E+00 -0.709076E-01  0.000000E+00  0.000000E+00  0.000000E+00  0.000000E+00
  0.284082E+01  0.516712E-02 -0.815247E-01  0.000000E+00  0.000000E+00  0.000000E+00  0.000000E+00
  0.284082E+01  0.224337E-01 -0.118334E-01  0.000000E+00  0.000000E+00  0.000000E+00  0.000000E+00
  0.284082E+01 -0.148865E+00  0.551074E-01  0.000000E+00  0.000000E+00  0.000000E+00  0.000000E+00
  0.284082E+01 -0.214836E-01 -0.172370E-01  0.000000E+00  0.000000E+00  0.000000E+00  0.000000E+00
  0.284082E+01  0.144490E-02 -0.912307E-01  0.000000E+00  0.000000E+00  0.000000E+00  0.000000E+00
  0.284082E+01 -0.105765E+00 -0.109659E+00  0.000000E+00  0.000000E+00  0.000000E+00  0.000000E+00
  0.284082E+01  0.211151E+00  0.109599E+00  0.000000E+00  0.000000E+00  0.000000E+00  0.000000E+00
  0.284082E+01 -0.387095E-01  0.268599E-01  0.000000E+00  0.000000E+00  0.000000E+00  0.000000E+00
  0.284082E+01  0.132911E+00 -0.130033E+00  0.000000E+00  0.000000E+00  0.000000E+00  0.000000E+00
  0.284082E+01  0.402179E-01 -0.296310E-01  0.000000E+00  0.000000E+00  0.000000E+00  0.000000E+00
  0.284082E+01  0.116919E-01  0.115600E+00  0.000000E+00  0.000000E+00  0.000000E+00  0.000000E+00
  0.284082E+01  0.101353E-01 -0.855301E-01  0.000000E+00  0.000000E+00  0.000000E+00  0.000000E+00
  0.284082E+01  0.116377E+00 -0.182355E+00  0.000000E+00  0.000000E+00  0.000000E+00  0.000000E+00
  0.284082E+01  0.453194E-01  0.159094E-01  0.000000E+00  0.000000E+00  0.000000E+00  0.000000E+00
  0.284082E+01  0.906178E-02 -0.192913E+00  0.000000E+00  0.000000E+00  0.000000E+00  0.000000E+00
  0.284082E+01 -0.711806E-01 -0.142801E+00  0.000000E+00  0.000000E+00  0.000000E+00  0.000000E+00
  0.284082E+01 -0.213546E+00 -0.189706E-01  0.000000E+00  0.000000E+00  0.000000E+00  0.000000E+00
  0.284082E+01  0.602982E-01  0.275387E-01  0.000000E+00  0.000000E+00  0.000000E+00  0.000000E+00
  0.284082E+01 -0.175191E+00  0.169931E+00  0.000000E+00  0.000000E+00  0.000000E+00  0.000000E+00
  0.284082E+01  0.206279E-01 -0.149908E+00  0.000000E+00  0.000000E+00  0.000000E+00  0.000000E+00
  0.284082E+01  0.549027E-01 -0.132153E+00  0.000000E+00  0.000000E+00  0.000000E+00  0.000000E+00
  0.284082E+01  0.158508E+00  0.197799E-01  0.000000E+00  0.000000E+00  0.000000E+00  0.000000E+00
  0.284082E+01 -0.445591E-01 -0.448913E-01  0.000000E+00  0.000000E+00  0.000000E+00  0.000000E+00
  0.284082E+01  0.398031E-01  0.277126E-01  0.000000E+00  0.000000E+00  0.000000E+00  0.000000E+00
  0.284082E+01 -0.572118E-01 -0.562834E-02  0.000000E+00  0.000000E+00  0.000000E+00  0.000000E+00
  0.284082E+01  0.924017E-01  0.461554E-02  0.000000E+00  0.000000E+00  0.000000E+00  0.000000E+00
  0.284082E+01  0.113234E-01  0.491203E-01  0.000000E+00  0.000000E+00  0.000000E+00  0.000000E+00
  0.284082E+01  0.135169E+00 -0.450626E-02  0.000000E+00  0.000000E+00  0.000000E+00  0.000000E+00
  0.284082E+01  0.184560E+00 -0.641229E-01  0.000000E+00  0.000000E+00  0.000000E+00  0.000000E+00
  0.284082E+01 -0.353033E-02 -0.158037E-01  0.000000E+00  0.000000E+00  0.000000E+00  0.000000E+00
  0.284082E+01  0.127715E+00 -0.197797E+00  0.000000E+00  0.000000E+00  0.000000E+00  0.000000E+00
  0.284082E+01 -0.590135E-01 -0.478209E-01  0.000000E+00  0.000000E+00  0.000000E+00  0.000000E+00
  0.284082E+01  0.434582E-01 -0.166154E-01  0.000000E+00  0.000000E+00  0.000000E+00  0.000000E+00
  0.284082E+01 -0.755571E-01  0.109634E+00  0.000000E+00  0.000000E+00  0.000000E+00  0.000000E+00
  0.284082E+01 -0.795623E-01  0.204457E+00  0.000000E+00  0.000000E+00  0.000000E+00  0.000000E+00
  0.284082E+01 -0.157534E+00 -0.100343E+00  0.000000E+00  0.000000E+00  0.000000E+00  0.000000E+00
  0.284082E+01  0.347981E-01 -0.200170E+00  0.000000E+00  0.000000E+00  0.000000E+00  0.000000E+00
  0.284082E+01 -0.751741E-01  0.150312E-01  0.000000E+00  0.000000E+00  0.000000E+00  0.000000E+00
  0.284082E+01  0.779583E-02  0.202235E+00  0.000000E+00  0.000000E+00  0.000000E+00  0.000000E+00
  0.284082E+01 -0.454081E-01  0.121044E-01  0.000000E+00  0.000000E+00  0.000000E+00  0.000000E+00
  0.284082E+01  0.162381E+00 -0.664136E-01  0.000000E+00  0.000000E+00  0.000000E+00  0.000000E+00
  0.284082E+01  0.287737E-01  0.339789E-01  0.000000E+00  0.000000E+00  0.000000E+00  0.000000E+00
  0.284082E+01  0.777988E-01 -0.152136E+00  0.000000E+00  0.000000E+00  0.000000E+00  0.000000E+00
  0.284082E+01  0.169121E-01  0.115061E-01  0.000000E+00  0.000000E+00  0.000000E+00  0.000000E+00
  0.284082E+01 -0.106127E+00  0.153906E+00  0.000000E+00  0.000000E+00  0.000000E+00  0.000000E+00
  0.284082E+01 -0.471830E-01  0.297935E-01  0.000000E+00  0.000000E+00  0.000000E+00  0.000000E+00
  0.284082E+01 -0.122860E+00  0.982200E-01  0.000000E+00  0.000000E+00  0.000000E+00  0.000000E+00
  0.284082E+01 -0.159417E+00  0.180052E+00  0.000000E+00  0.000000E+00  0.000000E+00  0.000000E+00
  0.284082E+01  0.171630E+00  0.540082E-01  0.000000E+00  0.000000E+00  0.000000E+00  0.000000E+00
  0.284082E+01 -0.642564E-01 -0.251248E-01  0.000000E+00  0.000000E+00  0.000000E+00  0.000000E+00
  0.284082E+01 -0.735426E-01 -0.729851E-01  0.000000E+00  0.000000E+00  0.000000E+00  0.000000E+00
  0.284082E+01  0.155214E-01 -0.179935E+00  0.000000E+00  0.000000E+00  0.000000E+00  0.000000E+00
  0.284082E+01 -0.197054E+00  0.127087E-01  0.000000E+00  0.000000E+00  0.000000E+00  0.000000E+00
  0.284082E+01  0.369977E-01  0.318468E-01  0.000000E+00  0.000000E+00  0.000000E+00  0.000000E+00
  0.284082E+01  0.123785E-01 -0.144764E+00  0.000000E+00  0.000000E+00  0.000000E+00  0.000000E+00
  0.284082E+01 -0.292752E-01  0.236254E-01  0.000000E+00  0.000000E+00  0.000000E+00  0.000000E+00
  0.284082E+01  0.310643E-01 -0.144695E+00  0.000000E+00  0.000000E+00  0.000000E+00  0.000000E+00
  0.284082E+01 -0.210128E+00  0.118681E+00  0.000000E+00  0.000000E+00  0.000000E+00  0.000000E+00
  0.284082E+01 -0.163181E+00 -0.291922E-01  0.000000E+00  0.000000E+00  0.000000E+00  0.000000E+00
  0.284082E+01  0.135218E+00 -0.166577E+00  0.000000E+00  0.000000E+00  0.000000E+00  0.000000E+00
  0.284082E+01  0.179111E+00 -0.135800E+00  0.000000E+00  0.000000E+00  0.000000E+00  0.000000E+00
  0.284082E+01 -0.765222E-03 -0.178830E+00  0.000000E+00  0.000000E+00  0.000000E+00  0.000000E+00
  0.284082E+01 -0.184665E+00  0.149992E+00  0.000000E+00  0.000000E+00  0.000000E+00  0.000000E+00
  0.284082E+01  0.442162E-01  0.606411E-01  0.000000E+00  0.000000E+00  0.000000E+00  0.000000E+00
  0.284082E+01 -0.185600E+00  0.441764E-01  0.000000E+00  0.000000E+00  0.000000E+00  0.000000E+00
  0.284082E+01  0.866912E-01 -0.314047E-01  0.000000E+00  0.000000E+00  0.000000E+00  0.000000E+00
  0.284082E+01 -0.811275E-01  0.201635E+00  0.000000E+00  0.000000E+00  0.000000E+00  0.000000E+00
  0.284082E+01  0.328634E-01  0.814149E-01  0.000000E+00  0.000000E+00  0.000000E+00  0.000000E+00
  0.284082E+01 -0.696601E-02 -0.194769E-01  0.000000E+00  0.000000E+00  0.000000E+00  0.000000E+00
  0.284082E+01  0.336931E-01 -0.344909E-02  0.000000E+00  0.000000E+00  0.000000E+00  0.000000E+00
  0.284082E+01  0.266636E-01  0.114047E-01  0.000000E+00  0.000000E+00  0.000000E+00  0.000000E+00
  0.284082E+01 -0.367171E-01 -0.812667E-01  0.000000E+00  0.000000E+00  0.000000E+00  0.000000E+00
  0.284082E+01 -0.546539E-01 -0.471685E-01  0.000000E+00  0.000000E+00  0.000000E+00  0.000000E+00
  0.284082E+01  0.426369E-01  0.543477E-01  0.000000E+00  0.000000E+00  0.000000E+00  0.000000E+00
  0.284082E+01 -0.711031E-02 -0.264943E-01  0.000000E+00  0.000000E+00  0.000000E+00  0.000000E+00
  0.284082E+01 -0.151133E+00 -0.416374E-01  0.000000E+00  0.000000E+00  0.000000E+00  0.000000E+00
  0.284082E+01 -0.620975E-01  0.631819E-01  0.000000E+00  0.000000E+00  0.000000E+00  0.000000E+00
  0.284082E+01 -0.672926E-02  0.404064E-02  0.000000E+00  0.000000E+00  0.000000E+00  0.000000E+00
  0.284082E+01  0.402474E-01  0.155154E-01  0.000000E+00  0.000000E+00  0.000000E+00  0.000000E+00
  0.284082E+01  0.101059E+00  0.634878E-01  0.000000E+00  0.000000E+00  0.000000E+00  0.000000E+00
  0.284082E+01  0.206343E+00 -0.108563E+00  0.000000E+00  0.000000E+00  0.000000E+00  0.000000E+00
  0.284082E+01 -0.322774E-01 -0.519661E-02  0.000000E+00  0.000000E+00  0.000000E+00  0.000000E+00
  0.284082E+01 -0.100207E+00  0.894807E-01  0.000000E+00  0.000000E+00  0.000000E+00  0.000000E+00
  0.284082E+01  0.695767E-01  0.405082E-01  0.000000E+00  0.000000E+00  0.000000E+00  0.000000E+00
  0.284082E+01 -0.209588E-02 -0.874195E-02  0.000000E+00  0.000000E+00  0.000000E+00  0.000000E+00
