  0.180903E+01 -0.213262E+00 -0.380447E-02  0.000000E+00  0.000000E+00  0.000000E+00  0.000000E+00
  0.252037E+01 -0.161412E-01 -0.302299E+00  0.000000E+00  0.000000E+00  0.000000E+00  0.000000E+00
  0.262204E+01  0.175113E-01 -0.300903E+00  0.000000E+00  0.000000E+00  0.000000E+00  0.000000E+00
  0.220982E+01 -0.177054E-01  0.223974E+00  0.000000E+00  0.000000E+00  0.000000E+00  0.000000E+00
  0.172587E+01  0.345205E-02 -0.192855E+00  0.000000E+00  0.000000E+00  0.000000E+00  0.000000E+00
  0.182149E+01  0.215662E+00  0.430421E-02  0.000000E+00  0.000000E+00  0.000000E+00  0.000000E+00
  0.234783E+01 -0.137932E-01  0.293732E+00  0.000000E+00  0.000000E+00  0.000000E+00  0.000000E+00
  0.215272E+01 -0.890386E-02  0.282934E+00  0.000000E+00  0.000000E+00  0.000000E+00  0.000000E+00
  0.189000E+01 -0.220009E+00  0.911563E-02  0.000000E+00  0.000000E+00  0.000000E+00  0.000000E+00
  0.239231E+01  0.857660E-02 -0.341391E+00  0.000000E+00  0.000000E+00  0.000000E+00  0.000000E+00
  0.250231E+01 -0.185373E-01 -0.262545E+00  0.000000E+00  0.000000E+00  0.000000E+00  0.000000E+00
  0.238413E+01 -0.681274E-02 -0.347700E+00  0.000000E+00  0.000000E+00  0.000000E+00  0.000000E+00
  0.224769E+01  0.423916E-02  0.322100E+00  0.000000E+00  0.000000E+00  0.000000E+00  0.000000E+00
  0.262859E+01  0.334036E+00 -0.153540E-01  0.000000E+00  0.000000E+00  0.000000E+00  0.000000E+00
  0.189080E+01 -0.234145E+00  0.350351E-02  0.000000E+00  0.000000E+00  0.000000E+00  0.000000E+00
  0.176204E+01  0.196816E-02 -0.203246E+00  0.000000E+00  0.000000E+00  0.000000E+00  0.000000E+00
  0.239178E+01  0.162515E-01 -0.276075E+00  0.000000E+00  0.000000E+00  0.000000E+00  0.000000E+00
  0.196091E+01  0.236021E+00  0.929036E-02  0.000000E+00  0.000000E+00  0.000000E+00  0.000000E+00
  0.235322E+01 -0.332947E+00 -0.841006E-02  0.000000E+00  0.000000E+00  0.000000E+00  0.000000E+00
  0.190391E+01 -0.997738E-03  0.239604E+00  0.000000E+00  0.000000E+00  0.000000E+00  0.000000E+00
  0.174499E+01  0.199417E+00  0.952539E-03  0.000000E+00  0.000000E+00  0.000000E+00  0.000000E+00
  0.214121E+01  0.299543E+00 -0.117837E-02  0.000000E+00  0.000000E+00  0.000000E+00  0.000000E+00
  0.268788E+01 -0.310793E+00  0.176272E-01  0.000000E+00  0.000000E+00  0.000000E+00  0.000000E+00
  0.223388E+01 -0.144056E-01  0.264261E+00  0.000000E+00  0.000000E+00  0.000000E+00  0.000000E+00
  0.218574E+01 -0.232302E+00 -0.166321E-01  0.000000E+00  0.000000E+00  0.000000E+00  0.000000E+00
  0.225091E+01 -0.324414E+00 -0.350490E-02  0.000000E+00  0.000000E+00  0.000000E+00  0.000000E+00
  0.239855E+01  0.449191E-02 -0.359087E+00  0.000000E+00  0.000000E+00  0.000000E+00  0.000000E+00
  0.187063E+01 -0.519851E-02  0.226313E+00  0.000000E+00  0.000000E+00  0.000000E+00  0.000000E+00
  0.202948E+01 -0.250707E+00  0.961323E-02  0.000000E+00  0.000000E+00  0.000000E+00  0.000000E+00
  0.171503E+01  0.190830E+00  0.272812E-02  0.000000E+00  0.000000E+00  0.000000E+00  0.000000E+00
  0.171039E+01  0.188297E+00  0.403689E-02  0.000000E+00  0.000000E+00  0.000000E+00  0.000000E+00
  0.214962E+01 -0.294771E+00  0.543883E-02  0.000000E+00  0.000000E+00  0.000000E+00  0.000000E+00
  0.251476E+01 -0.509247E-02  0.386179E+00  0.000000E+00  0.000000E+00  0.000000E+00  0.000000E+00
  0.239979E+01 -0.345981E+00 -0.803067E-02  0.000000E+00  0.000000E+00  0.000000E+00  0.000000E+00
  0.203838E+01  0.268208E+00 -0.504536E-02  0.000000E+00  0.000000E+00  0.000000E+00  0.000000E+00
  0.174550E+01 -0.102094E-01 -0.182281E+00  0.000000E+00  0.000000E+00  0.000000E+00  0.000000E+00
  0.262767E+01  0.194783E-01 -0.265183E+00  0.000000E+00  0.000000E+00  0.000000E+00  0.000000E+00
  0.191189E+01 -0.353217E-02 -0.239391E+00  0.000000E+00  0.000000E+00  0.000000E+00  0.000000E+00
  0.263596E+01 -0.178785E-01  0.297160E+00  0.000000E+00  0.000000E+00  0.000000E+00  0.000000E+00
  0.191123E+01 -0.124059E-01  0.209797E+00  0.000000E+00  0.000000E+00  0.000000E+00  0.000000E+00
  0.200388E+01  0.264776E+00  0.124881E-02  0.000000E+00  0.000000E+00  0.000000E+00  0.000000E+00
  0.197274E+01 -0.907767E-02 -0.239667E+00  0.000000E+00  0.000000E+00  0.000000E+00  0.000000E+00
  0.275783E+01  0.450183E+00 -0.397741E-02  0.000000E+00  0.000000E+00  0.000000E+00  0.000000E+00
  0.254308E+01  0.336489E+00  0.136484E-01  0.000000E+00  0.000000E+00  0.000000E+00  0.000000E+00
  0.226755E+01  0.258629E+00 -0.156654E-01  0.000000E+00  0.000000E+00  0.000000E+00  0.000000E+00
  0.175163E+01  0.715740E-02  0.192819E+00  0.000000E+00  0.000000E+00  0.000000E+00  0.000000E+00
  0.201614E+01 -0.204792E+00 -0.161437E-01  0.000000E+00  0.000000E+00  0.000000E+00  0.000000E+00
  0.228251E+01  0.335648E+00 -0.764749E-04  0.000000E+00  0.000000E+00  0.000000E+00  0.000000E+00
  0.177116E+01 -0.206054E+00 -0.899796E-03  0.000000E+00  0.000000E+00  0.000000E+00  0.000000E+00
  0.214906E+01 -0.152600E-01 -0.239103E+00  0.000000E+00  0.000000E+00  0.000000E+00  0.000000E+00
  0.274803E+01  0.148022E-01  0.365472E+00  0.000000E+00  0.000000E+00  0.000000E+00  0.000000E+00
  0.235748E+01 -0.160003E-01  0.272485E+00  0.000000E+00  0.000000E+00  0.000000E+00  0.000000E+00
  0.170541E+01 -0.180249E+00 -0.773142E-02  0.000000E+00  0.000000E+00  0.000000E+00  0.000000E+00
  0.250149E+01  0.308727E+00 -0.153469E-01  0.000000E+00  0.000000E+00  0.000000E+00  0.000000E+00
  0.175124E+01  0.184459E+00 -0.996894E-02  0.000000E+00  0.000000E+00  0.000000E+00  0.000000E+00
  0.255921E+01  0.175111E-01  0.289554E+00  0.000000E+00  0.000000E+00  0.000000E+00  0.000000E+00
  0.270370E+01  0.291383E+00  0.188076E-01  0.000000E+00  0.000000E+00  0.000000E+00  0.000000E+00
  0.274382E+01  0.346453E+00  0.160787E-01  0.000000E+00  0.000000E+00  0.000000E+00  0.000000E+00
  0.231192E+01  0.322129E+00 -0.860533E-02  0.000000E+00  0.000000E+00  0.000000E+00  0.000000E+00
  0.217061E+01 -0.236187E+00  0.159951E-01  0.000000E+00  0.000000E+00  0.000000E+00  0.000000E+00
  0.231232E+01  0.254053E+00 -0.168082E-01  0.000000E+00  0.000000E+00  0.000000E+00  0.000000E+00
  0.232714E+01  0.294517E-02 -0.344533E+00  0.000000E+00  0.000000E+00  0.000000E+00  0.000000E+00
  0.206431E+01  0.129206E-01  0.240054E+00  0.000000E+00  0.000000E+00  0.000000E+00  0.000000E+00
  0.174274E+01 -0.192303E+00  0.642731E-02  0.000000E+00  0.000000E+00  0.000000E+00  0.000000E+00
  0.214728E+01  0.297927E+00  0.379075E-02  0.000000E+00  0.000000E+00  0.000000E+00  0.000000E+00
  0.174954E+01  0.180078E+00 -0.110414E-01  0.000000E+00  0.000000E+00  0.000000E+00  0.000000E+00
  0.212928E+01  0.296856E+00 -0.360147E-04  0.000000E+00  0.000000E+00  0.000000E+00  0.000000E+00
  0.251060E+01 -0.331090E+00 -0.135018E-01  0.000000E+00  0.000000E+00  0.000000E+00  0.000000E+00
  0.270260E+01  0.201145E-02 -0.440574E+00  0.000000E+00  0.000000E+00  0.000000E+00  0.000000E+00
  0.194867E+01  0.250910E+00 -0.104394E-02  0.000000E+00  0.000000E+00  0.000000E+00  0.000000E+00
  0.185912E+01 -0.214902E+00 -0.848345E-02  0.000000E+00  0.000000E+00  0.000000E+00  0.000000E+00
  0.197151E+01  0.100418E-01 -0.235275E+00  0.000000E+00  0.000000E+00  0.000000E+00  0.000000E+00
  0.240452E+01 -0.344728E+00  0.849542E-02  0.000000E+00  0.000000E+00  0.000000E+00  0.000000E+00
  0.184105E+01 -0.220905E+00  0.406294E-02  0.000000E+00  0.000000E+00  0.000000E+00  0.000000E+00
  0.239443E+01 -0.362638E+00 -0.214891E-02  0.000000E+00  0.000000E+00  0.000000E+00  0.000000E+00
  0.179508E+01 -0.129366E-01  0.181619E+00  0.000000E+00  0.000000E+00  0.000000E+00  0.000000E+00
  0.259672E+01  0.258027E+00  0.195863E-01  0.000000E+00  0.000000E+00  0.000000E+00  0.000000E+00
  0.241030E+01 -0.247429E+00  0.185057E-01  0.000000E+00  0.000000E+00  0.000000E+00  0.000000E+00
  0.251522E+01 -0.113996E-01 -0.351160E+00  0.000000E+00  0.000000E+00  0.000000E+00  0.000000E+00
  0.239646E+01 -0.122520E-01  0.317726E+00  0.000000E+00  0.000000E+00  0.000000E+00  0.000000E+00
  0.173903E+01 -0.187954E+00 -0.788099E-02  0.000000E+00  0.000000E+00  0.000000E+00  0.000000E+00
  0.212774E+01  0.249338E+00 -0.135244E-01  0.000000E+00  0.000000E+00  0.000000E+00  0.000000E+00
  0.164978E+01  0.295948E-02 -0.174223E+00  0.000000E+00  0.000000E+00  0.000000E+00  0.000000E+00
  0.179166E+01 -0.102078E-01  0.192953E+00  0.000000E+00  0.000000E+00  0.000000E+00  0.000000E+00
  0.190195E+01  0.237951E+00 -0.265065E-02  0.000000E+00  0.000000E+00  0.000000E+00  0.000000E+00
  0.254200E+01  0.336047E+00 -0.136686E-01  0.000000E+00  0.000000E+00  0.000000E+00  0.000000E+00
  0.201862E+01  0.207735E+00 -0.158689E-01  0.000000E+00  0.000000E+00  0.000000E+00  0.000000E+00
  0.222069E+01  0.232753E+00 -0.171564E-01  0.000000E+00  0.000000E+00  0.000000E+00  0.000000E+00
  0.251267E+01 -0.161580E-01 -0.300587E+00  0.000000E+00  0.000000E+00  0.000000E+00  0.000000E+00
  0.247669E+01 -0.374561E+00  0.573189E-02  0.000000E+00  0.000000E+00  0.000000E+00  0.000000E+00
  0.187010E+01 -0.544950E-02 -0.225677E+00  0.000000E+00  0.000000E+00  0.000000E+00  0.000000E+00
  0.235656E+01  0.282904E-02  0.352122E+00  0.000000E+00  0.000000E+00  0.000000E+00  0.000000E+00
  0.230755E+01  0.331236E+00  0.621948E-02  0.000000E+00  0.000000E+00  0.000000E+00  0.000000E+00
  0.221798E+01 -0.256099E-02  0.317631E+00  0.000000E+00  0.000000E+00  0.000000E+00  0.000000E+00
  0.270486E+01  0.756921E-02  0.421806E+00  0.000000E+00  0.000000E+00  0.000000E+00  0.000000E+00
  0.230650E+01 -0.289652E+00 -0.132650E-01  0.000000E+00  0.000000E+00  0.000000E+00  0.000000E+00
  0.249617E+01 -0.285100E+00  0.170458E-01  0.000000E+00  0.000000E+00  0.000000E+00  0.000000E+00
  0.229718E+01  0.376673E-02  0.335490E+00  0.000000E+00  0.000000E+00  0.000000E+00  0.000000E+00
  0.217300E+01 -0.478718E-02  0.302225E+00  0.000000E+00  0.000000E+00  0.000000E+00  0.000000E+00
  0.168571E+01  0.176050E+00  0.750154E-02  0.000000E+00  0.000000E+00  0.000000E+00  0.000000E+00
  0.164657E+01 -0.152827E-02 -0.174318E+00  0.000000E+00  0.000000E+00  0.000000E+00  0.000000E+00
  0.223967E+01  0.922098E-03  0.324583E+00  0.000000E+00  0.000000E+00  0.000000E+00  0.000000E+00
  0.266477E+01 -0.336443E+00  0.157057E-01  0.000000E+00  0.000000E+00  0.000000E+00  0.000000E+00
  0.182512E+01  0.113513E-01  0.195879E+00  0.000000E+00  0.000000E+00  0.000000E+00  0.000000E+00
  0.210045E+01 -0.233971E+00 -0.147283E-01  0.000000E+00  0.000000E+00  0.000000E+00  0.000000E+00
  0.174070E+01 -0.175828E+00 -0.115972E-01  0.000000E+00  0.000000E+00  0.000000E+00  0.000000E+00
  0.261355E+01  0.146259E-01  0.340187E+00  0.000000E+00  0.000000E+00  0.000000E+00  0.000000E+00
  0.214347E+01 -0.300056E+00  0.127797E-02  0.000000E+00  0.000000E+00  0.000000E+00  0.000000E+00
  0.250826E+01  0.373837E+00  0.767443E-02  0.000000E+00  0.000000E+00  0.000000E+00  0.000000E+00
  0.260888E+01  0.507957E-02 -0.409555E+00  0.000000E+00  0.000000E+00  0.000000E+00  0.000000E+00
  0.183059E+01 -0.989192E-02  0.203179E+00  0.000000E+00  0.000000E+00  0.000000E+00  0.000000E+00
  0.221594E+01 -0.304040E+00 -0.751791E-02  0.000000E+00  0.000000E+00  0.000000E+00  0.000000E+00
  0.283097E+01  0.623655E-03  0.474360E+00  0.000000E+00  0.000000E+00  0.000000E+00  0.000000E+00
  0.167916E+01 -0.182593E+00  0.143839E-02  0.000000E+00  0.000000E+00  0.000000E+00  0.000000E+00
  0.179640E+01 -0.188649E+00 -0.115231E-01  0.000000E+00  0.000000E+00  0.000000E+00  0.000000E+00
  0.209446E+01 -0.356137E-02  0.285102E+00  0.000000E+00  0.000000E+00  0.000000E+00  0.000000E+00
  0.271742E+01 -0.415964E+00  0.898666E-02  0.000000E+00  0.000000E+00  0.000000E+00  0.000000E+00
  0.187182E+01  0.956957E-02 -0.214027E+00  0.000000E+00  0.000000E+00  0.000000E+00  0.000000E+00
  0.190781E+01 -0.233448E+00 -0.612404E-02  0.000000E+00  0.000000E+00  0.000000E+00  0.000000E+00
  0.192138E+01  0.143949E-01  0.199673E+00  0.000000E+00  0.000000E+00  0.000000E+00  0.000000E+00
  0.270263E+01  0.154593E-01  0.347373E+00  0.000000E+00  0.000000E+00  0.000000E+00  0.000000E+00
  0.242022E+01  0.292043E+00  0.153852E-01  0.000000E+00  0.000000E+00  0.000000E+00  0.000000E+00
  0.256498E+01  0.183910E-01 -0.275802E+00  0.000000E+00  0.000000E+00  0.000000E+00  0.000000E+00
  0.160786E+01  0.288887E-02 -0.163740E+00  0.000000E+00  0.000000E+00  0.000000E+00  0.000000E+00
  0.183537E+01 -0.197534E+00 -0.114954E-01  0.000000E+00  0.000000E+00  0.000000E+00  0.000000E+00
  0.281326E+01  0.178033E-01 -0.329978E+00  0.000000E+00  0.000000E+00  0.000000E+00  0.000000E+00
  0.244120E+01  0.151231E-01  0.299265E+00  0.000000E+00  0.000000E+00  0.000000E+00  0.000000E+00
  0.164497E+01 -0.174229E+00  0.252900E-03  0.000000E+00  0.000000E+00  0.000000E+00  0.000000E+00
  0.252645E+01  0.221117E-02  0.395851E+00  0.000000E+00  0.000000E+00  0.000000E+00  0.000000E+00
  0.213182E+01  0.251703E+00 -0.133268E-01  0.000000E+00  0.000000E+00  0.000000E+00  0.000000E+00
  0.281484E+01  0.306254E+00  0.189766E-01  0.000000E+00  0.000000E+00  0.000000E+00  0.000000E+00
  0.221428E+01  0.234011E+00  0.169513E-01  0.000000E+00  0.000000E+00  0.000000E+00  0.000000E+00
  0.198314E+01 -0.154707E-01  0.204123E+00  0.000000E+00  0.000000E+00  0.000000E+00  0.000000E+00
  0.212280E+01  0.294878E+00 -0.119465E-02  0.000000E+00  0.000000E+00  0.000000E+00  0.000000E+00
  0.236886E+01  0.260489E+00 -0.171231E-01  0.000000E+00  0.000000E+00  0.000000E+00  0.000000E+00
  0.209672E+01 -0.235075E+00  0.145041E-01  0.000000E+00  0.000000E+00  0.000000E+00  0.000000E+00
  0.212786E+01 -0.460130E-02  0.291430E+00  0.000000E+00  0.000000E+00  0.000000E+00  0.000000E+00
  0.215302E+01 -0.214247E+00  0.176704E-01  0.000000E+00  0.000000E+00  0.000000E+00  0.000000E+00
  0.264718E+01  0.333120E-03  0.427938E+00  0.000000E+00  0.000000E+00  0.000000E+00  0.000000E+00
  0.234953E+01  0.299651E+00 -0.131781E-01  0.000000E+00  0.000000E+00  0.000000E+00  0.000000E+00
  0.205892E+01  0.929656E-03 -0.278849E+00  0.000000E+00  0.000000E+00  0.000000E+00  0.000000E+00
  0.224654E+01 -0.146426E-01 -0.264671E+00  0.000000E+00  0.000000E+00  0.000000E+00  0.000000E+00
  0.253775E+01  0.118634E-02 -0.399819E+00  0.000000E+00  0.000000E+00  0.000000E+00  0.000000E+00
  0.249553E+01  0.319763E+00  0.142808E-01  0.000000E+00  0.000000E+00  0.000000E+00  0.000000E+00
  0.258986E+01 -0.373375E+00  0.107389E-01  0.000000E+00  0.000000E+00  0.000000E+00  0.000000E+00
  0.224374E+01  0.161200E-01 -0.249053E+00  0.000000E+00  0.000000E+00  0.000000E+00  0.000000E+00
  0.185222E+01  0.225808E+00  0.222866E-02  0.000000E+00  0.000000E+00  0.000000E+00  0.000000E+00
  0.275852E+01  0.169452E-01 -0.335390E+00  0.000000E+00  0.000000E+00  0.000000E+00  0.000000E+00
  0.198630E+01  0.161066E-01 -0.199350E+00  0.000000E+00  0.000000E+00  0.000000E+00  0.000000E+00
  0.262990E+01  0.265864E+00 -0.194628E-01  0.000000E+00  0.000000E+00  0.000000E+00  0.000000E+00
  0.214678E+01  0.949158E-02 -0.278728E+00  0.000000E+00  0.000000E+00  0.000000E+00  0.000000E+00
  0.237721E+01 -0.138224E-01  0.299658E+00  0.000000E+00  0.000000E+00  0.000000E+00  0.000000E+00
  0.261180E+01  0.186739E-01 -0.278595E+00  0.000000E+00  0.000000E+00  0.000000E+00  0.000000E+00
  0.180044E+01 -0.203619E+00 -0.755247E-02  0.000000E+00  0.000000E+00  0.000000E+00  0.000000E+00
  0.256148E+01  0.130633E-01 -0.346402E+00  0.000000E+00  0.000000E+00  0.000000E+00  0.000000E+00
  0.259341E+01 -0.413662E+00  0.145211E-02  0.000000E+00  0.000000E+00  0.000000E+00  0.000000E+00
  0.208247E+01  0.268905E+00 -0.828336E-02  0.000000E+00  0.000000E+00  0.000000E+00  0.000000E+00
  0.226876E+01  0.331288E+00 -0.181959E-02  0.000000E+00  0.000000E+00  0.000000E+00  0.000000E+00
  0.232490E+01  0.345995E+00 -0.117974E-02  0.000000E+00  0.000000E+00  0.000000E+00  0.000000E+00
  0.216589E+01  0.418242E-02  0.301810E+00  0.000000E+00  0.000000E+00  0.000000E+00  0.000000E+00
  0.207835E+01 -0.277802E+00  0.517854E-02  0.000000E+00  0.000000E+00  0.000000E+00  0.000000E+00
  0.182990E+01  0.219533E+00 -0.293248E-02  0.000000E+00  0.000000E+00  0.000000E+00  0.000000E+00
  0.200168E+01 -0.208330E+00  0.154082E-01  0.000000E+00  0.000000E+00  0.000000E+00  0.000000E+00
  0.233177E+01 -0.265960E+00  0.161308E-01  0.000000E+00  0.000000E+00  0.000000E+00  0.000000E+00
  0.179208E+01 -0.117449E-01  0.186692E+00  0.000000E+00  0.000000E+00  0.000000E+00  0.000000E+00
  0.243317E+01  0.126888E-01 -0.322069E+00  0.000000E+00  0.000000E+00  0.000000E+00  0.000000E+00
  0.184973E+01  0.653458E-02 -0.218220E+00  0.000000E+00  0.000000E+00  0.000000E+00  0.000000E+00
  0.220956E+01 -0.249214E+00  0.154646E-01  0.000000E+00  0.000000E+00  0.000000E+00  0.000000E+00
  0.274989E+01 -0.147473E-02 -0.453188E+00  0.000000E+00  0.000000E+00  0.000000E+00  0.000000E+00
  0.270441E+01 -0.180029E-01 -0.307005E+00  0.000000E+00  0.000000E+00  0.000000E+00  0.000000E+00
  0.239399E+01 -0.180424E-01 -0.251877E+00  0.000000E+00  0.000000E+00  0.000000E+00  0.000000E+00
  0.240324E+01  0.172217E-01 -0.265464E+00  0.000000E+00  0.000000E+00  0.000000E+00  0.000000E+00
  0.221276E+01 -0.157419E-01 -0.247032E+00  0.000000E+00  0.000000E+00  0.000000E+00  0.000000E+00
  0.191313E+01  0.242131E+00  0.804982E-04  0.000000E+00  0.000000E+00  0.000000E+00  0.000000E+00
  0.206494E+01 -0.216098E+00 -0.159444E-01  0.000000E+00  0.000000E+00  0.000000E+00  0.000000E+00
  0.215587E+01 -0.906253E-02 -0.282939E+00  0.000000E+00  0.000000E+00  0.000000E+00  0.000000E+00
  0.181284E+01 -0.209187E+00  0.654254E-02  0.000000E+00  0.000000E+00  0.000000E+00  0.000000E+00
  0.255109E+01 -0.945353E-02 -0.373676E+00  0.000000E+00  0.000000E+00  0.000000E+00  0.000000E+00
  0.211448E+01  0.103645E-01  0.266732E+00  0.000000E+00  0.000000E+00  0.000000E+00  0.000000E+00
  0.178045E+01  0.208006E+00 -0.178955E-02  0.000000E+00  0.000000E+00  0.000000E+00  0.000000E+00
  0.272804E+01 -0.189926E-01  0.291613E+00  0.000000E+00  0.000000E+00  0.000000E+00  0.000000E+00
  0.167322E+01 -0.171235E+00 -0.824827E-02  0.000000E+00  0.000000E+00  0.000000E+00  0.000000E+00
  0.230321E+01 -0.307324E+00 -0.108177E-01  0.000000E+00  0.000000E+00  0.000000E+00  0.000000E+00
  0.254506E+01 -0.161070E-01  0.307538E+00  0.000000E+00  0.000000E+00  0.000000E+00  0.000000E+00
  0.166329E+01 -0.807577E-03  0.178784E+00  0.000000E+00  0.000000E+00  0.000000E+00  0.000000E+00
  0.281088E+01  0.658011E-02  0.452870E+00  0.000000E+00  0.000000E+00  0.000000E+00  0.000000E+00
  0.258519E+01 -0.844829E-02  0.388028E+00  0.000000E+00  0.000000E+00  0.000000E+00  0.000000E+00
  0.234285E+01 -0.319969E-02 -0.348039E+00  0.000000E+00  0.000000E+00  0.000000E+00  0.000000E+00
  0.276134E+01  0.653096E-02 -0.441013E+00  0.000000E+00  0.000000E+00  0.000000E+00  0.000000E+00
  0.166574E+01  0.420578E-02  0.176939E+00  0.000000E+00  0.000000E+00  0.000000E+00  0.000000E+00
  0.166385E+01  0.461453E-02  0.175942E+00  0.000000E+00  0.000000E+00  0.000000E+00  0.000000E+00
  0.256855E+01 -0.171288E-01 -0.297236E+00  0.000000E+00  0.000000E+00  0.000000E+00  0.000000E+00
  0.214826E+01 -0.175131E-01  0.215274E+00  0.000000E+00  0.000000E+00  0.000000E+00  0.000000E+00
  0.194051E+01  0.633529E-02 -0.240934E+00  0.000000E+00  0.000000E+00  0.000000E+00  0.000000E+00
  0.282491E+01  0.426867E+00 -0.107662E-01  0.000000E+00  0.000000E+00  0.000000E+00  0.000000E+00
  0.282448E+01 -0.461034E+00  0.555719E-02  0.000000E+00  0.000000E+00  0.000000E+00  0.000000E+00
  0.263662E+01 -0.538840E-03  0.425203E+00  0.000000E+00  0.000000E+00  0.000000E+00  0.000000E+00
  0.177074E+01 -0.185713E+00 -0.108371E-01  0.000000E+00  0.000000E+00  0.000000E+00  0.000000E+00
  0.176907E+01 -0.203807E+00 -0.334760E-02  0.000000E+00  0.000000E+00  0.000000E+00  0.000000E+00
  0.264056E+01 -0.385353E+00  0.106909E-01  0.000000E+00  0.000000E+00  0.000000E+00  0.000000E+00
  0.201730E+01  0.180298E-02 -0.267806E+00  0.000000E+00  0.000000E+00  0.000000E+00  0.000000E+00
  0.207282E+01 -0.213939E+00  0.163312E-01  0.000000E+00  0.000000E+00  0.000000E+00  0.000000E+00
  0.211701E+01  0.251504E+00 -0.129167E-01  0.000000E+00  0.000000E+00  0.000000E+00  0.000000E+00
  0.282238E+01 -0.134161E-01  0.398558E+00  0.000000E+00  0.000000E+00  0.000000E+00  0.000000E+00
  0.250001E+01  0.335137E+00  0.128517E-01  0.000000E+00  0.000000E+00  0.000000E+00  0.000000E+00
  0.202706E+01  0.227284E+00 -0.136125E-01  0.000000E+00  0.000000E+00  0.000000E+00  0.000000E+00
  0.170998E+01 -0.211435E-02 -0.190014E+00  0.000000E+00  0.000000E+00  0.000000E+00  0.000000E+00
  0.188045E+01  0.205937E+00 -0.118461E-01  0.000000E+00  0.000000E+00  0.000000E+00  0.000000E+00
  0.167189E+01  0.171572E+00 -0.798429E-02  0.000000E+00  0.000000E+00  0.000000E+00  0.000000E+00
  0.171428E+01 -0.184973E+00  0.660416E-02  0.000000E+00  0.000000E+00  0.000000E+00  0.000000E+00
  0.239189E+01 -0.607241E-03  0.363234E+00  0.000000E+00  0.000000E+00  0.000000E+00  0.000000E+00
  0.174666E+01 -0.933043E-02 -0.185534E+00  0.000000E+00  0.000000E+00  0.000000E+00  0.000000E+00
  0.194271E+01  0.132733E-01  0.211531E+00  0.000000E+00  0.000000E+00  0.000000E+00  0.000000E+00
  0.232350E+01  0.420351E-02  0.341100E+00  0.000000E+00  0.000000E+00  0.000000E+00  0.000000E+00
  0.273435E+01 -0.349805E+00 -0.157294E-01  0.000000E+00  0.000000E+00  0.000000E+00  0.000000E+00
  0.254608E+01  0.725214E-02 -0.385076E+00  0.000000E+00  0.000000E+00  0.000000E+00  0.000000E+00
  0.175161E+01  0.926489E-03  0.201100E+00  0.000000E+00  0.000000E+00  0.000000E+00  0.000000E+00
  0.265579E+01 -0.172530E-01  0.311300E+00  0.000000E+00  0.000000E+00  0.000000E+00  0.000000E+00
  0.234295E+01 -0.241098E+00 -0.181668E-01  0.000000E+00  0.000000E+00  0.000000E+00  0.000000E+00
  0.239354E+01 -0.561459E-02 -0.354467E+00  0.000000E+00  0.000000E+00  0.000000E+00  0.000000E+00
  0.253848E+01  0.324360E+00 -0.146615E-01  0.000000E+00  0.000000E+00  0.000000E+00  0.000000E+00
  0.245139E+01  0.175596E-01 -0.269349E+00  0.000000E+00  0.000000E+00  0.000000E+00  0.000000E+00
  0.197058E+01 -0.397680E-02  0.253407E+00  0.000000E+00  0.000000E+00  0.000000E+00  0.000000E+00
  0.219619E+01 -0.170671E-01 -0.229295E+00  0.000000E+00  0.000000E+00  0.000000E+00  0.000000E+00
  0.261379E+01 -0.280811E+00 -0.185735E-01  0.000000E+00  0.000000E+00  0.000000E+00  0.000000E+00
  0.203308E+01  0.218518E+00 -0.149364E-01  0.000000E+00  0.000000E+00  0.000000E+00  0.000000E+00
  0.233225E+01  0.243869E-02  0.346582E+00  0.000000E+00  0.000000E+00  0.000000E+00  0.000000E+00
  0.247966E+01 -0.180519E-01  0.266739E+00  0.000000E+00  0.000000E+00  0.000000E+00  0.000000E+00
  0.196753E+01 -0.249964E+00  0.535506E-02  0.000000E+00  0.000000E+00  0.000000E+00  0.000000E+00
  0.280463E+01 -0.125633E-01 -0.404474E+00  0.000000E+00  0.000000E+00  0.000000E+00  0.000000E+00
  0.273255E+01  0.851395E-02 -0.422714E+00  0.000000E+00  0.000000E+00  0.000000E+00  0.000000E+00
  0.204124E+01 -0.271561E+00 -0.368885E-02  0.000000E+00  0.000000E+00  0.000000E+00  0.000000E+00
  0.186519E+01  0.113847E-01  0.204761E+00  0.000000E+00  0.000000E+00  0.000000E+00  0.000000E+00
  0.195667E+01  0.250353E+00 -0.370907E-02  0.000000E+00  0.000000E+00  0.000000E+00  0.000000E+00
  0.257899E+01 -0.377750E+00  0.981289E-02  0.000000E+00  0.000000E+00  0.000000E+00  0.000000E+00
  0.191271E+01  0.227457E+00  0.854250E-02  0.000000E+00  0.000000E+00  0.000000E+00  0.000000E+00
  0.273419E+01 -0.404335E+00 -0.109737E-01  0.000000E+00  0.000000E+00  0.000000E+00  0.000000E+00
  0.167069E+01  0.180288E+00 -0.178582E-02  0.000000E+00  0.000000E+00  0.000000E+00  0.000000E+00
  0.244584E+01  0.825310E-02 -0.355866E+00  0.000000E+00  0.000000E+00  0.000000E+00  0.000000E+00
  0.174572E+01  0.181872E+00 -0.103371E-01  0.000000E+00  0.000000E+00  0.000000E+00  0.000000E+00
  0.264470E+01  0.196438E-01  0.264332E+00  0.000000E+00  0.000000E+00  0.000000E+00  0.000000E+00
  0.236610E+01 -0.184565E-01 -0.240677E+00  0.000000E+00  0.000000E+00  0.000000E+00  0.000000E+00
  0.191285E+01  0.202112E+00  0.137576E-01  0.000000E+00  0.000000E+00  0.000000E+00  0.000000E+00
  0.189703E+01  0.226860E+00  0.757661E-02  0.000000E+00  0.000000E+00  0.000000E+00  0.000000E+00
  0.200288E+01 -0.130270E-01  0.226055E+00  0.000000E+00  0.000000E+00  0.000000E+00  0.000000E+00
  0.260742E+01 -0.105630E-01  0.378773E+00  0.000000E+00  0.000000E+00  0.000000E+00  0.000000E+00
  0.172860E+01  0.493008E-02  0.191574E+00  0.000000E+00  0.000000E+00  0.000000E+00  0.000000E+00
  0.259410E+01  0.188635E-01  0.272042E+00  0.000000E+00  0.000000E+00  0.000000E+00  0.000000E+00
  0.191883E+01  0.673829E-02  0.234559E+00  0.000000E+00  0.000000E+00  0.000000E+00  0.000000E+00
  0.249887E+01 -0.162140E-01 -0.297179E+00  0.000000E+00  0.000000E+00  0.000000E+00  0.000000E+00
  0.185417E+01 -0.194189E-02  0.226517E+00  0.000000E+00  0.000000E+00  0.000000E+00  0.000000E+00
  0.213786E+01  0.170716E-01 -0.218454E+00  0.000000E+00  0.000000E+00  0.000000E+00  0.000000E+00
  0.172290E+01  0.174362E+00  0.109532E-01  0.000000E+00  0.000000E+00  0.000000E+00  0.000000E+00
  0.187380E+01  0.223943E+00  0.659783E-02  0.000000E+00  0.000000E+00  0.000000E+00  0.000000E+00
  0.234041E+01  0.172752E-01  0.253219E+00  0.000000E+00  0.000000E+00  0.000000E+00  0.000000E+00
  0.213356E+01  0.216519E+00  0.171733E-01  0.000000E+00  0.000000E+00  0.000000E+00  0.000000E+00
  0.205123E+01  0.472971E-02  0.272092E+00  0.000000E+00  0.000000E+00  0.000000E+00  0.000000E+00
  0.222939E+01  0.248340E+00 -0.159282E-01  0.000000E+00  0.000000E+00  0.000000E+00  0.000000E+00
  0.179160E+01  0.111846E-01  0.189029E+00  0.000000E+00  0.000000E+00  0.000000E+00  0.000000E+00
  0.208625E+01  0.269042E+00 -0.847179E-02  0.000000E+00  0.000000E+00  0.000000E+00  0.000000E+00
  0.166163E+01 -0.171401E+00 -0.695966E-02  0.000000E+00  0.000000E+00  0.000000E+00  0.000000E+00
  0.184892E+01 -0.507243E-03  0.225829E+00  0.000000E+00  0.000000E+00  0.000000E+00  0.000000E+00
  0.229246E+01  0.106242E-01  0.306113E+00  0.000000E+00  0.000000E+00  0.000000E+00  0.000000E+00
  0.170996E+01  0.364663E-02  0.188654E+00  0.000000E+00  0.000000E+00  0.000000E+00  0.000000E+00
  0.223350E+01  0.282454E+00  0.121564E-01  0.000000E+00  0.000000E+00  0.000000E+00  0.000000E+00
  0.228443E+01  0.308687E+00  0.989489E-02  0.000000E+00  0.000000E+00  0.000000E+00  0.000000E+00
  0.248688E+01 -0.160132E-01 -0.297491E+00  0.000000E+00  0.000000E+00  0.000000E+00  0.000000E+00
  0.258621E+01  0.163913E-01  0.311493E+00  0.000000E+00  0.000000E+00  0.000000E+00  0.000000E+00
  0.244789E+01  0.245014E+00 -0.190196E-01  0.000000E+00  0.000000E+00  0.000000E+00  0.000000E+00
  0.203054E+01  0.134293E-02  0.271463E+00  0.000000E+00  0.000000E+00  0.000000E+00  0.000000E+00
  0.210520E+01 -0.354587E-03 -0.290729E+00  0.000000E+00  0.000000E+00  0.000000E+00  0.000000E+00
  0.200727E+01 -0.106170E-01 -0.240791E+00  0.000000E+00  0.000000E+00  0.000000E+00  0.000000E+00
  0.188595E+01  0.115722E-01  0.208529E+00  0.000000E+00  0.000000E+00  0.000000E+00  0.000000E+00
  0.221925E+01  0.108256E-01  0.288113E+00  0.000000E+00  0.000000E+00  0.000000E+00  0.000000E+00
  0.218299E+01  0.155676E-01 -0.242917E+00  0.000000E+00  0.000000E+00  0.000000E+00  0.000000E+00
  0.196321E+01 -0.224189E+00 -0.118820E-01  0.000000E+00  0.000000E+00  0.000000E+00  0.000000E+00
  0.163996E+01 -0.594045E-02 -0.168017E+00  0.000000E+00  0.000000E+00  0.000000E+00  0.000000E+00
  0.189260E+01 -0.222209E+00  0.867584E-02  0.000000E+00  0.000000E+00  0.000000E+00  0.000000E+00
  0.273135E+01 -0.195241E-01  0.280614E+00  0.000000E+00  0.000000E+00  0.000000E+00  0.000000E+00
  0.281400E+01 -0.461016E+00  0.491969E-02  0.000000E+00  0.000000E+00  0.000000E+00  0.000000E+00
  0.195670E+01 -0.111255E-01  0.226713E+00  0.000000E+00  0.000000E+00  0.000000E+00  0.000000E+00
  0.191963E+01  0.233311E+00 -0.724666E-02  0.000000E+00  0.000000E+00  0.000000E+00  0.000000E+00
  0.194948E+01 -0.247915E+00 -0.410962E-02  0.000000E+00  0.000000E+00  0.000000E+00  0.000000E+00
  0.272077E+01 -0.938846E-02  0.413918E+00  0.000000E+00  0.000000E+00  0.000000E+00  0.000000E+00
  0.237502E+01  0.175898E-01 -0.255158E+00  0.000000E+00  0.000000E+00  0.000000E+00  0.000000E+00
  0.224403E+01 -0.306221E+00  0.855739E-02  0.000000E+00  0.000000E+00  0.000000E+00  0.000000E+00
  0.222749E+01 -0.298119E+00 -0.939849E-02  0.000000E+00  0.000000E+00  0.000000E+00  0.000000E+00
  0.262632E+01  0.141262E-01  0.348746E+00  0.000000E+00  0.000000E+00  0.000000E+00  0.000000E+00
  0.215036E+01  0.234655E+00  0.157526E-01  0.000000E+00  0.000000E+00  0.000000E+00  0.000000E+00
  0.180698E+01 -0.214562E+00  0.200531E-02  0.000000E+00  0.000000E+00  0.000000E+00  0.000000E+00
  0.188281E+01 -0.446200E-02  0.230690E+00  0.000000E+00  0.000000E+00  0.000000E+00  0.000000E+00
  0.169856E+01  0.609079E-02  0.182148E+00  0.000000E+00  0.000000E+00  0.000000E+00  0.000000E+00
  0.249773E+01 -0.389920E+00  0.834428E-03  0.000000E+00  0.000000E+00  0.000000E+00  0.000000E+00
  0.217952E+01 -0.238653E+00 -0.159238E-01  0.000000E+00  0.000000E+00  0.000000E+00  0.000000E+00
  0.237486E+01  0.243763E+00  0.183547E-01  0.000000E+00  0.000000E+00  0.000000E+00  0.000000E+00
  0.164014E+01 -0.167095E+00  0.648393E-02  0.000000E+00  0.000000E+00  0.000000E+00  0.000000E+00
  0.277612E+01 -0.306597E+00 -0.186574E-01  0.000000E+00  0.000000E+00  0.000000E+00  0.000000E+00
  0.247628E+01  0.293134E+00 -0.161904E-01  0.000000E+00  0.000000E+00  0.000000E+00  0.000000E+00
  0.220022E+01 -0.232175E+00  0.168839E-01  0.000000E+00  0.000000E+00  0.000000E+00  0.000000E+00
  0.237284E+01 -0.145843E-01  0.291190E+00  0.000000E+00  0.000000E+00  0.000000E+00  0.000000E+00
  0.259254E+01 -0.565659E-02 -0.403403E+00  0.000000E+00  0.000000E+00  0.000000E+00  0.000000E+00
  0.206566E+01  0.248622E+00 -0.116128E-01  0.000000E+00  0.000000E+00  0.000000E+00  0.000000E+00
  0.221870E+01  0.264799E+00  0.139883E-01  0.000000E+00  0.000000E+00  0.000000E+00  0.000000E+00
  0.178922E+01  0.104727E-01 -0.191376E+00  0.000000E+00  0.000000E+00  0.000000E+00  0.000000E+00
  0.177251E+01 -0.658523E-02  0.199234E+00  0.000000E+00  0.000000E+00  0.000000E+00  0.000000E+00
  0.284007E+01 -0.339902E+00  0.175326E-01  0.000000E+00  0.000000E+00  0.000000E+00  0.000000E+00
  0.166966E+01 -0.187505E-02 -0.179983E+00  0.000000E+00  0.000000E+00  0.000000E+00  0.000000E+00
  0.226725E+01  0.116771E-01  0.293370E+00  0.000000E+00  0.000000E+00  0.000000E+00  0.000000E+00
  0.275730E+01  0.366409E+00 -0.148730E-01  0.000000E+00  0.000000E+00  0.000000E+00  0.000000E+00
  0.282329E+01  0.418675E+00  0.115937E-01  0.000000E+00  0.000000E+00  0.000000E+00  0.000000E+00
  0.173214E+01 -0.186438E+00 -0.782773E-02  0.000000E+00  0.000000E+00  0.000000E+00  0.000000E+00
  0.283884E+01  0.378602E+00  0.151800E-01  0.000000E+00  0.000000E+00  0.000000E+00  0.000000E+00
  0.247062E+01 -0.170931E-01 -0.279691E+00  0.000000E+00  0.000000E+00  0.000000E+00  0.000000E+00
  0.222632E+01  0.238827E+00 -0.167314E-01  0.000000E+00  0.000000E+00  0.000000E+00  0.000000E+00
  0.195209E+01 -0.212230E+00  0.134791E-01  0.000000E+00  0.000000E+00  0.000000E+00  0.000000E+00
  0.233807E+01 -0.348772E+00 -0.183459E-02  0.000000E+00  0.000000E+00  0.000000E+00  0.000000E+00
  0.188062E+01 -0.233205E+00  0.192590E-02  0.000000E+00  0.000000E+00  0.000000E+00  0.000000E+00
  0.175186E+01  0.119392E-01  0.176862E+00  0.000000E+00  0.000000E+00  0.000000E+00  0.000000E+00
  0.170335E+01  0.714871E-02  0.181126E+00  0.000000E+00  0.000000E+00  0.000000E+00  0.000000E+00
  0.258623E+01 -0.179296E-01  0.287496E+00  0.000000E+00  0.000000E+00  0.000000E+00  0.000000E+00
  0.264068E+01 -0.613557E-02  0.413291E+00  0.000000E+00  0.000000E+00  0.000000E+00  0.000000E+00
  0.180015E+01 -0.134499E-02  0.213217E+00  0.000000E+00  0.000000E+00  0.000000E+00  0.000000E+00
  0.281045E+01 -0.183111E-01 -0.319521E+00  0.000000E+00  0.000000E+00  0.000000E+00  0.000000E+00
  0.178394E+01  0.208168E+00  0.273399E-02  0.000000E+00  0.000000E+00  0.000000E+00  0.000000E+00
  0.176829E+01  0.181805E+00  0.116464E-01  0.000000E+00  0.000000E+00  0.000000E+00  0.000000E+00
  0.222724E+01  0.271658E+00  0.133865E-01  0.000000E+00  0.000000E+00  0.000000E+00  0.000000E+00
  0.253385E+01  0.143550E-01 -0.326900E+00  0.000000E+00  0.000000E+00  0.000000E+00  0.000000E+00
  0.181897E+01  0.196027E+00  0.109998E-01  0.000000E+00  0.000000E+00  0.000000E+00  0.000000E+00
  0.257296E+01 -0.174046E-01 -0.293739E+00  0.000000E+00  0.000000E+00  0.000000E+00  0.000000E+00
  0.279677E+01 -0.331803E+00  0.175480E-01  0.000000E+00  0.000000E+00  0.000000E+00  0.000000E+00
  0.228007E+01  0.752913E-02 -0.319478E+00  0.000000E+00  0.000000E+00  0.000000E+00  0.000000E+00
  0.236450E+01 -0.156057E-01  0.278440E+00  0.000000E+00  0.000000E+00  0.000000E+00  0.000000E+00
  0.256925E+01  0.704568E-03  0.408085E+00  0.000000E+00  0.000000E+00  0.000000E+00  0.000000E+00
  0.240140E+01  0.365745E+00  0.141343E-03  0.000000E+00  0.000000E+00  0.000000E+00  0.000000E+00
  0.190929E+01 -0.113493E-01 -0.214876E+00  0.000000E+00  0.000000E+00  0.000000E+00  0.000000E+00
  0.222854E+01  0.260598E+00  0.146833E-01  0.000000E+00  0.000000E+00  0.000000E+00  0.000000E+00
  0.229352E+01 -0.325871E+00  0.674943E-02  0.000000E+00  0.000000E+00  0.000000E+00  0.000000E+00
  0.248783E+01 -0.104341E-02 -0.387295E+00  0.000000E+00  0.000000E+00  0.000000E+00  0.000000E+00
  0.228304E+01 -0.209269E-02 -0.334606E+00  0.000000E+00  0.000000E+00  0.000000E+00  0.000000E+00
  0.254881E+01 -0.766808E-02  0.383643E+00  0.000000E+00  0.000000E+00  0.000000E+00  0.000000E+00
  0.180060E+01  0.212203E+00 -0.289505E-02  0.000000E+00  0.000000E+00  0.000000E+00  0.000000E+00
  0.273313E+01 -0.137469E-01 -0.375642E+00  0.000000E+00  0.000000E+00  0.000000E+00  0.000000E+00
  0.199827E+01 -0.464604E-02 -0.259094E+00  0.000000E+00  0.000000E+00  0.000000E+00  0.000000E+00
  0.215149E+01 -0.294346E+00  0.575811E-02  0.000000E+00  0.000000E+00  0.000000E+00  0.000000E+00
  0.281483E+01 -0.152471E-01  0.372805E+00  0.000000E+00  0.000000E+00  0.000000E+00  0.000000E+00
  0.181883E+01 -0.208397E+00  0.742885E-02  0.000000E+00  0.000000E+00  0.000000E+00  0.000000E+00
  0.248995E+01  0.364198E+00 -0.864918E-02  0.000000E+00  0.000000E+00  0.000000E+00  0.000000E+00
  0.214568E+01  0.237610E+00  0.153476E-01  0.000000E+00  0.000000E+00  0.000000E+00  0.000000E+00
  0.192792E+01 -0.228545E+00  0.921965E-02  0.000000E+00  0.000000E+00  0.000000E+00  0.000000E+00
  0.213393E+01  0.848281E-02  0.280352E+00  0.000000E+00  0.000000E+00  0.000000E+00  0.000000E+00
  0.230676E+01  0.157532E-01 -0.265396E+00  0.000000E+00  0.000000E+00  0.000000E+00  0.000000E+00
  0.194525E+01  0.111074E-01 -0.224206E+00  0.000000E+00  0.000000E+00  0.000000E+00  0.000000E+00
  0.217051E+01  0.176448E-01 -0.217693E+00  0.000000E+00  0.000000E+00  0.000000E+00  0.000000E+00
  0.210025E+01 -0.434724E-02 -0.285096E+00  0.000000E+00  0.000000E+00  0.000000E+00  0.000000E+00
  0.187321E+01 -0.213044E+00  0.990285E-02  0.000000E+00  0.000000E+00  0.000000E+00  0.000000E+00
  0.227416E+01  0.205000E-02 -0.332413E+00  0.000000E+00  0.000000E+00  0.000000E+00  0.000000E+00
  0.257399E+01 -0.128515E-01 -0.351204E+00  0.000000E+00  0.000000E+00  0.000000E+00  0.000000E+00
  0.237595E+01  0.838144E-02 -0.338511E+00  0.000000E+00  0.000000E+00  0.000000E+00  0.000000E+00
  0.194786E+01  0.210332E+00  0.136328E-01  0.000000E+00  0.000000E+00  0.000000E+00  0.000000E+00
  0.193818E+01 -0.195923E+00 -0.153756E-01  0.000000E+00  0.000000E+00  0.000000E+00  0.000000E+00
  0.188732E+01 -0.205792E+00 -0.121709E-01  0.000000E+00  0.000000E+00  0.000000E+00  0.000000E+00
  0.180582E+01  0.182164E+00  0.132729E-01  0.000000E+00  0.000000E+00  0.000000E+00  0.000000E+00
  0.172188E+01  0.890468E-02  0.181006E+00  0.000000E+00  0.000000E+00  0.000000E+00  0.000000E+00
  0.248413E+01  0.320600E+00  0.139784E-01  0.000000E+00  0.000000E+00  0.000000E+00  0.000000E+00
  0.268411E+01  0.141060E-01 -0.361061E+00  0.000000E+00  0.000000E+00  0.000000E+00  0.000000E+00
  0.261029E+01 -0.346461E+00 -0.140332E-01  0.000000E+00  0.000000E+00  0.000000E+00  0.000000E+00
  0.201670E+01  0.857816E-02  0.252061E+00  0.000000E+00  0.000000E+00  0.000000E+00  0.000000E+00
  0.232863E+01  0.113187E-01 -0.309690E+00  0.000000E+00  0.000000E+00  0.000000E+00  0.000000E+00
  0.272463E+01  0.446372E+00  0.183920E-02  0.000000E+00  0.000000E+00  0.000000E+00  0.000000E+00
  0.168816E+01  0.179418E+00 -0.618388E-02  0.000000E+00  0.000000E+00  0.000000E+00  0.000000E+00
  0.231662E+01  0.270158E+00  0.154971E-01  0.000000E+00  0.000000E+00  0.000000E+00  0.000000E+00
  0.232087E+01  0.166872E-01 -0.257164E+00  0.000000E+00  0.000000E+00  0.000000E+00  0.000000E+00
  0.227483E+01 -0.148065E-01  0.268882E+00  0.000000E+00  0.000000E+00  0.000000E+00  0.000000E+00
  0.184045E+01  0.195344E-02  0.223045E+00  0.000000E+00  0.000000E+00  0.000000E+00  0.000000E+00
  0.250405E+01 -0.185073E-01 -0.263360E+00  0.000000E+00  0.000000E+00  0.000000E+00  0.000000E+00
  0.265350E+01 -0.373303E+00  0.123701E-01  0.000000E+00  0.000000E+00  0.000000E+00  0.000000E+00
  0.241211E+01 -0.316431E+00 -0.128083E-01  0.000000E+00  0.000000E+00  0.000000E+00  0.000000E+00
  0.205622E+01  0.217303E+00 -0.156240E-01  0.000000E+00  0.000000E+00  0.000000E+00  0.000000E+00
  0.240106E+01  0.315852E+00 -0.125969E-01  0.000000E+00  0.000000E+00  0.000000E+00  0.000000E+00
  0.210106E+01  0.289081E+00 -0.164818E-02  0.000000E+00  0.000000E+00  0.000000E+00  0.000000E+00
  0.268257E+01  0.306069E+00 -0.178415E-01  0.000000E+00  0.000000E+00  0.000000E+00  0.000000E+00
  0.274624E+01 -0.178422E-01 -0.317349E+00  0.000000E+00  0.000000E+00  0.000000E+00  0.000000E+00
  0.261705E+01  0.319685E-02  0.416896E+00  0.000000E+00  0.000000E+00  0.000000E+00  0.000000E+00
  0.237506E+01  0.273008E+00 -0.162393E-01  0.000000E+00  0.000000E+00  0.000000E+00  0.000000E+00
  0.189798E+01 -0.234909E+00  0.420035E-02  0.000000E+00  0.000000E+00  0.000000E+00  0.000000E+00
  0.278426E+01  0.457598E+00 -0.369595E-02  0.000000E+00  0.000000E+00  0.000000E+00  0.000000E+00
  0.188342E+01  0.127386E-01 -0.201869E+00  0.000000E+00  0.000000E+00  0.000000E+00  0.000000E+00
  0.272646E+01 -0.448024E+00 -0.259930E-03  0.000000E+00  0.000000E+00  0.000000E+00  0.000000E+00
  0.160339E+01  0.163681E+00 -0.485509E-03  0.000000E+00  0.000000E+00  0.000000E+00  0.000000E+00
  0.265999E+01 -0.380304E+00 -0.117846E-01  0.000000E+00  0.000000E+00  0.000000E+00  0.000000E+00
  0.275795E+01 -0.165704E-01 -0.341460E+00  0.000000E+00  0.000000E+00  0.000000E+00  0.000000E+00
  0.189462E+01 -0.799640E-03 -0.237324E+00  0.000000E+00  0.000000E+00  0.000000E+00  0.000000E+00
  0.242352E+01 -0.181172E-03 -0.371341E+00  0.000000E+00  0.000000E+00  0.000000E+00  0.000000E+00
  0.182700E+01 -0.206118E+00 -0.883236E-02  0.000000E+00  0.000000E+00  0.000000E+00  0.000000E+00
  0.234911E+01 -0.342161E+00  0.601338E-02  0.000000E+00  0.000000E+00  0.000000E+00  0.000000E+00
  0.178904E+01 -0.107374E-02 -0.210520E+00  0.000000E+00  0.000000E+00  0.000000E+00  0.000000E+00
  0.232867E+01 -0.179487E-01 -0.241779E+00  0.000000E+00  0.000000E+00  0.000000E+00  0.000000E+00
  0.269257E+01 -0.185917E-01 -0.293806E+00  0.000000E+00  0.000000E+00  0.000000E+00  0.000000E+00
  0.268400E+01 -0.346295E+00  0.152663E-01  0.000000E+00  0.000000E+00  0.000000E+00  0.000000E+00
  0.167579E+01 -0.181361E+00 -0.215875E-02  0.000000E+00  0.000000E+00  0.000000E+00  0.000000E+00
  0.187081E+01 -0.203078E+00 -0.119875E-01  0.000000E+00  0.000000E+00  0.000000E+00  0.000000E+00
  0.187401E+01  0.953807E-02 -0.214662E+00  0.000000E+00  0.000000E+00  0.000000E+00  0.000000E+00
  0.218389E+01  0.115816E-01  0.275333E+00  0.000000E+00  0.000000E+00  0.000000E+00  0.000000E+00
  0.249344E+01  0.398732E-02 -0.384072E+00  0.000000E+00  0.000000E+00  0.000000E+00  0.000000E+00
  0.218991E+01  0.438932E-02 -0.307355E+00  0.000000E+00  0.000000E+00  0.000000E+00  0.000000E+00
  0.259828E+01 -0.193146E-01  0.263866E+00  0.000000E+00  0.000000E+00  0.000000E+00  0.000000E+00
  0.266091E+01 -0.198445E-01  0.262411E+00  0.000000E+00  0.000000E+00  0.000000E+00  0.000000E+00
  0.227632E+01 -0.180508E-01 -0.231139E+00  0.000000E+00  0.000000E+00  0.000000E+00  0.000000E+00
  0.167702E+01 -0.180887E+00  0.316440E-02  0.000000E+00  0.000000E+00  0.000000E+00  0.000000E+00
  0.284064E+01  0.404442E+00 -0.132513E-01  0.000000E+00  0.000000E+00  0.000000E+00  0.000000E+00
  0.210561E+01 -0.121289E-02  0.290519E+00  0.000000E+00  0.000000E+00  0.000000E+00  0.000000E+00
  0.231217E+01 -0.449228E-02  0.337572E+00  0.000000E+00  0.000000E+00  0.000000E+00  0.000000E+00
  0.177093E+01  0.481297E-02  0.202274E+00  0.000000E+00  0.000000E+00  0.000000E+00  0.000000E+00
  0.228149E+01  0.316925E+00  0.818116E-02  0.000000E+00  0.000000E+00  0.000000E+00  0.000000E+00
  0.215970E+01  0.453217E-02  0.299512E+00  0.000000E+00  0.000000E+00  0.000000E+00  0.000000E+00
  0.232606E+01  0.251450E+00  0.172103E-01  0.000000E+00  0.000000E+00  0.000000E+00  0.000000E+00
  0.240838E+01  0.143319E-01 -0.301129E+00  0.000000E+00  0.000000E+00  0.000000E+00  0.000000E+00
  0.284082E+01 -0.218286E+00  0.597577E-01  0.000000E+00  0.000000E+00  0.000000E+00  0.000000E+00
  0.284082E+01 -0.602865E-01  0.686550E-01  0.000000E+00  0.000000E+00  0.000000E+00  0.000000E+00
  0.284082E+01 -0.113903E+00  0.104098E-01  0.000000E+00  0.000000E+00  0.000000E+00  0.000000E+00
  0.284082E+01 -0.152877E+00  0.116202E+00  0.000000E+00  0.000000E+00  0.000000E+00  0.000000E+00
  0.284082E+01  0.157760E+00 -0.478436E-01  0.000000E+00  0.000000E+00  0.000000E+00  0.000000E+00
  0.284082E+01 -0.480924E-01  0.670537E-01  0.000000E+00  0.000000E+00  0.000000E+00  0.000000E+00
  0.284082E+01  0.248755E-01 -0.300292E-01  0.000000E+00  0.000000E+00  0.000000E+00  0.000000E+00
  0.284082E+01 -0.117161E-01 -0.217030E-01  0.000000E+00  0.000000E+00  0.000000E+00  0.000000E+00
  0.284082E+01 -0.480000E-02  0.651805E-01  0.000000E+00  0.000000E+00  0.000000E+00  0.000000E+00
  0.284082E+01  0.325190E-02 -0.143008E-02  0.000000E+00  0.000000E+00  0.000000E+00  0.000000E+00
  0.284082E+01 -0.217332E+00 -0.869584E-01  0.000000E+00  0.000000E+00  0.000000E+00  0.000000E+00
  0.284082E+01  0.850720E-01 -0.471171E-01  0.000000E+00  0.000000E+00  0.000000E+00  0.000000E+00
  0.284082E+01 -0.189489E-01  0.155519E-01  0.000000E+00  0.000000E+00  0.000000E+00  0.000000E+00
  0.284082E+01 -0.329523E-01  0.420628E-02  0.000000E+00  0.000000E+00  0.000000E+00  0.000000E+00
  0.284082E+01  0.128153E-01 -0.146748E-01  0.000000E+00  0.000000E+00  0.000000E+00  0.000000E+00
  0.284082E+01 -0.916390E-01 -0.264496E-04  0.000000E+00  0.000000E+00  0.000000E+00  0.000000E+00
  0.284082E+01  0.173451E+00  0.104102E+00  0.000000E+00  0.000000E+00  0.000000E+00  0.000000E+00
  0.284082E+01  0.574157E-01 -0.110817E+00  0.000000E+00  0.000000E+00  0.000000E+00  0.000000E+00
  0.284082E+01 -0.764616E-01 -0.562960E-01  0.000000E+00  0.000000E+00  0.000000E+00  0.000000E+00
  0.284082E+01 -0.446417E-01 -0.882002E-01  0.000000E+00  0.000000E+00  0.000000E+00  0.000000E+00
  0.284082E+01 -0.562062E-02  0.735480E-03  0.000000E+00  0.000000E+00  0.000000E+00  0.000000E+00
  0.284082E+01 -0.808122E-02  0.364193E-02  0.000000E+00  0.000000E+00  0.000000E+00  0.000000E+00
  0.284082E+01  0.630048E-01  0.184292E+00  0.000000E+00  0.000000E+00  0.000000E+00  0.000000E+00
  0.284082E+01 -0.991598E-01  0.964724E-01  0.000000E+00  0.000000E+00  0.000000E+00  0.000000E+00
  0.284082E+01  0.190390E+00 -0.105171E+00  0.000000E+00  0.000000E+00  0.000000E+00  0.000000E+00
  0.284082E+01  0.116422E-02  0.591525E-04  0.000000E+00  0.000000E+00  0.000000E+00  0.000000E+00
  0.284082E+01 -0.240694E-01 -0.580683E-01  0.000000E+00  0.000000E+00  0.000000E+00  0.000000E+00
  0.284082E+01 -0.673320E-01 -0.701341E-01  0.000000E+00  0.000000E+00  0.000000E+00  0.000000E+00
  0.284082E+01  0.197956E+00 -0.252701E-01  0.000000E+00  0.000000E+00  0.000000E+00  0.000000E+00
  0.284082E+01  0.107384E+00  0.528718E-01  0.000000E+00  0.000000E+00  0.000000E+00  0.000000E+00
  0.284082E+01  0.540204E-01 -0.134797E+00  0.000000E+00  0.000000E+00  0.000000E+00  0.000000E+00
  0.284082E+01 -0.166507E+00  0.154155E+00  0.000000E+00  0.000000E+00  0.000000E+00  0.000000E+00
  0.284082E+01 -0.423053E-01 -0.225344E+00  0.000000E+00  0.000000E+00  0.000000E+00  0.000000E+00
  0.284082E+01 -0.537877E-01  0.621578E-03  0.000000E+00  0.000000E+00  0.000000E+00  0.000000E+00
  0.284082E+01 -0.131456E+00  0.501215E-01  0.000000E+00  0.000000E+00  0.000000E+00  0.000000E+00
  0.284082E+01  0.626038E-01 -0.460292E-03  0.000000E+00  0.000000E+00  0.000000E+00  0.000000E+00
  0.284082E+01  0.145566E+00 -0.831902E-01  0.000000E+00  0.000000E+00  0.000000E+00  0.000000E+00
  0.284082E+01  0.858709E-01  0.985646E-01  0.000000E+00  0.000000E+00  0.000000E+00  0.000000E+00
  0.284082E+01 -0.240079E+00 -0.483816E-01  0.000000E+00  0.000000E+00  0.000000E+00  0.000000E+00
  0.284082E+01  0.140982E+00  0.192823E+00  0.000000E+00  0.000000E+00  0.000000E+00  0.000000E+00
  0.284082E+01 -0.140834E+00  0.758641E-01  0.000000E+00  0.000000E+00  0.000000E+00  0.000000E+00
  0.284082E+01 -0.160183E-01 -0.788795E-01  0.000000E+00  0.000000E+00  0.000000E+00  0.000000E+00
  0.284082E+01  0.163514E+00  0.187565E+00  0.000000E+00  0.000000E+00  0.000000E+00  0.000000E+00
  0.284082E+01  0.172836E+00  0.175303E+00  0.000000E+00  0.000000E+00  0.000000E+00  0.000000E+00
  0.284082E+01 -0.197188E-01  0.540652E-01  0.000000E+00  0.000000E+00  0.000000E+00  0.000000E+00
  0.284082E+01  0.454771E-01  0.130005E+00  0.000000E+00  0.000000E+00  0.000000E+00  0.000000E+00
  0.284082E+01 -0.162807E+00  0.139002E+00  0.000000E+00  0.000000E+00  0.000000E+00  0.000000E+00
  0.284082E+01  0.530178E-01  0.110621E+00  0.000000E+00  0.000000E+00  0.000000E+00  0.000000E+00
  0.284082E+01 -0.185455E-02 -0.539085E-01  0.000000E+00  0.000000E+00  0.000000E+00  0.000000E+00
  0.284082E+01 -0.726228E-02  0.245837E-01  0.000000E+00  0.000000E+00  0.000000E+00  0.000000E+00
  0.284082E+01 -0.197998E+00 -0.208659E-01  0.000000E+00  0.000000E+00  0.000000E+00  0.000000E+00
  0.284082E+01  0.630698E-01  0.216287E+00  0.000000E+00  0.000000E+00  0.000000E+00  0.000000E+00
  0.284082E+01 -0.134430E+00 -0.661805E-02  0.000000E+00  0.000000E+00  0.000000E+00  0.000000E+00
  0.284082E+01 -0.646075E-01 -0.175119E+00  0.000000E+00  0.000000E+00  0.000000E+00  0.000000E+00
  0.284082E+01  0.661684E-01 -0.160434E+00  0.000000E+00  0.000000E+00  0.000000E+00  0.000000E+00
  0.284082E+01 -0.114429E-01  0.472506E-02  0.000000E+00  0.000000E+00  0.000000E+00  0.000000E+00
  0.284082E+01  0.161990E+00  0.173130E+00  0.000000E+00  0.000000E+00  0.000000E+00  0.000000E+00
  0.284082E+01  0.126775E+00 -0.160855E+00  0.000000E+00  0.000000E+00  0.000000E+00  0.000000E+00
  0.284082E+01  0.403972E-01 -0.100718E+00  0.000000E+00  0.000000E+00  0.000000E+00  0.000000E+00
  0.284082E+01  0.133080E+00  0.125040E+00  0.000000E+00  0.000000E+00  0.000000E+00  0.000000E+00
  0.284082E+01 -0.489323E-02 -0.166200E-01  0.000000E+00  0.000000E+00  0.000000E+00  0.000000E+00
  0.284082E+01  0.193289E-01 -0.156488E+00  0.000000E+00  0.000000E+00  0.000000E+00  0.000000E+00
  0.284082E+01 -0.227612E+00  0.202742E-01  0.000000E+00  0.000000E+00  0.000000E+00  0.000000E+00
  0.284082E+01 -0.167808E+00  0.184348E+00  0.000000E+00  0.000000E+00  0.000000E+00  0.000000E+00
  0.284082E+01  0.178357E-01  0.130736E+00  0.000000E+00  0.000000E+00  0.000000E+00  0.000000E+00
  0.284082E+01 -0.961074E-02  0.892130E-01  0.000000E+00  0.000000E+00  0.000000E+00  0.000000E+00
  0.284082E+01 -0.297875E-01  0.143203E-01  0.000000E+00  0.000000E+00  0.000000E+00  0.000000E+00
  0.284082E+01 -0.416689E-01  0.168964E+00  0.000000E+00  0.000000E+00  0.000000E+00  0.000000E+00
  0.284082E+01 -0.106669E+00  0.125847E+00  0.000000E+00  0.000000E+00  0.000000E+00  0.000000E+00
  0.284082E+01  0.135763E+00 -0.390545E-01  0.000000E+00  0.000000E+00  0.000000E+00  0.000000E+00
  0.284082E+01 -0.611141E-01 -0.714506E-02  0.000000E+00  0.000000E+00  0.000000E+00  0.000000E+00
  0.284082E+01  0.124623E+00  0.154974E-01  0.000000E+00  0.000000E+00  0.000000E+00  0.000000E+00
  0.284082E+01  0.335873E-01  0.511290E-02  0.000000E+00  0.000000E+00  0.000000E+00  0.000000E+00
  0.284082E+01 -0.123561E-04  0.782679E-05  0.000000E+00  0.000000E+00  0.000000E+00  0.000000E+00
  0.284082E+01  0.214006E+00  0.269483E-01  0.000000E+00  0.000000E+00  0.000000E+00  0.000000E+00
  0.284082E+01  0.125993E+00  0.130657E+00  0.000000E+00  0.000000E+00  0.000000E+00  0.000000E+00
  0.284082E+01 -0.101646E-02 -0.422282E-02  0.000000E+00  0.000000E+00  0.000000E+00  0.000000E+00
  0.284082E+01 -0.470059E-01  0.100548E+00  0.000000E+00  0.000000E+00  0.000000E+00  0.000000E+00
  0.284082E+01  0.101666E+00 -0.583144E-01  0.000000E+00  0.000000E+00  0.000000E+00  0.000000E+00
  0.284082E+01 -0.209675E+00 -0.676606E-01  0.000000E+00  0.000000E+00  0.000000E+00  0.000000E+00
  0.284082E+01 -0.250969E-01  0.288589E-01  0.000000E+00  0.000000E+00  0.000000E+00  0.000000E+00
  0.284082E+01  0.327893E-01  0.357008E-02  0.000000E+00  0.000000E+00  0.000000E+00  0.000000E+00
  0.284082E+01 -0.573993E-01 -0.833146E-01  0.000000E+00  0.000000E+00  0.000000E+00  0.000000E+00
  0.284082E+01  0.122964E+00  0.417755E-01  0.000000E+00  0.000000E+00  0.000000E+00  0.000000E+00
  0.284082E+01  0.818245E-01  0.271316E-01  0.000000E+00  0.000000E+00  0.000000E+00  0.000000E+00
  0.284082E+01 -0.208608E-01 -0.129500E+00  0.000000E+00  0.000000E+00  0.000000E+00  0.000000E+00
  0.284082E+01  0.106906E+00 -0.190120E+00  0.000000E+00  0.000000E+00  0.000000E+00  0.000000E+00
  0.284082E+01  0.170591E-01  0.411764E-01  0.000000E+00  0.000000E+00  0.000000E+00  0.000000E+00
  0.284082E+01  0.647671E-01 -0.815815E-01  0.000000E+00  0.000000E+00  0.000000E+00  0.000000E+00
  0.284082E+01 -0.703833E-01 -0.495352E-02  0.000000E+00  0.000000E+00  0.000000E+00  0.000000E+00
  0.284082E+01  0.322576E-02  0.678415E-02  0.000000E+00  0.000000E+00  0.000000E+00  0.000000E+00
  0.284082E+01  0.176963E-01  0.730987E-01  0.000000E+00  0.000000E+00  0.000000E+00  0.000000E+00
  0.284082E+01  0.845929E-01 -0.755327E-01  0.000000E+00  0.000000E+00  0.000000E+00  0.000000E+00
  0.284082E+01 -0.130651E+00 -0.586235E-01  0.000000E+00  0.000000E+00  0.000000E+00  0.000000E+00
  0.284082E+01 -0.181536E-02 -0.148725E-03  0.000000E+00  0.000000E+00  0.000000E+00  0.000000E+00
  0.284082E+01 -0.383875E-02  0.871655E-01  0.000000E+00  0.000000E+00  0.000000E+00  0.000000E+00
  0.284082E+01  0.249441E-01 -0.126870E-01  0.000000E+00  0.000000E+00  0.000000E+00  0.000000E+00
  0.284082E+01 -0.430734E-01  0.103333E+00  0.000000E+00  0.000000E+00  0.000000E+00  0.000000E+00
  0.284082E+01  0.248952E-01 -0.186381E+00  0.000000E+00  0.000000E+00  0.000000E+00  0.000000E+00
  0.284082E+01 -0.138445E+00  0.233864E-02  0.000000E+00  0.000000E+00  0.000000E+00  0.000000E+00
