  0.278006E+01  0.199271E-01 -0.278758E+00  0.000000E+00  0.000000E+00  0.000000E+00  0.000000E+00
  0.225637E+01 -0.263629E+00 -0.149591E-01  0.000000E+00  0.000000E+00  0.000000E+00  0.000000E+00
  0.260020E+01 -0.321542E+00 -0.158667E-01  0.000000E+00  0.000000E+00  0.000000E+00  0.000000E+00
  0.178085E+01  0.190513E+00 -0.101927E-01  0.000000E+00  0.000000E+00  0.000000E+00  0.000000E+00
  0.269327E+01  0.280676E+00 -0.192423E-01  0.000000E+00  0.000000E+00  0.000000E+00  0.000000E+00
  0.272085E+01 -0.300478E+00 -0.184963E-01  0.000000E+00  0.000000E+00  0.000000E+00  0.000000E+00
  0.262590E+01  0.193260E-01 -0.268071E+00  0.000000E+00  0.000000E+00  0.000000E+00  0.000000E+00
  0.222258E+01  0.320476E+00 -0.631072E-04  0.000000E+00  0.000000E+00  0.000000E+00  0.000000E+00
  0.231807E+01  0.124106E-01 -0.299186E+00  0.000000E+00  0.000000E+00  0.000000E+00  0.000000E+00
  0.239170E+01  0.239234E+00 -0.188142E-01  0.000000E+00  0.000000E+00  0.000000E+00  0.000000E+00
  0.282436E+01 -0.456501E+00 -0.651387E-02  0.000000E+00  0.000000E+00  0.000000E+00  0.000000E+00
  0.220416E+01  0.299714E+00 -0.788000E-02  0.000000E+00  0.000000E+00  0.000000E+00  0.000000E+00
  0.263949E+01 -0.142399E-01 -0.350164E+00  0.000000E+00  0.000000E+00  0.000000E+00  0.000000E+00
  0.207206E+01  0.281199E+00 -0.227384E-02  0.000000E+00  0.000000E+00  0.000000E+00  0.000000E+00
  0.253677E+01 -0.161143E-01 -0.305835E+00  0.000000E+00  0.000000E+00  0.000000E+00  0.000000E+00
  0.190840E+01 -0.228111E+00 -0.804726E-02  0.000000E+00  0.000000E+00  0.000000E+00  0.000000E+00
  0.265294E+01 -0.804249E-02 -0.406606E+00  0.000000E+00  0.000000E+00  0.000000E+00  0.000000E+00
  0.176135E+01  0.948946E-02 -0.188458E+00  0.000000E+00  0.000000E+00  0.000000E+00  0.000000E+00
  0.172387E+01 -0.188001E+00 -0.627259E-02  0.000000E+00  0.000000E+00  0.000000E+00  0.000000E+00
  0.264662E+01  0.412905E+00 -0.654631E-02  0.000000E+00  0.000000E+00  0.000000E+00  0.000000E+00
  0.228124E+01 -0.531319E-02 -0.327668E+00  0.000000E+00  0.000000E+00  0.000000E+00  0.000000E+00
  0.186226E+01  0.967227E-02 -0.211398E+00  0.000000E+00  0.000000E+00  0.000000E+00  0.000000E+00
  0.174418E+01  0.181293E+00 -0.103988E-01  0.000000E+00  0.000000E+00  0.000000E+00  0.000000E+00
  0.173393E+01 -0.188013E+00 -0.737215E-02  0.000000E+00  0.000000E+00  0.000000E+00  0.000000E+00
  0.252950E+01  0.120784E-01 -0.348627E+00  0.000000E+00  0.000000E+00  0.000000E+00  0.000000E+00
  0.180449E+01  0.116182E-01 -0.190042E+00  0.000000E+00  0.000000E+00  0.000000E+00  0.000000E+00
  0.251308E+01  0.328064E+00 -0.138471E-01  0.000000E+00  0.000000E+00  0.000000E+00  0.000000E+00
  0.187732E+01  0.395447E-02 -0.230130E+00  0.000000E+00  0.000000E+00  0.000000E+00  0.000000E+00
  0.192600E+01 -0.245161E+00 -0.107660E-02  0.000000E+00  0.000000E+00  0.000000E+00  0.000000E+00
  0.251822E+01 -0.191853E-02 -0.394160E+00  0.000000E+00  0.000000E+00  0.000000E+00  0.000000E+00
  0.217799E+01  0.301620E+00 -0.549705E-02  0.000000E+00  0.000000E+00  0.000000E+00  0.000000E+00
  0.175752E+01  0.528579E-02 -0.198151E+00  0.000000E+00  0.000000E+00  0.000000E+00  0.000000E+00
  0.227714E+01 -0.293292E+00 -0.119958E-01  0.000000E+00  0.000000E+00  0.000000E+00  0.000000E+00
  0.190482E+01  0.430897E-02 -0.236434E+00  0.000000E+00  0.000000E+00  0.000000E+00  0.000000E+00
  0.186120E+01 -0.217559E+00 -0.779823E-02  0.000000E+00  0.000000E+00  0.000000E+00  0.000000E+00
  0.256486E+01 -0.392006E+00 -0.675190E-02  0.000000E+00  0.000000E+00  0.000000E+00  0.000000E+00
  0.215733E+01 -0.173390E-01 -0.218971E+00  0.000000E+00  0.000000E+00  0.000000E+00  0.000000E+00
  0.187229E+01 -0.133900E-01 -0.195741E+00  0.000000E+00  0.000000E+00  0.000000E+00  0.000000E+00
  0.277272E+01  0.406711E+00 -0.116581E-01  0.000000E+00  0.000000E+00  0.000000E+00  0.000000E+00
  0.254017E+01 -0.101074E-01 -0.366659E+00  0.000000E+00  0.000000E+00  0.000000E+00  0.000000E+00
  0.161563E+01  0.222156E-02 -0.166150E+00  0.000000E+00  0.000000E+00  0.000000E+00  0.000000E+00
  0.229802E+01 -0.167497E-01 -0.252091E+00  0.000000E+00  0.000000E+00  0.000000E+00  0.000000E+00
  0.197245E+01 -0.255561E-02 -0.255803E+00  0.000000E+00  0.000000E+00  0.000000E+00  0.000000E+00
  0.252792E+01 -0.367600E+00 -0.955220E-02  0.000000E+00  0.000000E+00  0.000000E+00  0.000000E+00
  0.222353E+01 -0.285820E+00 -0.113408E-01  0.000000E+00  0.000000E+00  0.000000E+00  0.000000E+00
  0.233654E+01  0.175389E-01 -0.248937E+00  0.000000E+00  0.000000E+00  0.000000E+00  0.000000E+00
  0.267006E+01 -0.362010E+00 -0.137725E-01  0.000000E+00  0.000000E+00  0.000000E+00  0.000000E+00
  0.263184E+01 -0.306851E+00 -0.172569E-01  0.000000E+00  0.000000E+00  0.000000E+00  0.000000E+00
  0.203761E+01 -0.574027E-02 -0.266336E+00  0.000000E+00  0.000000E+00  0.000000E+00  0.000000E+00
  0.206220E+01  0.165754E-01 -0.209513E+00  0.000000E+00  0.000000E+00  0.000000E+00  0.000000E+00
  0.203537E+01  0.234362E+00 -0.128320E-01  0.000000E+00  0.000000E+00  0.000000E+00  0.000000E+00
  0.224296E+01  0.319205E+00 -0.494394E-02  0.000000E+00  0.000000E+00  0.000000E+00  0.000000E+00
  0.205553E+01  0.226961E+00 -0.144559E-01  0.000000E+00  0.000000E+00  0.000000E+00  0.000000E+00
  0.224105E+01 -0.303321E+00 -0.900622E-02  0.000000E+00  0.000000E+00  0.000000E+00  0.000000E+00
  0.212066E+01 -0.153085E-01 -0.232967E+00  0.000000E+00  0.000000E+00  0.000000E+00  0.000000E+00
  0.225099E+01 -0.317676E+00 -0.612705E-02  0.000000E+00  0.000000E+00  0.000000E+00  0.000000E+00
  0.241942E+01  0.287802E+00 -0.157317E-01  0.000000E+00  0.000000E+00  0.000000E+00  0.000000E+00
  0.262855E+01 -0.372136E+00 -0.119107E-01  0.000000E+00  0.000000E+00  0.000000E+00  0.000000E+00
  0.277763E+01 -0.341717E+00 -0.167808E-01  0.000000E+00  0.000000E+00  0.000000E+00  0.000000E+00
  0.229730E+01  0.758043E-02 -0.323415E+00  0.000000E+00  0.000000E+00  0.000000E+00  0.000000E+00
  0.221870E+01 -0.302207E+00 -0.811222E-02  0.000000E+00  0.000000E+00  0.000000E+00  0.000000E+00
  0.174427E+01 -0.176340E+00 -0.116661E-01  0.000000E+00  0.000000E+00  0.000000E+00  0.000000E+00
  0.215745E+01 -0.433908E-02 -0.299373E+00  0.000000E+00  0.000000E+00  0.000000E+00  0.000000E+00
  0.230025E+01 -0.175494E-01 -0.242250E+00  0.000000E+00  0.000000E+00  0.000000E+00  0.000000E+00
  0.205246E+01 -0.275318E+00 -0.306057E-02  0.000000E+00  0.000000E+00  0.000000E+00  0.000000E+00
  0.203551E+01  0.243259E+00 -0.113658E-01  0.000000E+00  0.000000E+00  0.000000E+00  0.000000E+00
  0.251266E+01  0.360390E+00 -0.100928E-01  0.000000E+00  0.000000E+00  0.000000E+00  0.000000E+00
  0.205480E+01 -0.277761E+00 -0.103628E-02  0.000000E+00  0.000000E+00  0.000000E+00  0.000000E+00
  0.171335E+01 -0.500995E-03 -0.191512E+00  0.000000E+00  0.000000E+00  0.000000E+00  0.000000E+00
  0.247137E+01 -0.897378E-02 -0.357910E+00  0.000000E+00  0.000000E+00  0.000000E+00  0.000000E+00
  0.181499E+01 -0.587166E-02 -0.211207E+00  0.000000E+00  0.000000E+00  0.000000E+00  0.000000E+00
  0.273966E+01  0.416136E-02 -0.445092E+00  0.000000E+00  0.000000E+00  0.000000E+00  0.000000E+00
  0.213641E+01 -0.286233E+00 -0.713693E-02  0.000000E+00  0.000000E+00  0.000000E+00  0.000000E+00
  0.208267E+01 -0.274242E+00 -0.681999E-02  0.000000E+00  0.000000E+00  0.000000E+00  0.000000E+00
  0.251150E+01 -0.285420E+00 -0.172159E-01  0.000000E+00  0.000000E+00  0.000000E+00  0.000000E+00
  0.218901E+01  0.252698E+00 -0.146611E-01  0.000000E+00  0.000000E+00  0.000000E+00  0.000000E+00
  0.160335E+01 -0.163492E+00 -0.126371E-02  0.000000E+00  0.000000E+00  0.000000E+00  0.000000E+00
  0.160694E+01  0.190471E-02 -0.164131E+00  0.000000E+00  0.000000E+00  0.000000E+00  0.000000E+00
  0.274614E+01 -0.289847E+00 -0.192136E-01  0.000000E+00  0.000000E+00  0.000000E+00  0.000000E+00
  0.255496E+01  0.919042E-02 -0.376295E+00  0.000000E+00  0.000000E+00  0.000000E+00  0.000000E+00
  0.210718E+01  0.228401E+00 -0.155132E-01  0.000000E+00  0.000000E+00  0.000000E+00  0.000000E+00
  0.249512E+01 -0.268257E+00 -0.181247E-01  0.000000E+00  0.000000E+00  0.000000E+00  0.000000E+00
  0.229000E+01 -0.322020E+00 -0.749486E-02  0.000000E+00  0.000000E+00  0.000000E+00  0.000000E+00
  0.178853E+01 -0.210179E+00 -0.155236E-02  0.000000E+00  0.000000E+00  0.000000E+00  0.000000E+00
  0.225104E+01  0.279720E+00 -0.130218E-01  0.000000E+00  0.000000E+00  0.000000E+00  0.000000E+00
  0.279755E+01  0.185433E-01 -0.312575E+00  0.000000E+00  0.000000E+00  0.000000E+00  0.000000E+00
  0.277846E+01 -0.299344E+00 -0.190189E-01  0.000000E+00  0.000000E+00  0.000000E+00  0.000000E+00
  0.197520E+01  0.414782E-02 -0.254272E+00  0.000000E+00  0.000000E+00  0.000000E+00  0.000000E+00
  0.233034E+01 -0.330481E+00 -0.778195E-02  0.000000E+00  0.000000E+00  0.000000E+00  0.000000E+00
  0.254356E+01  0.410139E-02 -0.396299E+00  0.000000E+00  0.000000E+00  0.000000E+00  0.000000E+00
  0.167731E+01 -0.568961E-02 -0.177639E+00  0.000000E+00  0.000000E+00  0.000000E+00  0.000000E+00
  0.265885E+01 -0.444615E-02 -0.424062E+00  0.000000E+00  0.000000E+00  0.000000E+00  0.000000E+00
  0.189928E+01 -0.107761E-01 -0.215318E+00  0.000000E+00  0.000000E+00  0.000000E+00  0.000000E+00
  0.196314E+01  0.213234E+00 -0.136841E-01  0.000000E+00  0.000000E+00  0.000000E+00  0.000000E+00
  0.247179E+01  0.191266E-01 -0.247003E+00  0.000000E+00  0.000000E+00  0.000000E+00  0.000000E+00
  0.161219E+01 -0.164205E+00 -0.360529E-02  0.000000E+00  0.000000E+00  0.000000E+00  0.000000E+00
  0.255897E+01 -0.171298E-01 -0.295455E+00  0.000000E+00  0.000000E+00  0.000000E+00  0.000000E+00
  0.239783E+01  0.358700E+00 -0.456957E-02  0.000000E+00  0.000000E+00  0.000000E+00  0.000000E+00
  0.204482E+01 -0.207289E+00 -0.164650E-01  0.000000E+00  0.000000E+00  0.000000E+00  0.000000E+00
  0.201512E+01 -0.146424E-01 -0.217185E+00  0.000000E+00  0.000000E+00  0.000000E+00  0.000000E+00
  0.262320E+01 -0.806418E-02 -0.399352E+00  0.000000E+00  0.000000E+00  0.000000E+00  0.000000E+00
  0.182588E+01  0.288589E-02 -0.218570E+00  0.000000E+00  0.000000E+00  0.000000E+00  0.000000E+00
  0.246587E+01  0.246960E+00 -0.190756E-01  0.000000E+00  0.000000E+00  0.000000E+00  0.000000E+00
  0.229745E+01  0.331743E+00 -0.529095E-02  0.000000E+00  0.000000E+00  0.000000E+00  0.000000E+00
  0.222201E+01 -0.139382E-01 -0.265926E+00  0.000000E+00  0.000000E+00  0.000000E+00  0.000000E+00
  0.275802E+01 -0.329779E+00 -0.172676E-01  0.000000E+00  0.000000E+00  0.000000E+00  0.000000E+00
  0.193321E+01 -0.218719E+00 -0.116527E-01  0.000000E+00  0.000000E+00  0.000000E+00  0.000000E+00
  0.198906E+01 -0.150856E-01 -0.208409E+00  0.000000E+00  0.000000E+00  0.000000E+00  0.000000E+00
  0.194309E+01 -0.210029E+00 -0.135232E-01  0.000000E+00  0.000000E+00  0.000000E+00  0.000000E+00
  0.208827E+01  0.229820E+00 -0.149251E-01  0.000000E+00  0.000000E+00  0.000000E+00  0.000000E+00
  0.216186E+01 -0.287731E+00 -0.831547E-02  0.000000E+00  0.000000E+00  0.000000E+00  0.000000E+00
  0.172473E+01  0.266530E-02 -0.193324E+00  0.000000E+00  0.000000E+00  0.000000E+00  0.000000E+00
  0.216038E+01 -0.234202E+00 -0.159945E-01  0.000000E+00  0.000000E+00  0.000000E+00  0.000000E+00
  0.196820E+01  0.220341E+00 -0.127379E-01  0.000000E+00  0.000000E+00  0.000000E+00  0.000000E+00
  0.207355E+01  0.130784E-01 -0.240969E+00  0.000000E+00  0.000000E+00  0.000000E+00  0.000000E+00
  0.251152E+01 -0.385685E+00 -0.499731E-02  0.000000E+00  0.000000E+00  0.000000E+00  0.000000E+00
  0.174320E+01 -0.195730E+00 -0.458660E-02  0.000000E+00  0.000000E+00  0.000000E+00  0.000000E+00
  0.181251E+01 -0.199889E+00 -0.964355E-02  0.000000E+00  0.000000E+00  0.000000E+00  0.000000E+00
  0.236213E+01  0.326756E+00 -0.989437E-02  0.000000E+00  0.000000E+00  0.000000E+00  0.000000E+00
  0.165698E+01 -0.541777E-02 -0.173067E+00  0.000000E+00  0.000000E+00  0.000000E+00  0.000000E+00
  0.248842E+01 -0.147836E-01 -0.312715E+00  0.000000E+00  0.000000E+00  0.000000E+00  0.000000E+00
  0.247768E+01 -0.374231E+00 -0.588770E-02  0.000000E+00  0.000000E+00  0.000000E+00  0.000000E+00
  0.195294E+01  0.245865E+00 -0.557200E-02  0.000000E+00  0.000000E+00  0.000000E+00  0.000000E+00
  0.275950E+01 -0.326529E+00 -0.174672E-01  0.000000E+00  0.000000E+00  0.000000E+00  0.000000E+00
  0.216666E+01 -0.910953E-02 -0.285259E+00  0.000000E+00  0.000000E+00  0.000000E+00  0.000000E+00
  0.178590E+01 -0.184970E+00 -0.118207E-01  0.000000E+00  0.000000E+00  0.000000E+00  0.000000E+00
  0.205247E+01 -0.275957E+00 -0.255363E-02  0.000000E+00  0.000000E+00  0.000000E+00  0.000000E+00
  0.214308E+01  0.286097E+00 -0.760994E-02  0.000000E+00  0.000000E+00  0.000000E+00  0.000000E+00
  0.217462E+01  0.261662E+00 -0.132247E-01  0.000000E+00  0.000000E+00  0.000000E+00  0.000000E+00
  0.212825E+01  0.215435E+00 -0.171828E-01  0.000000E+00  0.000000E+00  0.000000E+00  0.000000E+00
  0.214192E+01 -0.297594E+00 -0.319575E-02  0.000000E+00  0.000000E+00  0.000000E+00  0.000000E+00
  0.227033E+01  0.978767E-02 -0.306019E+00  0.000000E+00  0.000000E+00  0.000000E+00  0.000000E+00
  0.230182E+01  0.131593E-01 -0.289544E+00  0.000000E+00  0.000000E+00  0.000000E+00  0.000000E+00
  0.278372E+01 -0.345508E-02 -0.458106E+00  0.000000E+00  0.000000E+00  0.000000E+00  0.000000E+00
  0.281490E+01  0.408769E-02 -0.464108E+00  0.000000E+00  0.000000E+00  0.000000E+00  0.000000E+00
  0.234876E+01  0.351494E+00 -0.181410E-02  0.000000E+00  0.000000E+00  0.000000E+00  0.000000E+00
  0.274584E+01  0.373978E+00 -0.141050E-01  0.000000E+00  0.000000E+00  0.000000E+00  0.000000E+00
  0.209283E+01 -0.270823E+00 -0.842011E-02  0.000000E+00  0.000000E+00  0.000000E+00  0.000000E+00
  0.189155E+01 -0.206732E+00 -0.121698E-01  0.000000E+00  0.000000E+00  0.000000E+00  0.000000E+00
  0.174661E+01 -0.193450E+00 -0.633258E-02  0.000000E+00  0.000000E+00  0.000000E+00  0.000000E+00
  0.184373E+01 -0.193624E+00 -0.126627E-01  0.000000E+00  0.000000E+00  0.000000E+00  0.000000E+00
  0.226734E+01 -0.253976E+00 -0.160880E-01  0.000000E+00  0.000000E+00  0.000000E+00  0.000000E+00
  0.164142E+01 -0.200974E-02 -0.172779E+00  0.000000E+00  0.000000E+00  0.000000E+00  0.000000E+00
  0.242155E+01 -0.364930E+00 -0.444979E-02  0.000000E+00  0.000000E+00  0.000000E+00  0.000000E+00
  0.235644E+01 -0.401003E-02 -0.349778E+00  0.000000E+00  0.000000E+00  0.000000E+00  0.000000E+00
  0.184011E+01 -0.199725E-02 -0.222930E+00  0.000000E+00  0.000000E+00  0.000000E+00  0.000000E+00
  0.168380E+01 -0.713631E-02 -0.176411E+00  0.000000E+00  0.000000E+00  0.000000E+00  0.000000E+00
  0.264692E+01  0.125709E-01 -0.369878E+00  0.000000E+00  0.000000E+00  0.000000E+00  0.000000E+00
  0.283699E+01 -0.462499E+00 -0.591859E-02  0.000000E+00  0.000000E+00  0.000000E+00  0.000000E+00
  0.199790E+01  0.154487E-01 -0.207242E+00  0.000000E+00  0.000000E+00  0.000000E+00  0.000000E+00
  0.234297E+01  0.116664E-01 -0.310401E+00  0.000000E+00  0.000000E+00  0.000000E+00  0.000000E+00
  0.236704E+01  0.165942E-01 -0.267052E+00  0.000000E+00  0.000000E+00  0.000000E+00  0.000000E+00
  0.215442E+01 -0.490774E-02 -0.297319E+00  0.000000E+00  0.000000E+00  0.000000E+00  0.000000E+00
  0.253265E+01 -0.840859E-02 -0.375734E+00  0.000000E+00  0.000000E+00  0.000000E+00  0.000000E+00
  0.233716E+01  0.154903E-01 -0.274315E+00  0.000000E+00  0.000000E+00  0.000000E+00  0.000000E+00
  0.217837E+01  0.223025E+00 -0.173208E-01  0.000000E+00  0.000000E+00  0.000000E+00  0.000000E+00
  0.222670E+01  0.175475E-01 -0.229012E+00  0.000000E+00  0.000000E+00  0.000000E+00  0.000000E+00
  0.271287E+01  0.309214E+00 -0.179637E-01  0.000000E+00  0.000000E+00  0.000000E+00  0.000000E+00
  0.206727E+01  0.217328E+00 -0.158608E-01  0.000000E+00  0.000000E+00  0.000000E+00  0.000000E+00
  0.241119E+01 -0.330251E+00 -0.110578E-01  0.000000E+00  0.000000E+00  0.000000E+00  0.000000E+00
  0.196652E+01 -0.252399E+00 -0.397334E-02  0.000000E+00  0.000000E+00  0.000000E+00  0.000000E+00
  0.192443E+01  0.880372E-02 -0.229298E+00  0.000000E+00  0.000000E+00  0.000000E+00  0.000000E+00
  0.224527E+01 -0.719877E-02 -0.312404E+00  0.000000E+00  0.000000E+00  0.000000E+00  0.000000E+00
  0.280518E+01 -0.466699E+00 -0.184737E-02  0.000000E+00  0.000000E+00  0.000000E+00  0.000000E+00
  0.204083E+01 -0.278816E-02 -0.272750E+00  0.000000E+00  0.000000E+00  0.000000E+00  0.000000E+00
  0.191533E+01 -0.150434E-01 -0.193834E+00  0.000000E+00  0.000000E+00  0.000000E+00  0.000000E+00
  0.169739E+01 -0.224061E-02 -0.186755E+00  0.000000E+00  0.000000E+00  0.000000E+00  0.000000E+00
  0.252944E+01 -0.155715E-01 -0.311498E+00  0.000000E+00  0.000000E+00  0.000000E+00  0.000000E+00
  0.209048E+01  0.269574E+00 -0.858549E-02  0.000000E+00  0.000000E+00  0.000000E+00  0.000000E+00
  0.202833E+01  0.145726E-01 -0.220439E+00  0.000000E+00  0.000000E+00  0.000000E+00  0.000000E+00
  0.173943E+01  0.331397E-04 -0.198155E+00  0.000000E+00  0.000000E+00  0.000000E+00  0.000000E+00
  0.261198E+01  0.316269E+00 -0.164016E-01  0.000000E+00  0.000000E+00  0.000000E+00  0.000000E+00
  0.271088E+01 -0.185085E-01 -0.298541E+00  0.000000E+00  0.000000E+00  0.000000E+00  0.000000E+00
  0.246183E+01 -0.190199E-01 -0.247299E+00  0.000000E+00  0.000000E+00  0.000000E+00  0.000000E+00
  0.241918E+01  0.174987E-01 -0.264431E+00  0.000000E+00  0.000000E+00  0.000000E+00  0.000000E+00
  0.259179E+01 -0.302405E+00 -0.170720E-01  0.000000E+00  0.000000E+00  0.000000E+00  0.000000E+00
  0.276435E+01  0.175778E-01 -0.325418E+00  0.000000E+00  0.000000E+00  0.000000E+00  0.000000E+00
  0.179217E+01 -0.209968E+00 -0.301087E-02  0.000000E+00  0.000000E+00  0.000000E+00  0.000000E+00
  0.184357E+01 -0.187195E+00 -0.138035E-01  0.000000E+00  0.000000E+00  0.000000E+00  0.000000E+00
  0.222606E+01  0.224919E+00 -0.178559E-01  0.000000E+00  0.000000E+00  0.000000E+00  0.000000E+00
  0.221003E+01  0.665999E-02 -0.305833E+00  0.000000E+00  0.000000E+00  0.000000E+00  0.000000E+00
  0.272532E+01 -0.176085E-01 -0.317847E+00  0.000000E+00  0.000000E+00  0.000000E+00  0.000000E+00
  0.205351E+01  0.270948E+00 -0.546778E-02  0.000000E+00  0.000000E+00  0.000000E+00  0.000000E+00
  0.236446E+01 -0.138748E-01 -0.296470E+00  0.000000E+00  0.000000E+00  0.000000E+00  0.000000E+00
  0.260213E+01 -0.149669E-01 -0.333668E+00  0.000000E+00  0.000000E+00  0.000000E+00  0.000000E+00
  0.272576E+01  0.392732E+00 -0.120174E-01  0.000000E+00  0.000000E+00  0.000000E+00  0.000000E+00
  0.255956E+01 -0.256236E+00 -0.193855E-01  0.000000E+00  0.000000E+00  0.000000E+00  0.000000E+00
  0.232192E+01  0.314628E+00 -0.103481E-01  0.000000E+00  0.000000E+00  0.000000E+00  0.000000E+00
  0.240389E+01 -0.183682E-01 -0.248537E+00  0.000000E+00  0.000000E+00  0.000000E+00  0.000000E+00
  0.211210E+01 -0.237603E+00 -0.145810E-01  0.000000E+00  0.000000E+00  0.000000E+00  0.000000E+00
  0.172408E+01  0.184149E-02 -0.193741E+00  0.000000E+00  0.000000E+00  0.000000E+00  0.000000E+00
  0.176510E+01 -0.543146E-02 -0.199764E+00  0.000000E+00  0.000000E+00  0.000000E+00  0.000000E+00
  0.222009E+01  0.118389E-01 -0.281708E+00  0.000000E+00  0.000000E+00  0.000000E+00  0.000000E+00
  0.179869E+01  0.869094E-02 -0.199862E+00  0.000000E+00  0.000000E+00  0.000000E+00  0.000000E+00
  0.255464E+01  0.295782E+00 -0.170557E-01  0.000000E+00  0.000000E+00  0.000000E+00  0.000000E+00
  0.196037E+01  0.103704E-01 -0.231198E+00  0.000000E+00  0.000000E+00  0.000000E+00  0.000000E+00
  0.253533E+01  0.262255E+00 -0.188647E-01  0.000000E+00  0.000000E+00  0.000000E+00  0.000000E+00
  0.234702E+01 -0.147187E-01 -0.284512E+00  0.000000E+00  0.000000E+00  0.000000E+00  0.000000E+00
  0.224180E+01 -0.324635E+00 -0.164763E-02  0.000000E+00  0.000000E+00  0.000000E+00  0.000000E+00
  0.271408E+01  0.787795E-02 -0.422246E+00  0.000000E+00  0.000000E+00  0.000000E+00  0.000000E+00
  0.198976E+01 -0.622737E-02 -0.253289E+00  0.000000E+00  0.000000E+00  0.000000E+00  0.000000E+00
  0.263979E+01 -0.417173E+00 -0.509196E-02  0.000000E+00  0.000000E+00  0.000000E+00  0.000000E+00
  0.277086E+01  0.361071E-02 -0.454473E+00  0.000000E+00  0.000000E+00  0.000000E+00  0.000000E+00
  0.225786E+01 -0.176166E-01 -0.233729E+00  0.000000E+00  0.000000E+00  0.000000E+00  0.000000E+00
  0.175277E+01  0.195768E+00 -0.593636E-02  0.000000E+00  0.000000E+00  0.000000E+00  0.000000E+00
  0.219441E+01  0.159665E-01 -0.241115E+00  0.000000E+00  0.000000E+00  0.000000E+00  0.000000E+00
  0.235437E+01  0.148858E-01 -0.284280E+00  0.000000E+00  0.000000E+00  0.000000E+00  0.000000E+00
  0.192939E+01  0.226712E-02 -0.245232E+00  0.000000E+00  0.000000E+00  0.000000E+00  0.000000E+00
  0.226040E+01  0.689267E-02 -0.317260E+00  0.000000E+00  0.000000E+00  0.000000E+00  0.000000E+00
  0.245888E+01  0.149147E-01 -0.305211E+00  0.000000E+00  0.000000E+00  0.000000E+00  0.000000E+00
  0.165413E+01  0.681846E-03 -0.176492E+00  0.000000E+00  0.000000E+00  0.000000E+00  0.000000E+00
  0.259971E+01 -0.375035E+00 -0.108133E-01  0.000000E+00  0.000000E+00  0.000000E+00  0.000000E+00
  0.268711E+01  0.640218E-02 -0.423477E+00  0.000000E+00  0.000000E+00  0.000000E+00  0.000000E+00
  0.237720E+01 -0.968491E-02 -0.331541E+00  0.000000E+00  0.000000E+00  0.000000E+00  0.000000E+00
  0.189467E+01  0.237265E+00 -0.100541E-02  0.000000E+00  0.000000E+00  0.000000E+00  0.000000E+00
  0.233355E+01  0.324501E+00 -0.912882E-02  0.000000E+00  0.000000E+00  0.000000E+00  0.000000E+00
  0.284082E+01 -0.334017E-01 -0.167937E-01  0.000000E+00  0.000000E+00  0.000000E+00  0.000000E+00
  0.284082E+01 -0.201297E+00  0.144665E+00  0.000000E+00  0.000000E+00  0.000000E+00  0.000000E+00
  0.284082E+01 -0.777147E-01 -0.755344E-01  0.000000E+00  0.000000E+00  0.000000E+00  0.000000E+00
  0.284082E+01  0.228740E+00  0.598480E-01  0.000000E+00  0.000000E+00  0.000000E+00  0.000000E+00
  0.284082E+01 -0.575429E-02 -0.248056E-02  0.000000E+00  0.000000E+00  0.000000E+00  0.000000E+00
  0.284082E+01  0.246298E-01 -0.532270E-01  0.000000E+00  0.000000E+00  0.000000E+00  0.000000E+00
  0.284082E+01  0.964192E-01 -0.777056E-01  0.000000E+00  0.000000E+00  0.000000E+00  0.000000E+00
  0.284082E+01 -0.376149E-01  0.428371E-01  0.000000E+00  0.000000E+00  0.000000E+00  0.000000E+00
  0.284082E+01 -0.290583E-01 -0.150977E-01  0.000000E+00  0.000000E+00  0.000000E+00  0.000000E+00
  0.284082E+01 -0.116722E+00  0.107077E+00  0.000000E+00  0.000000E+00  0.000000E+00  0.000000E+00
  0.284082E+01  0.103306E+00  0.529658E-01  0.000000E+00  0.000000E+00  0.000000E+00  0.000000E+00
  0.284082E+01 -0.741962E-01 -0.103509E+00  0.000000E+00  0.000000E+00  0.000000E+00  0.000000E+00
  0.284082E+01 -0.101780E+00  0.190785E+00  0.000000E+00  0.000000E+00  0.000000E+00  0.000000E+00
  0.284082E+01 -0.156434E+00 -0.126122E+00  0.000000E+00  0.000000E+00  0.000000E+00  0.000000E+00
  0.284082E+01  0.126057E+00  0.128658E-01  0.000000E+00  0.000000E+00  0.000000E+00  0.000000E+00
  0.284082E+01 -0.928089E-01 -0.469904E-01  0.000000E+00  0.000000E+00  0.000000E+00  0.000000E+00
  0.284082E+01  0.912832E-02 -0.372739E-01  0.000000E+00  0.000000E+00  0.000000E+00  0.000000E+00
  0.284082E+01  0.174338E+00  0.683974E-01  0.000000E+00  0.000000E+00  0.000000E+00  0.000000E+00
  0.284082E+01 -0.159592E+00  0.103547E+00  0.000000E+00  0.000000E+00  0.000000E+00  0.000000E+00
  0.284082E+01  0.149907E+00 -0.129226E+00  0.000000E+00  0.000000E+00  0.000000E+00  0.000000E+00
  0.284082E+01  0.304911E-01  0.720718E-01  0.000000E+00  0.000000E+00  0.000000E+00  0.000000E+00
  0.284082E+01 -0.605585E-01 -0.122366E-01  0.000000E+00  0.000000E+00  0.000000E+00  0.000000E+00
  0.284082E+01  0.401836E-02  0.967637E-02  0.000000E+00  0.000000E+00  0.000000E+00  0.000000E+00
  0.284082E+01 -0.188886E-02  0.355015E-02  0.000000E+00  0.000000E+00  0.000000E+00  0.000000E+00
  0.284082E+01 -0.186956E-02  0.119189E-01  0.000000E+00  0.000000E+00  0.000000E+00  0.000000E+00
  0.284082E+01  0.219141E-01 -0.124660E-01  0.000000E+00  0.000000E+00  0.000000E+00  0.000000E+00
  0.284082E+01  0.135738E+00  0.180318E+00  0.000000E+00  0.000000E+00  0.000000E+00  0.000000E+00
  0.284082E+01  0.612346E-01 -0.162255E-01  0.000000E+00  0.000000E+00  0.000000E+00  0.000000E+00
  0.284082E+01  0.183013E+00  0.162867E+00  0.000000E+00  0.000000E+00  0.000000E+00  0.000000E+00
  0.284082E+01  0.555600E-01 -0.404949E-01  0.000000E+00  0.000000E+00  0.000000E+00  0.000000E+00
  0.284082E+01  0.161861E+00 -0.327922E-01  0.000000E+00  0.000000E+00  0.000000E+00  0.000000E+00
  0.284082E+01 -0.169845E+00 -0.235311E-01  0.000000E+00  0.000000E+00  0.000000E+00  0.000000E+00
  0.284082E+01  0.120815E+00 -0.151829E+00  0.000000E+00  0.000000E+00  0.000000E+00  0.000000E+00
  0.284082E+01 -0.370883E-01 -0.277908E-01  0.000000E+00  0.000000E+00  0.000000E+00  0.000000E+00
  0.284082E+01 -0.150259E+00 -0.730970E-01  0.000000E+00  0.000000E+00  0.000000E+00  0.000000E+00
  0.284082E+01 -0.115382E-02 -0.177620E+00  0.000000E+00  0.000000E+00  0.000000E+00  0.000000E+00
  0.284082E+01  0.240164E-02 -0.156574E+00  0.000000E+00  0.000000E+00  0.000000E+00  0.000000E+00
  0.284082E+01  0.748563E-01 -0.510095E-01  0.000000E+00  0.000000E+00  0.000000E+00  0.000000E+00
  0.284082E+01 -0.221784E+00  0.114427E+00  0.000000E+00  0.000000E+00  0.000000E+00  0.000000E+00
  0.284082E+01  0.648525E-01 -0.510347E-02  0.000000E+00  0.000000E+00  0.000000E+00  0.000000E+00
  0.284082E+01  0.674867E-01  0.340094E-01  0.000000E+00  0.000000E+00  0.000000E+00  0.000000E+00
  0.284082E+01  0.188170E+00 -0.163929E+00  0.000000E+00  0.000000E+00  0.000000E+00  0.000000E+00
  0.284082E+01 -0.203772E-01 -0.475628E-01  0.000000E+00  0.000000E+00  0.000000E+00  0.000000E+00
  0.284082E+01  0.420402E-01 -0.379229E-01  0.000000E+00  0.000000E+00  0.000000E+00  0.000000E+00
  0.284082E+01  0.757862E-01 -0.331915E-01  0.000000E+00  0.000000E+00  0.000000E+00  0.000000E+00
  0.284082E+01 -0.458646E-01 -0.146218E+00  0.000000E+00  0.000000E+00  0.000000E+00  0.000000E+00
  0.284082E+01  0.205639E+00  0.118444E+00  0.000000E+00  0.000000E+00  0.000000E+00  0.000000E+00
  0.284082E+01 -0.146437E+00  0.640005E-01  0.000000E+00  0.000000E+00  0.000000E+00  0.000000E+00
  0.284082E+01 -0.507898E-01 -0.850325E-01  0.000000E+00  0.000000E+00  0.000000E+00  0.000000E+00
  0.284082E+01 -0.704949E-01  0.156596E+00  0.000000E+00  0.000000E+00  0.000000E+00  0.000000E+00
  0.284082E+01 -0.549277E-01 -0.478546E-01  0.000000E+00  0.000000E+00  0.000000E+00  0.000000E+00
  0.284082E+01  0.180022E+00  0.377342E-01  0.000000E+00  0.000000E+00  0.000000E+00  0.000000E+00
  0.284082E+01 -0.417766E-01  0.449639E-02  0.000000E+00  0.000000E+00  0.000000E+00  0.000000E+00
  0.284082E+01  0.104621E+00  0.491591E-01  0.000000E+00  0.000000E+00  0.000000E+00  0.000000E+00
  0.284082E+01  0.454931E-01  0.105497E+00  0.000000E+00  0.000000E+00  0.000000E+00  0.000000E+00
  0.284082E+01  0.185794E+00  0.662370E-01  0.000000E+00  0.000000E+00  0.000000E+00  0.000000E+00
  0.284082E+01 -0.643059E-01  0.225251E+00  0.000000E+00  0.000000E+00  0.000000E+00  0.000000E+00
  0.284082E+01  0.101459E+00  0.178627E+00  0.000000E+00  0.000000E+00  0.000000E+00  0.000000E+00
  0.284082E+01 -0.119621E+00 -0.542605E-01  0.000000E+00  0.000000E+00  0.000000E+00  0.000000E+00
  0.284082E+01  0.228288E+00  0.517246E-01  0.000000E+00  0.000000E+00  0.000000E+00  0.000000E+00
  0.284082E+01  0.276377E-01  0.111706E+00  0.000000E+00  0.000000E+00  0.000000E+00  0.000000E+00
  0.284082E+01  0.137884E+00  0.152818E+00  0.000000E+00  0.000000E+00  0.000000E+00  0.000000E+00
  0.284082E+01 -0.860680E-01 -0.124709E+00  0.000000E+00  0.000000E+00  0.000000E+00  0.000000E+00
  0.284082E+01  0.548941E-04 -0.219496E-02  0.000000E+00  0.000000E+00  0.000000E+00  0.000000E+00
  0.284082E+01  0.399399E-01 -0.106391E+00  0.000000E+00  0.000000E+00  0.000000E+00  0.000000E+00
  0.284082E+01 -0.887622E-01  0.150836E+00  0.000000E+00  0.000000E+00  0.000000E+00  0.000000E+00
  0.284082E+01  0.345927E-01 -0.126336E-01  0.000000E+00  0.000000E+00  0.000000E+00  0.000000E+00
  0.284082E+01 -0.303023E-01 -0.289249E-01  0.000000E+00  0.000000E+00  0.000000E+00  0.000000E+00
  0.284082E+01 -0.546241E-01 -0.678285E-01  0.000000E+00  0.000000E+00  0.000000E+00  0.000000E+00
  0.284082E+01  0.119299E+00  0.506743E-02  0.000000E+00  0.000000E+00  0.000000E+00  0.000000E+00
  0.284082E+01  0.476062E-02 -0.240048E+00  0.000000E+00  0.000000E+00  0.000000E+00  0.000000E+00
  0.284082E+01 -0.639902E-01  0.201807E+00  0.000000E+00  0.000000E+00  0.000000E+00  0.000000E+00
  0.284082E+01  0.180703E-02 -0.123471E-03  0.000000E+00  0.000000E+00  0.000000E+00  0.000000E+00
  0.284082E+01  0.102093E-01 -0.141364E+00  0.000000E+00  0.000000E+00  0.000000E+00  0.000000E+00
  0.284082E+01  0.187949E+00  0.667707E-01  0.000000E+00  0.000000E+00  0.000000E+00  0.000000E+00
  0.284082E+01 -0.169903E+00  0.284896E-01  0.000000E+00  0.000000E+00  0.000000E+00  0.000000E+00
  0.284082E+01 -0.142565E-01  0.143511E-01  0.000000E+00  0.000000E+00  0.000000E+00  0.000000E+00
  0.284082E+01  0.159717E+00 -0.127865E+00  0.000000E+00  0.000000E+00  0.000000E+00  0.000000E+00
  0.284082E+01 -0.524189E-01 -0.219898E+00  0.000000E+00  0.000000E+00  0.000000E+00  0.000000E+00
  0.284082E+01 -0.510936E-01  0.118000E+00  0.000000E+00  0.000000E+00  0.000000E+00  0.000000E+00
  0.284082E+01  0.784243E-01  0.189921E+00  0.000000E+00  0.000000E+00  0.000000E+00  0.000000E+00
  0.284082E+01  0.470754E-01  0.385433E-02  0.000000E+00  0.000000E+00  0.000000E+00  0.000000E+00
  0.284082E+01 -0.213133E+00 -0.779074E-01  0.000000E+00  0.000000E+00  0.000000E+00  0.000000E+00
  0.284082E+01  0.559362E-02  0.643578E-01  0.000000E+00  0.000000E+00  0.000000E+00  0.000000E+00
  0.284082E+01 -0.492544E-01 -0.148338E+00  0.000000E+00  0.000000E+00  0.000000E+00  0.000000E+00
  0.284082E+01 -0.778434E-01 -0.832342E-02  0.000000E+00  0.000000E+00  0.000000E+00  0.000000E+00
  0.284082E+01  0.132928E-01  0.586393E-01  0.000000E+00  0.000000E+00  0.000000E+00  0.000000E+00
  0.284082E+01  0.989188E-01 -0.985464E-01  0.000000E+00  0.000000E+00  0.000000E+00  0.000000E+00
  0.284082E+01  0.541258E-01  0.235834E+00  0.000000E+00  0.000000E+00  0.000000E+00  0.000000E+00
  0.284082E+01 -0.344286E-01  0.234218E-01  0.000000E+00  0.000000E+00  0.000000E+00  0.000000E+00
  0.284082E+01 -0.224482E+00  0.640391E-01  0.000000E+00  0.000000E+00  0.000000E+00  0.000000E+00
  0.284082E+01 -0.896330E-01 -0.647826E-01  0.000000E+00  0.000000E+00  0.000000E+00  0.000000E+00
  0.284082E+01 -0.331117E-01  0.604067E-01  0.000000E+00  0.000000E+00  0.000000E+00  0.000000E+00
  0.284082E+01  0.104617E+00 -0.187115E+00  0.000000E+00  0.000000E+00  0.000000E+00  0.000000E+00
  0.284082E+01 -0.674417E-01  0.625759E-01  0.000000E+00  0.000000E+00  0.000000E+00  0.000000E+00
  0.284082E+01 -0.169065E+00 -0.170279E+00  0.000000E+00  0.000000E+00  0.000000E+00  0.000000E+00
  0.284082E+01 -0.129626E-01 -0.557721E-03  0.000000E+00  0.000000E+00  0.000000E+00  0.000000E+00
  0.284082E+01 -0.196146E+00  0.909761E-01  0.000000E+00  0.000000E+00  0.000000E+00  0.000000E+00
  0.284082E+01  0.200933E+00  0.140228E+00  0.000000E+00  0.000000E+00  0.000000E+00  0.000000E+00
  0.284082E+01  0.976742E-01  0.233628E-01  0.000000E+00  0.000000E+00  0.000000E+00  0.000000E+00
