  0.182041E+01 -0.213677E+00  0.530492E-02  0.000000E+00  0.000000E+00  0.000000E+00  0.000000E+00
  0.246167E+01 -0.154061E-01 -0.300065E+00  0.000000E+00  0.000000E+00  0.000000E+00  0.000000E+00
  0.206818E+01  0.260137E+00 -0.953071E-02  0.000000E+00  0.000000E+00  0.000000E+00  0.000000E+00
  0.199590E+01  0.155583E-01  0.205933E+00  0.000000E+00  0.000000E+00  0.000000E+00  0.000000E+00
  0.238359E+01  0.160004E-01 -0.277564E+00  0.000000E+00  0.000000E+00  0.000000E+00  0.000000E+00
  0.253689E+01 -0.351025E+00  0.119918E-01  0.000000E+00  0.000000E+00  0.000000E+00  0.000000E+00
  0.282589E+01 -0.192597E-01 -0.301715E+00  0.000000E+00  0.000000E+00  0.000000E+00  0.000000E+00
  0.230180E+01 -0.638344E-02 -0.329246E+00  0.000000E+00  0.000000E+00  0.000000E+00  0.000000E+00
  0.216541E+01  0.109514E-01 -0.275082E+00  0.000000E+00  0.000000E+00  0.000000E+00  0.000000E+00
  0.273022E+01  0.807016E-02 -0.424962E+00  0.000000E+00  0.000000E+00  0.000000E+00  0.000000E+00
  0.264605E+01  0.105528E-01 -0.387720E+00  0.000000E+00  0.000000E+00  0.000000E+00  0.000000E+00
  0.168372E+01  0.359219E-02  0.182140E+00  0.000000E+00  0.000000E+00  0.000000E+00  0.000000E+00
  0.168411E+01 -0.873130E-02  0.172553E+00  0.000000E+00  0.000000E+00  0.000000E+00  0.000000E+00
  0.245177E+01  0.247734E+00 -0.189013E-01  0.000000E+00  0.000000E+00  0.000000E+00  0.000000E+00
  0.208994E+01 -0.155386E-01  0.224748E+00  0.000000E+00  0.000000E+00  0.000000E+00  0.000000E+00
  0.185846E+01 -0.201899E+00 -0.116682E-01  0.000000E+00  0.000000E+00  0.000000E+00  0.000000E+00
  0.193608E+01  0.242648E+00  0.513791E-02  0.000000E+00  0.000000E+00  0.000000E+00  0.000000E+00
  0.163339E+01  0.167176E+00 -0.545786E-02  0.000000E+00  0.000000E+00  0.000000E+00  0.000000E+00
  0.226854E+01  0.364855E-02  0.328556E+00  0.000000E+00  0.000000E+00  0.000000E+00  0.000000E+00
  0.249161E+01 -0.175746E-01  0.276367E+00  0.000000E+00  0.000000E+00  0.000000E+00  0.000000E+00
  0.197155E+01 -0.200188E+00  0.156700E-01  0.000000E+00  0.000000E+00  0.000000E+00  0.000000E+00
  0.194310E+01 -0.248636E+00 -0.232637E-02  0.000000E+00  0.000000E+00  0.000000E+00  0.000000E+00
  0.261697E+01 -0.144618E-01  0.342863E+00  0.000000E+00  0.000000E+00  0.000000E+00  0.000000E+00
  0.178332E+01 -0.116740E-02  0.209037E+00  0.000000E+00  0.000000E+00  0.000000E+00  0.000000E+00
  0.225607E+01 -0.905622E-02  0.306614E+00  0.000000E+00  0.000000E+00  0.000000E+00  0.000000E+00
  0.257178E+01  0.190207E-01 -0.265348E+00  0.000000E+00  0.000000E+00  0.000000E+00  0.000000E+00
  0.213535E+01  0.166419E-01 -0.222672E+00  0.000000E+00  0.000000E+00  0.000000E+00  0.000000E+00
  0.186181E+01 -0.123379E-01 -0.199288E+00  0.000000E+00  0.000000E+00  0.000000E+00  0.000000E+00
  0.196656E+01  0.153230E-01  0.202007E+00  0.000000E+00  0.000000E+00  0.000000E+00  0.000000E+00
  0.251403E+01  0.358046E+00  0.104669E-01  0.000000E+00  0.000000E+00  0.000000E+00  0.000000E+00
  0.240897E+01 -0.123185E-01  0.319934E+00  0.000000E+00  0.000000E+00  0.000000E+00  0.000000E+00
  0.214914E+01  0.256207E+00  0.132221E-01  0.000000E+00  0.000000E+00  0.000000E+00  0.000000E+00
  0.258707E+01  0.938821E-02 -0.382548E+00  0.000000E+00  0.000000E+00  0.000000E+00  0.000000E+00
  0.233884E+01  0.233815E+00 -0.185992E-01  0.000000E+00  0.000000E+00  0.000000E+00  0.000000E+00
  0.265123E+01  0.593422E-02  0.416740E+00  0.000000E+00  0.000000E+00  0.000000E+00  0.000000E+00
  0.271537E+01  0.308264E+00  0.180389E-01  0.000000E+00  0.000000E+00  0.000000E+00  0.000000E+00
  0.193757E+01  0.156063E-01 -0.193993E+00  0.000000E+00  0.000000E+00  0.000000E+00  0.000000E+00
  0.248738E+01 -0.374976E+00  0.630864E-02  0.000000E+00  0.000000E+00  0.000000E+00  0.000000E+00
  0.243322E+01 -0.660711E-02 -0.360515E+00  0.000000E+00  0.000000E+00  0.000000E+00  0.000000E+00
  0.239353E+01 -0.469923E-02 -0.357274E+00  0.000000E+00  0.000000E+00  0.000000E+00  0.000000E+00
  0.165490E+01  0.176523E+00  0.127430E-02  0.000000E+00  0.000000E+00  0.000000E+00  0.000000E+00
  0.256390E+01 -0.174762E-01  0.290956E+00  0.000000E+00  0.000000E+00  0.000000E+00  0.000000E+00
  0.269199E+01  0.714096E-02  0.421017E+00  0.000000E+00  0.000000E+00  0.000000E+00  0.000000E+00
  0.268111E+01 -0.122402E-02  0.436042E+00  0.000000E+00  0.000000E+00  0.000000E+00  0.000000E+00
  0.249495E+01  0.185969E-01  0.260266E+00  0.000000E+00  0.000000E+00  0.000000E+00  0.000000E+00
  0.212026E+01 -0.278391E+00  0.817176E-02  0.000000E+00  0.000000E+00  0.000000E+00  0.000000E+00
  0.210939E+01  0.262089E+00  0.109939E-01  0.000000E+00  0.000000E+00  0.000000E+00  0.000000E+00
  0.259714E+01  0.327242E+00 -0.153933E-01  0.000000E+00  0.000000E+00  0.000000E+00  0.000000E+00
  0.193014E+01 -0.927382E-02 -0.228856E+00  0.000000E+00  0.000000E+00  0.000000E+00  0.000000E+00
  0.171628E+01  0.175631E+00  0.101791E-01  0.000000E+00  0.000000E+00  0.000000E+00  0.000000E+00
  0.249723E+01 -0.646396E-02 -0.376749E+00  0.000000E+00  0.000000E+00  0.000000E+00  0.000000E+00
  0.211480E+01  0.291151E+00 -0.294310E-02  0.000000E+00  0.000000E+00  0.000000E+00  0.000000E+00
  0.220227E+01  0.270851E+00 -0.128021E-01  0.000000E+00  0.000000E+00  0.000000E+00  0.000000E+00
  0.277035E+01  0.118810E-01  0.403995E+00  0.000000E+00  0.000000E+00  0.000000E+00  0.000000E+00
  0.185872E+01  0.215893E+00 -0.814577E-02  0.000000E+00  0.000000E+00  0.000000E+00  0.000000E+00
  0.242369E+01 -0.250915E+00 -0.184317E-01  0.000000E+00  0.000000E+00  0.000000E+00  0.000000E+00
  0.235421E+01 -0.329326E+00  0.913707E-02  0.000000E+00  0.000000E+00  0.000000E+00  0.000000E+00
  0.179367E+01 -0.622321E-02 -0.205218E+00  0.000000E+00  0.000000E+00  0.000000E+00  0.000000E+00
  0.182812E+01 -0.564722E-02  0.214905E+00  0.000000E+00  0.000000E+00  0.000000E+00  0.000000E+00
  0.184986E+01  0.371972E-02 -0.223595E+00  0.000000E+00  0.000000E+00  0.000000E+00  0.000000E+00
  0.202755E+01 -0.226084E-02 -0.269989E+00  0.000000E+00  0.000000E+00  0.000000E+00  0.000000E+00
  0.204676E+01  0.267705E+00  0.606954E-02  0.000000E+00  0.000000E+00  0.000000E+00  0.000000E+00
  0.250999E+01 -0.192427E-01 -0.251045E+00  0.000000E+00  0.000000E+00  0.000000E+00  0.000000E+00
  0.259014E+01  0.264410E+00 -0.192221E-01  0.000000E+00  0.000000E+00  0.000000E+00  0.000000E+00
  0.170408E+01  0.185189E+00 -0.512316E-02  0.000000E+00  0.000000E+00  0.000000E+00  0.000000E+00
  0.205755E+01  0.108378E-01  0.251146E+00  0.000000E+00  0.000000E+00  0.000000E+00  0.000000E+00
  0.215183E+01  0.152637E-01 -0.239626E+00  0.000000E+00  0.000000E+00  0.000000E+00  0.000000E+00
  0.175388E+01 -0.902097E-02 -0.188216E+00  0.000000E+00  0.000000E+00  0.000000E+00  0.000000E+00
  0.245142E+01  0.265827E+00 -0.177927E-01  0.000000E+00  0.000000E+00  0.000000E+00  0.000000E+00
  0.220749E+01 -0.180326E-01  0.219323E+00  0.000000E+00  0.000000E+00  0.000000E+00  0.000000E+00
  0.249299E+01  0.124867E-01 -0.336949E+00  0.000000E+00  0.000000E+00  0.000000E+00  0.000000E+00
  0.262684E+01 -0.346556E+00  0.143227E-01  0.000000E+00  0.000000E+00  0.000000E+00  0.000000E+00
  0.259855E+01  0.358208E+00 -0.126822E-01  0.000000E+00  0.000000E+00  0.000000E+00  0.000000E+00
  0.188957E+01 -0.775412E-02  0.224520E+00  0.000000E+00  0.000000E+00  0.000000E+00  0.000000E+00
  0.193244E+01  0.195127E+00  0.153302E-01  0.000000E+00  0.000000E+00  0.000000E+00  0.000000E+00
  0.259043E+01  0.254727E+00 -0.196963E-01  0.000000E+00  0.000000E+00  0.000000E+00  0.000000E+00
  0.262323E+01 -0.420767E+00 -0.184119E-02  0.000000E+00  0.000000E+00  0.000000E+00  0.000000E+00
  0.190469E+01  0.196780E+00 -0.143113E-01  0.000000E+00  0.000000E+00  0.000000E+00  0.000000E+00
  0.269451E+01 -0.790210E-02 -0.417404E+00  0.000000E+00  0.000000E+00  0.000000E+00  0.000000E+00
  0.222253E+01 -0.302251E+00 -0.830819E-02  0.000000E+00  0.000000E+00  0.000000E+00  0.000000E+00
  0.263945E+01  0.191127E-01 -0.274617E+00  0.000000E+00  0.000000E+00  0.000000E+00  0.000000E+00
  0.228191E+01  0.160923E-02 -0.334802E+00  0.000000E+00  0.000000E+00  0.000000E+00  0.000000E+00
  0.233206E+01  0.167494E-01  0.258493E+00  0.000000E+00  0.000000E+00  0.000000E+00  0.000000E+00
  0.253872E+01 -0.334006E+00 -0.137965E-01  0.000000E+00  0.000000E+00  0.000000E+00  0.000000E+00
  0.265275E+01 -0.267245E+00  0.195677E-01  0.000000E+00  0.000000E+00  0.000000E+00  0.000000E+00
  0.212983E+01  0.144433E-02  0.296499E+00  0.000000E+00  0.000000E+00  0.000000E+00  0.000000E+00
  0.198540E+01  0.221418E+00 -0.131611E-01  0.000000E+00  0.000000E+00  0.000000E+00  0.000000E+00
  0.275026E+01  0.351787E+00 -0.158072E-01  0.000000E+00  0.000000E+00  0.000000E+00  0.000000E+00
  0.276570E+01  0.138124E-01 -0.381735E+00  0.000000E+00  0.000000E+00  0.000000E+00  0.000000E+00
  0.269603E+01  0.267496E+00  0.198585E-01  0.000000E+00  0.000000E+00  0.000000E+00  0.000000E+00
  0.197447E+01  0.150766E-01  0.205534E+00  0.000000E+00  0.000000E+00  0.000000E+00  0.000000E+00
  0.250159E+01  0.183850E-01  0.265034E+00  0.000000E+00  0.000000E+00  0.000000E+00  0.000000E+00
  0.238787E+01 -0.289957E+00  0.149910E-01  0.000000E+00  0.000000E+00  0.000000E+00  0.000000E+00
  0.264038E+01  0.172888E-01  0.307895E+00  0.000000E+00  0.000000E+00  0.000000E+00  0.000000E+00
  0.214233E+01 -0.700714E-03  0.300041E+00  0.000000E+00  0.000000E+00  0.000000E+00  0.000000E+00
  0.222400E+01 -0.253912E-02 -0.319177E+00  0.000000E+00  0.000000E+00  0.000000E+00  0.000000E+00
  0.179489E+01 -0.200555E+00  0.816607E-02  0.000000E+00  0.000000E+00  0.000000E+00  0.000000E+00
  0.244835E+01  0.987542E-02 -0.346926E+00  0.000000E+00  0.000000E+00  0.000000E+00  0.000000E+00
  0.239418E+01 -0.170303E-01  0.266423E+00  0.000000E+00  0.000000E+00  0.000000E+00  0.000000E+00
  0.249652E+01 -0.144979E-01 -0.317586E+00  0.000000E+00  0.000000E+00  0.000000E+00  0.000000E+00
  0.231334E+01  0.267186E+00 -0.157087E-01  0.000000E+00  0.000000E+00  0.000000E+00  0.000000E+00
  0.202071E+01 -0.224962E+00  0.137506E-01  0.000000E+00  0.000000E+00  0.000000E+00  0.000000E+00
  0.227632E+01  0.812746E-02  0.315936E+00  0.000000E+00  0.000000E+00  0.000000E+00  0.000000E+00
  0.162445E+01 -0.167936E+00  0.285800E-02  0.000000E+00  0.000000E+00  0.000000E+00  0.000000E+00
  0.244930E+01 -0.184358E-01  0.255227E+00  0.000000E+00  0.000000E+00  0.000000E+00  0.000000E+00
  0.221276E+01  0.291477E+00 -0.999396E-02  0.000000E+00  0.000000E+00  0.000000E+00  0.000000E+00
  0.201732E+01 -0.295510E-03  0.268492E+00  0.000000E+00  0.000000E+00  0.000000E+00  0.000000E+00
  0.189922E+01 -0.205459E-02  0.237802E+00  0.000000E+00  0.000000E+00  0.000000E+00  0.000000E+00
  0.195983E+01  0.146425E-02 -0.253518E+00  0.000000E+00  0.000000E+00  0.000000E+00  0.000000E+00
  0.234419E+01  0.334298E+00 -0.767633E-02  0.000000E+00  0.000000E+00  0.000000E+00  0.000000E+00
  0.260196E+01 -0.409328E+00 -0.462788E-02  0.000000E+00  0.000000E+00  0.000000E+00  0.000000E+00
  0.188550E+01  0.220212E+00  0.876452E-02  0.000000E+00  0.000000E+00  0.000000E+00  0.000000E+00
  0.280085E+01 -0.606239E-02 -0.452946E+00  0.000000E+00  0.000000E+00  0.000000E+00  0.000000E+00
  0.162874E+01 -0.169037E+00  0.283003E-02  0.000000E+00  0.000000E+00  0.000000E+00  0.000000E+00
  0.245257E+01  0.257991E+00 -0.183014E-01  0.000000E+00  0.000000E+00  0.000000E+00  0.000000E+00
  0.206615E+01 -0.908604E-02 -0.261664E+00  0.000000E+00  0.000000E+00  0.000000E+00  0.000000E+00
  0.207783E+01 -0.135117E-01  0.238805E+00  0.000000E+00  0.000000E+00  0.000000E+00  0.000000E+00
  0.253020E+01  0.309590E+00 -0.157325E-01  0.000000E+00  0.000000E+00  0.000000E+00  0.000000E+00
  0.176461E+01  0.118816E-01  0.179952E+00  0.000000E+00  0.000000E+00  0.000000E+00  0.000000E+00
  0.238093E+01  0.188152E-02 -0.359546E+00  0.000000E+00  0.000000E+00  0.000000E+00  0.000000E+00
  0.253288E+01  0.249240E+00  0.195235E-01  0.000000E+00  0.000000E+00  0.000000E+00  0.000000E+00
  0.259458E+01  0.151860E-01  0.329391E+00  0.000000E+00  0.000000E+00  0.000000E+00  0.000000E+00
  0.195017E+01 -0.215048E+00  0.129643E-01  0.000000E+00  0.000000E+00  0.000000E+00  0.000000E+00
  0.193745E+01  0.247188E+00 -0.235033E-02  0.000000E+00  0.000000E+00  0.000000E+00  0.000000E+00
  0.232847E+01  0.335902E+00 -0.634800E-02  0.000000E+00  0.000000E+00  0.000000E+00  0.000000E+00
  0.208472E+01 -0.339560E-02 -0.282927E+00  0.000000E+00  0.000000E+00  0.000000E+00  0.000000E+00
  0.243318E+01 -0.178796E-01 -0.261260E+00  0.000000E+00  0.000000E+00  0.000000E+00  0.000000E+00
  0.213088E+01  0.263540E+00 -0.115651E-01  0.000000E+00  0.000000E+00  0.000000E+00  0.000000E+00
  0.255872E+01  0.258270E+00 -0.192759E-01  0.000000E+00  0.000000E+00  0.000000E+00  0.000000E+00
  0.238223E+01  0.333584E+00 -0.954060E-02  0.000000E+00  0.000000E+00  0.000000E+00  0.000000E+00
  0.202309E+01  0.300441E-02 -0.268013E+00  0.000000E+00  0.000000E+00  0.000000E+00  0.000000E+00
  0.192397E+01  0.847846E-02 -0.230364E+00  0.000000E+00  0.000000E+00  0.000000E+00  0.000000E+00
  0.212176E+01  0.289530E+00  0.477049E-02  0.000000E+00  0.000000E+00  0.000000E+00  0.000000E+00
  0.180061E+01 -0.211389E+00 -0.362240E-02  0.000000E+00  0.000000E+00  0.000000E+00  0.000000E+00
  0.222402E+01  0.293862E+00  0.100346E-01  0.000000E+00  0.000000E+00  0.000000E+00  0.000000E+00
  0.206843E+01  0.538014E-02  0.274856E+00  0.000000E+00  0.000000E+00  0.000000E+00  0.000000E+00
  0.248357E+01  0.275869E+00 -0.175122E-01  0.000000E+00  0.000000E+00  0.000000E+00  0.000000E+00
  0.188907E+01  0.141976E-01 -0.194282E+00  0.000000E+00  0.000000E+00  0.000000E+00  0.000000E+00
  0.226139E+01  0.269765E+00  0.144259E-01  0.000000E+00  0.000000E+00  0.000000E+00  0.000000E+00
  0.250251E+01  0.119225E-01  0.343979E+00  0.000000E+00  0.000000E+00  0.000000E+00  0.000000E+00
  0.217459E+01  0.785393E-03  0.308175E+00  0.000000E+00  0.000000E+00  0.000000E+00  0.000000E+00
  0.226110E+01  0.309988E+00  0.861792E-02  0.000000E+00  0.000000E+00  0.000000E+00  0.000000E+00
  0.186028E+01 -0.198977E+00 -0.123330E-01  0.000000E+00  0.000000E+00  0.000000E+00  0.000000E+00
  0.254886E+01  0.264743E+00 -0.188517E-01  0.000000E+00  0.000000E+00  0.000000E+00  0.000000E+00
  0.262485E+01  0.421266E+00 -0.176644E-02  0.000000E+00  0.000000E+00  0.000000E+00  0.000000E+00
  0.244917E+01  0.247254E+00  0.189042E-01  0.000000E+00  0.000000E+00  0.000000E+00  0.000000E+00
  0.264538E+01 -0.316725E+00  0.167920E-01  0.000000E+00  0.000000E+00  0.000000E+00  0.000000E+00
  0.183540E+01  0.191028E+00  0.128101E-01  0.000000E+00  0.000000E+00  0.000000E+00  0.000000E+00
  0.233299E+01  0.327362E+00 -0.856137E-02  0.000000E+00  0.000000E+00  0.000000E+00  0.000000E+00
  0.235850E+01 -0.156297E-01 -0.276981E+00  0.000000E+00  0.000000E+00  0.000000E+00  0.000000E+00
  0.218317E+01 -0.310497E+00  0.945763E-04  0.000000E+00  0.000000E+00  0.000000E+00  0.000000E+00
  0.264226E+01  0.298121E+00  0.178874E-01  0.000000E+00  0.000000E+00  0.000000E+00  0.000000E+00
  0.195105E+01 -0.225988E+00  0.110134E-01  0.000000E+00  0.000000E+00  0.000000E+00  0.000000E+00
  0.254270E+01 -0.145404E-01 -0.326625E+00  0.000000E+00  0.000000E+00  0.000000E+00  0.000000E+00
  0.194419E+01 -0.203883E+00  0.144671E-01  0.000000E+00  0.000000E+00  0.000000E+00  0.000000E+00
  0.200142E+01  0.264415E+00  0.574632E-03  0.000000E+00  0.000000E+00  0.000000E+00  0.000000E+00
  0.243835E+01 -0.326969E+00  0.122520E-01  0.000000E+00  0.000000E+00  0.000000E+00  0.000000E+00
  0.179953E+01  0.127836E-01 -0.183366E+00  0.000000E+00  0.000000E+00  0.000000E+00  0.000000E+00
  0.229636E+01 -0.284079E+00 -0.136568E-01  0.000000E+00  0.000000E+00  0.000000E+00  0.000000E+00
  0.214006E+01  0.129524E-01 -0.256241E+00  0.000000E+00  0.000000E+00  0.000000E+00  0.000000E+00
  0.213041E+01  0.163694E-01  0.224587E+00  0.000000E+00  0.000000E+00  0.000000E+00  0.000000E+00
  0.252121E+01  0.190714E-01  0.256095E+00  0.000000E+00  0.000000E+00  0.000000E+00  0.000000E+00
  0.213500E+01  0.173447E-01  0.214832E+00  0.000000E+00  0.000000E+00  0.000000E+00  0.000000E+00
  0.230973E+01  0.633794E-02  0.331350E+00  0.000000E+00  0.000000E+00  0.000000E+00  0.000000E+00
  0.222073E+01  0.260605E+00 -0.145088E-01  0.000000E+00  0.000000E+00  0.000000E+00  0.000000E+00
  0.247635E+01 -0.352910E+00 -0.995478E-02  0.000000E+00  0.000000E+00  0.000000E+00  0.000000E+00
  0.192399E+01 -0.138953E-01  0.203571E+00  0.000000E+00  0.000000E+00  0.000000E+00  0.000000E+00
  0.273304E+01 -0.385846E+00  0.128420E-01  0.000000E+00  0.000000E+00  0.000000E+00  0.000000E+00
  0.171636E+01 -0.179627E+00  0.892933E-02  0.000000E+00  0.000000E+00  0.000000E+00  0.000000E+00
  0.169357E+01  0.453475E-03  0.186514E+00  0.000000E+00  0.000000E+00  0.000000E+00  0.000000E+00
  0.267976E+01  0.170384E-01 -0.319222E+00  0.000000E+00  0.000000E+00  0.000000E+00  0.000000E+00
  0.252299E+01 -0.137934E-02 -0.395930E+00  0.000000E+00  0.000000E+00  0.000000E+00  0.000000E+00
  0.223457E+01 -0.226636E+00 -0.178402E-01  0.000000E+00  0.000000E+00  0.000000E+00  0.000000E+00
  0.205977E+01  0.266466E+00 -0.747926E-02  0.000000E+00  0.000000E+00  0.000000E+00  0.000000E+00
  0.250711E+01  0.302937E+00  0.158970E-01  0.000000E+00  0.000000E+00  0.000000E+00  0.000000E+00
  0.172102E+01 -0.174714E+00 -0.107436E-01  0.000000E+00  0.000000E+00  0.000000E+00  0.000000E+00
  0.274325E+01  0.377338E+00 -0.137840E-01  0.000000E+00  0.000000E+00  0.000000E+00  0.000000E+00
  0.180343E+01 -0.181583E+00 -0.132855E-01  0.000000E+00  0.000000E+00  0.000000E+00  0.000000E+00
  0.220951E+01  0.284014E+00  0.111279E-01  0.000000E+00  0.000000E+00  0.000000E+00  0.000000E+00
  0.249106E+01  0.312222E+00  0.148737E-01  0.000000E+00  0.000000E+00  0.000000E+00  0.000000E+00
  0.200264E+01  0.148576E-01  0.212956E+00  0.000000E+00  0.000000E+00  0.000000E+00  0.000000E+00
  0.211329E+01  0.172289E-01 -0.212171E+00  0.000000E+00  0.000000E+00  0.000000E+00  0.000000E+00
  0.184079E+01 -0.521870E-02 -0.218885E+00  0.000000E+00  0.000000E+00  0.000000E+00  0.000000E+00
  0.240550E+01 -0.168458E-01 -0.271015E+00  0.000000E+00  0.000000E+00  0.000000E+00  0.000000E+00
  0.267725E+01  0.364384E+00 -0.136979E-01  0.000000E+00  0.000000E+00  0.000000E+00  0.000000E+00
  0.255280E+01  0.288571E+00  0.175001E-01  0.000000E+00  0.000000E+00  0.000000E+00  0.000000E+00
  0.216118E+01  0.231111E+00  0.163090E-01  0.000000E+00  0.000000E+00  0.000000E+00  0.000000E+00
  0.234864E+01 -0.671955E-02  0.339424E+00  0.000000E+00  0.000000E+00  0.000000E+00  0.000000E+00
  0.268004E+01  0.328086E+00 -0.164797E-01  0.000000E+00  0.000000E+00  0.000000E+00  0.000000E+00
  0.279095E+01 -0.106840E-01  0.419832E+00  0.000000E+00  0.000000E+00  0.000000E+00  0.000000E+00
  0.271525E+01  0.286508E+00 -0.191354E-01  0.000000E+00  0.000000E+00  0.000000E+00  0.000000E+00
  0.189397E+01 -0.944201E-02  0.219706E+00  0.000000E+00  0.000000E+00  0.000000E+00  0.000000E+00
  0.203699E+01 -0.151067E-01 -0.217911E+00  0.000000E+00  0.000000E+00  0.000000E+00  0.000000E+00
  0.263500E+01  0.194504E-01  0.266936E+00  0.000000E+00  0.000000E+00  0.000000E+00  0.000000E+00
  0.180914E+01 -0.127451E-01  0.185654E+00  0.000000E+00  0.000000E+00  0.000000E+00  0.000000E+00
  0.283295E+01 -0.403783E+00 -0.131673E-01  0.000000E+00  0.000000E+00  0.000000E+00  0.000000E+00
  0.211939E+01  0.289582E+00 -0.448154E-02  0.000000E+00  0.000000E+00  0.000000E+00  0.000000E+00
  0.183049E+01 -0.202431E-03 -0.221202E+00  0.000000E+00  0.000000E+00  0.000000E+00  0.000000E+00
  0.235465E+01 -0.353802E+00 -0.626129E-03  0.000000E+00  0.000000E+00  0.000000E+00  0.000000E+00
  0.283550E+01  0.360510E+00  0.163086E-01  0.000000E+00  0.000000E+00  0.000000E+00  0.000000E+00
  0.187549E+01 -0.713635E-02 -0.222923E+00  0.000000E+00  0.000000E+00  0.000000E+00  0.000000E+00
  0.227940E+01 -0.246410E+00 -0.169286E-01  0.000000E+00  0.000000E+00  0.000000E+00  0.000000E+00
  0.168002E+01  0.519807E-02  0.179110E+00  0.000000E+00  0.000000E+00  0.000000E+00  0.000000E+00
  0.235693E+01 -0.325370E+00  0.992310E-02  0.000000E+00  0.000000E+00  0.000000E+00  0.000000E+00
  0.200123E+01 -0.264417E+00 -0.303922E-03  0.000000E+00  0.000000E+00  0.000000E+00  0.000000E+00
  0.276734E+01 -0.542128E-02 -0.447491E+00  0.000000E+00  0.000000E+00  0.000000E+00  0.000000E+00
  0.252335E+01  0.295829E+00  0.166524E-01  0.000000E+00  0.000000E+00  0.000000E+00  0.000000E+00
  0.202270E+01 -0.337619E-03  0.269846E+00  0.000000E+00  0.000000E+00  0.000000E+00  0.000000E+00
  0.251413E+01  0.116595E-01  0.348783E+00  0.000000E+00  0.000000E+00  0.000000E+00  0.000000E+00
  0.194355E+01  0.139300E-01  0.207455E+00  0.000000E+00  0.000000E+00  0.000000E+00  0.000000E+00
  0.266608E+01  0.142443E-01 -0.355644E+00  0.000000E+00  0.000000E+00  0.000000E+00  0.000000E+00
  0.245661E+01  0.167333E-01  0.282124E+00  0.000000E+00  0.000000E+00  0.000000E+00  0.000000E+00
  0.255871E+01  0.404824E+00  0.152319E-02  0.000000E+00  0.000000E+00  0.000000E+00  0.000000E+00
  0.267519E+01 -0.696165E-02 -0.417859E+00  0.000000E+00  0.000000E+00  0.000000E+00  0.000000E+00
  0.222285E+01 -0.405490E-02 -0.316301E+00  0.000000E+00  0.000000E+00  0.000000E+00  0.000000E+00
  0.228538E+01  0.331928E+00  0.405168E-02  0.000000E+00  0.000000E+00  0.000000E+00  0.000000E+00
  0.231966E+01  0.265414E+00 -0.159755E-01  0.000000E+00  0.000000E+00  0.000000E+00  0.000000E+00
  0.236187E+01  0.242040E+00  0.183214E-01  0.000000E+00  0.000000E+00  0.000000E+00  0.000000E+00
  0.204387E+01 -0.147509E-01 -0.222215E+00  0.000000E+00  0.000000E+00  0.000000E+00  0.000000E+00
  0.220426E+01 -0.257604E+00  0.144647E-01  0.000000E+00  0.000000E+00  0.000000E+00  0.000000E+00
  0.232983E+01 -0.256308E+00 -0.168891E-01  0.000000E+00  0.000000E+00  0.000000E+00  0.000000E+00
  0.272231E+01  0.552463E-03  0.446889E+00  0.000000E+00  0.000000E+00  0.000000E+00  0.000000E+00
  0.263308E+01 -0.379106E+00  0.112384E-01  0.000000E+00  0.000000E+00  0.000000E+00  0.000000E+00
  0.237351E+01  0.169830E-01  0.263221E+00  0.000000E+00  0.000000E+00  0.000000E+00  0.000000E+00
  0.277415E+01 -0.274274E+00 -0.200729E-01  0.000000E+00  0.000000E+00  0.000000E+00  0.000000E+00
  0.274454E+01  0.179589E-01 -0.314880E+00  0.000000E+00  0.000000E+00  0.000000E+00  0.000000E+00
  0.269900E+01  0.404126E+00  0.100188E-01  0.000000E+00  0.000000E+00  0.000000E+00  0.000000E+00
  0.223644E+01  0.322412E+00 -0.246174E-02  0.000000E+00  0.000000E+00  0.000000E+00  0.000000E+00
  0.256028E+01  0.123186E-01 -0.353269E+00  0.000000E+00  0.000000E+00  0.000000E+00  0.000000E+00
  0.238410E+01  0.100142E-01 -0.331112E+00  0.000000E+00  0.000000E+00  0.000000E+00  0.000000E+00
  0.191308E+01  0.242038E+00 -0.646952E-03  0.000000E+00  0.000000E+00  0.000000E+00  0.000000E+00
  0.221451E+01 -0.296094E+00 -0.919867E-02  0.000000E+00  0.000000E+00  0.000000E+00  0.000000E+00
  0.189133E+01 -0.124783E-01  0.205030E+00  0.000000E+00  0.000000E+00  0.000000E+00  0.000000E+00
  0.257316E+01 -0.402219E+00 -0.460981E-02  0.000000E+00  0.000000E+00  0.000000E+00  0.000000E+00
  0.247145E+01  0.355970E+00  0.929901E-02  0.000000E+00  0.000000E+00  0.000000E+00  0.000000E+00
  0.259240E+01  0.383529E+00  0.942807E-02  0.000000E+00  0.000000E+00  0.000000E+00  0.000000E+00
  0.264545E+01  0.611954E-02  0.414531E+00  0.000000E+00  0.000000E+00  0.000000E+00  0.000000E+00
  0.220995E+01  0.257485E+00  0.146074E-01  0.000000E+00  0.000000E+00  0.000000E+00  0.000000E+00
  0.251165E+01 -0.495511E-02 -0.385852E+00  0.000000E+00  0.000000E+00  0.000000E+00  0.000000E+00
  0.273719E+01 -0.366183E+00 -0.145790E-01  0.000000E+00  0.000000E+00  0.000000E+00  0.000000E+00
  0.215735E+01 -0.217243E+00 -0.174856E-01  0.000000E+00  0.000000E+00  0.000000E+00  0.000000E+00
  0.275323E+01  0.164761E-01 -0.342075E+00  0.000000E+00  0.000000E+00  0.000000E+00  0.000000E+00
  0.196309E+01 -0.252221E+00 -0.353391E-02  0.000000E+00  0.000000E+00  0.000000E+00  0.000000E+00
  0.262256E+01 -0.458441E-02 -0.414590E+00  0.000000E+00  0.000000E+00  0.000000E+00  0.000000E+00
  0.216124E+01  0.143647E-01  0.249582E+00  0.000000E+00  0.000000E+00  0.000000E+00  0.000000E+00
  0.176682E+01 -0.193666E+00  0.822696E-02  0.000000E+00  0.000000E+00  0.000000E+00  0.000000E+00
  0.204974E+01  0.236237E+00  0.130187E-01  0.000000E+00  0.000000E+00  0.000000E+00  0.000000E+00
  0.212814E+01 -0.171408E-01 -0.215884E+00  0.000000E+00  0.000000E+00  0.000000E+00  0.000000E+00
  0.233932E+01  0.348871E+00 -0.203434E-02  0.000000E+00  0.000000E+00  0.000000E+00  0.000000E+00
  0.207065E+01 -0.132452E-01  0.239180E+00  0.000000E+00  0.000000E+00  0.000000E+00  0.000000E+00
  0.219532E+01  0.312856E+00  0.169072E-02  0.000000E+00  0.000000E+00  0.000000E+00  0.000000E+00
  0.235135E+01 -0.139027E-01  0.293448E+00  0.000000E+00  0.000000E+00  0.000000E+00  0.000000E+00
  0.249488E+01  0.190517E-01  0.252146E+00  0.000000E+00  0.000000E+00  0.000000E+00  0.000000E+00
  0.263030E+01 -0.382659E+00  0.107340E-01  0.000000E+00  0.000000E+00  0.000000E+00  0.000000E+00
  0.279243E+01 -0.181717E-01  0.319180E+00  0.000000E+00  0.000000E+00  0.000000E+00  0.000000E+00
  0.233882E+01 -0.319334E+00  0.102196E-01  0.000000E+00  0.000000E+00  0.000000E+00  0.000000E+00
  0.241933E+01 -0.176561E-01 -0.262153E+00  0.000000E+00  0.000000E+00  0.000000E+00  0.000000E+00
  0.250127E+01 -0.136488E-01 -0.327616E+00  0.000000E+00  0.000000E+00  0.000000E+00  0.000000E+00
  0.181829E+01  0.204960E-02  0.217386E+00  0.000000E+00  0.000000E+00  0.000000E+00  0.000000E+00
  0.217961E+01  0.306033E-02 -0.307269E+00  0.000000E+00  0.000000E+00  0.000000E+00  0.000000E+00
  0.172001E+01  0.188723E+00  0.537233E-02  0.000000E+00  0.000000E+00  0.000000E+00  0.000000E+00
  0.172438E+01 -0.192081E+00 -0.380400E-02  0.000000E+00  0.000000E+00  0.000000E+00  0.000000E+00
  0.236015E+01  0.353469E+00  0.253853E-02  0.000000E+00  0.000000E+00  0.000000E+00  0.000000E+00
  0.191728E+01  0.237439E+00  0.540110E-02  0.000000E+00  0.000000E+00  0.000000E+00  0.000000E+00
  0.227205E+01  0.327215E+00 -0.463989E-02  0.000000E+00  0.000000E+00  0.000000E+00  0.000000E+00
  0.263394E+01  0.328057E+00  0.158728E-01  0.000000E+00  0.000000E+00  0.000000E+00  0.000000E+00
  0.259181E+01  0.195076E-01  0.258888E+00  0.000000E+00  0.000000E+00  0.000000E+00  0.000000E+00
  0.206282E+01 -0.256375E+00 -0.100561E-01  0.000000E+00  0.000000E+00  0.000000E+00  0.000000E+00
  0.242254E+01 -0.369657E+00  0.220373E-02  0.000000E+00  0.000000E+00  0.000000E+00  0.000000E+00
  0.213230E+01  0.236100E+00 -0.152210E-01  0.000000E+00  0.000000E+00  0.000000E+00  0.000000E+00
  0.205722E+01 -0.125912E-01 -0.240695E+00  0.000000E+00  0.000000E+00  0.000000E+00  0.000000E+00
  0.225532E+01  0.269547E-03  0.328747E+00  0.000000E+00  0.000000E+00  0.000000E+00  0.000000E+00
  0.275840E+01  0.146199E-02  0.455352E+00  0.000000E+00  0.000000E+00  0.000000E+00  0.000000E+00
  0.235282E+01 -0.253155E+00  0.174464E-01  0.000000E+00  0.000000E+00  0.000000E+00  0.000000E+00
  0.283981E+01  0.325512E+00 -0.182656E-01  0.000000E+00  0.000000E+00  0.000000E+00  0.000000E+00
  0.219202E+01 -0.938370E-02 -0.289874E+00  0.000000E+00  0.000000E+00  0.000000E+00  0.000000E+00
  0.257226E+01 -0.403464E+00  0.410219E-02  0.000000E+00  0.000000E+00  0.000000E+00  0.000000E+00
  0.181365E+01  0.206759E+00  0.757069E-02  0.000000E+00  0.000000E+00  0.000000E+00  0.000000E+00
  0.184884E+01 -0.260492E-02 -0.224625E+00  0.000000E+00  0.000000E+00  0.000000E+00  0.000000E+00
  0.223220E+01 -0.171489E-01 -0.234965E+00  0.000000E+00  0.000000E+00  0.000000E+00  0.000000E+00
  0.235251E+01  0.327192E+00  0.944354E-02  0.000000E+00  0.000000E+00  0.000000E+00  0.000000E+00
  0.206140E+01  0.124198E-01  0.242716E+00  0.000000E+00  0.000000E+00  0.000000E+00  0.000000E+00
  0.213106E+01 -0.239685E+00  0.147914E-01  0.000000E+00  0.000000E+00  0.000000E+00  0.000000E+00
  0.254391E+01  0.341378E+00 -0.131874E-01  0.000000E+00  0.000000E+00  0.000000E+00  0.000000E+00
  0.187183E+01  0.204293E-02  0.230899E+00  0.000000E+00  0.000000E+00  0.000000E+00  0.000000E+00
  0.207375E+01  0.165177E-01  0.212278E+00  0.000000E+00  0.000000E+00  0.000000E+00  0.000000E+00
  0.253486E+01  0.154574E-01  0.314016E+00  0.000000E+00  0.000000E+00  0.000000E+00  0.000000E+00
  0.258687E+01 -0.302145E+00  0.170297E-01  0.000000E+00  0.000000E+00  0.000000E+00  0.000000E+00
  0.189624E+01 -0.209878E+00  0.117634E-01  0.000000E+00  0.000000E+00  0.000000E+00  0.000000E+00
  0.163180E+01 -0.170509E+00  0.170167E-02  0.000000E+00  0.000000E+00  0.000000E+00  0.000000E+00
  0.178400E+01  0.204712E+00 -0.528094E-02  0.000000E+00  0.000000E+00  0.000000E+00  0.000000E+00
  0.267006E+01  0.153600E-01  0.342240E+00  0.000000E+00  0.000000E+00  0.000000E+00  0.000000E+00
  0.255950E+01  0.267073E-02 -0.403455E+00  0.000000E+00  0.000000E+00  0.000000E+00  0.000000E+00
  0.242874E+01  0.119365E-01 -0.327449E+00  0.000000E+00  0.000000E+00  0.000000E+00  0.000000E+00
  0.240656E+01 -0.288019E+00  0.154978E-01  0.000000E+00  0.000000E+00  0.000000E+00  0.000000E+00
  0.221328E+01  0.294746E+00  0.940633E-02  0.000000E+00  0.000000E+00  0.000000E+00  0.000000E+00
  0.172344E+01  0.104326E-01 -0.176396E+00  0.000000E+00  0.000000E+00  0.000000E+00  0.000000E+00
  0.185634E+01  0.227175E+00 -0.177955E-02  0.000000E+00  0.000000E+00  0.000000E+00  0.000000E+00
  0.214946E+01 -0.216768E+00 -0.174047E-01  0.000000E+00  0.000000E+00  0.000000E+00  0.000000E+00
  0.237151E+01 -0.322060E+00  0.109411E-01  0.000000E+00  0.000000E+00  0.000000E+00  0.000000E+00
  0.183230E+01  0.345510E-02 -0.219540E+00  0.000000E+00  0.000000E+00  0.000000E+00  0.000000E+00
  0.254324E+01  0.167903E-01  0.297591E+00  0.000000E+00  0.000000E+00  0.000000E+00  0.000000E+00
  0.239962E+01 -0.144170E-01 -0.298439E+00  0.000000E+00  0.000000E+00  0.000000E+00  0.000000E+00
  0.202823E+01  0.271066E+00  0.972692E-03  0.000000E+00  0.000000E+00  0.000000E+00  0.000000E+00
  0.278719E+01 -0.387537E+00  0.137088E-01  0.000000E+00  0.000000E+00  0.000000E+00  0.000000E+00
  0.226607E+01 -0.328719E+00  0.322385E-02  0.000000E+00  0.000000E+00  0.000000E+00  0.000000E+00
  0.188210E+01 -0.230855E+00  0.425531E-02  0.000000E+00  0.000000E+00  0.000000E+00  0.000000E+00
  0.184431E+01 -0.183463E-02 -0.224102E+00  0.000000E+00  0.000000E+00  0.000000E+00  0.000000E+00
  0.214446E+01  0.223063E+00 -0.167651E-01  0.000000E+00  0.000000E+00  0.000000E+00  0.000000E+00
  0.174850E+01 -0.546554E-02 -0.195602E+00  0.000000E+00  0.000000E+00  0.000000E+00  0.000000E+00
  0.271386E+01 -0.429389E+00 -0.653530E-02  0.000000E+00  0.000000E+00  0.000000E+00  0.000000E+00
  0.176613E+01  0.179738E+00  0.120058E-01  0.000000E+00  0.000000E+00  0.000000E+00  0.000000E+00
  0.190722E+01 -0.194353E+00 -0.147409E-01  0.000000E+00  0.000000E+00  0.000000E+00  0.000000E+00
  0.264164E+01 -0.107138E-01 -0.385417E+00  0.000000E+00  0.000000E+00  0.000000E+00  0.000000E+00
  0.229437E+01 -0.291658E+00 -0.127054E-01  0.000000E+00  0.000000E+00  0.000000E+00  0.000000E+00
  0.220076E+01 -0.268037E+00 -0.131275E-01  0.000000E+00  0.000000E+00  0.000000E+00  0.000000E+00
  0.261667E+01  0.181451E-01  0.289092E+00  0.000000E+00  0.000000E+00  0.000000E+00  0.000000E+00
  0.276226E+01  0.418574E+00  0.100471E-01  0.000000E+00  0.000000E+00  0.000000E+00  0.000000E+00
  0.193302E+01 -0.199538E+00 -0.147536E-01  0.000000E+00  0.000000E+00  0.000000E+00  0.000000E+00
  0.219537E+01  0.300979E+00  0.701775E-02  0.000000E+00  0.000000E+00  0.000000E+00  0.000000E+00
  0.199734E+01 -0.224700E+00 -0.130516E-01  0.000000E+00  0.000000E+00  0.000000E+00  0.000000E+00
  0.235926E+01 -0.286139E+00 -0.148033E-01  0.000000E+00  0.000000E+00  0.000000E+00  0.000000E+00
  0.182831E+01 -0.110749E-01 -0.197823E+00  0.000000E+00  0.000000E+00  0.000000E+00  0.000000E+00
  0.169001E+01  0.876239E-02  0.173866E+00  0.000000E+00  0.000000E+00  0.000000E+00  0.000000E+00
  0.226558E+01  0.249314E+00  0.164679E-01  0.000000E+00  0.000000E+00  0.000000E+00  0.000000E+00
  0.274536E+01  0.182844E-01 -0.308821E+00  0.000000E+00  0.000000E+00  0.000000E+00  0.000000E+00
  0.276453E+01 -0.389268E+00 -0.131488E-01  0.000000E+00  0.000000E+00  0.000000E+00  0.000000E+00
  0.256331E+01  0.359535E+00  0.116899E-01  0.000000E+00  0.000000E+00  0.000000E+00  0.000000E+00
  0.177353E+01 -0.901021E-02  0.192891E+00  0.000000E+00  0.000000E+00  0.000000E+00  0.000000E+00
  0.171561E+01 -0.185966E+00 -0.627783E-02  0.000000E+00  0.000000E+00  0.000000E+00  0.000000E+00
  0.225694E+01  0.324756E+00  0.408333E-02  0.000000E+00  0.000000E+00  0.000000E+00  0.000000E+00
  0.218662E+01  0.833074E-02 -0.293576E+00  0.000000E+00  0.000000E+00  0.000000E+00  0.000000E+00
  0.244076E+01 -0.363961E+00 -0.620421E-02  0.000000E+00  0.000000E+00  0.000000E+00  0.000000E+00
  0.199746E+01 -0.204763E+00  0.157329E-01  0.000000E+00  0.000000E+00  0.000000E+00  0.000000E+00
  0.202943E+01 -0.261270E+00 -0.682120E-02  0.000000E+00  0.000000E+00  0.000000E+00  0.000000E+00
  0.203665E+01  0.252914E+00 -0.949540E-02  0.000000E+00  0.000000E+00  0.000000E+00  0.000000E+00
  0.201032E+01 -0.973021E-02 -0.245705E+00  0.000000E+00  0.000000E+00  0.000000E+00  0.000000E+00
  0.246405E+01 -0.363019E+00  0.770841E-02  0.000000E+00  0.000000E+00  0.000000E+00  0.000000E+00
  0.185862E+01 -0.225908E+00 -0.363213E-02  0.000000E+00  0.000000E+00  0.000000E+00  0.000000E+00
  0.212366E+01  0.295229E+00  0.926249E-03  0.000000E+00  0.000000E+00  0.000000E+00  0.000000E+00
  0.183125E+01  0.385602E-02 -0.218752E+00  0.000000E+00  0.000000E+00  0.000000E+00  0.000000E+00
  0.229167E+01  0.599032E-02  0.328122E+00  0.000000E+00  0.000000E+00  0.000000E+00  0.000000E+00
  0.207440E+01  0.282782E+00  0.890654E-03  0.000000E+00  0.000000E+00  0.000000E+00  0.000000E+00
  0.206839E+01  0.164473E-01  0.211955E+00  0.000000E+00  0.000000E+00  0.000000E+00  0.000000E+00
  0.228832E+01 -0.660302E-02  0.325148E+00  0.000000E+00  0.000000E+00  0.000000E+00  0.000000E+00
  0.183006E+01  0.219344E+00 -0.314502E-02  0.000000E+00  0.000000E+00  0.000000E+00  0.000000E+00
  0.232624E+01  0.147735E-01  0.279704E+00  0.000000E+00  0.000000E+00  0.000000E+00  0.000000E+00
  0.266536E+01  0.155197E-01 -0.339133E+00  0.000000E+00  0.000000E+00  0.000000E+00  0.000000E+00
  0.211061E+01  0.114129E-01 -0.259912E+00  0.000000E+00  0.000000E+00  0.000000E+00  0.000000E+00
  0.255900E+01  0.396757E+00  0.520592E-02  0.000000E+00  0.000000E+00  0.000000E+00  0.000000E+00
  0.185708E+01 -0.241759E-03 -0.227931E+00  0.000000E+00  0.000000E+00  0.000000E+00  0.000000E+00
  0.231656E+01 -0.108535E-01 -0.310134E+00  0.000000E+00  0.000000E+00  0.000000E+00  0.000000E+00
  0.280231E+01  0.124566E-02  0.466671E+00  0.000000E+00  0.000000E+00  0.000000E+00  0.000000E+00
  0.282006E+01  0.439675E+00  0.906030E-02  0.000000E+00  0.000000E+00  0.000000E+00  0.000000E+00
  0.273545E+01  0.195950E-01 -0.279658E+00  0.000000E+00  0.000000E+00  0.000000E+00  0.000000E+00
  0.164022E+01  0.184457E-02 -0.172564E+00  0.000000E+00  0.000000E+00  0.000000E+00  0.000000E+00
  0.253098E+01  0.271565E+00  0.182984E-01  0.000000E+00  0.000000E+00  0.000000E+00  0.000000E+00
  0.195088E+01  0.216337E-02  0.250745E+00  0.000000E+00  0.000000E+00  0.000000E+00  0.000000E+00
  0.216489E+01  0.305867E+00  0.116263E-03  0.000000E+00  0.000000E+00  0.000000E+00  0.000000E+00
  0.225332E+01 -0.258025E+00 -0.154544E-01  0.000000E+00  0.000000E+00  0.000000E+00  0.000000E+00
  0.218453E+01  0.994465E-02  0.285193E+00  0.000000E+00  0.000000E+00  0.000000E+00  0.000000E+00
  0.212331E+01 -0.245233E+00  0.139317E-01  0.000000E+00  0.000000E+00  0.000000E+00  0.000000E+00
  0.238153E+01 -0.109422E-01 -0.324332E+00  0.000000E+00  0.000000E+00  0.000000E+00  0.000000E+00
  0.202585E+01  0.230353E+00 -0.131270E-01  0.000000E+00  0.000000E+00  0.000000E+00  0.000000E+00
  0.220749E+01 -0.174449E-01 -0.226820E+00  0.000000E+00  0.000000E+00  0.000000E+00  0.000000E+00
  0.205244E+01  0.165117E-01 -0.208288E+00  0.000000E+00  0.000000E+00  0.000000E+00  0.000000E+00
  0.269456E+01  0.315345E+00  0.174335E-01  0.000000E+00  0.000000E+00  0.000000E+00  0.000000E+00
  0.231819E+01  0.691218E-02 -0.331247E+00  0.000000E+00  0.000000E+00  0.000000E+00  0.000000E+00
  0.190380E+01  0.228590E+00 -0.754434E-02  0.000000E+00  0.000000E+00  0.000000E+00  0.000000E+00
  0.250491E+01  0.387287E+00  0.384772E-02  0.000000E+00  0.000000E+00  0.000000E+00  0.000000E+00
  0.253622E+01 -0.768541E-04  0.399882E+00  0.000000E+00  0.000000E+00  0.000000E+00  0.000000E+00
  0.223282E+01 -0.161867E-01  0.246209E+00  0.000000E+00  0.000000E+00  0.000000E+00  0.000000E+00
  0.216134E+01  0.261468E+00  0.128683E-01  0.000000E+00  0.000000E+00  0.000000E+00  0.000000E+00
  0.265633E+01 -0.388300E+00 -0.107719E-01  0.000000E+00  0.000000E+00  0.000000E+00  0.000000E+00
  0.258928E+01  0.359758E+00  0.123078E-01  0.000000E+00  0.000000E+00  0.000000E+00  0.000000E+00
  0.236174E+01 -0.806819E-02  0.336677E+00  0.000000E+00  0.000000E+00  0.000000E+00  0.000000E+00
  0.170877E+01 -0.179393E+00  0.837372E-02  0.000000E+00  0.000000E+00  0.000000E+00  0.000000E+00
  0.264927E+01  0.910841E-02  0.399053E+00  0.000000E+00  0.000000E+00  0.000000E+00  0.000000E+00
  0.198776E+01  0.152961E-01 -0.206466E+00  0.000000E+00  0.000000E+00  0.000000E+00  0.000000E+00
  0.198023E+01 -0.178047E-02 -0.258461E+00  0.000000E+00  0.000000E+00  0.000000E+00  0.000000E+00
  0.201907E+01  0.268475E+00 -0.149003E-02  0.000000E+00  0.000000E+00  0.000000E+00  0.000000E+00
  0.183274E+01  0.399685E-02  0.218926E+00  0.000000E+00  0.000000E+00  0.000000E+00  0.000000E+00
  0.218551E+01  0.491949E-02  0.305008E+00  0.000000E+00  0.000000E+00  0.000000E+00  0.000000E+00
  0.264110E+01  0.335077E+00  0.154632E-01  0.000000E+00  0.000000E+00  0.000000E+00  0.000000E+00
  0.224082E+01  0.163526E-01  0.245904E+00  0.000000E+00  0.000000E+00  0.000000E+00  0.000000E+00
  0.215863E+01 -0.278890E+00  0.999859E-02  0.000000E+00  0.000000E+00  0.000000E+00  0.000000E+00
  0.234841E+01 -0.327518E+00  0.921641E-02  0.000000E+00  0.000000E+00  0.000000E+00  0.000000E+00
  0.245131E+01  0.153378E-01 -0.298807E+00  0.000000E+00  0.000000E+00  0.000000E+00  0.000000E+00
  0.227618E+01  0.171957E-01  0.242475E+00  0.000000E+00  0.000000E+00  0.000000E+00  0.000000E+00
  0.208075E+01 -0.313045E-02 -0.282328E+00  0.000000E+00  0.000000E+00  0.000000E+00  0.000000E+00
  0.280709E+01 -0.337331E+00 -0.173472E-01  0.000000E+00  0.000000E+00  0.000000E+00  0.000000E+00
  0.237214E+01 -0.341865E+00  0.749341E-02  0.000000E+00  0.000000E+00  0.000000E+00  0.000000E+00
  0.262214E+01 -0.101198E-01 -0.385548E+00  0.000000E+00  0.000000E+00  0.000000E+00  0.000000E+00
  0.261664E+01 -0.265096E+00  0.193984E-01  0.000000E+00  0.000000E+00  0.000000E+00  0.000000E+00
  0.216495E+01  0.167780E-01  0.226768E+00  0.000000E+00  0.000000E+00  0.000000E+00  0.000000E+00
  0.240377E+01 -0.319609E+00 -0.122193E-01  0.000000E+00  0.000000E+00  0.000000E+00  0.000000E+00
  0.247595E+01 -0.319433E-02  0.381471E+00  0.000000E+00  0.000000E+00  0.000000E+00  0.000000E+00
  0.234832E+01  0.186982E-01 -0.233857E+00  0.000000E+00  0.000000E+00  0.000000E+00  0.000000E+00
  0.187848E+01 -0.212883E+00 -0.102403E-01  0.000000E+00  0.000000E+00  0.000000E+00  0.000000E+00
  0.283469E+01 -0.179871E-01  0.330204E+00  0.000000E+00  0.000000E+00  0.000000E+00  0.000000E+00
  0.256370E+01 -0.716108E-02 -0.389792E+00  0.000000E+00  0.000000E+00  0.000000E+00  0.000000E+00
  0.182646E+01 -0.100664E-01  0.201550E+00  0.000000E+00  0.000000E+00  0.000000E+00  0.000000E+00
  0.194277E+01 -0.222094E+00  0.114149E-01  0.000000E+00  0.000000E+00  0.000000E+00  0.000000E+00
  0.253388E+01  0.287992E+00 -0.173166E-01  0.000000E+00  0.000000E+00  0.000000E+00  0.000000E+00
  0.256220E+01  0.193770E-01  0.256827E+00  0.000000E+00  0.000000E+00  0.000000E+00  0.000000E+00
  0.217356E+01 -0.701201E-02  0.295699E+00  0.000000E+00  0.000000E+00  0.000000E+00  0.000000E+00
  0.263951E+01  0.167016E-01  0.317014E+00  0.000000E+00  0.000000E+00  0.000000E+00  0.000000E+00
  0.199416E+01  0.260803E+00  0.295564E-02  0.000000E+00  0.000000E+00  0.000000E+00  0.000000E+00
  0.188508E+01 -0.414111E-02  0.231783E+00  0.000000E+00  0.000000E+00  0.000000E+00  0.000000E+00
  0.266873E+01  0.314075E+00 -0.172286E-01  0.000000E+00  0.000000E+00  0.000000E+00  0.000000E+00
  0.276422E+01  0.375625E+00  0.142788E-01  0.000000E+00  0.000000E+00  0.000000E+00  0.000000E+00
  0.230586E+01  0.292758E+00 -0.128781E-01  0.000000E+00  0.000000E+00  0.000000E+00  0.000000E+00
  0.251891E+01  0.312477E+00 -0.153251E-01  0.000000E+00  0.000000E+00  0.000000E+00  0.000000E+00
  0.180908E+01  0.129149E-01 -0.184765E+00  0.000000E+00  0.000000E+00  0.000000E+00  0.000000E+00
  0.181034E+01  0.215655E+00  0.161499E-02  0.000000E+00  0.000000E+00  0.000000E+00  0.000000E+00
  0.240223E+01 -0.228732E-02 -0.364425E+00  0.000000E+00  0.000000E+00  0.000000E+00  0.000000E+00
  0.255156E+01 -0.148669E-01  0.324614E+00  0.000000E+00  0.000000E+00  0.000000E+00  0.000000E+00
  0.194622E+01 -0.161726E-02 -0.249984E+00  0.000000E+00  0.000000E+00  0.000000E+00  0.000000E+00
  0.232463E+01  0.572020E-02  0.337126E+00  0.000000E+00  0.000000E+00  0.000000E+00  0.000000E+00
  0.265312E+01  0.325650E+00 -0.162993E-01  0.000000E+00  0.000000E+00  0.000000E+00  0.000000E+00
  0.224517E+01 -0.325062E+00  0.208137E-02  0.000000E+00  0.000000E+00  0.000000E+00  0.000000E+00
  0.248787E+01  0.899582E-02 -0.361677E+00  0.000000E+00  0.000000E+00  0.000000E+00  0.000000E+00
  0.238319E+01  0.237192E+00  0.188519E-01  0.000000E+00  0.000000E+00  0.000000E+00  0.000000E+00
  0.262876E+01 -0.344495E+00  0.145284E-01  0.000000E+00  0.000000E+00  0.000000E+00  0.000000E+00
  0.278252E+01 -0.166285E-01 -0.345163E+00  0.000000E+00  0.000000E+00  0.000000E+00  0.000000E+00
  0.217385E+01 -0.299267E+00  0.595554E-02  0.000000E+00  0.000000E+00  0.000000E+00  0.000000E+00
  0.163760E+01 -0.169158E+00 -0.480522E-02  0.000000E+00  0.000000E+00  0.000000E+00  0.000000E+00
  0.242116E+01 -0.114899E-01 -0.329276E+00  0.000000E+00  0.000000E+00  0.000000E+00  0.000000E+00
  0.209646E+01  0.314908E-02  0.286247E+00  0.000000E+00  0.000000E+00  0.000000E+00  0.000000E+00
  0.201454E+01  0.589338E-02  0.260259E+00  0.000000E+00  0.000000E+00  0.000000E+00  0.000000E+00
  0.284082E+01  0.589021E-01  0.237161E-01  0.000000E+00  0.000000E+00  0.000000E+00  0.000000E+00
  0.284082E+01  0.117768E+00  0.402636E-01  0.000000E+00  0.000000E+00  0.000000E+00  0.000000E+00
  0.284082E+01 -0.155746E+00 -0.148798E+00  0.000000E+00  0.000000E+00  0.000000E+00  0.000000E+00
  0.284082E+01  0.170323E-01  0.752392E-01  0.000000E+00  0.000000E+00  0.000000E+00  0.000000E+00
  0.284082E+01 -0.635271E-01 -0.439697E-01  0.000000E+00  0.000000E+00  0.000000E+00  0.000000E+00
  0.284082E+01  0.108809E+00 -0.164883E-01  0.000000E+00  0.000000E+00  0.000000E+00  0.000000E+00
  0.284082E+01  0.541439E-01 -0.755540E-01  0.000000E+00  0.000000E+00  0.000000E+00  0.000000E+00
  0.284082E+01 -0.145673E+00  0.601524E-01  0.000000E+00  0.000000E+00  0.000000E+00  0.000000E+00
  0.284082E+01 -0.213641E+00  0.111197E+00  0.000000E+00  0.000000E+00  0.000000E+00  0.000000E+00
  0.284082E+01  0.168823E-01  0.233374E-01  0.000000E+00  0.000000E+00  0.000000E+00  0.000000E+00
  0.284082E+01  0.473867E-01  0.102997E+00  0.000000E+00  0.000000E+00  0.000000E+00  0.000000E+00
  0.284082E+01  0.900869E-01 -0.113567E+00  0.000000E+00  0.000000E+00  0.000000E+00  0.000000E+00
  0.284082E+01 -0.105676E+00  0.200413E+00  0.000000E+00  0.000000E+00  0.000000E+00  0.000000E+00
  0.284082E+01  0.110775E-01  0.540749E-01  0.000000E+00  0.000000E+00  0.000000E+00  0.000000E+00
  0.284082E+01  0.219521E-01 -0.399330E-01  0.000000E+00  0.000000E+00  0.000000E+00  0.000000E+00
  0.284082E+01  0.392847E-01 -0.491506E-01  0.000000E+00  0.000000E+00  0.000000E+00  0.000000E+00
  0.284082E+01  0.349853E-01  0.218697E+00  0.000000E+00  0.000000E+00  0.000000E+00  0.000000E+00
  0.284082E+01 -0.124995E+00 -0.181223E+00  0.000000E+00  0.000000E+00  0.000000E+00  0.000000E+00
  0.284082E+01  0.126701E+00  0.121938E+00  0.000000E+00  0.000000E+00  0.000000E+00  0.000000E+00
  0.284082E+01 -0.108284E+00  0.555759E-01  0.000000E+00  0.000000E+00  0.000000E+00  0.000000E+00
  0.284082E+01  0.223561E-01 -0.887330E-02  0.000000E+00  0.000000E+00  0.000000E+00  0.000000E+00
  0.284082E+01  0.997056E-01  0.167519E+00  0.000000E+00  0.000000E+00  0.000000E+00  0.000000E+00
  0.284082E+01 -0.400096E-01  0.103541E-01  0.000000E+00  0.000000E+00  0.000000E+00  0.000000E+00
  0.284082E+01  0.235777E+00  0.522138E-01  0.000000E+00  0.000000E+00  0.000000E+00  0.000000E+00
  0.284082E+01 -0.416531E-01 -0.228575E-01  0.000000E+00  0.000000E+00  0.000000E+00  0.000000E+00
  0.284082E+01 -0.215576E-01  0.154095E+00  0.000000E+00  0.000000E+00  0.000000E+00  0.000000E+00
  0.284082E+01 -0.179924E-01 -0.705855E-01  0.000000E+00  0.000000E+00  0.000000E+00  0.000000E+00
  0.284082E+01  0.227772E+00  0.591773E-01  0.000000E+00  0.000000E+00  0.000000E+00  0.000000E+00
  0.284082E+01  0.154153E+00 -0.874609E-01  0.000000E+00  0.000000E+00  0.000000E+00  0.000000E+00
  0.284082E+01  0.147651E+00  0.159009E+00  0.000000E+00  0.000000E+00  0.000000E+00  0.000000E+00
  0.284082E+01 -0.711263E-01 -0.196973E-02  0.000000E+00  0.000000E+00  0.000000E+00  0.000000E+00
  0.284082E+01  0.273179E-01 -0.100480E-01  0.000000E+00  0.000000E+00  0.000000E+00  0.000000E+00
  0.284082E+01 -0.115457E-02 -0.227533E-01  0.000000E+00  0.000000E+00  0.000000E+00  0.000000E+00
  0.284082E+01  0.106172E+00 -0.219414E+00  0.000000E+00  0.000000E+00  0.000000E+00  0.000000E+00
  0.284082E+01  0.366074E-01 -0.116113E-01  0.000000E+00  0.000000E+00  0.000000E+00  0.000000E+00
  0.284082E+01  0.122145E+00 -0.788408E-01  0.000000E+00  0.000000E+00  0.000000E+00  0.000000E+00
  0.284082E+01 -0.110129E-01 -0.693607E-03  0.000000E+00  0.000000E+00  0.000000E+00  0.000000E+00
  0.284082E+01  0.724055E-01 -0.148496E+00  0.000000E+00  0.000000E+00  0.000000E+00  0.000000E+00
  0.284082E+01 -0.198758E+00 -0.595563E-01  0.000000E+00  0.000000E+00  0.000000E+00  0.000000E+00
  0.284082E+01  0.484001E-01 -0.422206E-01  0.000000E+00  0.000000E+00  0.000000E+00  0.000000E+00
  0.284082E+01  0.222391E+00  0.435730E-01  0.000000E+00  0.000000E+00  0.000000E+00  0.000000E+00
  0.284082E+01 -0.161029E-01 -0.220096E-01  0.000000E+00  0.000000E+00  0.000000E+00  0.000000E+00
  0.284082E+01 -0.432144E-01 -0.136380E+00  0.000000E+00  0.000000E+00  0.000000E+00  0.000000E+00
  0.284082E+01  0.130125E+00 -0.181492E+00  0.000000E+00  0.000000E+00  0.000000E+00  0.000000E+00
  0.284082E+01  0.132769E+00  0.102739E+00  0.000000E+00  0.000000E+00  0.000000E+00  0.000000E+00
  0.284082E+01 -0.443305E-01  0.102887E-01  0.000000E+00  0.000000E+00  0.000000E+00  0.000000E+00
  0.284082E+01 -0.151022E-01 -0.163086E-01  0.000000E+00  0.000000E+00  0.000000E+00  0.000000E+00
  0.284082E+01 -0.553780E-02  0.346863E-01  0.000000E+00  0.000000E+00  0.000000E+00  0.000000E+00
  0.284082E+01  0.693324E-01  0.167583E+00  0.000000E+00  0.000000E+00  0.000000E+00  0.000000E+00
  0.284082E+01  0.453775E-01 -0.480993E-01  0.000000E+00  0.000000E+00  0.000000E+00  0.000000E+00
  0.284082E+01  0.596717E-01 -0.389471E-01  0.000000E+00  0.000000E+00  0.000000E+00  0.000000E+00
  0.284082E+01 -0.227422E-01 -0.150612E-01  0.000000E+00  0.000000E+00  0.000000E+00  0.000000E+00
  0.284082E+01 -0.171150E+00 -0.247395E-01  0.000000E+00  0.000000E+00  0.000000E+00  0.000000E+00
  0.284082E+01  0.707214E-01  0.542027E-01  0.000000E+00  0.000000E+00  0.000000E+00  0.000000E+00
  0.284082E+01 -0.487217E-01  0.112988E+00  0.000000E+00  0.000000E+00  0.000000E+00  0.000000E+00
  0.284082E+01  0.181800E-01 -0.138789E+00  0.000000E+00  0.000000E+00  0.000000E+00  0.000000E+00
  0.284082E+01 -0.509564E-01 -0.738872E-01  0.000000E+00  0.000000E+00  0.000000E+00  0.000000E+00
  0.284082E+01  0.984118E-01  0.631388E-02  0.000000E+00  0.000000E+00  0.000000E+00  0.000000E+00
  0.284082E+01 -0.880409E-01  0.199447E-01  0.000000E+00  0.000000E+00  0.000000E+00  0.000000E+00
  0.284082E+01  0.164950E+00 -0.178337E-01  0.000000E+00  0.000000E+00  0.000000E+00  0.000000E+00
  0.284082E+01  0.161364E-01 -0.348356E-01  0.000000E+00  0.000000E+00  0.000000E+00  0.000000E+00
  0.284082E+01 -0.140091E+00  0.168950E+00  0.000000E+00  0.000000E+00  0.000000E+00  0.000000E+00
  0.284082E+01 -0.264548E-01 -0.169074E-01  0.000000E+00  0.000000E+00  0.000000E+00  0.000000E+00
  0.284082E+01 -0.114330E+00  0.193700E-01  0.000000E+00  0.000000E+00  0.000000E+00  0.000000E+00
  0.284082E+01  0.442746E-01  0.902899E-01  0.000000E+00  0.000000E+00  0.000000E+00  0.000000E+00
  0.284082E+01  0.123858E-01  0.111708E+00  0.000000E+00  0.000000E+00  0.000000E+00  0.000000E+00
  0.284082E+01 -0.140082E+00 -0.783276E-01  0.000000E+00  0.000000E+00  0.000000E+00  0.000000E+00
  0.284082E+01  0.781886E-01 -0.995647E-01  0.000000E+00  0.000000E+00  0.000000E+00  0.000000E+00
  0.284082E+01  0.375804E-01  0.193329E+00  0.000000E+00  0.000000E+00  0.000000E+00  0.000000E+00
  0.284082E+01  0.916593E-03 -0.340182E-01  0.000000E+00  0.000000E+00  0.000000E+00  0.000000E+00
  0.284082E+01 -0.671465E-01 -0.470787E-01  0.000000E+00  0.000000E+00  0.000000E+00  0.000000E+00
  0.284082E+01 -0.144209E-01 -0.441462E-02  0.000000E+00  0.000000E+00  0.000000E+00  0.000000E+00
  0.284082E+01  0.453239E-01 -0.111871E+00  0.000000E+00  0.000000E+00  0.000000E+00  0.000000E+00
  0.284082E+01 -0.586093E-01 -0.242526E-01  0.000000E+00  0.000000E+00  0.000000E+00  0.000000E+00
  0.284082E+01  0.106396E+00 -0.119555E+00  0.000000E+00  0.000000E+00  0.000000E+00  0.000000E+00
  0.284082E+01 -0.120811E-01 -0.882370E-02  0.000000E+00  0.000000E+00  0.000000E+00  0.000000E+00
  0.284082E+01 -0.844081E-01  0.222931E-01  0.000000E+00  0.000000E+00  0.000000E+00  0.000000E+00
  0.284082E+01 -0.397891E-01  0.148038E-01  0.000000E+00  0.000000E+00  0.000000E+00  0.000000E+00
  0.284082E+01  0.365435E-03  0.839483E-02  0.000000E+00  0.000000E+00  0.000000E+00  0.000000E+00
  0.284082E+01  0.126590E-01  0.135537E-01  0.000000E+00  0.000000E+00  0.000000E+00  0.000000E+00
  0.284082E+01 -0.160202E+00 -0.128272E+00  0.000000E+00  0.000000E+00  0.000000E+00  0.000000E+00
  0.284082E+01  0.650548E-01  0.485134E-01  0.000000E+00  0.000000E+00  0.000000E+00  0.000000E+00
  0.284082E+01 -0.217748E+00 -0.503701E-01  0.000000E+00  0.000000E+00  0.000000E+00  0.000000E+00
  0.284082E+01 -0.509377E-01  0.205271E-01  0.000000E+00  0.000000E+00  0.000000E+00  0.000000E+00
  0.284082E+01 -0.273285E-01  0.405719E-01  0.000000E+00  0.000000E+00  0.000000E+00  0.000000E+00
  0.284082E+01  0.187784E+00  0.362304E-01  0.000000E+00  0.000000E+00  0.000000E+00  0.000000E+00
  0.284082E+01  0.335635E-01  0.177509E+00  0.000000E+00  0.000000E+00  0.000000E+00  0.000000E+00
  0.284082E+01 -0.100389E+00  0.933261E-01  0.000000E+00  0.000000E+00  0.000000E+00  0.000000E+00
  0.284082E+01  0.739001E-03 -0.682466E-03  0.000000E+00  0.000000E+00  0.000000E+00  0.000000E+00
  0.284082E+01  0.136907E+00  0.578115E-01  0.000000E+00  0.000000E+00  0.000000E+00  0.000000E+00
  0.284082E+01  0.987827E-01 -0.422176E-01  0.000000E+00  0.000000E+00  0.000000E+00  0.000000E+00
  0.284082E+01  0.177481E-01 -0.106633E+00  0.000000E+00  0.000000E+00  0.000000E+00  0.000000E+00
  0.284082E+01 -0.137265E+00 -0.530060E-01  0.000000E+00  0.000000E+00  0.000000E+00  0.000000E+00
  0.284082E+01  0.110455E+00 -0.768991E-01  0.000000E+00  0.000000E+00  0.000000E+00  0.000000E+00
  0.284082E+01  0.181714E+00 -0.114727E+00  0.000000E+00  0.000000E+00  0.000000E+00  0.000000E+00
  0.284082E+01 -0.410065E-02  0.157492E+00  0.000000E+00  0.000000E+00  0.000000E+00  0.000000E+00
  0.284082E+01 -0.243821E-01  0.807978E-01  0.000000E+00  0.000000E+00  0.000000E+00  0.000000E+00
  0.284082E+01 -0.143936E+00  0.633341E-01  0.000000E+00  0.000000E+00  0.000000E+00  0.000000E+00
  0.284082E+01 -0.195793E+00  0.526927E-01  0.000000E+00  0.000000E+00  0.000000E+00  0.000000E+00
  0.284082E+01 -0.151168E+00  0.384764E-01  0.000000E+00  0.000000E+00  0.000000E+00  0.000000E+00
