  0.273062E+01  0.154885E-01 -0.352529E+00  0.000000E+00  0.000000E+00  0.000000E+00  0.000000E+00
  0.160824E+01 -0.151006E-02 -0.164638E+00  0.000000E+00  0.000000E+00  0.000000E+00  0.000000E+00
  0.225481E+01  0.141344E-01  0.271070E+00  0.000000E+00  0.000000E+00  0.000000E+00  0.000000E+00
  0.174821E+01  0.453171E-02  0.197058E+00  0.000000E+00  0.000000E+00  0.000000E+00  0.000000E+00
  0.269118E+01 -0.199440E-01 -0.264775E+00  0.000000E+00  0.000000E+00  0.000000E+00  0.000000E+00
  0.252280E+01  0.168254E-01 -0.293251E+00  0.000000E+00  0.000000E+00  0.000000E+00  0.000000E+00
  0.243853E+01 -0.357831E+00 -0.750839E-02  0.000000E+00  0.000000E+00  0.000000E+00  0.000000E+00
  0.241488E+01  0.256181E+00 -0.180005E-01  0.000000E+00  0.000000E+00  0.000000E+00  0.000000E+00
  0.177164E+01  0.740787E-02 -0.197045E+00  0.000000E+00  0.000000E+00  0.000000E+00  0.000000E+00
  0.273973E+01  0.449937E+00  0.201649E-02  0.000000E+00  0.000000E+00  0.000000E+00  0.000000E+00
  0.258567E+01  0.161466E-01  0.314849E+00  0.000000E+00  0.000000E+00  0.000000E+00  0.000000E+00
  0.218569E+01  0.130827E-01 -0.265134E+00  0.000000E+00  0.000000E+00  0.000000E+00  0.000000E+00
  0.275418E+01  0.845184E-02  0.428272E+00  0.000000E+00  0.000000E+00  0.000000E+00  0.000000E+00
  0.180115E+01  0.395627E-03  0.213754E+00  0.000000E+00  0.000000E+00  0.000000E+00  0.000000E+00
  0.276606E+01 -0.157194E-01 -0.356192E+00  0.000000E+00  0.000000E+00  0.000000E+00  0.000000E+00
  0.266835E+01  0.300735E+00 -0.179994E-01  0.000000E+00  0.000000E+00  0.000000E+00  0.000000E+00
  0.274543E+01  0.200513E-01 -0.270465E+00  0.000000E+00  0.000000E+00  0.000000E+00  0.000000E+00
  0.255432E+01 -0.832140E-03  0.404242E+00  0.000000E+00  0.000000E+00  0.000000E+00  0.000000E+00
  0.163124E+01 -0.167123E+00 -0.513375E-02  0.000000E+00  0.000000E+00  0.000000E+00  0.000000E+00
  0.166421E+01 -0.177894E+00  0.290805E-02  0.000000E+00  0.000000E+00  0.000000E+00  0.000000E+00
  0.187689E+01 -0.199428E+00 -0.129213E-01  0.000000E+00  0.000000E+00  0.000000E+00  0.000000E+00
  0.213796E+01  0.258575E+00 -0.125595E-01  0.000000E+00  0.000000E+00  0.000000E+00  0.000000E+00
  0.200008E+01 -0.224271E+00  0.132081E-01  0.000000E+00  0.000000E+00  0.000000E+00  0.000000E+00
  0.245063E+01 -0.180550E-02  0.377227E+00  0.000000E+00  0.000000E+00  0.000000E+00  0.000000E+00
  0.219726E+01  0.275052E+00  0.120679E-01  0.000000E+00  0.000000E+00  0.000000E+00  0.000000E+00
  0.219773E+01 -0.919092E-02  0.292182E+00  0.000000E+00  0.000000E+00  0.000000E+00  0.000000E+00
  0.265220E+01 -0.413249E+00  0.676166E-02  0.000000E+00  0.000000E+00  0.000000E+00  0.000000E+00
  0.258791E+01  0.412470E+00  0.123041E-02  0.000000E+00  0.000000E+00  0.000000E+00  0.000000E+00
  0.268981E+01 -0.195667E-01  0.273106E+00  0.000000E+00  0.000000E+00  0.000000E+00  0.000000E+00
  0.230518E+01 -0.262230E+00 -0.160074E-01  0.000000E+00  0.000000E+00  0.000000E+00  0.000000E+00
  0.262223E+01  0.312050E+00  0.168138E-01  0.000000E+00  0.000000E+00  0.000000E+00  0.000000E+00
  0.198591E+01  0.251220E+00  0.663210E-02  0.000000E+00  0.000000E+00  0.000000E+00  0.000000E+00
  0.257568E+01 -0.132311E-01  0.347765E+00  0.000000E+00  0.000000E+00  0.000000E+00  0.000000E+00
  0.250852E+01  0.130473E-01  0.335123E+00  0.000000E+00  0.000000E+00  0.000000E+00  0.000000E+00
  0.258070E+01  0.870858E-02 -0.385394E+00  0.000000E+00  0.000000E+00  0.000000E+00  0.000000E+00
  0.247512E+01 -0.253810E+00 -0.187761E-01  0.000000E+00  0.000000E+00  0.000000E+00  0.000000E+00
  0.243916E+01 -0.339170E+00  0.107037E-01  0.000000E+00  0.000000E+00  0.000000E+00  0.000000E+00
  0.166260E+01 -0.558074E-02  0.174194E+00  0.000000E+00  0.000000E+00  0.000000E+00  0.000000E+00
  0.228258E+01  0.230417E+00 -0.181796E-01  0.000000E+00  0.000000E+00  0.000000E+00  0.000000E+00
  0.215167E+01  0.137784E-01  0.252430E+00  0.000000E+00  0.000000E+00  0.000000E+00  0.000000E+00
  0.234813E+01 -0.139673E-01  0.292158E+00  0.000000E+00  0.000000E+00  0.000000E+00  0.000000E+00
  0.241211E+01 -0.288332E+00 -0.155652E-01  0.000000E+00  0.000000E+00  0.000000E+00  0.000000E+00
  0.187481E+01 -0.410252E-02 -0.229278E+00  0.000000E+00  0.000000E+00  0.000000E+00  0.000000E+00
  0.165755E+01  0.238730E-02 -0.176613E+00  0.000000E+00  0.000000E+00  0.000000E+00  0.000000E+00
  0.275141E+01 -0.930993E-02  0.421683E+00  0.000000E+00  0.000000E+00  0.000000E+00  0.000000E+00
  0.259483E+01 -0.286538E+00  0.180734E-01  0.000000E+00  0.000000E+00  0.000000E+00  0.000000E+00
  0.196846E+01 -0.199243E+00  0.157107E-01  0.000000E+00  0.000000E+00  0.000000E+00  0.000000E+00
  0.230492E+01 -0.313807E+00 -0.983388E-02  0.000000E+00  0.000000E+00  0.000000E+00  0.000000E+00
  0.185525E+01 -0.430597E-02  0.224077E+00  0.000000E+00  0.000000E+00  0.000000E+00  0.000000E+00
  0.245449E+01  0.179405E-01 -0.264081E+00  0.000000E+00  0.000000E+00  0.000000E+00  0.000000E+00
  0.207456E+01 -0.283001E+00  0.233825E-04  0.000000E+00  0.000000E+00  0.000000E+00  0.000000E+00
  0.163067E+01  0.511277E-02  0.167013E+00  0.000000E+00  0.000000E+00  0.000000E+00  0.000000E+00
  0.224778E+01 -0.271495E+00  0.139209E-01  0.000000E+00  0.000000E+00  0.000000E+00  0.000000E+00
  0.229170E+01  0.275015E+00 -0.145317E-01  0.000000E+00  0.000000E+00  0.000000E+00  0.000000E+00
  0.215069E+01  0.650801E-02  0.291855E+00  0.000000E+00  0.000000E+00  0.000000E+00  0.000000E+00
  0.214399E+01 -0.259958E+00 -0.125504E-01  0.000000E+00  0.000000E+00  0.000000E+00  0.000000E+00
  0.209756E+01 -0.218847E+00 -0.163145E-01  0.000000E+00  0.000000E+00  0.000000E+00  0.000000E+00
  0.217803E+01  0.294683E+00  0.756962E-02  0.000000E+00  0.000000E+00  0.000000E+00  0.000000E+00
  0.263151E+01  0.105453E-01  0.384442E+00  0.000000E+00  0.000000E+00  0.000000E+00  0.000000E+00
  0.235511E+01  0.255135E+00 -0.173322E-01  0.000000E+00  0.000000E+00  0.000000E+00  0.000000E+00
  0.282580E+01 -0.347590E+00 -0.169637E-01  0.000000E+00  0.000000E+00  0.000000E+00  0.000000E+00
  0.278342E+01  0.186868E-01 -0.307216E+00  0.000000E+00  0.000000E+00  0.000000E+00  0.000000E+00
  0.164229E+01  0.172657E+00  0.254655E-02  0.000000E+00  0.000000E+00  0.000000E+00  0.000000E+00
  0.272180E+01  0.372551E+00 -0.138057E-01  0.000000E+00  0.000000E+00  0.000000E+00  0.000000E+00
  0.173013E+01 -0.195645E+00  0.993986E-03  0.000000E+00  0.000000E+00  0.000000E+00  0.000000E+00
  0.282755E+01  0.168504E-01 -0.349886E+00  0.000000E+00  0.000000E+00  0.000000E+00  0.000000E+00
  0.161377E+01  0.251379E-02 -0.165496E+00  0.000000E+00  0.000000E+00  0.000000E+00  0.000000E+00
  0.201307E+01 -0.157269E-01 -0.207888E+00  0.000000E+00  0.000000E+00  0.000000E+00  0.000000E+00
  0.206967E+01  0.159941E-01 -0.216555E+00  0.000000E+00  0.000000E+00  0.000000E+00  0.000000E+00
  0.170459E+01  0.292457E-02  0.188034E+00  0.000000E+00  0.000000E+00  0.000000E+00  0.000000E+00
  0.266565E+01  0.432462E+00 -0.739872E-03  0.000000E+00  0.000000E+00  0.000000E+00  0.000000E+00
  0.222202E+01 -0.229963E+00 -0.174040E-01  0.000000E+00  0.000000E+00  0.000000E+00  0.000000E+00
  0.174790E+01 -0.148048E-02  0.199948E+00  0.000000E+00  0.000000E+00  0.000000E+00  0.000000E+00
  0.169995E+01  0.585923E-02  0.182919E+00  0.000000E+00  0.000000E+00  0.000000E+00  0.000000E+00
  0.271006E+01  0.433843E+00  0.529059E-02  0.000000E+00  0.000000E+00  0.000000E+00  0.000000E+00
  0.168029E+01  0.205258E-02 -0.182563E+00  0.000000E+00  0.000000E+00  0.000000E+00  0.000000E+00
  0.233169E+01  0.346284E+00  0.255054E-02  0.000000E+00  0.000000E+00  0.000000E+00  0.000000E+00
  0.242748E+01  0.247990E+00 -0.186486E-01  0.000000E+00  0.000000E+00  0.000000E+00  0.000000E+00
  0.265151E+01  0.426341E+00 -0.281574E-02  0.000000E+00  0.000000E+00  0.000000E+00  0.000000E+00
  0.211249E+01  0.118276E-01  0.257786E+00  0.000000E+00  0.000000E+00  0.000000E+00  0.000000E+00
  0.246696E+01 -0.151692E-01  0.303922E+00  0.000000E+00  0.000000E+00  0.000000E+00  0.000000E+00
  0.201034E+01 -0.243912E+00 -0.101196E-01  0.000000E+00  0.000000E+00  0.000000E+00  0.000000E+00
  0.260240E+01  0.119569E-01  0.365896E+00  0.000000E+00  0.000000E+00  0.000000E+00  0.000000E+00
  0.164312E+01  0.173710E+00  0.663427E-03  0.000000E+00  0.000000E+00  0.000000E+00  0.000000E+00
  0.224473E+01  0.132963E-01 -0.276141E+00  0.000000E+00  0.000000E+00  0.000000E+00  0.000000E+00
  0.226354E+01 -0.990388E-02  0.303777E+00  0.000000E+00  0.000000E+00  0.000000E+00  0.000000E+00
  0.215968E+01 -0.198851E-02 -0.303586E+00  0.000000E+00  0.000000E+00  0.000000E+00  0.000000E+00
  0.236226E+01  0.996340E-02  0.326360E+00  0.000000E+00  0.000000E+00  0.000000E+00  0.000000E+00
  0.166997E+01 -0.180569E+00  0.767179E-04  0.000000E+00  0.000000E+00  0.000000E+00  0.000000E+00
  0.255402E+01 -0.392803E+00  0.594131E-02  0.000000E+00  0.000000E+00  0.000000E+00  0.000000E+00
  0.165357E+01 -0.731036E-02 -0.168705E+00  0.000000E+00  0.000000E+00  0.000000E+00  0.000000E+00
  0.250998E+01  0.256106E+00  0.189711E-01  0.000000E+00  0.000000E+00  0.000000E+00  0.000000E+00
  0.198376E+01 -0.809655E-02  0.245999E+00  0.000000E+00  0.000000E+00  0.000000E+00  0.000000E+00
  0.190872E+01 -0.217417E+00 -0.107884E-01  0.000000E+00  0.000000E+00  0.000000E+00  0.000000E+00
  0.237804E+01  0.314059E+00 -0.122027E-01  0.000000E+00  0.000000E+00  0.000000E+00  0.000000E+00
  0.208890E+01  0.462503E-02  0.281685E+00  0.000000E+00  0.000000E+00  0.000000E+00  0.000000E+00
  0.249904E+01 -0.270540E+00  0.180269E-01  0.000000E+00  0.000000E+00  0.000000E+00  0.000000E+00
  0.194702E+01  0.224097E+00 -0.112094E-01  0.000000E+00  0.000000E+00  0.000000E+00  0.000000E+00
  0.250624E+01 -0.346083E+00 -0.117715E-01  0.000000E+00  0.000000E+00  0.000000E+00  0.000000E+00
  0.252923E+01  0.260586E+00 -0.189005E-01  0.000000E+00  0.000000E+00  0.000000E+00  0.000000E+00
  0.223181E+01 -0.135735E-01  0.271089E+00  0.000000E+00  0.000000E+00  0.000000E+00  0.000000E+00
  0.211857E+01  0.491757E-02  0.288398E+00  0.000000E+00  0.000000E+00  0.000000E+00  0.000000E+00
  0.204904E+01  0.113202E-01  0.246566E+00  0.000000E+00  0.000000E+00  0.000000E+00  0.000000E+00
  0.185502E+01 -0.215501E+00  0.798641E-02  0.000000E+00  0.000000E+00  0.000000E+00  0.000000E+00
  0.257803E+01 -0.546159E-02 -0.400554E+00  0.000000E+00  0.000000E+00  0.000000E+00  0.000000E+00
  0.282435E+01 -0.172724E-01  0.341835E+00  0.000000E+00  0.000000E+00  0.000000E+00  0.000000E+00
  0.227410E+01  0.228785E+00 -0.181908E-01  0.000000E+00  0.000000E+00  0.000000E+00  0.000000E+00
  0.248514E+01 -0.320038E+00 -0.140522E-01  0.000000E+00  0.000000E+00  0.000000E+00  0.000000E+00
  0.174368E+01 -0.199158E+00 -0.669587E-03  0.000000E+00  0.000000E+00  0.000000E+00  0.000000E+00
  0.186051E+01 -0.228993E-02  0.227848E+00  0.000000E+00  0.000000E+00  0.000000E+00  0.000000E+00
  0.214182E+01  0.233422E+00 -0.157067E-01  0.000000E+00  0.000000E+00  0.000000E+00  0.000000E+00
  0.181408E+01  0.766010E-02  0.206615E+00  0.000000E+00  0.000000E+00  0.000000E+00  0.000000E+00
  0.238626E+01 -0.189852E-01  0.235468E+00  0.000000E+00  0.000000E+00  0.000000E+00  0.000000E+00
  0.199432E+01 -0.548444E-02  0.256288E+00  0.000000E+00  0.000000E+00  0.000000E+00  0.000000E+00
  0.195189E+01 -0.241631E+00 -0.707925E-02  0.000000E+00  0.000000E+00  0.000000E+00  0.000000E+00
  0.201787E+01 -0.699392E-03  0.268544E+00  0.000000E+00  0.000000E+00  0.000000E+00  0.000000E+00
  0.253318E+01  0.163796E-01 -0.301518E+00  0.000000E+00  0.000000E+00  0.000000E+00  0.000000E+00
  0.170847E+01 -0.173381E+00 -0.103090E-01  0.000000E+00  0.000000E+00  0.000000E+00  0.000000E+00
  0.205364E+01  0.232939E+00 -0.136110E-01  0.000000E+00  0.000000E+00  0.000000E+00  0.000000E+00
  0.247643E+01 -0.313421E+00 -0.145000E-01  0.000000E+00  0.000000E+00  0.000000E+00  0.000000E+00
  0.247989E+01 -0.254264E+00  0.187956E-01  0.000000E+00  0.000000E+00  0.000000E+00  0.000000E+00
  0.180311E+01 -0.124448E-01  0.185840E+00  0.000000E+00  0.000000E+00  0.000000E+00  0.000000E+00
  0.252767E+01 -0.267667E+00 -0.184909E-01  0.000000E+00  0.000000E+00  0.000000E+00  0.000000E+00
  0.236443E+01  0.270204E-02  0.354302E+00  0.000000E+00  0.000000E+00  0.000000E+00  0.000000E+00
  0.191750E+01  0.241325E+00  0.312783E-02  0.000000E+00  0.000000E+00  0.000000E+00  0.000000E+00
  0.252024E+01  0.366239E+00  0.948538E-02  0.000000E+00  0.000000E+00  0.000000E+00  0.000000E+00
  0.232934E+01  0.245307E+00 -0.177076E-01  0.000000E+00  0.000000E+00  0.000000E+00  0.000000E+00
  0.196093E+01  0.584959E-02 -0.247175E+00  0.000000E+00  0.000000E+00  0.000000E+00  0.000000E+00
  0.221580E+01 -0.178781E-01 -0.222812E+00  0.000000E+00  0.000000E+00  0.000000E+00  0.000000E+00
  0.202308E+01  0.269072E+00  0.203358E-02  0.000000E+00  0.000000E+00  0.000000E+00  0.000000E+00
  0.178310E+01 -0.425209E-02 -0.206163E+00  0.000000E+00  0.000000E+00  0.000000E+00  0.000000E+00
  0.172987E+01 -0.146651E-03  0.195730E+00  0.000000E+00  0.000000E+00  0.000000E+00  0.000000E+00
  0.232414E+01 -0.319531E+00  0.962019E-02  0.000000E+00  0.000000E+00  0.000000E+00  0.000000E+00
  0.184077E+01 -0.218915E+00 -0.519992E-02  0.000000E+00  0.000000E+00  0.000000E+00  0.000000E+00
  0.221364E+01 -0.507861E-02 -0.311577E+00  0.000000E+00  0.000000E+00  0.000000E+00  0.000000E+00
  0.265055E+01  0.278654E+00  0.190026E-01  0.000000E+00  0.000000E+00  0.000000E+00  0.000000E+00
  0.214606E+01 -0.298960E+00  0.297718E-02  0.000000E+00  0.000000E+00  0.000000E+00  0.000000E+00
  0.281079E+01  0.297605E+00 -0.193331E-01  0.000000E+00  0.000000E+00  0.000000E+00  0.000000E+00
  0.177501E+01  0.881266E-02 -0.193865E+00  0.000000E+00  0.000000E+00  0.000000E+00  0.000000E+00
  0.187780E+01  0.136481E-01 -0.195371E+00  0.000000E+00  0.000000E+00  0.000000E+00  0.000000E+00
  0.280102E+01 -0.878693E-03  0.466635E+00  0.000000E+00  0.000000E+00  0.000000E+00  0.000000E+00
  0.244877E+01 -0.377633E+00  0.605389E-03  0.000000E+00  0.000000E+00  0.000000E+00  0.000000E+00
  0.200024E+01 -0.231793E+00 -0.119944E-01  0.000000E+00  0.000000E+00  0.000000E+00  0.000000E+00
  0.209040E+01 -0.334985E-02  0.284422E+00  0.000000E+00  0.000000E+00  0.000000E+00  0.000000E+00
  0.177048E+01  0.870772E-02 -0.193115E+00  0.000000E+00  0.000000E+00  0.000000E+00  0.000000E+00
  0.216811E+01  0.238124E+00  0.157547E-01  0.000000E+00  0.000000E+00  0.000000E+00  0.000000E+00
  0.234479E+01  0.326047E+00 -0.932649E-02  0.000000E+00  0.000000E+00  0.000000E+00  0.000000E+00
  0.271072E+01  0.351619E+00 -0.152688E-01  0.000000E+00  0.000000E+00  0.000000E+00  0.000000E+00
  0.175157E+01 -0.181230E+00 -0.108649E-01  0.000000E+00  0.000000E+00  0.000000E+00  0.000000E+00
  0.187372E+01 -0.232139E+00  0.277905E-03  0.000000E+00  0.000000E+00  0.000000E+00  0.000000E+00
  0.219703E+01 -0.257808E+00  0.142722E-01  0.000000E+00  0.000000E+00  0.000000E+00  0.000000E+00
  0.187504E+01 -0.108324E-01 -0.209529E+00  0.000000E+00  0.000000E+00  0.000000E+00  0.000000E+00
  0.261114E+01 -0.734273E-02  0.400377E+00  0.000000E+00  0.000000E+00  0.000000E+00  0.000000E+00
  0.198311E+01  0.221623E+00  0.130522E-01  0.000000E+00  0.000000E+00  0.000000E+00  0.000000E+00
  0.267851E+01  0.190733E-01  0.281805E+00  0.000000E+00  0.000000E+00  0.000000E+00  0.000000E+00
  0.224687E+01  0.148526E-01  0.262734E+00  0.000000E+00  0.000000E+00  0.000000E+00  0.000000E+00
  0.211059E+01  0.288267E+00 -0.404916E-02  0.000000E+00  0.000000E+00  0.000000E+00  0.000000E+00
  0.168661E+01  0.180119E+00  0.557946E-02  0.000000E+00  0.000000E+00  0.000000E+00  0.000000E+00
  0.163993E+01  0.172963E+00 -0.409233E-04  0.000000E+00  0.000000E+00  0.000000E+00  0.000000E+00
  0.181823E+01  0.218093E+00  0.245151E-03  0.000000E+00  0.000000E+00  0.000000E+00  0.000000E+00
  0.259685E+01  0.142535E-01  0.341133E+00  0.000000E+00  0.000000E+00  0.000000E+00  0.000000E+00
  0.251596E+01  0.308627E+00 -0.155876E-01  0.000000E+00  0.000000E+00  0.000000E+00  0.000000E+00
  0.208867E+01  0.220911E+00  0.159249E-01  0.000000E+00  0.000000E+00  0.000000E+00  0.000000E+00
  0.279995E+01  0.423684E+00  0.104785E-01  0.000000E+00  0.000000E+00  0.000000E+00  0.000000E+00
  0.228636E+01 -0.153052E-01  0.266168E+00  0.000000E+00  0.000000E+00  0.000000E+00  0.000000E+00
  0.231257E+01  0.117104E-01  0.303274E+00  0.000000E+00  0.000000E+00  0.000000E+00  0.000000E+00
  0.267906E+01 -0.471424E-02 -0.428225E+00  0.000000E+00  0.000000E+00  0.000000E+00  0.000000E+00
  0.201553E+01 -0.213572E+00  0.151080E-01  0.000000E+00  0.000000E+00  0.000000E+00  0.000000E+00
  0.183646E+01  0.147284E-02  0.222332E+00  0.000000E+00  0.000000E+00  0.000000E+00  0.000000E+00
  0.162915E+01  0.159175E-02 -0.169889E+00  0.000000E+00  0.000000E+00  0.000000E+00  0.000000E+00
  0.278425E+01  0.326366E-02  0.458720E+00  0.000000E+00  0.000000E+00  0.000000E+00  0.000000E+00
  0.179449E+01  0.205754E-03  0.212086E+00  0.000000E+00  0.000000E+00  0.000000E+00  0.000000E+00
  0.222884E+01 -0.314422E+00  0.541260E-02  0.000000E+00  0.000000E+00  0.000000E+00  0.000000E+00
  0.254366E+01  0.580208E-02  0.390796E+00  0.000000E+00  0.000000E+00  0.000000E+00  0.000000E+00
  0.185451E+01  0.219302E+00 -0.656900E-02  0.000000E+00  0.000000E+00  0.000000E+00  0.000000E+00
  0.251838E+01 -0.207404E-02  0.394004E+00  0.000000E+00  0.000000E+00  0.000000E+00  0.000000E+00
  0.266504E+01  0.855672E-02  0.406376E+00  0.000000E+00  0.000000E+00  0.000000E+00  0.000000E+00
  0.188239E+01  0.663932E-02  0.225934E+00  0.000000E+00  0.000000E+00  0.000000E+00  0.000000E+00
  0.273273E+01  0.164125E-01  0.339172E+00  0.000000E+00  0.000000E+00  0.000000E+00  0.000000E+00
  0.282842E+01 -0.112404E-01 -0.423262E+00  0.000000E+00  0.000000E+00  0.000000E+00  0.000000E+00
  0.195338E+01  0.138266E-01 -0.210218E+00  0.000000E+00  0.000000E+00  0.000000E+00  0.000000E+00
  0.193366E+01  0.244691E+00  0.364175E-02  0.000000E+00  0.000000E+00  0.000000E+00  0.000000E+00
  0.223025E+01  0.310904E+00 -0.662135E-02  0.000000E+00  0.000000E+00  0.000000E+00  0.000000E+00
  0.205375E+01 -0.271692E+00  0.518598E-02  0.000000E+00  0.000000E+00  0.000000E+00  0.000000E+00
  0.209079E+01  0.252058E+00  0.119704E-01  0.000000E+00  0.000000E+00  0.000000E+00  0.000000E+00
  0.234018E+01 -0.273620E+00  0.156066E-01  0.000000E+00  0.000000E+00  0.000000E+00  0.000000E+00
  0.235660E+01  0.535358E-02  0.346187E+00  0.000000E+00  0.000000E+00  0.000000E+00  0.000000E+00
  0.250434E+01 -0.127071E-01  0.337424E+00  0.000000E+00  0.000000E+00  0.000000E+00  0.000000E+00
  0.268650E+01 -0.437604E+00  0.965036E-03  0.000000E+00  0.000000E+00  0.000000E+00  0.000000E+00
  0.204985E+01 -0.273909E+00  0.356971E-02  0.000000E+00  0.000000E+00  0.000000E+00  0.000000E+00
  0.224375E+01  0.231218E-02 -0.324440E+00  0.000000E+00  0.000000E+00  0.000000E+00  0.000000E+00
  0.205461E+01  0.105924E-01  0.251770E+00  0.000000E+00  0.000000E+00  0.000000E+00  0.000000E+00
  0.193416E+01  0.195381E+00 -0.153418E-01  0.000000E+00  0.000000E+00  0.000000E+00  0.000000E+00
  0.271703E+01  0.340831E-02 -0.441499E+00  0.000000E+00  0.000000E+00  0.000000E+00  0.000000E+00
  0.172092E+01  0.188446E+00 -0.565967E-02  0.000000E+00  0.000000E+00  0.000000E+00  0.000000E+00
  0.213294E+01  0.292309E+00 -0.477087E-02  0.000000E+00  0.000000E+00  0.000000E+00  0.000000E+00
  0.235527E+01  0.138559E-01  0.294714E+00  0.000000E+00  0.000000E+00  0.000000E+00  0.000000E+00
  0.260637E+01 -0.394451E+00 -0.821507E-02  0.000000E+00  0.000000E+00  0.000000E+00  0.000000E+00
  0.169586E+01  0.981130E-02 -0.172110E+00  0.000000E+00  0.000000E+00  0.000000E+00  0.000000E+00
  0.164216E+01  0.645472E-02  0.167645E+00  0.000000E+00  0.000000E+00  0.000000E+00  0.000000E+00
  0.169301E+01  0.174851E+00  0.866383E-02  0.000000E+00  0.000000E+00  0.000000E+00  0.000000E+00
  0.260725E+01 -0.158055E-01 -0.323758E+00  0.000000E+00  0.000000E+00  0.000000E+00  0.000000E+00
  0.264984E+01 -0.198076E-01 -0.261531E+00  0.000000E+00  0.000000E+00  0.000000E+00  0.000000E+00
  0.273485E+01 -0.386456E+00 -0.128218E-01  0.000000E+00  0.000000E+00  0.000000E+00  0.000000E+00
  0.204052E+01 -0.135531E-01  0.230565E+00  0.000000E+00  0.000000E+00  0.000000E+00  0.000000E+00
  0.262338E+01 -0.107566E-01  0.380897E+00  0.000000E+00  0.000000E+00  0.000000E+00  0.000000E+00
  0.269854E+01  0.170381E-01 -0.322707E+00  0.000000E+00  0.000000E+00  0.000000E+00  0.000000E+00
  0.210722E+01  0.139198E-01  0.241944E+00  0.000000E+00  0.000000E+00  0.000000E+00  0.000000E+00
  0.265385E+01  0.191494E-01 -0.276218E+00  0.000000E+00  0.000000E+00  0.000000E+00  0.000000E+00
  0.264852E+01 -0.139151E-01 -0.355835E+00  0.000000E+00  0.000000E+00  0.000000E+00  0.000000E+00
  0.177063E+01 -0.611188E-02  0.199801E+00  0.000000E+00  0.000000E+00  0.000000E+00  0.000000E+00
  0.206484E+01  0.130697E-01 -0.239150E+00  0.000000E+00  0.000000E+00  0.000000E+00  0.000000E+00
  0.185507E+01  0.200969E+00  0.117038E-01  0.000000E+00  0.000000E+00  0.000000E+00  0.000000E+00
  0.194069E+01 -0.102247E-01 -0.227322E+00  0.000000E+00  0.000000E+00  0.000000E+00  0.000000E+00
  0.261849E+01 -0.796465E-02 -0.398790E+00  0.000000E+00  0.000000E+00  0.000000E+00  0.000000E+00
  0.166952E+01  0.178076E+00  0.404481E-02  0.000000E+00  0.000000E+00  0.000000E+00  0.000000E+00
  0.254456E+01 -0.195349E-01 -0.250860E+00  0.000000E+00  0.000000E+00  0.000000E+00  0.000000E+00
  0.172976E+01 -0.175374E+00  0.110956E-01  0.000000E+00  0.000000E+00  0.000000E+00  0.000000E+00
  0.234564E+01  0.176375E-01 -0.249204E+00  0.000000E+00  0.000000E+00  0.000000E+00  0.000000E+00
  0.183577E+01  0.105742E-01  0.201658E+00  0.000000E+00  0.000000E+00  0.000000E+00  0.000000E+00
  0.163475E+01  0.164642E-02 -0.171278E+00  0.000000E+00  0.000000E+00  0.000000E+00  0.000000E+00
  0.267156E+01  0.198237E-02  0.432781E+00  0.000000E+00  0.000000E+00  0.000000E+00  0.000000E+00
  0.248214E+01 -0.182351E-01 -0.264187E+00  0.000000E+00  0.000000E+00  0.000000E+00  0.000000E+00
  0.282744E+01 -0.405437E+00  0.129224E-01  0.000000E+00  0.000000E+00  0.000000E+00  0.000000E+00
  0.201940E+01  0.214374E+00 -0.151054E-01  0.000000E+00  0.000000E+00  0.000000E+00  0.000000E+00
  0.272385E+01 -0.251077E-02 -0.445124E+00  0.000000E+00  0.000000E+00  0.000000E+00  0.000000E+00
  0.204079E+01  0.134006E-01 -0.231694E+00  0.000000E+00  0.000000E+00  0.000000E+00  0.000000E+00
  0.168357E+01  0.573249E-03 -0.183962E+00  0.000000E+00  0.000000E+00  0.000000E+00  0.000000E+00
  0.211536E+01 -0.243791E+00  0.139027E-01  0.000000E+00  0.000000E+00  0.000000E+00  0.000000E+00
  0.181095E+01  0.528633E-02  0.211372E+00  0.000000E+00  0.000000E+00  0.000000E+00  0.000000E+00
  0.203088E+01  0.246869E+00  0.104851E-01  0.000000E+00  0.000000E+00  0.000000E+00  0.000000E+00
  0.206917E+01 -0.112024E-02 -0.281355E+00  0.000000E+00  0.000000E+00  0.000000E+00  0.000000E+00
  0.248341E+01 -0.272818E+00  0.177092E-01  0.000000E+00  0.000000E+00  0.000000E+00  0.000000E+00
  0.196701E+01  0.577365E-02 -0.248857E+00  0.000000E+00  0.000000E+00  0.000000E+00  0.000000E+00
  0.256069E+01  0.122780E-01 -0.353731E+00  0.000000E+00  0.000000E+00  0.000000E+00  0.000000E+00
  0.215313E+01  0.529311E-03  0.302827E+00  0.000000E+00  0.000000E+00  0.000000E+00  0.000000E+00
  0.177847E+01  0.203576E+00  0.514932E-02  0.000000E+00  0.000000E+00  0.000000E+00  0.000000E+00
  0.231883E+01  0.233858E+00  0.183730E-01  0.000000E+00  0.000000E+00  0.000000E+00  0.000000E+00
  0.195583E+01  0.111950E-01  0.226163E+00  0.000000E+00  0.000000E+00  0.000000E+00  0.000000E+00
  0.241131E+01 -0.248021E+00 -0.184798E-01  0.000000E+00  0.000000E+00  0.000000E+00  0.000000E+00
  0.275014E+01 -0.357284E-02  0.449382E+00  0.000000E+00  0.000000E+00  0.000000E+00  0.000000E+00
  0.208143E+01 -0.231605E+00 -0.145431E-01  0.000000E+00  0.000000E+00  0.000000E+00  0.000000E+00
  0.224934E+01 -0.326478E+00 -0.171878E-02  0.000000E+00  0.000000E+00  0.000000E+00  0.000000E+00
  0.269776E+01  0.399481E+00  0.105657E-01  0.000000E+00  0.000000E+00  0.000000E+00  0.000000E+00
  0.269920E+01 -0.122218E-01 -0.384836E+00  0.000000E+00  0.000000E+00  0.000000E+00  0.000000E+00
  0.271191E+01 -0.175884E-01 -0.315791E+00  0.000000E+00  0.000000E+00  0.000000E+00  0.000000E+00
  0.218602E+01 -0.792035E-02 -0.295188E+00  0.000000E+00  0.000000E+00  0.000000E+00  0.000000E+00
  0.196325E+01  0.821129E-02 -0.240683E+00  0.000000E+00  0.000000E+00  0.000000E+00  0.000000E+00
  0.178637E+01 -0.181193E+00 -0.126444E-01  0.000000E+00  0.000000E+00  0.000000E+00  0.000000E+00
  0.183305E+01 -0.117297E-01  0.195921E+00  0.000000E+00  0.000000E+00  0.000000E+00  0.000000E+00
  0.192686E+01 -0.241012E+00 -0.481301E-02  0.000000E+00  0.000000E+00  0.000000E+00  0.000000E+00
  0.231417E+01 -0.109319E-01  0.309068E+00  0.000000E+00  0.000000E+00  0.000000E+00  0.000000E+00
  0.265258E+01  0.335620E+00  0.155912E-01  0.000000E+00  0.000000E+00  0.000000E+00  0.000000E+00
  0.195995E+01  0.431765E-02 -0.250169E+00  0.000000E+00  0.000000E+00  0.000000E+00  0.000000E+00
  0.177680E+01  0.126164E-01  0.179239E+00  0.000000E+00  0.000000E+00  0.000000E+00  0.000000E+00
  0.217860E+01 -0.649785E-02 -0.298710E+00  0.000000E+00  0.000000E+00  0.000000E+00  0.000000E+00
  0.272269E+01  0.160976E-01  0.342074E+00  0.000000E+00  0.000000E+00  0.000000E+00  0.000000E+00
  0.266565E+01 -0.264074E+00  0.198031E-01  0.000000E+00  0.000000E+00  0.000000E+00  0.000000E+00
  0.219563E+01  0.313356E+00  0.109171E-02  0.000000E+00  0.000000E+00  0.000000E+00  0.000000E+00
  0.163514E+01  0.512148E-02  0.168109E+00  0.000000E+00  0.000000E+00  0.000000E+00  0.000000E+00
  0.241115E+01  0.367891E+00  0.105344E-02  0.000000E+00  0.000000E+00  0.000000E+00  0.000000E+00
  0.253770E+01  0.286442E+00 -0.174616E-01  0.000000E+00  0.000000E+00  0.000000E+00  0.000000E+00
  0.236162E+01 -0.355056E+00  0.147914E-02  0.000000E+00  0.000000E+00  0.000000E+00  0.000000E+00
  0.183010E+01 -0.809101E-02  0.209209E+00  0.000000E+00  0.000000E+00  0.000000E+00  0.000000E+00
  0.223056E+01 -0.142882E-01 -0.264635E+00  0.000000E+00  0.000000E+00  0.000000E+00  0.000000E+00
  0.231068E+01  0.296880E+00  0.124970E-01  0.000000E+00  0.000000E+00  0.000000E+00  0.000000E+00
  0.218132E+01  0.288915E+00  0.906837E-02  0.000000E+00  0.000000E+00  0.000000E+00  0.000000E+00
  0.239286E+01 -0.342099E+00  0.846729E-02  0.000000E+00  0.000000E+00  0.000000E+00  0.000000E+00
  0.251970E+01  0.296624E+00 -0.165468E-01  0.000000E+00  0.000000E+00  0.000000E+00  0.000000E+00
  0.282609E+01  0.312669E+00  0.187673E-01  0.000000E+00  0.000000E+00  0.000000E+00  0.000000E+00
  0.275555E+01 -0.171624E-01  0.331146E+00  0.000000E+00  0.000000E+00  0.000000E+00  0.000000E+00
  0.209235E+01 -0.287487E+00  0.278361E-03  0.000000E+00  0.000000E+00  0.000000E+00  0.000000E+00
  0.193155E+01  0.236049E+00 -0.729659E-02  0.000000E+00  0.000000E+00  0.000000E+00  0.000000E+00
  0.250416E+01 -0.928116E-02  0.363769E+00  0.000000E+00  0.000000E+00  0.000000E+00  0.000000E+00
  0.283890E+01 -0.153346E-01  0.376344E+00  0.000000E+00  0.000000E+00  0.000000E+00  0.000000E+00
  0.199230E+01  0.604296E-02 -0.254401E+00  0.000000E+00  0.000000E+00  0.000000E+00  0.000000E+00
  0.270311E+01 -0.440653E+00  0.204653E-02  0.000000E+00  0.000000E+00  0.000000E+00  0.000000E+00
  0.173278E+01  0.196186E+00 -0.134454E-02  0.000000E+00  0.000000E+00  0.000000E+00  0.000000E+00
  0.201449E+01  0.238454E+00 -0.113777E-01  0.000000E+00  0.000000E+00  0.000000E+00  0.000000E+00
  0.180269E+01  0.211806E+00  0.370458E-02  0.000000E+00  0.000000E+00  0.000000E+00  0.000000E+00
  0.173553E+01 -0.195976E+00 -0.274291E-02  0.000000E+00  0.000000E+00  0.000000E+00  0.000000E+00
  0.209221E+01 -0.152065E-01  0.228177E+00  0.000000E+00  0.000000E+00  0.000000E+00  0.000000E+00
  0.187768E+01 -0.209075E+00 -0.110649E-01  0.000000E+00  0.000000E+00  0.000000E+00  0.000000E+00
  0.269840E+01 -0.421741E+00  0.729717E-02  0.000000E+00  0.000000E+00  0.000000E+00  0.000000E+00
  0.240366E+01  0.298038E+00  0.145358E-01  0.000000E+00  0.000000E+00  0.000000E+00  0.000000E+00
  0.281883E+01 -0.188996E-01 -0.308596E+00  0.000000E+00  0.000000E+00  0.000000E+00  0.000000E+00
  0.197995E+01 -0.258188E+00 -0.203450E-02  0.000000E+00  0.000000E+00  0.000000E+00  0.000000E+00
  0.220989E+01  0.301603E+00  0.775793E-02  0.000000E+00  0.000000E+00  0.000000E+00  0.000000E+00
  0.173537E+01  0.242821E-02  0.196193E+00  0.000000E+00  0.000000E+00  0.000000E+00  0.000000E+00
  0.175694E+01  0.181692E+00 -0.110577E-01  0.000000E+00  0.000000E+00  0.000000E+00  0.000000E+00
  0.191266E+01  0.220973E+00 -0.101954E-01  0.000000E+00  0.000000E+00  0.000000E+00  0.000000E+00
  0.174745E+01 -0.497454E-02  0.196181E+00  0.000000E+00  0.000000E+00  0.000000E+00  0.000000E+00
  0.222587E+01  0.178605E-01  0.224826E+00  0.000000E+00  0.000000E+00  0.000000E+00  0.000000E+00
  0.189016E+01 -0.235208E+00  0.241715E-02  0.000000E+00  0.000000E+00  0.000000E+00  0.000000E+00
  0.218737E+01  0.102743E-01 -0.284035E+00  0.000000E+00  0.000000E+00  0.000000E+00  0.000000E+00
  0.234691E+01 -0.294945E+00 -0.136410E-01  0.000000E+00  0.000000E+00  0.000000E+00  0.000000E+00
  0.282478E+01 -0.454905E+00 -0.683784E-02  0.000000E+00  0.000000E+00  0.000000E+00  0.000000E+00
  0.240003E+01 -0.361647E+00  0.357569E-02  0.000000E+00  0.000000E+00  0.000000E+00  0.000000E+00
  0.211074E+01 -0.160699E-01  0.223807E+00  0.000000E+00  0.000000E+00  0.000000E+00  0.000000E+00
  0.185191E+01 -0.216694E+00 -0.732165E-02  0.000000E+00  0.000000E+00  0.000000E+00  0.000000E+00
  0.273871E+01 -0.201028E-01  0.268198E+00  0.000000E+00  0.000000E+00  0.000000E+00  0.000000E+00
  0.282148E+01  0.172071E-01 -0.342484E+00  0.000000E+00  0.000000E+00  0.000000E+00  0.000000E+00
  0.245308E+01 -0.184594E-01 -0.255481E+00  0.000000E+00  0.000000E+00  0.000000E+00  0.000000E+00
  0.254004E+01 -0.352600E+00  0.118913E-01  0.000000E+00  0.000000E+00  0.000000E+00  0.000000E+00
  0.193563E+01 -0.102010E-01 -0.226258E+00  0.000000E+00  0.000000E+00  0.000000E+00  0.000000E+00
  0.176425E+01 -0.200195E+00 -0.506720E-02  0.000000E+00  0.000000E+00  0.000000E+00  0.000000E+00
  0.188884E+01 -0.145031E-01 -0.192214E+00  0.000000E+00  0.000000E+00  0.000000E+00  0.000000E+00
  0.258304E+01  0.322886E+00 -0.155125E-01  0.000000E+00  0.000000E+00  0.000000E+00  0.000000E+00
  0.271663E+01  0.152650E-01  0.352856E+00  0.000000E+00  0.000000E+00  0.000000E+00  0.000000E+00
  0.176190E+01  0.366271E-02  0.201644E+00  0.000000E+00  0.000000E+00  0.000000E+00  0.000000E+00
  0.162764E+01  0.177437E-03 -0.169848E+00  0.000000E+00  0.000000E+00  0.000000E+00  0.000000E+00
  0.164227E+01 -0.929229E-03 -0.173435E+00  0.000000E+00  0.000000E+00  0.000000E+00  0.000000E+00
  0.230884E+01 -0.639819E-02 -0.330915E+00  0.000000E+00  0.000000E+00  0.000000E+00  0.000000E+00
  0.191053E+01  0.219971E+00  0.103127E-01  0.000000E+00  0.000000E+00  0.000000E+00  0.000000E+00
  0.235581E+01 -0.323789E+00  0.101361E-01  0.000000E+00  0.000000E+00  0.000000E+00  0.000000E+00
  0.226941E+01  0.278917E+00  0.135929E-01  0.000000E+00  0.000000E+00  0.000000E+00  0.000000E+00
  0.229915E+01 -0.330389E+00  0.586159E-02  0.000000E+00  0.000000E+00  0.000000E+00  0.000000E+00
  0.243680E+01 -0.374555E+00  0.720671E-03  0.000000E+00  0.000000E+00  0.000000E+00  0.000000E+00
  0.230855E+01 -0.341351E+00  0.180470E-02  0.000000E+00  0.000000E+00  0.000000E+00  0.000000E+00
  0.277852E+01  0.152905E-01  0.364901E+00  0.000000E+00  0.000000E+00  0.000000E+00  0.000000E+00
  0.274221E+01  0.187364E-01  0.299272E+00  0.000000E+00  0.000000E+00  0.000000E+00  0.000000E+00
  0.177483E+01  0.802349E-02  0.196160E+00  0.000000E+00  0.000000E+00  0.000000E+00  0.000000E+00
  0.243916E+01  0.324425E+00  0.125693E-01  0.000000E+00  0.000000E+00  0.000000E+00  0.000000E+00
  0.277761E+01  0.121070E-01  0.403333E+00  0.000000E+00  0.000000E+00  0.000000E+00  0.000000E+00
  0.215265E+01 -0.107707E-01 -0.273231E+00  0.000000E+00  0.000000E+00  0.000000E+00  0.000000E+00
  0.175315E+01  0.757227E-02  0.192156E+00  0.000000E+00  0.000000E+00  0.000000E+00  0.000000E+00
  0.223111E+01  0.962118E-02  0.297788E+00  0.000000E+00  0.000000E+00  0.000000E+00  0.000000E+00
  0.237582E+01  0.240058E+00  0.186001E-01  0.000000E+00  0.000000E+00  0.000000E+00  0.000000E+00
  0.171068E+01  0.176148E+00  0.962956E-02  0.000000E+00  0.000000E+00  0.000000E+00  0.000000E+00
  0.198586E+01  0.246961E+00 -0.796691E-02  0.000000E+00  0.000000E+00  0.000000E+00  0.000000E+00
  0.184652E+01 -0.204849E+00 -0.103999E-01  0.000000E+00  0.000000E+00  0.000000E+00  0.000000E+00
  0.258784E+01 -0.123043E-01 -0.359474E+00  0.000000E+00  0.000000E+00  0.000000E+00  0.000000E+00
  0.274741E+01  0.289995E+00  0.192163E-01  0.000000E+00  0.000000E+00  0.000000E+00  0.000000E+00
  0.234343E+01 -0.338076E+00 -0.673928E-02  0.000000E+00  0.000000E+00  0.000000E+00  0.000000E+00
  0.190084E+01  0.377861E-03 -0.238993E+00  0.000000E+00  0.000000E+00  0.000000E+00  0.000000E+00
  0.192935E+01 -0.203856E+00 -0.140224E-01  0.000000E+00  0.000000E+00  0.000000E+00  0.000000E+00
  0.268950E+01  0.509628E-02 -0.429480E+00  0.000000E+00  0.000000E+00  0.000000E+00  0.000000E+00
  0.258230E+01 -0.388064E-02  0.406562E+00  0.000000E+00  0.000000E+00  0.000000E+00  0.000000E+00
  0.243793E+01  0.359022E+00 -0.721952E-02  0.000000E+00  0.000000E+00  0.000000E+00  0.000000E+00
  0.275612E+01 -0.454315E+00 -0.184567E-02  0.000000E+00  0.000000E+00  0.000000E+00  0.000000E+00
  0.268170E+01  0.302992E+00 -0.180043E-01  0.000000E+00  0.000000E+00  0.000000E+00  0.000000E+00
  0.273338E+01  0.449246E+00  0.124039E-02  0.000000E+00  0.000000E+00  0.000000E+00  0.000000E+00
  0.226316E+01 -0.120598E-01 -0.289723E+00  0.000000E+00  0.000000E+00  0.000000E+00  0.000000E+00
  0.226452E+01 -0.269561E+00  0.145163E-01  0.000000E+00  0.000000E+00  0.000000E+00  0.000000E+00
  0.198670E+01 -0.149607E-01 -0.208912E+00  0.000000E+00  0.000000E+00  0.000000E+00  0.000000E+00
  0.201242E+01 -0.237558E+00 -0.114556E-01  0.000000E+00  0.000000E+00  0.000000E+00  0.000000E+00
  0.185436E+01  0.597516E-02  0.220666E+00  0.000000E+00  0.000000E+00  0.000000E+00  0.000000E+00
  0.201218E+01 -0.234268E+00  0.120248E-01  0.000000E+00  0.000000E+00  0.000000E+00  0.000000E+00
  0.240346E+01 -0.250996E+00 -0.182071E-01  0.000000E+00  0.000000E+00  0.000000E+00  0.000000E+00
  0.252397E+01 -0.258672E+00  0.189571E-01  0.000000E+00  0.000000E+00  0.000000E+00  0.000000E+00
  0.192634E+01  0.194417E+00  0.152631E-01  0.000000E+00  0.000000E+00  0.000000E+00  0.000000E+00
  0.269308E+01  0.321492E+00  0.170506E-01  0.000000E+00  0.000000E+00  0.000000E+00  0.000000E+00
  0.227742E+01 -0.316127E+00 -0.814301E-02  0.000000E+00  0.000000E+00  0.000000E+00  0.000000E+00
  0.172518E+01 -0.187195E+00  0.680772E-02  0.000000E+00  0.000000E+00  0.000000E+00  0.000000E+00
  0.239150E+01  0.279547E+00 -0.159636E-01  0.000000E+00  0.000000E+00  0.000000E+00  0.000000E+00
  0.186436E+01  0.132135E-01 -0.195066E+00  0.000000E+00  0.000000E+00  0.000000E+00  0.000000E+00
  0.275157E+01  0.106026E-01 -0.411514E+00  0.000000E+00  0.000000E+00  0.000000E+00  0.000000E+00
  0.221658E+01  0.224226E+00 -0.177799E-01  0.000000E+00  0.000000E+00  0.000000E+00  0.000000E+00
  0.200282E+01  0.207086E+00  0.155841E-01  0.000000E+00  0.000000E+00  0.000000E+00  0.000000E+00
  0.271295E+01 -0.196798E-01 -0.274206E+00  0.000000E+00  0.000000E+00  0.000000E+00  0.000000E+00
  0.276695E+01 -0.329085E+00 -0.173996E-01  0.000000E+00  0.000000E+00  0.000000E+00  0.000000E+00
  0.187567E+01 -0.197207E+00 -0.132634E-01  0.000000E+00  0.000000E+00  0.000000E+00  0.000000E+00
  0.270639E+01 -0.154356E-01  0.348450E+00  0.000000E+00  0.000000E+00  0.000000E+00  0.000000E+00
  0.247343E+01 -0.850913E-02 -0.361061E+00  0.000000E+00  0.000000E+00  0.000000E+00  0.000000E+00
  0.169236E+01 -0.185592E+00 -0.207750E-02  0.000000E+00  0.000000E+00  0.000000E+00  0.000000E+00
  0.278163E+01 -0.896595E-02 -0.431280E+00  0.000000E+00  0.000000E+00  0.000000E+00  0.000000E+00
  0.277509E+01 -0.343688E+00  0.166329E-01  0.000000E+00  0.000000E+00  0.000000E+00  0.000000E+00
  0.226393E+01 -0.132553E-01  0.280597E+00  0.000000E+00  0.000000E+00  0.000000E+00  0.000000E+00
  0.279996E+01  0.188925E-01 -0.305622E+00  0.000000E+00  0.000000E+00  0.000000E+00  0.000000E+00
  0.217059E+01  0.223996E+00 -0.171159E-01  0.000000E+00  0.000000E+00  0.000000E+00  0.000000E+00
  0.260548E+01 -0.407345E+00  0.545895E-02  0.000000E+00  0.000000E+00  0.000000E+00  0.000000E+00
  0.282786E+01 -0.381912E+00  0.147911E-01  0.000000E+00  0.000000E+00  0.000000E+00  0.000000E+00
  0.235346E+01  0.342923E+00 -0.610058E-02  0.000000E+00  0.000000E+00  0.000000E+00  0.000000E+00
  0.171148E+01 -0.721980E-02 -0.182937E+00  0.000000E+00  0.000000E+00  0.000000E+00  0.000000E+00
  0.188224E+01 -0.248847E-02  0.233148E+00  0.000000E+00  0.000000E+00  0.000000E+00  0.000000E+00
  0.187241E+01 -0.132941E-01 -0.196327E+00  0.000000E+00  0.000000E+00  0.000000E+00  0.000000E+00
  0.184601E+01  0.219549E+00  0.553602E-02  0.000000E+00  0.000000E+00  0.000000E+00  0.000000E+00
  0.183687E+01  0.603205E-02  0.216240E+00  0.000000E+00  0.000000E+00  0.000000E+00  0.000000E+00
  0.241083E+01  0.985564E-02  0.338324E+00  0.000000E+00  0.000000E+00  0.000000E+00  0.000000E+00
  0.164724E+01 -0.709958E-02  0.167617E+00  0.000000E+00  0.000000E+00  0.000000E+00  0.000000E+00
  0.214059E+01  0.457152E-02 -0.294666E+00  0.000000E+00  0.000000E+00  0.000000E+00  0.000000E+00
  0.219167E+01 -0.777415E-02 -0.297150E+00  0.000000E+00  0.000000E+00  0.000000E+00  0.000000E+00
  0.210406E+01 -0.296778E-02  0.288416E+00  0.000000E+00  0.000000E+00  0.000000E+00  0.000000E+00
  0.259716E+01 -0.303373E+00 -0.170736E-01  0.000000E+00  0.000000E+00  0.000000E+00  0.000000E+00
  0.171967E+01 -0.177418E+00 -0.988311E-02  0.000000E+00  0.000000E+00  0.000000E+00  0.000000E+00
  0.244602E+01 -0.866132E-02  0.353696E+00  0.000000E+00  0.000000E+00  0.000000E+00  0.000000E+00
  0.253501E+01  0.140207E-01 -0.330823E+00  0.000000E+00  0.000000E+00  0.000000E+00  0.000000E+00
  0.180374E+01  0.113253E-01  0.191172E+00  0.000000E+00  0.000000E+00  0.000000E+00  0.000000E+00
  0.188760E+01  0.856430E-02  0.221408E+00  0.000000E+00  0.000000E+00  0.000000E+00  0.000000E+00
  0.241598E+01  0.147096E-01  0.298723E+00  0.000000E+00  0.000000E+00  0.000000E+00  0.000000E+00
  0.242212E+01  0.789358E-03 -0.370810E+00  0.000000E+00  0.000000E+00  0.000000E+00  0.000000E+00
  0.254731E+01 -0.337548E+00  0.136328E-01  0.000000E+00  0.000000E+00  0.000000E+00  0.000000E+00
  0.182676E+01 -0.197840E+00 -0.109898E-01  0.000000E+00  0.000000E+00  0.000000E+00  0.000000E+00
  0.177102E+01 -0.197227E+00  0.727668E-02  0.000000E+00  0.000000E+00  0.000000E+00  0.000000E+00
  0.259544E+01 -0.960970E-02  0.383002E+00  0.000000E+00  0.000000E+00  0.000000E+00  0.000000E+00
  0.267111E+01 -0.257289E-02  0.431729E+00  0.000000E+00  0.000000E+00  0.000000E+00  0.000000E+00
  0.243685E+01 -0.320190E+00  0.129878E-01  0.000000E+00  0.000000E+00  0.000000E+00  0.000000E+00
  0.231806E+01  0.253725E+00  0.169196E-01  0.000000E+00  0.000000E+00  0.000000E+00  0.000000E+00
  0.255467E+01 -0.301288E+00  0.166838E-01  0.000000E+00  0.000000E+00  0.000000E+00  0.000000E+00
  0.252449E+01  0.281609E-02  0.394387E+00  0.000000E+00  0.000000E+00  0.000000E+00  0.000000E+00
  0.192626E+01 -0.128585E-01  0.210499E+00  0.000000E+00  0.000000E+00  0.000000E+00  0.000000E+00
  0.193968E+01  0.997096E-02  0.228202E+00  0.000000E+00  0.000000E+00  0.000000E+00  0.000000E+00
  0.204972E+01 -0.245697E+00  0.115001E-01  0.000000E+00  0.000000E+00  0.000000E+00  0.000000E+00
  0.198231E+01  0.221241E+00  0.130850E-01  0.000000E+00  0.000000E+00  0.000000E+00  0.000000E+00
  0.271235E+01 -0.342969E-02 -0.440272E+00  0.000000E+00  0.000000E+00  0.000000E+00  0.000000E+00
  0.215289E+01  0.137861E-01 -0.252626E+00  0.000000E+00  0.000000E+00  0.000000E+00  0.000000E+00
  0.197608E+01  0.203542E+00 -0.153690E-01  0.000000E+00  0.000000E+00  0.000000E+00  0.000000E+00
  0.199524E+01  0.258555E+00 -0.453643E-02  0.000000E+00  0.000000E+00  0.000000E+00  0.000000E+00
  0.284082E+01  0.829070E-01 -0.356734E-01  0.000000E+00  0.000000E+00  0.000000E+00  0.000000E+00
  0.284082E+01  0.199301E-01 -0.883992E-01  0.000000E+00  0.000000E+00  0.000000E+00  0.000000E+00
  0.284082E+01 -0.814971E-01 -0.168307E+00  0.000000E+00  0.000000E+00  0.000000E+00  0.000000E+00
  0.284082E+01 -0.238157E+00  0.649191E-01  0.000000E+00  0.000000E+00  0.000000E+00  0.000000E+00
  0.284082E+01  0.141110E+00  0.805941E-01  0.000000E+00  0.000000E+00  0.000000E+00  0.000000E+00
  0.284082E+01  0.947959E-01  0.109270E+00  0.000000E+00  0.000000E+00  0.000000E+00  0.000000E+00
  0.284082E+01  0.408887E-01 -0.181370E+00  0.000000E+00  0.000000E+00  0.000000E+00  0.000000E+00
  0.284082E+01 -0.184437E+00 -0.131198E-01  0.000000E+00  0.000000E+00  0.000000E+00  0.000000E+00
  0.284082E+01  0.283543E-01  0.129004E+00  0.000000E+00  0.000000E+00  0.000000E+00  0.000000E+00
  0.284082E+01 -0.176478E+00 -0.846183E-01  0.000000E+00  0.000000E+00  0.000000E+00  0.000000E+00
  0.284082E+01  0.189546E+00  0.122224E+00  0.000000E+00  0.000000E+00  0.000000E+00  0.000000E+00
  0.284082E+01  0.304848E-01  0.142634E-01  0.000000E+00  0.000000E+00  0.000000E+00  0.000000E+00
  0.284082E+01 -0.293229E-01 -0.541415E-01  0.000000E+00  0.000000E+00  0.000000E+00  0.000000E+00
  0.284082E+01  0.449884E-01 -0.494956E-01  0.000000E+00  0.000000E+00  0.000000E+00  0.000000E+00
  0.284082E+01 -0.106335E+00 -0.109294E+00  0.000000E+00  0.000000E+00  0.000000E+00  0.000000E+00
  0.284082E+01  0.100287E+00 -0.198776E+00  0.000000E+00  0.000000E+00  0.000000E+00  0.000000E+00
  0.284082E+01  0.871525E-01  0.744544E-01  0.000000E+00  0.000000E+00  0.000000E+00  0.000000E+00
  0.284082E+01 -0.118730E+00 -0.131924E-01  0.000000E+00  0.000000E+00  0.000000E+00  0.000000E+00
  0.284082E+01 -0.161082E-01  0.415121E-01  0.000000E+00  0.000000E+00  0.000000E+00  0.000000E+00
  0.284082E+01  0.371165E-01 -0.138989E-01  0.000000E+00  0.000000E+00  0.000000E+00  0.000000E+00
  0.284082E+01  0.237271E-01  0.100680E-01  0.000000E+00  0.000000E+00  0.000000E+00  0.000000E+00
  0.284082E+01  0.457857E-01 -0.120762E-01  0.000000E+00  0.000000E+00  0.000000E+00  0.000000E+00
  0.284082E+01  0.175773E+00 -0.115475E+00  0.000000E+00  0.000000E+00  0.000000E+00  0.000000E+00
  0.284082E+01 -0.403724E-01 -0.674064E-02  0.000000E+00  0.000000E+00  0.000000E+00  0.000000E+00
  0.284082E+01 -0.860929E-01  0.130117E+00  0.000000E+00  0.000000E+00  0.000000E+00  0.000000E+00
  0.284082E+01  0.275729E-01  0.116004E+00  0.000000E+00  0.000000E+00  0.000000E+00  0.000000E+00
  0.284082E+01  0.979600E-02 -0.106086E+00  0.000000E+00  0.000000E+00  0.000000E+00  0.000000E+00
  0.284082E+01  0.193021E+00 -0.135277E+00  0.000000E+00  0.000000E+00  0.000000E+00  0.000000E+00
  0.284082E+01 -0.114637E+00  0.584060E-01  0.000000E+00  0.000000E+00  0.000000E+00  0.000000E+00
  0.284082E+01 -0.154664E+00 -0.158576E+00  0.000000E+00  0.000000E+00  0.000000E+00  0.000000E+00
  0.284082E+01 -0.271133E-01 -0.130669E+00  0.000000E+00  0.000000E+00  0.000000E+00  0.000000E+00
  0.284082E+01 -0.163360E+00  0.141228E-01  0.000000E+00  0.000000E+00  0.000000E+00  0.000000E+00
  0.284082E+01 -0.126623E+00  0.187032E+00  0.000000E+00  0.000000E+00  0.000000E+00  0.000000E+00
  0.284082E+01 -0.126486E-01 -0.198953E-01  0.000000E+00  0.000000E+00  0.000000E+00  0.000000E+00
  0.284082E+01  0.367869E-02 -0.179990E-01  0.000000E+00  0.000000E+00  0.000000E+00  0.000000E+00
  0.284082E+01 -0.116685E+00 -0.301573E-01  0.000000E+00  0.000000E+00  0.000000E+00  0.000000E+00
  0.284082E+01  0.580411E-02  0.175040E-02  0.000000E+00  0.000000E+00  0.000000E+00  0.000000E+00
  0.284082E+01 -0.394094E-01 -0.847598E-01  0.000000E+00  0.000000E+00  0.000000E+00  0.000000E+00
  0.284082E+01 -0.132013E+00 -0.624877E-01  0.000000E+00  0.000000E+00  0.000000E+00  0.000000E+00
  0.284082E+01 -0.631310E-01 -0.229276E+00  0.000000E+00  0.000000E+00  0.000000E+00  0.000000E+00
  0.284082E+01  0.148024E+00  0.131499E+00  0.000000E+00  0.000000E+00  0.000000E+00  0.000000E+00
  0.284082E+01 -0.727394E-01 -0.363162E-01  0.000000E+00  0.000000E+00  0.000000E+00  0.000000E+00
  0.284082E+01 -0.189458E+00  0.544455E-01  0.000000E+00  0.000000E+00  0.000000E+00  0.000000E+00
  0.284082E+01 -0.185870E+00  0.132863E+00  0.000000E+00  0.000000E+00  0.000000E+00  0.000000E+00
  0.284082E+01  0.172750E+00 -0.532836E-01  0.000000E+00  0.000000E+00  0.000000E+00  0.000000E+00
  0.284082E+01 -0.499647E-01  0.210809E+00  0.000000E+00  0.000000E+00  0.000000E+00  0.000000E+00
  0.284082E+01  0.142405E+00  0.542288E-01  0.000000E+00  0.000000E+00  0.000000E+00  0.000000E+00
  0.284082E+01 -0.399280E-02  0.214343E-01  0.000000E+00  0.000000E+00  0.000000E+00  0.000000E+00
  0.284082E+01  0.212902E+00 -0.102237E+00  0.000000E+00  0.000000E+00  0.000000E+00  0.000000E+00
  0.284082E+01  0.189687E+00 -0.764763E-01  0.000000E+00  0.000000E+00  0.000000E+00  0.000000E+00
  0.284082E+01  0.151299E+00 -0.169403E+00  0.000000E+00  0.000000E+00  0.000000E+00  0.000000E+00
  0.284082E+01  0.309836E-02 -0.776807E-01  0.000000E+00  0.000000E+00  0.000000E+00  0.000000E+00
  0.284082E+01 -0.462057E-02 -0.152327E-02  0.000000E+00  0.000000E+00  0.000000E+00  0.000000E+00
  0.284082E+01  0.967289E-01 -0.155923E+00  0.000000E+00  0.000000E+00  0.000000E+00  0.000000E+00
  0.284082E+01  0.929225E-01  0.288416E-02  0.000000E+00  0.000000E+00  0.000000E+00  0.000000E+00
  0.284082E+01 -0.580149E-02 -0.227199E-02  0.000000E+00  0.000000E+00  0.000000E+00  0.000000E+00
  0.284082E+01  0.543035E-01 -0.162337E+00  0.000000E+00  0.000000E+00  0.000000E+00  0.000000E+00
  0.284082E+01 -0.232879E+00  0.446890E-01  0.000000E+00  0.000000E+00  0.000000E+00  0.000000E+00
  0.284082E+01  0.186303E-01  0.283961E-02  0.000000E+00  0.000000E+00  0.000000E+00  0.000000E+00
  0.284082E+01 -0.190470E+00 -0.105168E+00  0.000000E+00  0.000000E+00  0.000000E+00  0.000000E+00
  0.284082E+01 -0.164255E+00  0.102602E+00  0.000000E+00  0.000000E+00  0.000000E+00  0.000000E+00
  0.284082E+01  0.421016E-02  0.533736E-01  0.000000E+00  0.000000E+00  0.000000E+00  0.000000E+00
  0.284082E+01 -0.504423E-01 -0.685931E-01  0.000000E+00  0.000000E+00  0.000000E+00  0.000000E+00
  0.284082E+01 -0.513186E-02  0.171348E-01  0.000000E+00  0.000000E+00  0.000000E+00  0.000000E+00
  0.284082E+01  0.173343E+00 -0.471453E-01  0.000000E+00  0.000000E+00  0.000000E+00  0.000000E+00
  0.284082E+01 -0.141556E+00  0.217067E-01  0.000000E+00  0.000000E+00  0.000000E+00  0.000000E+00
  0.284082E+01 -0.344487E-01 -0.133626E+00  0.000000E+00  0.000000E+00  0.000000E+00  0.000000E+00
  0.284082E+01 -0.319603E-01  0.117968E+00  0.000000E+00  0.000000E+00  0.000000E+00  0.000000E+00
  0.284082E+01  0.795099E-01 -0.124028E+00  0.000000E+00  0.000000E+00  0.000000E+00  0.000000E+00
  0.284082E+01 -0.132623E+00 -0.136293E+00  0.000000E+00  0.000000E+00  0.000000E+00  0.000000E+00
  0.284082E+01  0.232395E-01 -0.243743E-01  0.000000E+00  0.000000E+00  0.000000E+00  0.000000E+00
  0.284082E+01  0.107520E+00 -0.128297E+00  0.000000E+00  0.000000E+00  0.000000E+00  0.000000E+00
  0.284082E+01 -0.627581E-01  0.971950E-01  0.000000E+00  0.000000E+00  0.000000E+00  0.000000E+00
  0.284082E+01 -0.213727E+00  0.212609E-01  0.000000E+00  0.000000E+00  0.000000E+00  0.000000E+00
  0.284082E+01 -0.431951E-03  0.438911E-02  0.000000E+00  0.000000E+00  0.000000E+00  0.000000E+00
  0.284082E+01 -0.147954E+00  0.103761E+00  0.000000E+00  0.000000E+00  0.000000E+00  0.000000E+00
  0.284082E+01 -0.544246E-01  0.108168E-01  0.000000E+00  0.000000E+00  0.000000E+00  0.000000E+00
  0.284082E+01  0.168155E-01  0.955288E-01  0.000000E+00  0.000000E+00  0.000000E+00  0.000000E+00
  0.284082E+01  0.521143E-02 -0.624112E-01  0.000000E+00  0.000000E+00  0.000000E+00  0.000000E+00
  0.284082E+01  0.160917E+00  0.105158E-01  0.000000E+00  0.000000E+00  0.000000E+00  0.000000E+00
  0.284082E+01 -0.400320E-01  0.938199E-01  0.000000E+00  0.000000E+00  0.000000E+00  0.000000E+00
  0.284082E+01 -0.249566E-01  0.103623E+00  0.000000E+00  0.000000E+00  0.000000E+00  0.000000E+00
  0.284082E+01 -0.103922E+00  0.586761E-02  0.000000E+00  0.000000E+00  0.000000E+00  0.000000E+00
  0.284082E+01  0.719931E-01 -0.165622E-01  0.000000E+00  0.000000E+00  0.000000E+00  0.000000E+00
  0.284082E+01  0.276319E-01 -0.238318E+00  0.000000E+00  0.000000E+00  0.000000E+00  0.000000E+00
  0.284082E+01 -0.414644E-02  0.761959E-02  0.000000E+00  0.000000E+00  0.000000E+00  0.000000E+00
  0.284082E+01 -0.173534E+00 -0.685392E-02  0.000000E+00  0.000000E+00  0.000000E+00  0.000000E+00
  0.284082E+01  0.623539E-01  0.295617E-01  0.000000E+00  0.000000E+00  0.000000E+00  0.000000E+00
  0.284082E+01 -0.514931E-02  0.199251E-02  0.000000E+00  0.000000E+00  0.000000E+00  0.000000E+00
  0.284082E+01 -0.197105E+00 -0.467683E-01  0.000000E+00  0.000000E+00  0.000000E+00  0.000000E+00
  0.284082E+01 -0.417097E-01 -0.603765E-01  0.000000E+00  0.000000E+00  0.000000E+00  0.000000E+00
  0.284082E+01  0.144702E+00  0.126449E+00  0.000000E+00  0.000000E+00  0.000000E+00  0.000000E+00
  0.284082E+01  0.398402E-01  0.831026E-01  0.000000E+00  0.000000E+00  0.000000E+00  0.000000E+00
  0.284082E+01 -0.635079E-01  0.165464E-01  0.000000E+00  0.000000E+00  0.000000E+00  0.000000E+00
  0.284082E+01 -0.178315E+00  0.862053E-01  0.000000E+00  0.000000E+00  0.000000E+00  0.000000E+00
  0.284082E+01 -0.138637E+00 -0.111032E+00  0.000000E+00  0.000000E+00  0.000000E+00  0.000000E+00
  0.284082E+01 -0.781100E-01 -0.127422E+00  0.000000E+00  0.000000E+00  0.000000E+00  0.000000E+00
  0.284082E+01 -0.185893E-01 -0.843824E-01  0.000000E+00  0.000000E+00  0.000000E+00  0.000000E+00
  0.284082E+01 -0.143143E+00 -0.134932E+00  0.000000E+00  0.000000E+00  0.000000E+00  0.000000E+00
  0.284082E+01 -0.119395E+00  0.168473E+00  0.000000E+00  0.000000E+00  0.000000E+00  0.000000E+00
