  0.215174E+01 -0.139633E-01  0.250953E+00  0.000000E+00  0.000000E+00  0.000000E+00  0.000000E+00
  0.233631E+01  0.160066E-02  0.348555E+00  0.000000E+00  0.000000E+00  0.000000E+00  0.000000E+00
  0.272769E+01 -0.172989E-01 -0.323688E+00  0.000000E+00  0.000000E+00  0.000000E+00  0.000000E+00
  0.188503E+01 -0.217510E+00  0.946832E-02  0.000000E+00  0.000000E+00  0.000000E+00  0.000000E+00
  0.170748E+01  0.853377E-02  0.178649E+00  0.000000E+00  0.000000E+00  0.000000E+00  0.000000E+00
  0.235726E+01 -0.121248E-01  0.310083E+00  0.000000E+00  0.000000E+00  0.000000E+00  0.000000E+00
  0.283137E+01  0.202074E-01 -0.279439E+00  0.000000E+00  0.000000E+00  0.000000E+00  0.000000E+00
  0.197312E+01 -0.132360E-01 -0.218297E+00  0.000000E+00  0.000000E+00  0.000000E+00  0.000000E+00
  0.269807E+01 -0.366928E-02  0.436085E+00  0.000000E+00  0.000000E+00  0.000000E+00  0.000000E+00
  0.239313E+01 -0.188299E-01  0.239211E+00  0.000000E+00  0.000000E+00  0.000000E+00  0.000000E+00
  0.228208E+01  0.132648E-01  0.284413E+00  0.000000E+00  0.000000E+00  0.000000E+00  0.000000E+00
  0.168052E+01  0.183238E+00 -0.819093E-04  0.000000E+00  0.000000E+00  0.000000E+00  0.000000E+00
  0.277488E+01  0.328003E+00  0.175399E-01  0.000000E+00  0.000000E+00  0.000000E+00  0.000000E+00
  0.279363E+01 -0.173024E-01 -0.335680E+00  0.000000E+00  0.000000E+00  0.000000E+00  0.000000E+00
  0.196566E+01  0.152216E-01 -0.202626E+00  0.000000E+00  0.000000E+00  0.000000E+00  0.000000E+00
  0.194171E+01 -0.965866E-02  0.230004E+00  0.000000E+00  0.000000E+00  0.000000E+00  0.000000E+00
  0.267831E+01 -0.411487E+00 -0.824220E-02  0.000000E+00  0.000000E+00  0.000000E+00  0.000000E+00
  0.222354E+01 -0.159414E-01 -0.247057E+00  0.000000E+00  0.000000E+00  0.000000E+00  0.000000E+00
  0.210392E+01 -0.240426E+00  0.140251E-01  0.000000E+00  0.000000E+00  0.000000E+00  0.000000E+00
  0.239820E+01  0.328235E+00 -0.109270E-01  0.000000E+00  0.000000E+00  0.000000E+00  0.000000E+00
  0.188074E+01 -0.778363E-02  0.222304E+00  0.000000E+00  0.000000E+00  0.000000E+00  0.000000E+00
  0.258610E+01  0.380792E+00  0.961359E-02  0.000000E+00  0.000000E+00  0.000000E+00  0.000000E+00
  0.179712E+01  0.126118E-01  0.183703E+00  0.000000E+00  0.000000E+00  0.000000E+00  0.000000E+00
  0.282738E+01  0.455419E+00 -0.686016E-02  0.000000E+00  0.000000E+00  0.000000E+00  0.000000E+00
  0.231346E+01 -0.244104E-02 -0.341843E+00  0.000000E+00  0.000000E+00  0.000000E+00  0.000000E+00
  0.250484E+01 -0.388579E+00 -0.326571E-02  0.000000E+00  0.000000E+00  0.000000E+00  0.000000E+00
  0.223176E+01  0.822702E-02  0.304821E+00  0.000000E+00  0.000000E+00  0.000000E+00  0.000000E+00
  0.217179E+01  0.217940E-02  0.306446E+00  0.000000E+00  0.000000E+00  0.000000E+00  0.000000E+00
  0.161554E+01  0.338693E-02  0.165250E+00  0.000000E+00  0.000000E+00  0.000000E+00  0.000000E+00
  0.217956E+01  0.281489E+00  0.104063E-01  0.000000E+00  0.000000E+00  0.000000E+00  0.000000E+00
  0.198770E+01  0.238774E+00 -0.100973E-01  0.000000E+00  0.000000E+00  0.000000E+00  0.000000E+00
  0.198447E+01  0.104593E-01 -0.236326E+00  0.000000E+00  0.000000E+00  0.000000E+00  0.000000E+00
  0.252044E+01  0.357081E+00 -0.107946E-01  0.000000E+00  0.000000E+00  0.000000E+00  0.000000E+00
  0.193232E+01 -0.627267E-02 -0.239088E+00  0.000000E+00  0.000000E+00  0.000000E+00  0.000000E+00
  0.183536E+01 -0.219978E+00 -0.371005E-02  0.000000E+00  0.000000E+00  0.000000E+00  0.000000E+00
  0.250003E+01  0.306129E+00 -0.155349E-01  0.000000E+00  0.000000E+00  0.000000E+00  0.000000E+00
  0.275165E+01  0.138555E-01  0.378250E+00  0.000000E+00  0.000000E+00  0.000000E+00  0.000000E+00
  0.235981E+01  0.744578E-02 -0.339100E+00  0.000000E+00  0.000000E+00  0.000000E+00  0.000000E+00
  0.186155E+01 -0.194401E+00  0.132240E-01  0.000000E+00  0.000000E+00  0.000000E+00  0.000000E+00
  0.206674E+01  0.278779E+00 -0.315112E-02  0.000000E+00  0.000000E+00  0.000000E+00  0.000000E+00
  0.272203E+01  0.461927E-02 -0.439230E+00  0.000000E+00  0.000000E+00  0.000000E+00  0.000000E+00
  0.239575E+01  0.332350E+00 -0.102408E-01  0.000000E+00  0.000000E+00  0.000000E+00  0.000000E+00
  0.280288E+01 -0.353681E+00  0.163439E-01  0.000000E+00  0.000000E+00  0.000000E+00  0.000000E+00
  0.262729E+01 -0.168276E-01  0.312784E+00  0.000000E+00  0.000000E+00  0.000000E+00  0.000000E+00
  0.191337E+01  0.206110E+00 -0.131283E-01  0.000000E+00  0.000000E+00  0.000000E+00  0.000000E+00
  0.271285E+01  0.335834E+00 -0.163828E-01  0.000000E+00  0.000000E+00  0.000000E+00  0.000000E+00
  0.211893E+01 -0.163106E-01  0.222987E+00  0.000000E+00  0.000000E+00  0.000000E+00  0.000000E+00
  0.254121E+01  0.252499E+00 -0.194262E-01  0.000000E+00  0.000000E+00  0.000000E+00  0.000000E+00
  0.192729E+01 -0.577856E-02  0.239062E+00  0.000000E+00  0.000000E+00  0.000000E+00  0.000000E+00
  0.189094E+01  0.231634E+00 -0.505125E-02  0.000000E+00  0.000000E+00  0.000000E+00  0.000000E+00
  0.269047E+01  0.427126E+00  0.576033E-02  0.000000E+00  0.000000E+00  0.000000E+00  0.000000E+00
  0.215402E+01 -0.278415E+00  0.988562E-02  0.000000E+00  0.000000E+00  0.000000E+00  0.000000E+00
  0.225096E+01 -0.224492E+00  0.182105E-01  0.000000E+00  0.000000E+00  0.000000E+00  0.000000E+00
  0.226914E+01  0.185659E-02 -0.331348E+00  0.000000E+00  0.000000E+00  0.000000E+00  0.000000E+00
  0.205646E+01  0.260462E+00  0.883278E-02  0.000000E+00  0.000000E+00  0.000000E+00  0.000000E+00
  0.237166E+01  0.185977E-01  0.239392E+00  0.000000E+00  0.000000E+00  0.000000E+00  0.000000E+00
  0.233892E+01  0.169320E-01  0.257453E+00  0.000000E+00  0.000000E+00  0.000000E+00  0.000000E+00
  0.204441E+01 -0.681774E-02  0.264930E+00  0.000000E+00  0.000000E+00  0.000000E+00  0.000000E+00
  0.246686E+01 -0.280112E+00 -0.170149E-01  0.000000E+00  0.000000E+00  0.000000E+00  0.000000E+00
  0.234935E+01  0.288777E+00  0.143427E-01  0.000000E+00  0.000000E+00  0.000000E+00  0.000000E+00
  0.232808E+01 -0.122169E-01 -0.302909E+00  0.000000E+00  0.000000E+00  0.000000E+00  0.000000E+00
  0.203338E+01  0.146375E-01  0.220970E+00  0.000000E+00  0.000000E+00  0.000000E+00  0.000000E+00
  0.212545E+01 -0.100549E-01 -0.270900E+00  0.000000E+00  0.000000E+00  0.000000E+00  0.000000E+00
  0.227712E+01  0.693635E-02 -0.321160E+00  0.000000E+00  0.000000E+00  0.000000E+00  0.000000E+00
  0.185873E+01  0.818601E-02  0.215770E+00  0.000000E+00  0.000000E+00  0.000000E+00  0.000000E+00
  0.195850E+01 -0.231292E+00 -0.102566E-01  0.000000E+00  0.000000E+00  0.000000E+00  0.000000E+00
  0.239737E+01  0.344126E+00  0.828352E-02  0.000000E+00  0.000000E+00  0.000000E+00  0.000000E+00
  0.248295E+01 -0.327901E+00  0.132254E-01  0.000000E+00  0.000000E+00  0.000000E+00  0.000000E+00
  0.164838E+01  0.126761E-02 -0.174878E+00  0.000000E+00  0.000000E+00  0.000000E+00  0.000000E+00
  0.249950E+01  0.155919E-01  0.305314E+00  0.000000E+00  0.000000E+00  0.000000E+00  0.000000E+00
  0.230435E+01  0.338803E+00 -0.294509E-02  0.000000E+00  0.000000E+00  0.000000E+00  0.000000E+00
  0.187544E+01 -0.673247E-02  0.223995E+00  0.000000E+00  0.000000E+00  0.000000E+00  0.000000E+00
  0.202155E+01 -0.230938E+00  0.128972E-01  0.000000E+00  0.000000E+00  0.000000E+00  0.000000E+00
  0.282071E+01 -0.174993E-01  0.337024E+00  0.000000E+00  0.000000E+00  0.000000E+00  0.000000E+00
  0.185890E+01  0.226599E+00  0.313383E-02  0.000000E+00  0.000000E+00  0.000000E+00  0.000000E+00
  0.241604E+01  0.293319E+00  0.152006E-01  0.000000E+00  0.000000E+00  0.000000E+00  0.000000E+00
  0.176941E+01  0.112448E-01  0.183756E+00  0.000000E+00  0.000000E+00  0.000000E+00  0.000000E+00
  0.235530E+01  0.132646E-01  0.300128E+00  0.000000E+00  0.000000E+00  0.000000E+00  0.000000E+00
  0.265418E+01 -0.311310E+00  0.172345E-01  0.000000E+00  0.000000E+00  0.000000E+00  0.000000E+00
  0.275955E+01 -0.260882E-02  0.453933E+00  0.000000E+00  0.000000E+00  0.000000E+00  0.000000E+00
  0.215848E+01  0.221944E+00 -0.171000E-01  0.000000E+00  0.000000E+00  0.000000E+00  0.000000E+00
  0.277458E+01 -0.154387E-01 -0.361986E+00  0.000000E+00  0.000000E+00  0.000000E+00  0.000000E+00
  0.254049E+01 -0.323587E+00  0.147630E-01  0.000000E+00  0.000000E+00  0.000000E+00  0.000000E+00
  0.163102E+01  0.543275E-02  0.166627E+00  0.000000E+00  0.000000E+00  0.000000E+00  0.000000E+00
  0.232175E+01  0.244608E+00  0.176601E-01  0.000000E+00  0.000000E+00  0.000000E+00  0.000000E+00
  0.217088E+01  0.306672E+00  0.170412E-02  0.000000E+00  0.000000E+00  0.000000E+00  0.000000E+00
  0.248245E+01  0.176906E-01  0.272934E+00  0.000000E+00  0.000000E+00  0.000000E+00  0.000000E+00
  0.237897E+01  0.100127E-01  0.329932E+00  0.000000E+00  0.000000E+00  0.000000E+00  0.000000E+00
  0.228018E+01 -0.330452E+00  0.413124E-02  0.000000E+00  0.000000E+00  0.000000E+00  0.000000E+00
  0.232200E+01  0.113605E-01 -0.307899E+00  0.000000E+00  0.000000E+00  0.000000E+00  0.000000E+00
  0.217847E+01 -0.923754E-03  0.309097E+00  0.000000E+00  0.000000E+00  0.000000E+00  0.000000E+00
  0.213473E+01  0.296615E+00 -0.260292E-02  0.000000E+00  0.000000E+00  0.000000E+00  0.000000E+00
  0.189356E+01 -0.225208E+00  0.784161E-02  0.000000E+00  0.000000E+00  0.000000E+00  0.000000E+00
  0.216133E+01  0.142254E-01 -0.250784E+00  0.000000E+00  0.000000E+00  0.000000E+00  0.000000E+00
  0.254081E+01 -0.303556E+00 -0.163379E-01  0.000000E+00  0.000000E+00  0.000000E+00  0.000000E+00
  0.271189E+01  0.346073E+00  0.156814E-01  0.000000E+00  0.000000E+00  0.000000E+00  0.000000E+00
  0.211871E+01  0.748081E-02 -0.280700E+00  0.000000E+00  0.000000E+00  0.000000E+00  0.000000E+00
  0.199229E+01 -0.203099E+00  0.158089E-01  0.000000E+00  0.000000E+00  0.000000E+00  0.000000E+00
  0.260601E+01  0.372134E+00  0.113388E-01  0.000000E+00  0.000000E+00  0.000000E+00  0.000000E+00
  0.196679E+01 -0.219415E+00  0.128396E-01  0.000000E+00  0.000000E+00  0.000000E+00  0.000000E+00
  0.266112E+01  0.101673E-01  0.394207E+00  0.000000E+00  0.000000E+00  0.000000E+00  0.000000E+00
  0.215557E+01 -0.302300E+00  0.223067E-02  0.000000E+00  0.000000E+00  0.000000E+00  0.000000E+00
  0.187111E+01 -0.112777E-01  0.206599E+00  0.000000E+00  0.000000E+00  0.000000E+00  0.000000E+00
  0.208978E+01  0.142342E-02  0.286388E+00  0.000000E+00  0.000000E+00  0.000000E+00  0.000000E+00
  0.170208E+01  0.769101E-02 -0.179546E+00  0.000000E+00  0.000000E+00  0.000000E+00  0.000000E+00
  0.206743E+01  0.278415E+00 -0.350728E-02  0.000000E+00  0.000000E+00  0.000000E+00  0.000000E+00
  0.224666E+01  0.104449E-01  0.296705E+00  0.000000E+00  0.000000E+00  0.000000E+00  0.000000E+00
  0.240917E+01  0.353969E+00 -0.677207E-02  0.000000E+00  0.000000E+00  0.000000E+00  0.000000E+00
  0.190923E+01  0.996618E-02  0.221155E+00  0.000000E+00  0.000000E+00  0.000000E+00  0.000000E+00
  0.279320E+01  0.421095E+00 -0.105986E-01  0.000000E+00  0.000000E+00  0.000000E+00  0.000000E+00
  0.191821E+01  0.221975E+00 -0.102595E-01  0.000000E+00  0.000000E+00  0.000000E+00  0.000000E+00
  0.227681E+01  0.489495E-02  0.327738E+00  0.000000E+00  0.000000E+00  0.000000E+00  0.000000E+00
  0.274241E+01  0.298324E+00  0.187842E-01  0.000000E+00  0.000000E+00  0.000000E+00  0.000000E+00
  0.238017E+01 -0.685357E-02  0.346569E+00  0.000000E+00  0.000000E+00  0.000000E+00  0.000000E+00
  0.188792E+01  0.225789E+00  0.718999E-02  0.000000E+00  0.000000E+00  0.000000E+00  0.000000E+00
  0.233623E+01  0.341870E-02 -0.345969E+00  0.000000E+00  0.000000E+00  0.000000E+00  0.000000E+00
  0.171537E+01 -0.182868E+00 -0.764289E-02  0.000000E+00  0.000000E+00  0.000000E+00  0.000000E+00
  0.262445E+01  0.316399E+00  0.165539E-01  0.000000E+00  0.000000E+00  0.000000E+00  0.000000E+00
  0.214289E+01  0.296734E+00 -0.384198E-02  0.000000E+00  0.000000E+00  0.000000E+00  0.000000E+00
  0.188398E+01 -0.232314E+00 -0.359198E-02  0.000000E+00  0.000000E+00  0.000000E+00  0.000000E+00
  0.283948E+01 -0.155171E-01  0.373731E+00  0.000000E+00  0.000000E+00  0.000000E+00  0.000000E+00
  0.238230E+01 -0.489563E-02  0.353926E+00  0.000000E+00  0.000000E+00  0.000000E+00  0.000000E+00
  0.200311E+01 -0.213739E+00 -0.147695E-01  0.000000E+00  0.000000E+00  0.000000E+00  0.000000E+00
  0.183346E+01 -0.214170E+00  0.656541E-02  0.000000E+00  0.000000E+00  0.000000E+00  0.000000E+00
  0.218648E+01  0.231465E+00 -0.167197E-01  0.000000E+00  0.000000E+00  0.000000E+00  0.000000E+00
  0.163049E+01 -0.170573E+00  0.323552E-04  0.000000E+00  0.000000E+00  0.000000E+00  0.000000E+00
  0.191911E+01 -0.122758E-01  0.212248E+00  0.000000E+00  0.000000E+00  0.000000E+00  0.000000E+00
  0.228096E+01  0.267630E+00  0.150571E-01  0.000000E+00  0.000000E+00  0.000000E+00  0.000000E+00
  0.221211E+01 -0.315243E+00  0.318050E-02  0.000000E+00  0.000000E+00  0.000000E+00  0.000000E+00
  0.218427E+01 -0.230576E+00 -0.167618E-01  0.000000E+00  0.000000E+00  0.000000E+00  0.000000E+00
  0.279756E+01 -0.112233E-01 -0.416446E+00  0.000000E+00  0.000000E+00  0.000000E+00  0.000000E+00
  0.219328E+01 -0.372943E-02 -0.309557E+00  0.000000E+00  0.000000E+00  0.000000E+00  0.000000E+00
  0.207114E+01  0.144469E-01 -0.230257E+00  0.000000E+00  0.000000E+00  0.000000E+00  0.000000E+00
  0.225072E+01 -0.307243E+00  0.867564E-02  0.000000E+00  0.000000E+00  0.000000E+00  0.000000E+00
  0.274011E+01 -0.413206E+00 -0.100762E-01  0.000000E+00  0.000000E+00  0.000000E+00  0.000000E+00
  0.195270E+01  0.251798E+00 -0.131968E-02  0.000000E+00  0.000000E+00  0.000000E+00  0.000000E+00
  0.173016E+01  0.474242E-02 -0.192253E+00  0.000000E+00  0.000000E+00  0.000000E+00  0.000000E+00
  0.239119E+01  0.356895E+00 -0.462602E-02  0.000000E+00  0.000000E+00  0.000000E+00  0.000000E+00
  0.260221E+01  0.146522E-01  0.337541E+00  0.000000E+00  0.000000E+00  0.000000E+00  0.000000E+00
  0.233261E+01 -0.115597E-01  0.308860E+00  0.000000E+00  0.000000E+00  0.000000E+00  0.000000E+00
  0.279102E+01  0.164356E-01  0.349929E+00  0.000000E+00  0.000000E+00  0.000000E+00  0.000000E+00
  0.266545E+01 -0.428611E+00  0.338802E-02  0.000000E+00  0.000000E+00  0.000000E+00  0.000000E+00
  0.187951E+01  0.218310E+00  0.890081E-02  0.000000E+00  0.000000E+00  0.000000E+00  0.000000E+00
  0.225657E+01  0.165969E-01 -0.246103E+00  0.000000E+00  0.000000E+00  0.000000E+00  0.000000E+00
  0.251626E+01  0.480900E-02  0.387456E+00  0.000000E+00  0.000000E+00  0.000000E+00  0.000000E+00
  0.251870E+01 -0.355736E+00  0.109189E-01  0.000000E+00  0.000000E+00  0.000000E+00  0.000000E+00
  0.216905E+01 -0.880826E-02 -0.287243E+00  0.000000E+00  0.000000E+00  0.000000E+00  0.000000E+00
  0.179208E+01  0.873996E-02 -0.198138E+00  0.000000E+00  0.000000E+00  0.000000E+00  0.000000E+00
  0.235695E+01  0.134582E-01 -0.298746E+00  0.000000E+00  0.000000E+00  0.000000E+00  0.000000E+00
  0.201667E+01 -0.967693E-02  0.247427E+00  0.000000E+00  0.000000E+00  0.000000E+00  0.000000E+00
  0.242238E+01 -0.170078E-01  0.271959E+00  0.000000E+00  0.000000E+00  0.000000E+00  0.000000E+00
  0.241986E+01 -0.354343E+00  0.728627E-02  0.000000E+00  0.000000E+00  0.000000E+00  0.000000E+00
  0.224087E+01  0.237147E+00  0.171011E-01  0.000000E+00  0.000000E+00  0.000000E+00  0.000000E+00
  0.209984E+01  0.160602E-01  0.221786E+00  0.000000E+00  0.000000E+00  0.000000E+00  0.000000E+00
  0.248892E+01 -0.374468E+00  0.652390E-02  0.000000E+00  0.000000E+00  0.000000E+00  0.000000E+00
  0.269728E+01  0.319146E+00  0.172386E-01  0.000000E+00  0.000000E+00  0.000000E+00  0.000000E+00
  0.186881E+01 -0.109256E-01  0.207692E+00  0.000000E+00  0.000000E+00  0.000000E+00  0.000000E+00
  0.237679E+01  0.109555E-01 -0.323161E+00  0.000000E+00  0.000000E+00  0.000000E+00  0.000000E+00
  0.187362E+01 -0.141242E-02  0.231757E+00  0.000000E+00  0.000000E+00  0.000000E+00  0.000000E+00
  0.283570E+01  0.401805E+00 -0.133829E-01  0.000000E+00  0.000000E+00  0.000000E+00  0.000000E+00
  0.237395E+01 -0.155577E-01  0.280859E+00  0.000000E+00  0.000000E+00  0.000000E+00  0.000000E+00
  0.206430E+01  0.228222E+00 -0.145249E-01  0.000000E+00  0.000000E+00  0.000000E+00  0.000000E+00
  0.183225E+01  0.834153E-03  0.221530E+00  0.000000E+00  0.000000E+00  0.000000E+00  0.000000E+00
  0.206254E+01 -0.246400E+00 -0.118682E-01  0.000000E+00  0.000000E+00  0.000000E+00  0.000000E+00
  0.253091E+01 -0.288052E+00  0.172772E-01  0.000000E+00  0.000000E+00  0.000000E+00  0.000000E+00
  0.181211E+01 -0.216156E+00 -0.151736E-02  0.000000E+00  0.000000E+00  0.000000E+00  0.000000E+00
  0.172448E+01 -0.188132E+00  0.628220E-02  0.000000E+00  0.000000E+00  0.000000E+00  0.000000E+00
  0.165617E+01  0.175821E+00  0.296757E-02  0.000000E+00  0.000000E+00  0.000000E+00  0.000000E+00
  0.173362E+01 -0.787238E-02  0.186677E+00  0.000000E+00  0.000000E+00  0.000000E+00  0.000000E+00
  0.277978E+01  0.422700E+00  0.100388E-01  0.000000E+00  0.000000E+00  0.000000E+00  0.000000E+00
  0.199770E+01  0.554780E-02  0.256972E+00  0.000000E+00  0.000000E+00  0.000000E+00  0.000000E+00
  0.243491E+01 -0.372409E+00 -0.246551E-02  0.000000E+00  0.000000E+00  0.000000E+00  0.000000E+00
  0.207006E+01 -0.258540E+00 -0.995761E-02  0.000000E+00  0.000000E+00  0.000000E+00  0.000000E+00
  0.251305E+01 -0.284168E+00  0.173179E-01  0.000000E+00  0.000000E+00  0.000000E+00  0.000000E+00
  0.178449E+01 -0.198873E+00 -0.788248E-02  0.000000E+00  0.000000E+00  0.000000E+00  0.000000E+00
  0.210461E+01  0.211660E+00  0.171307E-01  0.000000E+00  0.000000E+00  0.000000E+00  0.000000E+00
  0.227547E+01  0.241023E+00 -0.172996E-01  0.000000E+00  0.000000E+00  0.000000E+00  0.000000E+00
  0.167061E+01 -0.177050E+00  0.501971E-02  0.000000E+00  0.000000E+00  0.000000E+00  0.000000E+00
  0.180562E+01 -0.209701E+00  0.547246E-02  0.000000E+00  0.000000E+00  0.000000E+00  0.000000E+00
  0.222465E+01  0.249311E+00 -0.157478E-01  0.000000E+00  0.000000E+00  0.000000E+00  0.000000E+00
  0.226735E+01  0.173954E-01  0.238313E+00  0.000000E+00  0.000000E+00  0.000000E+00  0.000000E+00
  0.197229E+01 -0.132666E-01  0.217920E+00  0.000000E+00  0.000000E+00  0.000000E+00  0.000000E+00
  0.229461E+01  0.320451E-02 -0.335919E+00  0.000000E+00  0.000000E+00  0.000000E+00  0.000000E+00
  0.222677E+01  0.772581E-02 -0.305799E+00  0.000000E+00  0.000000E+00  0.000000E+00  0.000000E+00
  0.196874E+01  0.198491E+00  0.158076E-01  0.000000E+00  0.000000E+00  0.000000E+00  0.000000E+00
  0.217980E+01  0.222687E+00  0.173708E-01  0.000000E+00  0.000000E+00  0.000000E+00  0.000000E+00
  0.282944E+01 -0.103797E-01 -0.431325E+00  0.000000E+00  0.000000E+00  0.000000E+00  0.000000E+00
  0.266725E+01  0.299703E+00  0.180458E-01  0.000000E+00  0.000000E+00  0.000000E+00  0.000000E+00
  0.176311E+01 -0.713982E-02 -0.195646E+00  0.000000E+00  0.000000E+00  0.000000E+00  0.000000E+00
  0.199436E+01  0.142525E-01 -0.215825E+00  0.000000E+00  0.000000E+00  0.000000E+00  0.000000E+00
  0.224492E+01  0.173467E-01 -0.234849E+00  0.000000E+00  0.000000E+00  0.000000E+00  0.000000E+00
  0.216228E+01 -0.243115E+00  0.151143E-01  0.000000E+00  0.000000E+00  0.000000E+00  0.000000E+00
  0.188815E+01 -0.146545E-01  0.191047E+00  0.000000E+00  0.000000E+00  0.000000E+00  0.000000E+00
  0.271969E+01  0.653423E-02 -0.430818E+00  0.000000E+00  0.000000E+00  0.000000E+00  0.000000E+00
  0.228066E+01 -0.150070E-01  0.268075E+00  0.000000E+00  0.000000E+00  0.000000E+00  0.000000E+00
  0.283169E+01  0.474423E+00  0.839135E-03  0.000000E+00  0.000000E+00  0.000000E+00  0.000000E+00
  0.226679E+01  0.307684E+00  0.933432E-02  0.000000E+00  0.000000E+00  0.000000E+00  0.000000E+00
  0.259890E+01  0.149904E-01 -0.332722E+00  0.000000E+00  0.000000E+00  0.000000E+00  0.000000E+00
  0.216469E+01  0.281490E+00 -0.977213E-02  0.000000E+00  0.000000E+00  0.000000E+00  0.000000E+00
  0.246160E+01 -0.187637E-01 -0.251766E+00  0.000000E+00  0.000000E+00  0.000000E+00  0.000000E+00
  0.271549E+01  0.367276E+00  0.141342E-01  0.000000E+00  0.000000E+00  0.000000E+00  0.000000E+00
  0.189810E+01  0.144857E-01  0.194241E+00  0.000000E+00  0.000000E+00  0.000000E+00  0.000000E+00
  0.168721E+01 -0.177397E+00  0.706433E-02  0.000000E+00  0.000000E+00  0.000000E+00  0.000000E+00
  0.257008E+01 -0.407905E+00 -0.129784E-02  0.000000E+00  0.000000E+00  0.000000E+00  0.000000E+00
  0.218048E+01 -0.283764E+00  0.100346E-01  0.000000E+00  0.000000E+00  0.000000E+00  0.000000E+00
  0.181684E+01 -0.775347E-02 -0.207015E+00  0.000000E+00  0.000000E+00  0.000000E+00  0.000000E+00
  0.225435E+01  0.131823E-01  0.279138E+00  0.000000E+00  0.000000E+00  0.000000E+00  0.000000E+00
  0.195081E+01 -0.123143E-01 -0.219022E+00  0.000000E+00  0.000000E+00  0.000000E+00  0.000000E+00
  0.201685E+01  0.256693E+00  0.730006E-02  0.000000E+00  0.000000E+00  0.000000E+00  0.000000E+00
  0.247493E+01  0.128543E-01 -0.329666E+00  0.000000E+00  0.000000E+00  0.000000E+00  0.000000E+00
  0.190748E+01 -0.235265E+00  0.528315E-02  0.000000E+00  0.000000E+00  0.000000E+00  0.000000E+00
  0.174360E+01 -0.180370E+00  0.106126E-01  0.000000E+00  0.000000E+00  0.000000E+00  0.000000E+00
  0.203481E+01 -0.205273E+00  0.164766E-01  0.000000E+00  0.000000E+00  0.000000E+00  0.000000E+00
  0.182488E+01  0.205314E-03  0.219780E+00  0.000000E+00  0.000000E+00  0.000000E+00  0.000000E+00
  0.231951E+01  0.341675E+00  0.347114E-02  0.000000E+00  0.000000E+00  0.000000E+00  0.000000E+00
  0.243241E+01 -0.371029E+00 -0.292835E-02  0.000000E+00  0.000000E+00  0.000000E+00  0.000000E+00
  0.233507E+01  0.803984E-03 -0.348776E+00  0.000000E+00  0.000000E+00  0.000000E+00  0.000000E+00
  0.188272E+01 -0.432672E-02  0.230895E+00  0.000000E+00  0.000000E+00  0.000000E+00  0.000000E+00
  0.172572E+01 -0.194087E+00  0.195699E-02  0.000000E+00  0.000000E+00  0.000000E+00  0.000000E+00
  0.249117E+01  0.272903E+00 -0.177923E-01  0.000000E+00  0.000000E+00  0.000000E+00  0.000000E+00
  0.167484E+01  0.476421E-02  0.178470E+00  0.000000E+00  0.000000E+00  0.000000E+00  0.000000E+00
  0.209046E+01 -0.196771E-02  0.286136E+00  0.000000E+00  0.000000E+00  0.000000E+00  0.000000E+00
  0.232622E+01  0.112417E-01  0.309684E+00  0.000000E+00  0.000000E+00  0.000000E+00  0.000000E+00
  0.269687E+01  0.158297E-01  0.340990E+00  0.000000E+00  0.000000E+00  0.000000E+00  0.000000E+00
  0.193870E+01  0.138291E-01  0.207105E+00  0.000000E+00  0.000000E+00  0.000000E+00  0.000000E+00
  0.252933E+01 -0.161265E-01  0.304230E+00  0.000000E+00  0.000000E+00  0.000000E+00  0.000000E+00
  0.193383E+01 -0.833605E-02 -0.233214E+00  0.000000E+00  0.000000E+00  0.000000E+00  0.000000E+00
  0.224828E+01 -0.262990E+00  0.148560E-01  0.000000E+00  0.000000E+00  0.000000E+00  0.000000E+00
  0.167808E+01 -0.179562E+00 -0.455793E-02  0.000000E+00  0.000000E+00  0.000000E+00  0.000000E+00
  0.262564E+01 -0.382641E+00 -0.106028E-01  0.000000E+00  0.000000E+00  0.000000E+00  0.000000E+00
  0.219355E+01 -0.170223E-01  0.229329E+00  0.000000E+00  0.000000E+00  0.000000E+00  0.000000E+00
  0.189900E+01 -0.238157E+00  0.144225E-02  0.000000E+00  0.000000E+00  0.000000E+00  0.000000E+00
  0.175686E+01  0.896630E-03  0.202436E+00  0.000000E+00  0.000000E+00  0.000000E+00  0.000000E+00
  0.251830E+01  0.167252E-01 -0.293843E+00  0.000000E+00  0.000000E+00  0.000000E+00  0.000000E+00
  0.279012E+01 -0.326063E+00  0.177928E-01  0.000000E+00  0.000000E+00  0.000000E+00  0.000000E+00
  0.251617E+01  0.488273E-02  0.387204E+00  0.000000E+00  0.000000E+00  0.000000E+00  0.000000E+00
  0.191007E+01  0.134153E-01 -0.203663E+00  0.000000E+00  0.000000E+00  0.000000E+00  0.000000E+00
  0.229690E+01  0.171448E-01 -0.246937E+00  0.000000E+00  0.000000E+00  0.000000E+00  0.000000E+00
  0.197859E+01 -0.543456E-02 -0.252517E+00  0.000000E+00  0.000000E+00  0.000000E+00  0.000000E+00
  0.227170E+01  0.174215E-01 -0.238767E+00  0.000000E+00  0.000000E+00  0.000000E+00  0.000000E+00
  0.192514E+01 -0.113294E-01  0.218551E+00  0.000000E+00  0.000000E+00  0.000000E+00  0.000000E+00
  0.270760E+01  0.264641E+00  0.200557E-01  0.000000E+00  0.000000E+00  0.000000E+00  0.000000E+00
  0.213913E+01 -0.354362E-02  0.296328E+00  0.000000E+00  0.000000E+00  0.000000E+00  0.000000E+00
  0.178330E+01 -0.202212E+00  0.643431E-02  0.000000E+00  0.000000E+00  0.000000E+00  0.000000E+00
  0.233705E+01 -0.345931E+00 -0.354363E-02  0.000000E+00  0.000000E+00  0.000000E+00  0.000000E+00
  0.269250E+01 -0.430671E+00 -0.497232E-02  0.000000E+00  0.000000E+00  0.000000E+00  0.000000E+00
  0.245173E+01 -0.258116E+00  0.182848E-01  0.000000E+00  0.000000E+00  0.000000E+00  0.000000E+00
  0.209033E+01  0.471910E-02  0.281834E+00  0.000000E+00  0.000000E+00  0.000000E+00  0.000000E+00
  0.248541E+01  0.247191E+00  0.192364E-01  0.000000E+00  0.000000E+00  0.000000E+00  0.000000E+00
  0.215090E+01  0.291067E+00 -0.676002E-02  0.000000E+00  0.000000E+00  0.000000E+00  0.000000E+00
  0.271386E+01  0.400361E+00  0.108985E-01  0.000000E+00  0.000000E+00  0.000000E+00  0.000000E+00
  0.180588E+01  0.193898E+00 -0.107966E-01  0.000000E+00  0.000000E+00  0.000000E+00  0.000000E+00
  0.275224E+01  0.402159E+00  0.116545E-01  0.000000E+00  0.000000E+00  0.000000E+00  0.000000E+00
  0.222174E+01  0.150691E-01  0.255546E+00  0.000000E+00  0.000000E+00  0.000000E+00  0.000000E+00
  0.177589E+01 -0.199841E+00  0.668177E-02  0.000000E+00  0.000000E+00  0.000000E+00  0.000000E+00
  0.185883E+01 -0.202775E+00  0.115021E-01  0.000000E+00  0.000000E+00  0.000000E+00  0.000000E+00
  0.176119E+01 -0.462880E-02  0.200142E+00  0.000000E+00  0.000000E+00  0.000000E+00  0.000000E+00
  0.184978E+01  0.225679E+00 -0.151189E-02  0.000000E+00  0.000000E+00  0.000000E+00  0.000000E+00
  0.209685E+01 -0.276412E+00  0.720083E-02  0.000000E+00  0.000000E+00  0.000000E+00  0.000000E+00
  0.225422E+01 -0.244452E+00 -0.166996E-01  0.000000E+00  0.000000E+00  0.000000E+00  0.000000E+00
  0.279705E+01  0.462598E+00 -0.297994E-02  0.000000E+00  0.000000E+00  0.000000E+00  0.000000E+00
  0.219374E+01 -0.294679E+00  0.846435E-02  0.000000E+00  0.000000E+00  0.000000E+00  0.000000E+00
  0.202063E+01 -0.105917E-01 -0.243980E+00  0.000000E+00  0.000000E+00  0.000000E+00  0.000000E+00
  0.236623E+01  0.340486E+00  0.748298E-02  0.000000E+00  0.000000E+00  0.000000E+00  0.000000E+00
  0.172957E+01  0.905308E-02 -0.182378E+00  0.000000E+00  0.000000E+00  0.000000E+00  0.000000E+00
  0.233709E+01  0.183761E-01  0.236946E+00  0.000000E+00  0.000000E+00  0.000000E+00  0.000000E+00
  0.185287E+01 -0.226315E+00 -0.175561E-02  0.000000E+00  0.000000E+00  0.000000E+00  0.000000E+00
  0.248838E+01 -0.358149E+00  0.958353E-02  0.000000E+00  0.000000E+00  0.000000E+00  0.000000E+00
  0.197800E+01 -0.229380E+00 -0.115362E-01  0.000000E+00  0.000000E+00  0.000000E+00  0.000000E+00
  0.201302E+01 -0.265332E+00 -0.311935E-02  0.000000E+00  0.000000E+00  0.000000E+00  0.000000E+00
  0.257716E+01  0.282776E+00  0.181124E-01  0.000000E+00  0.000000E+00  0.000000E+00  0.000000E+00
  0.241218E+01 -0.231741E-02  0.366892E+00  0.000000E+00  0.000000E+00  0.000000E+00  0.000000E+00
  0.268232E+01 -0.196689E-01 -0.269666E+00  0.000000E+00  0.000000E+00  0.000000E+00  0.000000E+00
  0.284007E+01 -0.335289E+00  0.177751E-01  0.000000E+00  0.000000E+00  0.000000E+00  0.000000E+00
  0.262319E+01  0.148475E-01  0.339437E+00  0.000000E+00  0.000000E+00  0.000000E+00  0.000000E+00
  0.263473E+01  0.146775E-01  0.343901E+00  0.000000E+00  0.000000E+00  0.000000E+00  0.000000E+00
  0.236804E+01 -0.333399E+00  0.899083E-02  0.000000E+00  0.000000E+00  0.000000E+00  0.000000E+00
  0.269292E+01  0.274926E+00 -0.195064E-01  0.000000E+00  0.000000E+00  0.000000E+00  0.000000E+00
  0.238421E+01 -0.714429E-02  0.346326E+00  0.000000E+00  0.000000E+00  0.000000E+00  0.000000E+00
  0.262953E+01 -0.133008E-01  0.358594E+00  0.000000E+00  0.000000E+00  0.000000E+00  0.000000E+00
  0.216008E+01 -0.926488E-02  0.282961E+00  0.000000E+00  0.000000E+00  0.000000E+00  0.000000E+00
  0.208608E+01  0.168106E-01 -0.211628E+00  0.000000E+00  0.000000E+00  0.000000E+00  0.000000E+00
  0.239752E+01  0.360593E+00  0.377185E-02  0.000000E+00  0.000000E+00  0.000000E+00  0.000000E+00
  0.176887E+01 -0.215754E-02 -0.204839E+00  0.000000E+00  0.000000E+00  0.000000E+00  0.000000E+00
  0.202251E+01 -0.262208E+00  0.589732E-02  0.000000E+00  0.000000E+00  0.000000E+00  0.000000E+00
  0.201156E+01  0.156366E-01  0.208367E+00  0.000000E+00  0.000000E+00  0.000000E+00  0.000000E+00
  0.250732E+01  0.125852E-01 -0.339197E+00  0.000000E+00  0.000000E+00  0.000000E+00  0.000000E+00
  0.206627E+01 -0.212953E+00  0.163034E-01  0.000000E+00  0.000000E+00  0.000000E+00  0.000000E+00
  0.264865E+01 -0.288840E+00 -0.184612E-01  0.000000E+00  0.000000E+00  0.000000E+00  0.000000E+00
  0.192629E+01  0.315926E-02  0.243494E+00  0.000000E+00  0.000000E+00  0.000000E+00  0.000000E+00
  0.251259E+01  0.376029E+00  0.744486E-02  0.000000E+00  0.000000E+00  0.000000E+00  0.000000E+00
  0.225794E+01  0.585822E-02 -0.320257E+00  0.000000E+00  0.000000E+00  0.000000E+00  0.000000E+00
  0.170377E+01 -0.154594E-02  0.188765E+00  0.000000E+00  0.000000E+00  0.000000E+00  0.000000E+00
  0.194828E+01 -0.223111E+00  0.114583E-01  0.000000E+00  0.000000E+00  0.000000E+00  0.000000E+00
  0.227708E+01 -0.236620E+00  0.176588E-01  0.000000E+00  0.000000E+00  0.000000E+00  0.000000E+00
  0.246909E+01 -0.362272E+00  0.809245E-02  0.000000E+00  0.000000E+00  0.000000E+00  0.000000E+00
  0.245743E+01  0.247676E+00 -0.189578E-01  0.000000E+00  0.000000E+00  0.000000E+00  0.000000E+00
  0.241006E+01 -0.131762E-01  0.312690E+00  0.000000E+00  0.000000E+00  0.000000E+00  0.000000E+00
  0.218011E+01 -0.302506E+00  0.536611E-02  0.000000E+00  0.000000E+00  0.000000E+00  0.000000E+00
  0.196438E+01  0.208899E+00 -0.143494E-01  0.000000E+00  0.000000E+00  0.000000E+00  0.000000E+00
  0.259561E+01  0.148450E-01  0.333850E+00  0.000000E+00  0.000000E+00  0.000000E+00  0.000000E+00
  0.208647E+01 -0.143650E-01  0.234086E+00  0.000000E+00  0.000000E+00  0.000000E+00  0.000000E+00
  0.195383E+01 -0.757770E-02 -0.240561E+00  0.000000E+00  0.000000E+00  0.000000E+00  0.000000E+00
  0.221669E+01  0.139599E-01  0.264623E+00  0.000000E+00  0.000000E+00  0.000000E+00  0.000000E+00
  0.253009E+01  0.272711E+00  0.182222E-01  0.000000E+00  0.000000E+00  0.000000E+00  0.000000E+00
  0.265940E+01 -0.184283E-01 -0.291295E+00  0.000000E+00  0.000000E+00  0.000000E+00  0.000000E+00
  0.245622E+01 -0.237924E-03  0.379611E+00  0.000000E+00  0.000000E+00  0.000000E+00  0.000000E+00
  0.195497E+01  0.118676E-01  0.222434E+00  0.000000E+00  0.000000E+00  0.000000E+00  0.000000E+00
  0.205777E+01  0.901899E-02 -0.259979E+00  0.000000E+00  0.000000E+00  0.000000E+00  0.000000E+00
  0.173413E+01  0.179132E+00 -0.103562E-01  0.000000E+00  0.000000E+00  0.000000E+00  0.000000E+00
  0.249975E+01 -0.324424E+00 -0.139265E-01  0.000000E+00  0.000000E+00  0.000000E+00  0.000000E+00
  0.182053E+01 -0.201610E+00 -0.968501E-02  0.000000E+00  0.000000E+00  0.000000E+00  0.000000E+00
  0.260282E+01 -0.582293E-03  0.416632E+00  0.000000E+00  0.000000E+00  0.000000E+00  0.000000E+00
  0.219619E+01  0.154469E-01 -0.246731E+00  0.000000E+00  0.000000E+00  0.000000E+00  0.000000E+00
  0.283194E+01  0.459485E+00 -0.628917E-02  0.000000E+00  0.000000E+00  0.000000E+00  0.000000E+00
  0.175532E+01 -0.198266E-02 -0.201541E+00  0.000000E+00  0.000000E+00  0.000000E+00  0.000000E+00
  0.219017E+01 -0.309105E+00  0.355126E-02  0.000000E+00  0.000000E+00  0.000000E+00  0.000000E+00
  0.239396E+01 -0.359954E+00 -0.365663E-02  0.000000E+00  0.000000E+00  0.000000E+00  0.000000E+00
  0.231650E+01 -0.600092E-02 -0.334190E+00  0.000000E+00  0.000000E+00  0.000000E+00  0.000000E+00
  0.210253E+01  0.139042E-01  0.241079E+00  0.000000E+00  0.000000E+00  0.000000E+00  0.000000E+00
  0.178533E+01 -0.206569E+00  0.435397E-02  0.000000E+00  0.000000E+00  0.000000E+00  0.000000E+00
  0.219330E+01 -0.313060E+00 -0.127520E-03  0.000000E+00  0.000000E+00  0.000000E+00  0.000000E+00
  0.193528E+01 -0.900671E-02  0.231103E+00  0.000000E+00  0.000000E+00  0.000000E+00  0.000000E+00
  0.212824E+01  0.145456E-01  0.241223E+00  0.000000E+00  0.000000E+00  0.000000E+00  0.000000E+00
  0.201699E+01 -0.232642E+00 -0.124713E-01  0.000000E+00  0.000000E+00  0.000000E+00  0.000000E+00
  0.242539E+01 -0.239053E+00 -0.191483E-01  0.000000E+00  0.000000E+00  0.000000E+00  0.000000E+00
  0.210299E+01  0.526111E-02  0.283701E+00  0.000000E+00  0.000000E+00  0.000000E+00  0.000000E+00
  0.218172E+01  0.110137E-01  0.278415E+00  0.000000E+00  0.000000E+00  0.000000E+00  0.000000E+00
  0.186426E+01  0.123145E-01 -0.199950E+00  0.000000E+00  0.000000E+00  0.000000E+00  0.000000E+00
  0.272712E+01 -0.527264E-02  0.438132E+00  0.000000E+00  0.000000E+00  0.000000E+00  0.000000E+00
  0.179997E+01  0.203727E+00 -0.747072E-02  0.000000E+00  0.000000E+00  0.000000E+00  0.000000E+00
  0.227269E+01 -0.330480E+00 -0.316660E-02  0.000000E+00  0.000000E+00  0.000000E+00  0.000000E+00
  0.225742E+01 -0.967972E-02  0.303613E+00  0.000000E+00  0.000000E+00  0.000000E+00  0.000000E+00
  0.235256E+01 -0.167016E-01  0.262955E+00  0.000000E+00  0.000000E+00  0.000000E+00  0.000000E+00
  0.166007E+01 -0.178061E+00 -0.810391E-04  0.000000E+00  0.000000E+00  0.000000E+00  0.000000E+00
  0.283852E+01  0.134173E-01 -0.401993E+00  0.000000E+00  0.000000E+00  0.000000E+00  0.000000E+00
  0.232376E+01 -0.474980E-02 -0.339789E+00  0.000000E+00  0.000000E+00  0.000000E+00  0.000000E+00
  0.269961E+01  0.116288E-01  0.390607E+00  0.000000E+00  0.000000E+00  0.000000E+00  0.000000E+00
  0.193259E+01 -0.242402E+00  0.483021E-02  0.000000E+00  0.000000E+00  0.000000E+00  0.000000E+00
  0.188413E+01 -0.218954E+00 -0.902579E-02  0.000000E+00  0.000000E+00  0.000000E+00  0.000000E+00
  0.255828E+01  0.312672E+00 -0.159166E-01  0.000000E+00  0.000000E+00  0.000000E+00  0.000000E+00
  0.227412E+01 -0.310221E+00 -0.918100E-02  0.000000E+00  0.000000E+00  0.000000E+00  0.000000E+00
  0.221306E+01 -0.313331E+00 -0.429762E-02  0.000000E+00  0.000000E+00  0.000000E+00  0.000000E+00
  0.176152E+01 -0.201381E+00 -0.379883E-02  0.000000E+00  0.000000E+00  0.000000E+00  0.000000E+00
  0.177602E+01  0.947386E-02  0.191947E+00  0.000000E+00  0.000000E+00  0.000000E+00  0.000000E+00
  0.180889E+01 -0.101286E-01 -0.197240E+00  0.000000E+00  0.000000E+00  0.000000E+00  0.000000E+00
  0.275175E+01 -0.114851E-01  0.403656E+00  0.000000E+00  0.000000E+00  0.000000E+00  0.000000E+00
  0.232789E+01 -0.290348E+00 -0.137029E-01  0.000000E+00  0.000000E+00  0.000000E+00  0.000000E+00
  0.198955E+01  0.215275E+00  0.141901E-01  0.000000E+00  0.000000E+00  0.000000E+00  0.000000E+00
  0.227570E+01  0.165371E-02 -0.333193E+00  0.000000E+00  0.000000E+00  0.000000E+00  0.000000E+00
  0.255183E+01 -0.296933E+00 -0.169440E-01  0.000000E+00  0.000000E+00  0.000000E+00  0.000000E+00
  0.246443E+01 -0.317720E+00  0.138557E-01  0.000000E+00  0.000000E+00  0.000000E+00  0.000000E+00
  0.221701E+01 -0.313801E+00 -0.452317E-02  0.000000E+00  0.000000E+00  0.000000E+00  0.000000E+00
  0.187549E+01  0.222881E-02 -0.231674E+00  0.000000E+00  0.000000E+00  0.000000E+00  0.000000E+00
  0.205984E+01 -0.257792E+00  0.961550E-02  0.000000E+00  0.000000E+00  0.000000E+00  0.000000E+00
  0.281922E+01  0.368458E-02  0.466383E+00  0.000000E+00  0.000000E+00  0.000000E+00  0.000000E+00
  0.257268E+01 -0.202680E-02 -0.407768E+00  0.000000E+00  0.000000E+00  0.000000E+00  0.000000E+00
  0.205908E+01  0.220977E+00  0.152696E-01  0.000000E+00  0.000000E+00  0.000000E+00  0.000000E+00
  0.192075E+01 -0.815269E-03 -0.243929E+00  0.000000E+00  0.000000E+00  0.000000E+00  0.000000E+00
  0.174856E+01  0.257454E-03 -0.200455E+00  0.000000E+00  0.000000E+00  0.000000E+00  0.000000E+00
  0.272188E+01 -0.129305E-01  0.382471E+00  0.000000E+00  0.000000E+00  0.000000E+00  0.000000E+00
  0.271842E+01  0.411030E+00  0.970538E-02  0.000000E+00  0.000000E+00  0.000000E+00  0.000000E+00
  0.247356E+01  0.175060E-01  0.274155E+00  0.000000E+00  0.000000E+00  0.000000E+00  0.000000E+00
  0.278592E+01  0.202587E-01 -0.271354E+00  0.000000E+00  0.000000E+00  0.000000E+00  0.000000E+00
  0.168882E+01 -0.312512E-02 -0.183887E+00  0.000000E+00  0.000000E+00  0.000000E+00  0.000000E+00
  0.177144E+01  0.204808E+00  0.295940E-02  0.000000E+00  0.000000E+00  0.000000E+00  0.000000E+00
  0.250661E+01 -0.166620E-01 -0.292534E+00  0.000000E+00  0.000000E+00  0.000000E+00  0.000000E+00
  0.180614E+01 -0.210344E+00 -0.519827E-02  0.000000E+00  0.000000E+00  0.000000E+00  0.000000E+00
  0.186159E+01 -0.134778E-01 -0.192941E+00  0.000000E+00  0.000000E+00  0.000000E+00  0.000000E+00
  0.273665E+01  0.487360E-02 -0.441983E+00  0.000000E+00  0.000000E+00  0.000000E+00  0.000000E+00
  0.260421E+01 -0.117326E-02 -0.416637E+00  0.000000E+00  0.000000E+00  0.000000E+00  0.000000E+00
  0.273543E+01 -0.191943E-01 -0.288528E+00  0.000000E+00  0.000000E+00  0.000000E+00  0.000000E+00
  0.239176E+01 -0.359397E+00 -0.365963E-02  0.000000E+00  0.000000E+00  0.000000E+00  0.000000E+00
  0.218964E+01 -0.311854E+00 -0.106559E-02  0.000000E+00  0.000000E+00  0.000000E+00  0.000000E+00
  0.251120E+01 -0.393273E+00 -0.934294E-03  0.000000E+00  0.000000E+00  0.000000E+00  0.000000E+00
  0.207359E+01  0.116750E-01  0.250029E+00  0.000000E+00  0.000000E+00  0.000000E+00  0.000000E+00
  0.225354E+01  0.288564E+00 -0.119239E-01  0.000000E+00  0.000000E+00  0.000000E+00  0.000000E+00
  0.252841E+01  0.273342E+00 -0.181676E-01  0.000000E+00  0.000000E+00  0.000000E+00  0.000000E+00
  0.259456E+01  0.195617E-01  0.258202E+00  0.000000E+00  0.000000E+00  0.000000E+00  0.000000E+00
  0.272764E+01  0.641171E-02  0.433351E+00  0.000000E+00  0.000000E+00  0.000000E+00  0.000000E+00
  0.220904E+01 -0.144802E-01 -0.258451E+00  0.000000E+00  0.000000E+00  0.000000E+00  0.000000E+00
  0.236104E+01  0.207818E-02  0.354300E+00  0.000000E+00  0.000000E+00  0.000000E+00  0.000000E+00
  0.184673E+01 -0.138039E-01 -0.187858E+00  0.000000E+00  0.000000E+00  0.000000E+00  0.000000E+00
  0.279827E+01  0.560002E-02 -0.454381E+00  0.000000E+00  0.000000E+00  0.000000E+00  0.000000E+00
  0.228868E+01  0.183635E-01  0.228820E+00  0.000000E+00  0.000000E+00  0.000000E+00  0.000000E+00
  0.281244E+01 -0.396524E+00 -0.134086E-01  0.000000E+00  0.000000E+00  0.000000E+00  0.000000E+00
  0.175349E+01 -0.980438E-02  0.185554E+00  0.000000E+00  0.000000E+00  0.000000E+00  0.000000E+00
  0.270393E+01 -0.113166E-02 -0.441891E+00  0.000000E+00  0.000000E+00  0.000000E+00  0.000000E+00
  0.230423E+01  0.166396E-01  0.254607E+00  0.000000E+00  0.000000E+00  0.000000E+00  0.000000E+00
  0.280525E+01  0.462107E+00 -0.395373E-02  0.000000E+00  0.000000E+00  0.000000E+00  0.000000E+00
  0.233630E+01  0.150349E-01 -0.279047E+00  0.000000E+00  0.000000E+00  0.000000E+00  0.000000E+00
  0.277314E+01  0.125648E-01 -0.397566E+00  0.000000E+00  0.000000E+00  0.000000E+00  0.000000E+00
  0.213402E+01  0.150368E-01  0.238115E+00  0.000000E+00  0.000000E+00  0.000000E+00  0.000000E+00
  0.252914E+01  0.133211E-01  0.336870E+00  0.000000E+00  0.000000E+00  0.000000E+00  0.000000E+00
  0.214494E+01 -0.275917E+00  0.995953E-02  0.000000E+00  0.000000E+00  0.000000E+00  0.000000E+00
  0.200500E+01 -0.209554E+00  0.153403E-01  0.000000E+00  0.000000E+00  0.000000E+00  0.000000E+00
  0.204316E+01  0.120986E-01  0.240697E+00  0.000000E+00  0.000000E+00  0.000000E+00  0.000000E+00
  0.276306E+01 -0.120819E-01 -0.400362E+00  0.000000E+00  0.000000E+00  0.000000E+00  0.000000E+00
  0.256958E+01  0.189391E-01 -0.266543E+00  0.000000E+00  0.000000E+00  0.000000E+00  0.000000E+00
  0.252536E+01 -0.339753E+00  0.129446E-01  0.000000E+00  0.000000E+00  0.000000E+00  0.000000E+00
  0.217549E+01  0.137101E-01 -0.258018E+00  0.000000E+00  0.000000E+00  0.000000E+00  0.000000E+00
  0.274470E+01 -0.164142E-01  0.341431E+00  0.000000E+00  0.000000E+00  0.000000E+00  0.000000E+00
  0.265205E+01 -0.151955E-01  0.340824E+00  0.000000E+00  0.000000E+00  0.000000E+00  0.000000E+00
  0.256232E+01 -0.325964E+00 -0.149365E-01  0.000000E+00  0.000000E+00  0.000000E+00  0.000000E+00
  0.205210E+01 -0.128878E-01 -0.237626E+00  0.000000E+00  0.000000E+00  0.000000E+00  0.000000E+00
  0.218996E+01 -0.266355E+00  0.130435E-01  0.000000E+00  0.000000E+00  0.000000E+00  0.000000E+00
  0.184735E+01  0.217039E+00 -0.677549E-02  0.000000E+00  0.000000E+00  0.000000E+00  0.000000E+00
  0.284082E+01 -0.952061E-01 -0.723171E-01  0.000000E+00  0.000000E+00  0.000000E+00  0.000000E+00
  0.284082E+01 -0.449378E-03  0.239515E-03  0.000000E+00  0.000000E+00  0.000000E+00  0.000000E+00
  0.284082E+01  0.114375E+00  0.100866E+00  0.000000E+00  0.000000E+00  0.000000E+00  0.000000E+00
  0.284082E+01  0.275372E-01 -0.679930E-01  0.000000E+00  0.000000E+00  0.000000E+00  0.000000E+00
  0.284082E+01 -0.106439E+00 -0.119349E+00  0.000000E+00  0.000000E+00  0.000000E+00  0.000000E+00
  0.284082E+01 -0.384228E-01 -0.176639E+00  0.000000E+00  0.000000E+00  0.000000E+00  0.000000E+00
  0.284082E+01 -0.107754E+00 -0.125238E+00  0.000000E+00  0.000000E+00  0.000000E+00  0.000000E+00
  0.284082E+01 -0.896602E-01 -0.985334E-01  0.000000E+00  0.000000E+00  0.000000E+00  0.000000E+00
  0.284082E+01  0.107397E+00  0.123021E+00  0.000000E+00  0.000000E+00  0.000000E+00  0.000000E+00
  0.284082E+01 -0.872181E-01  0.132536E+00  0.000000E+00  0.000000E+00  0.000000E+00  0.000000E+00
  0.284082E+01  0.945765E-01  0.175175E+00  0.000000E+00  0.000000E+00  0.000000E+00  0.000000E+00
  0.284082E+01 -0.376552E-02 -0.885626E-01  0.000000E+00  0.000000E+00  0.000000E+00  0.000000E+00
  0.284082E+01  0.945767E-02  0.582887E-02  0.000000E+00  0.000000E+00  0.000000E+00  0.000000E+00
  0.284082E+01  0.175422E+00 -0.275434E-01  0.000000E+00  0.000000E+00  0.000000E+00  0.000000E+00
  0.284082E+01  0.188253E+00 -0.121629E+00  0.000000E+00  0.000000E+00  0.000000E+00  0.000000E+00
  0.284082E+01  0.106139E+00 -0.213088E+00  0.000000E+00  0.000000E+00  0.000000E+00  0.000000E+00
  0.284082E+01  0.179976E+00 -0.117303E+00  0.000000E+00  0.000000E+00  0.000000E+00  0.000000E+00
  0.284082E+01  0.473083E-01  0.150453E+00  0.000000E+00  0.000000E+00  0.000000E+00  0.000000E+00
  0.284082E+01  0.588443E-02  0.105287E-01  0.000000E+00  0.000000E+00  0.000000E+00  0.000000E+00
  0.284082E+01 -0.128459E+00  0.204700E+00  0.000000E+00  0.000000E+00  0.000000E+00  0.000000E+00
  0.284082E+01  0.164127E+00  0.136337E+00  0.000000E+00  0.000000E+00  0.000000E+00  0.000000E+00
  0.284082E+01  0.590758E-01 -0.124824E+00  0.000000E+00  0.000000E+00  0.000000E+00  0.000000E+00
  0.284082E+01  0.536196E-01 -0.611591E-01  0.000000E+00  0.000000E+00  0.000000E+00  0.000000E+00
  0.284082E+01  0.116469E+00 -0.907729E-01  0.000000E+00  0.000000E+00  0.000000E+00  0.000000E+00
  0.284082E+01 -0.125985E-02 -0.130759E-01  0.000000E+00  0.000000E+00  0.000000E+00  0.000000E+00
  0.284082E+01  0.226809E-02 -0.677253E-03  0.000000E+00  0.000000E+00  0.000000E+00  0.000000E+00
  0.284082E+01  0.541886E-01  0.209341E-01  0.000000E+00  0.000000E+00  0.000000E+00  0.000000E+00
  0.284082E+01  0.232654E-02  0.125261E-02  0.000000E+00  0.000000E+00  0.000000E+00  0.000000E+00
  0.284082E+01 -0.153303E-01 -0.468973E-02  0.000000E+00  0.000000E+00  0.000000E+00  0.000000E+00
  0.284082E+01  0.882923E-01  0.271582E-02  0.000000E+00  0.000000E+00  0.000000E+00  0.000000E+00
  0.284082E+01  0.285617E-02 -0.752088E-02  0.000000E+00  0.000000E+00  0.000000E+00  0.000000E+00
  0.284082E+01  0.626006E-01 -0.141538E+00  0.000000E+00  0.000000E+00  0.000000E+00  0.000000E+00
  0.284082E+01 -0.231077E-01  0.729098E-02  0.000000E+00  0.000000E+00  0.000000E+00  0.000000E+00
  0.284082E+01 -0.179670E+00 -0.232529E-01  0.000000E+00  0.000000E+00  0.000000E+00  0.000000E+00
  0.284082E+01  0.826750E-01  0.126804E+00  0.000000E+00  0.000000E+00  0.000000E+00  0.000000E+00
  0.284082E+01  0.752429E-01 -0.206292E+00  0.000000E+00  0.000000E+00  0.000000E+00  0.000000E+00
  0.284082E+01  0.108832E+00 -0.900349E-01  0.000000E+00  0.000000E+00  0.000000E+00  0.000000E+00
  0.284082E+01 -0.163017E-01  0.297396E-01  0.000000E+00  0.000000E+00  0.000000E+00  0.000000E+00
  0.284082E+01 -0.432955E-01  0.944711E-02  0.000000E+00  0.000000E+00  0.000000E+00  0.000000E+00
  0.284082E+01 -0.951060E-01  0.426573E-01  0.000000E+00  0.000000E+00  0.000000E+00  0.000000E+00
  0.284082E+01  0.203317E-01  0.820481E-01  0.000000E+00  0.000000E+00  0.000000E+00  0.000000E+00
  0.284082E+01 -0.465245E-01 -0.824452E-01  0.000000E+00  0.000000E+00  0.000000E+00  0.000000E+00
  0.284082E+01 -0.568213E-01  0.398035E-01  0.000000E+00  0.000000E+00  0.000000E+00  0.000000E+00
  0.284082E+01 -0.117695E+00 -0.209972E+00  0.000000E+00  0.000000E+00  0.000000E+00  0.000000E+00
  0.284082E+01  0.196280E+00  0.640318E-01  0.000000E+00  0.000000E+00  0.000000E+00  0.000000E+00
  0.284082E+01  0.332306E-01 -0.112317E+00  0.000000E+00  0.000000E+00  0.000000E+00  0.000000E+00
  0.284082E+01  0.330690E-02 -0.130841E+00  0.000000E+00  0.000000E+00  0.000000E+00  0.000000E+00
  0.284082E+01  0.698416E-01 -0.321788E-01  0.000000E+00  0.000000E+00  0.000000E+00  0.000000E+00
  0.284082E+01 -0.322553E-02  0.305631E-02  0.000000E+00  0.000000E+00  0.000000E+00  0.000000E+00
  0.284082E+01 -0.187635E+00 -0.114585E+00  0.000000E+00  0.000000E+00  0.000000E+00  0.000000E+00
  0.284082E+01  0.146914E+00 -0.849616E-01  0.000000E+00  0.000000E+00  0.000000E+00  0.000000E+00
  0.284082E+01  0.516832E-01 -0.495389E-01  0.000000E+00  0.000000E+00  0.000000E+00  0.000000E+00
  0.284082E+01  0.980858E-01  0.383769E-01  0.000000E+00  0.000000E+00  0.000000E+00  0.000000E+00
  0.284082E+01  0.336128E-01 -0.683632E-01  0.000000E+00  0.000000E+00  0.000000E+00  0.000000E+00
  0.284082E+01 -0.327310E-01 -0.662193E-01  0.000000E+00  0.000000E+00  0.000000E+00  0.000000E+00
  0.284082E+01  0.174337E-01 -0.171020E-01  0.000000E+00  0.000000E+00  0.000000E+00  0.000000E+00
  0.284082E+01 -0.136643E+00 -0.106005E+00  0.000000E+00  0.000000E+00  0.000000E+00  0.000000E+00
  0.284082E+01 -0.377300E-01 -0.143306E+00  0.000000E+00  0.000000E+00  0.000000E+00  0.000000E+00
  0.284082E+01  0.271628E-01 -0.708321E-01  0.000000E+00  0.000000E+00  0.000000E+00  0.000000E+00
  0.284082E+01 -0.177003E+00 -0.228282E-01  0.000000E+00  0.000000E+00  0.000000E+00  0.000000E+00
  0.284082E+01  0.138147E+00  0.335927E-01  0.000000E+00  0.000000E+00  0.000000E+00  0.000000E+00
  0.284082E+01  0.914901E-02  0.156699E-01  0.000000E+00  0.000000E+00  0.000000E+00  0.000000E+00
  0.284082E+01  0.614197E-01 -0.262138E-01  0.000000E+00  0.000000E+00  0.000000E+00  0.000000E+00
  0.284082E+01 -0.332385E-01 -0.190356E+00  0.000000E+00  0.000000E+00  0.000000E+00  0.000000E+00
  0.284082E+01 -0.771094E-01  0.776004E-01  0.000000E+00  0.000000E+00  0.000000E+00  0.000000E+00
  0.284082E+01  0.952214E-01 -0.823347E-01  0.000000E+00  0.000000E+00  0.000000E+00  0.000000E+00
  0.284082E+01  0.378972E-01 -0.229259E+00  0.000000E+00  0.000000E+00  0.000000E+00  0.000000E+00
  0.284082E+01  0.889636E-01  0.792402E-01  0.000000E+00  0.000000E+00  0.000000E+00  0.000000E+00
  0.284082E+01 -0.575359E-01  0.126379E+00  0.000000E+00  0.000000E+00  0.000000E+00  0.000000E+00
  0.284082E+01  0.637261E-01 -0.269812E-01  0.000000E+00  0.000000E+00  0.000000E+00  0.000000E+00
  0.284082E+01 -0.536635E-01 -0.168734E+00  0.000000E+00  0.000000E+00  0.000000E+00  0.000000E+00
  0.284082E+01  0.106853E-01  0.119462E+00  0.000000E+00  0.000000E+00  0.000000E+00  0.000000E+00
  0.284082E+01  0.721560E-01  0.665857E-01  0.000000E+00  0.000000E+00  0.000000E+00  0.000000E+00
  0.284082E+01  0.278723E-01  0.384508E-01  0.000000E+00  0.000000E+00  0.000000E+00  0.000000E+00
  0.284082E+01  0.805719E-01  0.854831E-01  0.000000E+00  0.000000E+00  0.000000E+00  0.000000E+00
  0.284082E+01  0.242377E-01 -0.805452E-02  0.000000E+00  0.000000E+00  0.000000E+00  0.000000E+00
  0.284082E+01 -0.307337E-02 -0.899776E-01  0.000000E+00  0.000000E+00  0.000000E+00  0.000000E+00
  0.284082E+01 -0.748201E-01 -0.321615E-01  0.000000E+00  0.000000E+00  0.000000E+00  0.000000E+00
  0.284082E+01 -0.102667E+00 -0.909799E-01  0.000000E+00  0.000000E+00  0.000000E+00  0.000000E+00
  0.284082E+01  0.102093E+00  0.583403E-01  0.000000E+00  0.000000E+00  0.000000E+00  0.000000E+00
  0.284082E+01 -0.147513E+00 -0.181460E-01  0.000000E+00  0.000000E+00  0.000000E+00  0.000000E+00
  0.284082E+01  0.178211E-03 -0.579403E-01  0.000000E+00  0.000000E+00  0.000000E+00  0.000000E+00
  0.284082E+01 -0.173543E+00 -0.117332E+00  0.000000E+00  0.000000E+00  0.000000E+00  0.000000E+00
  0.284082E+01 -0.419990E-01 -0.107744E+00  0.000000E+00  0.000000E+00  0.000000E+00  0.000000E+00
  0.284082E+01  0.399422E-02  0.628631E-02  0.000000E+00  0.000000E+00  0.000000E+00  0.000000E+00
  0.284082E+01 -0.593648E-01  0.139656E+00  0.000000E+00  0.000000E+00  0.000000E+00  0.000000E+00
  0.284082E+01  0.198795E+00 -0.236050E-01  0.000000E+00  0.000000E+00  0.000000E+00  0.000000E+00
  0.284082E+01 -0.388763E-02 -0.316349E-01  0.000000E+00  0.000000E+00  0.000000E+00  0.000000E+00
  0.284082E+01 -0.779654E-01  0.120449E+00  0.000000E+00  0.000000E+00  0.000000E+00  0.000000E+00
  0.284082E+01 -0.141337E+00 -0.276651E-01  0.000000E+00  0.000000E+00  0.000000E+00  0.000000E+00
  0.284082E+01  0.540284E-01  0.143014E+00  0.000000E+00  0.000000E+00  0.000000E+00  0.000000E+00
  0.284082E+01  0.299073E-01 -0.100389E+00  0.000000E+00  0.000000E+00  0.000000E+00  0.000000E+00
  0.284082E+01 -0.845826E-02 -0.336781E-01  0.000000E+00  0.000000E+00  0.000000E+00  0.000000E+00
  0.284082E+01  0.182361E+00  0.153325E+00  0.000000E+00  0.000000E+00  0.000000E+00  0.000000E+00
  0.284082E+01  0.100290E-01  0.786222E-01  0.000000E+00  0.000000E+00  0.000000E+00  0.000000E+00
  0.284082E+01  0.564673E-02  0.397364E-02  0.000000E+00  0.000000E+00  0.000000E+00  0.000000E+00
  0.284082E+01 -0.128379E+00 -0.985184E-01  0.000000E+00  0.000000E+00  0.000000E+00  0.000000E+00
  0.284082E+01 -0.461184E-01 -0.512156E-01  0.000000E+00  0.000000E+00  0.000000E+00  0.000000E+00
  0.284082E+01  0.241835E+00 -0.362095E-01  0.000000E+00  0.000000E+00  0.000000E+00  0.000000E+00
  0.284082E+01 -0.663159E-03 -0.852899E-01  0.000000E+00  0.000000E+00  0.000000E+00  0.000000E+00
