  0.202690E+01 -0.214215E+00  0.153067E-01  0.000000E+00  0.000000E+00  0.000000E+00  0.000000E+00
  0.282081E+01  0.471751E+00 -0.700379E-03  0.000000E+00  0.000000E+00  0.000000E+00  0.000000E+00
  0.255562E+01  0.377489E+00 -0.902641E-02  0.000000E+00  0.000000E+00  0.000000E+00  0.000000E+00
  0.172041E+01  0.180216E+00  0.905312E-02  0.000000E+00  0.000000E+00  0.000000E+00  0.000000E+00
  0.266511E+01 -0.199186E-01 -0.261375E+00  0.000000E+00  0.000000E+00  0.000000E+00  0.000000E+00
  0.191540E+01  0.195733E+00 -0.147820E-01  0.000000E+00  0.000000E+00  0.000000E+00  0.000000E+00
  0.272133E+01 -0.165524E-01  0.334802E+00  0.000000E+00  0.000000E+00  0.000000E+00  0.000000E+00
  0.242885E+01 -0.315443E+00 -0.133146E-01  0.000000E+00  0.000000E+00  0.000000E+00  0.000000E+00
  0.214960E+01 -0.155795E-01 -0.236187E+00  0.000000E+00  0.000000E+00  0.000000E+00  0.000000E+00
  0.279149E+01  0.339478E+00  0.170640E-01  0.000000E+00  0.000000E+00  0.000000E+00  0.000000E+00
  0.259747E+01 -0.324474E+00  0.156092E-01  0.000000E+00  0.000000E+00  0.000000E+00  0.000000E+00
  0.172118E+01 -0.895676E-02 -0.180686E+00  0.000000E+00  0.000000E+00  0.000000E+00  0.000000E+00
  0.209145E+01 -0.161826E-01  0.218972E+00  0.000000E+00  0.000000E+00  0.000000E+00  0.000000E+00
  0.173971E+01  0.177067E+00 -0.112386E-01  0.000000E+00  0.000000E+00  0.000000E+00  0.000000E+00
  0.171870E+01  0.107890E-01 -0.174017E+00  0.000000E+00  0.000000E+00  0.000000E+00  0.000000E+00
  0.278528E+01 -0.149014E-01  0.371715E+00  0.000000E+00  0.000000E+00  0.000000E+00  0.000000E+00
  0.187983E+01  0.107889E-01 -0.210817E+00  0.000000E+00  0.000000E+00  0.000000E+00  0.000000E+00
  0.230557E+01  0.308663E+00 -0.106948E-01  0.000000E+00  0.000000E+00  0.000000E+00  0.000000E+00
  0.160845E+01  0.164308E+00  0.227445E-02  0.000000E+00  0.000000E+00  0.000000E+00  0.000000E+00
  0.270021E+01 -0.421611E+00  0.740184E-02  0.000000E+00  0.000000E+00  0.000000E+00  0.000000E+00
  0.203323E+01 -0.437088E-02 -0.268340E+00  0.000000E+00  0.000000E+00  0.000000E+00  0.000000E+00
  0.234280E+01 -0.320894E-02 -0.348011E+00  0.000000E+00  0.000000E+00  0.000000E+00  0.000000E+00
  0.183794E+01 -0.898390E-02 -0.208193E+00  0.000000E+00  0.000000E+00  0.000000E+00  0.000000E+00
  0.244045E+01 -0.243915E+00 -0.190125E-01  0.000000E+00  0.000000E+00  0.000000E+00  0.000000E+00
  0.181574E+01  0.186107E+00 -0.129342E-01  0.000000E+00  0.000000E+00  0.000000E+00  0.000000E+00
  0.222649E+01 -0.168232E-01 -0.237791E+00  0.000000E+00  0.000000E+00  0.000000E+00  0.000000E+00
  0.220314E+01 -0.313575E+00 -0.279634E-02  0.000000E+00  0.000000E+00  0.000000E+00  0.000000E+00
  0.214332E+01  0.176348E-01 -0.212936E+00  0.000000E+00  0.000000E+00  0.000000E+00  0.000000E+00
  0.245627E+01 -0.320396E+00  0.134109E-01  0.000000E+00  0.000000E+00  0.000000E+00  0.000000E+00
  0.197717E+01 -0.146044E-01 -0.209680E+00  0.000000E+00  0.000000E+00  0.000000E+00  0.000000E+00
  0.257401E+01 -0.978940E-02 -0.376753E+00  0.000000E+00  0.000000E+00  0.000000E+00  0.000000E+00
  0.162190E+01  0.248107E-02  0.167566E+00  0.000000E+00  0.000000E+00  0.000000E+00  0.000000E+00
  0.214421E+01  0.973159E-02 -0.276923E+00  0.000000E+00  0.000000E+00  0.000000E+00  0.000000E+00
  0.257052E+01 -0.281336E+00  0.181287E-01  0.000000E+00  0.000000E+00  0.000000E+00  0.000000E+00
  0.243911E+01 -0.300801E+00  0.149498E-01  0.000000E+00  0.000000E+00  0.000000E+00  0.000000E+00
  0.192825E+01 -0.147557E-01  0.198547E+00  0.000000E+00  0.000000E+00  0.000000E+00  0.000000E+00
  0.210466E+01 -0.287338E+00  0.374785E-02  0.000000E+00  0.000000E+00  0.000000E+00  0.000000E+00
  0.242423E+01 -0.184670E-01 -0.250432E+00  0.000000E+00  0.000000E+00  0.000000E+00  0.000000E+00
  0.267538E+01  0.107127E-03  0.435111E+00  0.000000E+00  0.000000E+00  0.000000E+00  0.000000E+00
  0.271682E+01  0.349318E-02  0.441235E+00  0.000000E+00  0.000000E+00  0.000000E+00  0.000000E+00
  0.169109E+01 -0.920662E-02  0.172850E+00  0.000000E+00  0.000000E+00  0.000000E+00  0.000000E+00
  0.249474E+01 -0.388498E+00 -0.168291E-02  0.000000E+00  0.000000E+00  0.000000E+00  0.000000E+00
  0.270081E+01  0.402724E+00 -0.102515E-01  0.000000E+00  0.000000E+00  0.000000E+00  0.000000E+00
  0.233663E+01 -0.242417E+00  0.180017E-01  0.000000E+00  0.000000E+00  0.000000E+00  0.000000E+00
  0.193172E+01  0.227640E+00  0.966618E-02  0.000000E+00  0.000000E+00  0.000000E+00  0.000000E+00
  0.241480E+01 -0.115356E-01  0.327496E+00  0.000000E+00  0.000000E+00  0.000000E+00  0.000000E+00
  0.262097E+01  0.420362E+00 -0.170170E-02  0.000000E+00  0.000000E+00  0.000000E+00  0.000000E+00
  0.247994E+01  0.311805E+00 -0.147107E-01  0.000000E+00  0.000000E+00  0.000000E+00  0.000000E+00
  0.201375E+01 -0.234502E+00 -0.120442E-01  0.000000E+00  0.000000E+00  0.000000E+00  0.000000E+00
  0.200379E+01 -0.264887E+00  0.963354E-03  0.000000E+00  0.000000E+00  0.000000E+00  0.000000E+00
  0.224705E+01 -0.325489E+00 -0.212534E-02  0.000000E+00  0.000000E+00  0.000000E+00  0.000000E+00
  0.240020E+01 -0.124497E-01  0.316909E+00  0.000000E+00  0.000000E+00  0.000000E+00  0.000000E+00
  0.247520E+01 -0.329705E+00  0.128564E-01  0.000000E+00  0.000000E+00  0.000000E+00  0.000000E+00
  0.275305E+01  0.644726E-03 -0.454628E+00  0.000000E+00  0.000000E+00  0.000000E+00  0.000000E+00
  0.265059E+01  0.288752E+00  0.184834E-01  0.000000E+00  0.000000E+00  0.000000E+00  0.000000E+00
  0.248258E+01  0.175806E-01 -0.274649E+00  0.000000E+00  0.000000E+00  0.000000E+00  0.000000E+00
  0.267468E+01  0.282069E+00  0.190298E-01  0.000000E+00  0.000000E+00  0.000000E+00  0.000000E+00
  0.253330E+01 -0.150448E-01 -0.318777E+00  0.000000E+00  0.000000E+00  0.000000E+00  0.000000E+00
  0.238212E+01 -0.276658E+00 -0.160518E-01  0.000000E+00  0.000000E+00  0.000000E+00  0.000000E+00
  0.223758E+01  0.260495E+00  0.148888E-01  0.000000E+00  0.000000E+00  0.000000E+00  0.000000E+00
  0.218844E+01  0.176995E-01 -0.220226E+00  0.000000E+00  0.000000E+00  0.000000E+00  0.000000E+00
  0.227330E+01 -0.258022E+00  0.158264E-01  0.000000E+00  0.000000E+00  0.000000E+00  0.000000E+00
  0.215968E+01 -0.281560E+00  0.952923E-02  0.000000E+00  0.000000E+00  0.000000E+00  0.000000E+00
  0.191968E+01  0.243616E+00 -0.944603E-03  0.000000E+00  0.000000E+00  0.000000E+00  0.000000E+00
  0.260091E+01 -0.285091E+00  0.182162E-01  0.000000E+00  0.000000E+00  0.000000E+00  0.000000E+00
  0.173994E+01 -0.198168E+00 -0.855883E-03  0.000000E+00  0.000000E+00  0.000000E+00  0.000000E+00
  0.189576E+01  0.233340E+00 -0.478434E-02  0.000000E+00  0.000000E+00  0.000000E+00  0.000000E+00
  0.211352E+01  0.169866E-01 -0.214878E+00  0.000000E+00  0.000000E+00  0.000000E+00  0.000000E+00
  0.209157E+01  0.224297E+00  0.156233E-01  0.000000E+00  0.000000E+00  0.000000E+00  0.000000E+00
  0.214914E+01  0.548715E-02 -0.294522E+00  0.000000E+00  0.000000E+00  0.000000E+00  0.000000E+00
  0.194190E+01 -0.211053E+00 -0.133220E-01  0.000000E+00  0.000000E+00  0.000000E+00  0.000000E+00
  0.283750E+01  0.416130E+00  0.121513E-01  0.000000E+00  0.000000E+00  0.000000E+00  0.000000E+00
  0.188446E+01 -0.147842E-01 -0.189402E+00  0.000000E+00  0.000000E+00  0.000000E+00  0.000000E+00
  0.262478E+01  0.762821E-02  0.402165E+00  0.000000E+00  0.000000E+00  0.000000E+00  0.000000E+00
  0.252198E+01  0.167723E-01  0.293861E+00  0.000000E+00  0.000000E+00  0.000000E+00  0.000000E+00
  0.191896E+01 -0.138229E-01  0.202982E+00  0.000000E+00  0.000000E+00  0.000000E+00  0.000000E+00
  0.279096E+01 -0.306570E+00  0.187778E-01  0.000000E+00  0.000000E+00  0.000000E+00  0.000000E+00
  0.205771E+01 -0.270534E+00  0.601955E-02  0.000000E+00  0.000000E+00  0.000000E+00  0.000000E+00
  0.239332E+01 -0.171476E-02 -0.362848E+00  0.000000E+00  0.000000E+00  0.000000E+00  0.000000E+00
  0.265984E+01  0.413384E+00 -0.710843E-02  0.000000E+00  0.000000E+00  0.000000E+00  0.000000E+00
  0.251683E+01  0.155231E-02 -0.394212E+00  0.000000E+00  0.000000E+00  0.000000E+00  0.000000E+00
  0.192735E+01 -0.156069E-02  0.245253E+00  0.000000E+00  0.000000E+00  0.000000E+00  0.000000E+00
  0.253550E+01  0.399250E+00 -0.118581E-02  0.000000E+00  0.000000E+00  0.000000E+00  0.000000E+00
  0.272306E+01  0.367980E+00  0.142055E-01  0.000000E+00  0.000000E+00  0.000000E+00  0.000000E+00
  0.269469E+01 -0.986224E-02 -0.404319E+00  0.000000E+00  0.000000E+00  0.000000E+00  0.000000E+00
  0.252409E+01  0.174371E-01  0.284355E+00  0.000000E+00  0.000000E+00  0.000000E+00  0.000000E+00
  0.180517E+01  0.105801E-01  0.194615E+00  0.000000E+00  0.000000E+00  0.000000E+00  0.000000E+00
  0.200923E+01 -0.153172E-01 -0.210592E+00  0.000000E+00  0.000000E+00  0.000000E+00  0.000000E+00
  0.271275E+01 -0.417821E+00  0.854182E-02  0.000000E+00  0.000000E+00  0.000000E+00  0.000000E+00
  0.165338E+01  0.586467E-02 -0.171446E+00  0.000000E+00  0.000000E+00  0.000000E+00  0.000000E+00
  0.221077E+01 -0.291443E+00 -0.991622E-02  0.000000E+00  0.000000E+00  0.000000E+00  0.000000E+00
  0.220142E+01  0.313374E+00 -0.262782E-02  0.000000E+00  0.000000E+00  0.000000E+00  0.000000E+00
  0.281344E+01  0.199490E-01  0.283316E+00  0.000000E+00  0.000000E+00  0.000000E+00  0.000000E+00
  0.165217E+01 -0.547343E-02 -0.171790E+00  0.000000E+00  0.000000E+00  0.000000E+00  0.000000E+00
  0.209051E+01 -0.273077E+00  0.770235E-02  0.000000E+00  0.000000E+00  0.000000E+00  0.000000E+00
  0.253031E+01 -0.323038E+00  0.146309E-01  0.000000E+00  0.000000E+00  0.000000E+00  0.000000E+00
  0.209536E+01 -0.286645E+00 -0.264874E-02  0.000000E+00  0.000000E+00  0.000000E+00  0.000000E+00
  0.278383E+01  0.155895E-01 -0.361621E+00  0.000000E+00  0.000000E+00  0.000000E+00  0.000000E+00
  0.207123E+01 -0.209875E+00 -0.167094E-01  0.000000E+00  0.000000E+00  0.000000E+00  0.000000E+00
  0.246975E+01  0.255501E+00  0.186263E-01  0.000000E+00  0.000000E+00  0.000000E+00  0.000000E+00
  0.214470E+01  0.124443E-01 -0.260850E+00  0.000000E+00  0.000000E+00  0.000000E+00  0.000000E+00
  0.263842E+01 -0.386699E+00  0.104602E-01  0.000000E+00  0.000000E+00  0.000000E+00  0.000000E+00
  0.233498E+01  0.345271E+00 -0.361295E-02  0.000000E+00  0.000000E+00  0.000000E+00  0.000000E+00
  0.271147E+01  0.326648E+00 -0.169442E-01  0.000000E+00  0.000000E+00  0.000000E+00  0.000000E+00
  0.243451E+01 -0.704822E-02 -0.358957E+00  0.000000E+00  0.000000E+00  0.000000E+00  0.000000E+00
  0.188362E+01  0.199308E+00 -0.131959E-01  0.000000E+00  0.000000E+00  0.000000E+00  0.000000E+00
  0.233449E+01  0.232522E+00 -0.186351E-01  0.000000E+00  0.000000E+00  0.000000E+00  0.000000E+00
  0.230401E+01 -0.601612E-02 -0.331070E+00  0.000000E+00  0.000000E+00  0.000000E+00  0.000000E+00
  0.206186E+01 -0.798343E-02 -0.265138E+00  0.000000E+00  0.000000E+00  0.000000E+00  0.000000E+00
  0.234161E+01 -0.335093E+00  0.735572E-02  0.000000E+00  0.000000E+00  0.000000E+00  0.000000E+00
  0.249001E+01  0.179693E-01 -0.269884E+00  0.000000E+00  0.000000E+00  0.000000E+00  0.000000E+00
  0.244345E+01  0.353781E+00  0.853507E-02  0.000000E+00  0.000000E+00  0.000000E+00  0.000000E+00
  0.188764E+01  0.496157E-02 -0.230989E+00  0.000000E+00  0.000000E+00  0.000000E+00  0.000000E+00
  0.252506E+01 -0.315499E+00  0.151786E-01  0.000000E+00  0.000000E+00  0.000000E+00  0.000000E+00
  0.203328E+01 -0.553771E-02 -0.265781E+00  0.000000E+00  0.000000E+00  0.000000E+00  0.000000E+00
  0.251669E+01 -0.160887E-01  0.302288E+00  0.000000E+00  0.000000E+00  0.000000E+00  0.000000E+00
  0.214501E+01  0.114318E-01  0.267542E+00  0.000000E+00  0.000000E+00  0.000000E+00  0.000000E+00
  0.257885E+01 -0.121903E-01 -0.358544E+00  0.000000E+00  0.000000E+00  0.000000E+00  0.000000E+00
  0.171564E+01  0.191899E+00  0.122807E-02  0.000000E+00  0.000000E+00  0.000000E+00  0.000000E+00
  0.182465E+01 -0.211413E+00  0.681261E-02  0.000000E+00  0.000000E+00  0.000000E+00  0.000000E+00
  0.173818E+01  0.197650E+00 -0.108719E-02  0.000000E+00  0.000000E+00  0.000000E+00  0.000000E+00
  0.253182E+01 -0.288300E+00  0.172718E-01  0.000000E+00  0.000000E+00  0.000000E+00  0.000000E+00
  0.187587E+01  0.226066E+00 -0.592610E-02  0.000000E+00  0.000000E+00  0.000000E+00  0.000000E+00
  0.267335E+01 -0.178343E-01 -0.304564E+00  0.000000E+00  0.000000E+00  0.000000E+00  0.000000E+00
  0.238439E+01  0.145173E-01 -0.294259E+00  0.000000E+00  0.000000E+00  0.000000E+00  0.000000E+00
  0.267816E+01 -0.291833E+00 -0.185676E-01  0.000000E+00  0.000000E+00  0.000000E+00  0.000000E+00
  0.242653E+01 -0.304999E+00  0.143219E-01  0.000000E+00  0.000000E+00  0.000000E+00  0.000000E+00
  0.164937E+01  0.129887E-02 -0.175115E+00  0.000000E+00  0.000000E+00  0.000000E+00  0.000000E+00
  0.238392E+01  0.108816E-01  0.325301E+00  0.000000E+00  0.000000E+00  0.000000E+00  0.000000E+00
  0.218798E+01 -0.224539E+00  0.173408E-01  0.000000E+00  0.000000E+00  0.000000E+00  0.000000E+00
  0.200846E+01  0.665653E-02 -0.256655E+00  0.000000E+00  0.000000E+00  0.000000E+00  0.000000E+00
  0.242370E+01  0.158519E-01  0.287189E+00  0.000000E+00  0.000000E+00  0.000000E+00  0.000000E+00
  0.196381E+01  0.223007E+00  0.121182E-01  0.000000E+00  0.000000E+00  0.000000E+00  0.000000E+00
  0.216292E+01 -0.293775E+00  0.682448E-02  0.000000E+00  0.000000E+00  0.000000E+00  0.000000E+00
  0.234767E+01 -0.274660E+00  0.156457E-01  0.000000E+00  0.000000E+00  0.000000E+00  0.000000E+00
  0.192990E+01  0.128654E-01  0.211248E+00  0.000000E+00  0.000000E+00  0.000000E+00  0.000000E+00
  0.237811E+01  0.353761E+00 -0.458094E-02  0.000000E+00  0.000000E+00  0.000000E+00  0.000000E+00
  0.190495E+01  0.238948E+00 -0.240308E-02  0.000000E+00  0.000000E+00  0.000000E+00  0.000000E+00
  0.236827E+01 -0.356803E+00 -0.139774E-02  0.000000E+00  0.000000E+00  0.000000E+00  0.000000E+00
  0.203043E+01  0.297188E-02 -0.269901E+00  0.000000E+00  0.000000E+00  0.000000E+00  0.000000E+00
  0.169318E+01  0.186424E+00  0.374317E-03  0.000000E+00  0.000000E+00  0.000000E+00  0.000000E+00
  0.221954E+01 -0.294503E+00  0.972911E-02  0.000000E+00  0.000000E+00  0.000000E+00  0.000000E+00
  0.280433E+01 -0.234699E-02  0.465697E+00  0.000000E+00  0.000000E+00  0.000000E+00  0.000000E+00
  0.162483E+01 -0.168947E+00 -0.119165E-02  0.000000E+00  0.000000E+00  0.000000E+00  0.000000E+00
  0.276272E+01  0.439024E+00 -0.698382E-02  0.000000E+00  0.000000E+00  0.000000E+00  0.000000E+00
  0.183711E+01  0.222686E+00  0.105069E-02  0.000000E+00  0.000000E+00  0.000000E+00  0.000000E+00
  0.193916E+01 -0.240643E+00  0.631966E-02  0.000000E+00  0.000000E+00  0.000000E+00  0.000000E+00
  0.164305E+01  0.173032E+00  0.227378E-02  0.000000E+00  0.000000E+00  0.000000E+00  0.000000E+00
  0.241291E+01  0.177926E-01 -0.258979E+00  0.000000E+00  0.000000E+00  0.000000E+00  0.000000E+00
  0.244109E+01  0.329735E+00  0.119927E-01  0.000000E+00  0.000000E+00  0.000000E+00  0.000000E+00
  0.178473E+01  0.958417E-02 -0.193606E+00  0.000000E+00  0.000000E+00  0.000000E+00  0.000000E+00
  0.173547E+01 -0.194934E+00  0.373825E-02  0.000000E+00  0.000000E+00  0.000000E+00  0.000000E+00
  0.279700E+01  0.363420E+00  0.156436E-01  0.000000E+00  0.000000E+00  0.000000E+00  0.000000E+00
  0.252095E+01 -0.392636E+00 -0.325979E-02  0.000000E+00  0.000000E+00  0.000000E+00  0.000000E+00
  0.204102E+01  0.135669E-01  0.230572E+00  0.000000E+00  0.000000E+00  0.000000E+00  0.000000E+00
  0.273293E+01 -0.278452E+00 -0.196305E-01  0.000000E+00  0.000000E+00  0.000000E+00  0.000000E+00
  0.175330E+01  0.201264E+00  0.157784E-02  0.000000E+00  0.000000E+00  0.000000E+00  0.000000E+00
  0.234794E+01  0.236650E+00 -0.185162E-01  0.000000E+00  0.000000E+00  0.000000E+00  0.000000E+00
  0.228888E+01 -0.142595E-01 -0.277021E+00  0.000000E+00  0.000000E+00  0.000000E+00  0.000000E+00
  0.223186E+01  0.169657E-02 -0.322081E+00  0.000000E+00  0.000000E+00  0.000000E+00  0.000000E+00
  0.214291E+01  0.297803E+00  0.322177E-02  0.000000E+00  0.000000E+00  0.000000E+00  0.000000E+00
  0.221864E+01 -0.314061E+00 -0.458473E-02  0.000000E+00  0.000000E+00  0.000000E+00  0.000000E+00
  0.213309E+01 -0.242192E+00 -0.145491E-01  0.000000E+00  0.000000E+00  0.000000E+00  0.000000E+00
  0.252309E+01  0.194906E-01 -0.248344E+00  0.000000E+00  0.000000E+00  0.000000E+00  0.000000E+00
  0.226095E+01 -0.274501E-02 -0.328195E+00  0.000000E+00  0.000000E+00  0.000000E+00  0.000000E+00
  0.211582E+01 -0.807906E-03  0.293295E+00  0.000000E+00  0.000000E+00  0.000000E+00  0.000000E+00
  0.198728E+01  0.256664E+00 -0.448830E-02  0.000000E+00  0.000000E+00  0.000000E+00  0.000000E+00
  0.183801E+01 -0.100510E-02 -0.222932E+00  0.000000E+00  0.000000E+00  0.000000E+00  0.000000E+00
  0.280035E+01  0.100746E-01  0.427178E+00  0.000000E+00  0.000000E+00  0.000000E+00  0.000000E+00
  0.271702E+01 -0.165396E-01  0.334185E+00  0.000000E+00  0.000000E+00  0.000000E+00  0.000000E+00
  0.195944E+01  0.158602E-01  0.196230E+00  0.000000E+00  0.000000E+00  0.000000E+00  0.000000E+00
  0.208957E+01 -0.398841E-03  0.286765E+00  0.000000E+00  0.000000E+00  0.000000E+00  0.000000E+00
  0.282249E+01 -0.159535E-01  0.363678E+00  0.000000E+00  0.000000E+00  0.000000E+00  0.000000E+00
  0.191525E+01 -0.961469E-02 -0.224004E+00  0.000000E+00  0.000000E+00  0.000000E+00  0.000000E+00
  0.196115E+01  0.235946E+00  0.932239E-02  0.000000E+00  0.000000E+00  0.000000E+00  0.000000E+00
  0.218755E+01 -0.162198E-01 -0.237123E+00  0.000000E+00  0.000000E+00  0.000000E+00  0.000000E+00
  0.186786E+01  0.972941E-02  0.212483E+00  0.000000E+00  0.000000E+00  0.000000E+00  0.000000E+00
  0.251212E+01 -0.945600E-02  0.364527E+00  0.000000E+00  0.000000E+00  0.000000E+00  0.000000E+00
  0.278284E+01  0.454243E+00  0.465308E-02  0.000000E+00  0.000000E+00  0.000000E+00  0.000000E+00
  0.277411E+01  0.398854E+00 -0.124635E-01  0.000000E+00  0.000000E+00  0.000000E+00  0.000000E+00
  0.255827E+01 -0.396066E+00  0.535151E-02  0.000000E+00  0.000000E+00  0.000000E+00  0.000000E+00
  0.216145E+01  0.261745E+00 -0.128337E-01  0.000000E+00  0.000000E+00  0.000000E+00  0.000000E+00
  0.222259E+01 -0.260202E+00 -0.145943E-01  0.000000E+00  0.000000E+00  0.000000E+00  0.000000E+00
  0.281567E+01  0.188670E-01  0.308780E+00  0.000000E+00  0.000000E+00  0.000000E+00  0.000000E+00
  0.238632E+01  0.258407E+00 -0.175045E-01  0.000000E+00  0.000000E+00  0.000000E+00  0.000000E+00
  0.276861E+01 -0.458457E+00  0.846263E-03  0.000000E+00  0.000000E+00  0.000000E+00  0.000000E+00
  0.270415E+01  0.461917E-02 -0.434782E+00  0.000000E+00  0.000000E+00  0.000000E+00  0.000000E+00
  0.192449E+01 -0.111654E-01 -0.219214E+00  0.000000E+00  0.000000E+00  0.000000E+00  0.000000E+00
  0.271196E+01  0.197623E-01 -0.272170E+00  0.000000E+00  0.000000E+00  0.000000E+00  0.000000E+00
  0.227902E+01  0.126171E-01  0.289005E+00  0.000000E+00  0.000000E+00  0.000000E+00  0.000000E+00
  0.249392E+01 -0.376159E+00  0.641140E-02  0.000000E+00  0.000000E+00  0.000000E+00  0.000000E+00
  0.239587E+01  0.174810E-01 -0.260469E+00  0.000000E+00  0.000000E+00  0.000000E+00  0.000000E+00
  0.191439E+01  0.216190E+00 -0.113162E-01  0.000000E+00  0.000000E+00  0.000000E+00  0.000000E+00
  0.219743E+01  0.633127E-02 -0.303869E+00  0.000000E+00  0.000000E+00  0.000000E+00  0.000000E+00
  0.175622E+01  0.865124E-02  0.189899E+00  0.000000E+00  0.000000E+00  0.000000E+00  0.000000E+00
  0.237772E+01  0.291644E+00  0.146374E-01  0.000000E+00  0.000000E+00  0.000000E+00  0.000000E+00
  0.207007E+01  0.276556E+00 -0.482891E-02  0.000000E+00  0.000000E+00  0.000000E+00  0.000000E+00
  0.228915E+01 -0.233943E+00 -0.180112E-01  0.000000E+00  0.000000E+00  0.000000E+00  0.000000E+00
  0.282040E+01  0.160521E-01 -0.361722E+00  0.000000E+00  0.000000E+00  0.000000E+00  0.000000E+00
  0.174067E+01  0.233144E-03 -0.198459E+00  0.000000E+00  0.000000E+00  0.000000E+00  0.000000E+00
  0.197763E+01  0.159659E-01 -0.198888E+00  0.000000E+00  0.000000E+00  0.000000E+00  0.000000E+00
  0.259684E+01 -0.371268E+00 -0.111954E-01  0.000000E+00  0.000000E+00  0.000000E+00  0.000000E+00
  0.219431E+01 -0.428093E-02 -0.308691E+00  0.000000E+00  0.000000E+00  0.000000E+00  0.000000E+00
  0.206606E+01  0.128942E-01  0.240612E+00  0.000000E+00  0.000000E+00  0.000000E+00  0.000000E+00
  0.257729E+01  0.187637E-01  0.271120E+00  0.000000E+00  0.000000E+00  0.000000E+00  0.000000E+00
  0.177409E+01 -0.205865E+00 -0.253268E-02  0.000000E+00  0.000000E+00  0.000000E+00  0.000000E+00
  0.194486E+01  0.420549E-02  0.246600E+00  0.000000E+00  0.000000E+00  0.000000E+00  0.000000E+00
  0.194663E+01 -0.205669E+00 -0.142851E-01  0.000000E+00  0.000000E+00  0.000000E+00  0.000000E+00
  0.216554E+01  0.244186E-02 -0.304571E+00  0.000000E+00  0.000000E+00  0.000000E+00  0.000000E+00
  0.225797E+01 -0.182545E-01  0.225089E+00  0.000000E+00  0.000000E+00  0.000000E+00  0.000000E+00
  0.166714E+01 -0.158367E-02 -0.179490E+00  0.000000E+00  0.000000E+00  0.000000E+00  0.000000E+00
  0.165345E+01 -0.366854E-02 -0.174477E+00  0.000000E+00  0.000000E+00  0.000000E+00  0.000000E+00
  0.225490E+01 -0.322005E+00 -0.500552E-02  0.000000E+00  0.000000E+00  0.000000E+00  0.000000E+00
  0.220299E+01  0.241174E+00  0.161192E-01  0.000000E+00  0.000000E+00  0.000000E+00  0.000000E+00
  0.208805E+01  0.266163E+00  0.923398E-02  0.000000E+00  0.000000E+00  0.000000E+00  0.000000E+00
  0.267899E+01  0.407001E+00  0.896934E-02  0.000000E+00  0.000000E+00  0.000000E+00  0.000000E+00
  0.257746E+01  0.386787E+00  0.834548E-02  0.000000E+00  0.000000E+00  0.000000E+00  0.000000E+00
  0.232172E+01  0.185612E-01 -0.231503E+00  0.000000E+00  0.000000E+00  0.000000E+00  0.000000E+00
  0.246800E+01 -0.326103E+00 -0.130760E-01  0.000000E+00  0.000000E+00  0.000000E+00  0.000000E+00
  0.275324E+01 -0.281416E+00  0.196401E-01  0.000000E+00  0.000000E+00  0.000000E+00  0.000000E+00
  0.209851E+01 -0.166031E-01  0.216110E+00  0.000000E+00  0.000000E+00  0.000000E+00  0.000000E+00
  0.226398E+01  0.319697E+00  0.646602E-02  0.000000E+00  0.000000E+00  0.000000E+00  0.000000E+00
  0.230325E+01 -0.112841E-01 -0.304199E+00  0.000000E+00  0.000000E+00  0.000000E+00  0.000000E+00
  0.184327E+01  0.224166E+00 -0.124163E-02  0.000000E+00  0.000000E+00  0.000000E+00  0.000000E+00
  0.218360E+01  0.121412E-01 -0.271519E+00  0.000000E+00  0.000000E+00  0.000000E+00  0.000000E+00
  0.249207E+01 -0.187135E-01  0.257747E+00  0.000000E+00  0.000000E+00  0.000000E+00  0.000000E+00
  0.196063E+01  0.215835E+00 -0.132011E-01  0.000000E+00  0.000000E+00  0.000000E+00  0.000000E+00
  0.282073E+01  0.435177E+00  0.967058E-02  0.000000E+00  0.000000E+00  0.000000E+00  0.000000E+00
  0.208951E+01 -0.227845E+00 -0.151825E-01  0.000000E+00  0.000000E+00  0.000000E+00  0.000000E+00
  0.262905E+01  0.334320E+00 -0.153394E-01  0.000000E+00  0.000000E+00  0.000000E+00  0.000000E+00
  0.229067E+01  0.303314E+00  0.109931E-01  0.000000E+00  0.000000E+00  0.000000E+00  0.000000E+00
  0.242206E+01 -0.159598E-01 -0.285548E+00  0.000000E+00  0.000000E+00  0.000000E+00  0.000000E+00
  0.238595E+01  0.575912E-02 -0.352105E+00  0.000000E+00  0.000000E+00  0.000000E+00  0.000000E+00
  0.232865E+01  0.102504E-01 -0.316794E+00  0.000000E+00  0.000000E+00  0.000000E+00  0.000000E+00
  0.186368E+01  0.140445E-01 -0.189954E+00  0.000000E+00  0.000000E+00  0.000000E+00  0.000000E+00
  0.227116E+01  0.109935E-01 -0.298874E+00  0.000000E+00  0.000000E+00  0.000000E+00  0.000000E+00
  0.211661E+01 -0.109443E-01 -0.264015E+00  0.000000E+00  0.000000E+00  0.000000E+00  0.000000E+00
  0.193621E+01 -0.201567E+00 -0.145619E-01  0.000000E+00  0.000000E+00  0.000000E+00  0.000000E+00
  0.189445E+01 -0.522214E-02 -0.232165E+00  0.000000E+00  0.000000E+00  0.000000E+00  0.000000E+00
  0.228271E+01  0.318193E+00 -0.796811E-02  0.000000E+00  0.000000E+00  0.000000E+00  0.000000E+00
  0.171930E+01  0.189164E+00  0.499586E-02  0.000000E+00  0.000000E+00  0.000000E+00  0.000000E+00
  0.169367E+01  0.171648E+00 -0.979661E-02  0.000000E+00  0.000000E+00  0.000000E+00  0.000000E+00
  0.215116E+01 -0.302367E+00  0.333057E-03  0.000000E+00  0.000000E+00  0.000000E+00  0.000000E+00
  0.245775E+01 -0.263818E+00  0.179939E-01  0.000000E+00  0.000000E+00  0.000000E+00  0.000000E+00
  0.242066E+01 -0.100567E-01 -0.339316E+00  0.000000E+00  0.000000E+00  0.000000E+00  0.000000E+00
  0.227642E+01 -0.269299E+00  0.147970E-01  0.000000E+00  0.000000E+00  0.000000E+00  0.000000E+00
  0.268651E+01  0.437917E+00 -0.210961E-03  0.000000E+00  0.000000E+00  0.000000E+00  0.000000E+00
  0.209599E+01  0.149225E-01  0.231409E+00  0.000000E+00  0.000000E+00  0.000000E+00  0.000000E+00
  0.234984E+01  0.345864E+00 -0.489660E-02  0.000000E+00  0.000000E+00  0.000000E+00  0.000000E+00
  0.233474E+01  0.680922E-02 -0.335683E+00  0.000000E+00  0.000000E+00  0.000000E+00  0.000000E+00
  0.202037E+01 -0.235410E+00  0.121386E-01  0.000000E+00  0.000000E+00  0.000000E+00  0.000000E+00
  0.243602E+01  0.372017E+00 -0.288237E-02  0.000000E+00  0.000000E+00  0.000000E+00  0.000000E+00
  0.229031E+01  0.198189E-02 -0.336563E+00  0.000000E+00  0.000000E+00  0.000000E+00  0.000000E+00
  0.195414E+01 -0.857353E-02  0.237200E+00  0.000000E+00  0.000000E+00  0.000000E+00  0.000000E+00
  0.203638E+01 -0.131360E-01  0.232563E+00  0.000000E+00  0.000000E+00  0.000000E+00  0.000000E+00
  0.280104E+01 -0.345757E+00  0.168017E-01  0.000000E+00  0.000000E+00  0.000000E+00  0.000000E+00
  0.259967E+01  0.393119E+00 -0.816827E-02  0.000000E+00  0.000000E+00  0.000000E+00  0.000000E+00
  0.271411E+01  0.357787E+00 -0.148603E-01  0.000000E+00  0.000000E+00  0.000000E+00  0.000000E+00
  0.166565E+01  0.178573E+00 -0.250307E-02  0.000000E+00  0.000000E+00  0.000000E+00  0.000000E+00
  0.185608E+01  0.209615E+00  0.976088E-02  0.000000E+00  0.000000E+00  0.000000E+00  0.000000E+00
  0.240574E+01  0.363474E+00  0.338267E-02  0.000000E+00  0.000000E+00  0.000000E+00  0.000000E+00
  0.243575E+01  0.112651E-01 -0.334278E+00  0.000000E+00  0.000000E+00  0.000000E+00  0.000000E+00
  0.276238E+01 -0.310347E+00 -0.183561E-01  0.000000E+00  0.000000E+00  0.000000E+00  0.000000E+00
  0.244445E+01  0.313712E+00  0.138356E-01  0.000000E+00  0.000000E+00  0.000000E+00  0.000000E+00
  0.177874E+01 -0.114457E-01  0.185016E+00  0.000000E+00  0.000000E+00  0.000000E+00  0.000000E+00
  0.178903E+01  0.109525E-01 -0.189415E+00  0.000000E+00  0.000000E+00  0.000000E+00  0.000000E+00
  0.269911E+01 -0.951240E-02  0.407943E+00  0.000000E+00  0.000000E+00  0.000000E+00  0.000000E+00
  0.221429E+01 -0.616196E-02 -0.308555E+00  0.000000E+00  0.000000E+00  0.000000E+00  0.000000E+00
  0.252320E+01  0.467263E-03  0.396516E+00  0.000000E+00  0.000000E+00  0.000000E+00  0.000000E+00
  0.281436E+01  0.593841E-02 -0.456842E+00  0.000000E+00  0.000000E+00  0.000000E+00  0.000000E+00
  0.232613E+01  0.243663E+00 -0.177841E-01  0.000000E+00  0.000000E+00  0.000000E+00  0.000000E+00
  0.228786E+01  0.128957E-01  0.288708E+00  0.000000E+00  0.000000E+00  0.000000E+00  0.000000E+00
  0.274499E+01  0.447746E+00 -0.370273E-02  0.000000E+00  0.000000E+00  0.000000E+00  0.000000E+00
  0.197411E+01  0.944128E-02 -0.238496E+00  0.000000E+00  0.000000E+00  0.000000E+00  0.000000E+00
  0.230711E+01  0.993547E-02  0.313720E+00  0.000000E+00  0.000000E+00  0.000000E+00  0.000000E+00
  0.178840E+01 -0.126651E-01 -0.181534E+00  0.000000E+00  0.000000E+00  0.000000E+00  0.000000E+00
  0.190717E+01 -0.127848E-02 -0.240308E+00  0.000000E+00  0.000000E+00  0.000000E+00  0.000000E+00
  0.191981E+01  0.238197E+00 -0.533895E-02  0.000000E+00  0.000000E+00  0.000000E+00  0.000000E+00
  0.274899E+01  0.275366E+00  0.198701E-01  0.000000E+00  0.000000E+00  0.000000E+00  0.000000E+00
  0.173113E+01  0.195603E+00 -0.169119E-02  0.000000E+00  0.000000E+00  0.000000E+00  0.000000E+00
  0.244762E+01 -0.316243E+00 -0.136480E-01  0.000000E+00  0.000000E+00  0.000000E+00  0.000000E+00
  0.250931E+01 -0.257830E+00 -0.188704E-01  0.000000E+00  0.000000E+00  0.000000E+00  0.000000E+00
  0.197950E+01 -0.255639E+00 -0.397653E-02  0.000000E+00  0.000000E+00  0.000000E+00  0.000000E+00
  0.197311E+01 -0.143017E-01  0.211053E+00  0.000000E+00  0.000000E+00  0.000000E+00  0.000000E+00
  0.241340E+01 -0.927166E-02  0.342488E+00  0.000000E+00  0.000000E+00  0.000000E+00  0.000000E+00
  0.189533E+01 -0.234813E+00  0.383397E-02  0.000000E+00  0.000000E+00  0.000000E+00  0.000000E+00
  0.189289E+01  0.131049E-01 -0.201834E+00  0.000000E+00  0.000000E+00  0.000000E+00  0.000000E+00
  0.271900E+01 -0.193579E-01 -0.282328E+00  0.000000E+00  0.000000E+00  0.000000E+00  0.000000E+00
  0.251935E+01 -0.340067E+00 -0.127743E-01  0.000000E+00  0.000000E+00  0.000000E+00  0.000000E+00
  0.267156E+01  0.264795E+00 -0.198116E-01  0.000000E+00  0.000000E+00  0.000000E+00  0.000000E+00
  0.232685E+01 -0.183670E-03 -0.346866E+00  0.000000E+00  0.000000E+00  0.000000E+00  0.000000E+00
  0.264370E+01  0.422377E+00  0.370575E-02  0.000000E+00  0.000000E+00  0.000000E+00  0.000000E+00
  0.233314E+01 -0.275476E+00 -0.153104E-01  0.000000E+00  0.000000E+00  0.000000E+00  0.000000E+00
  0.270880E+01 -0.192885E-01  0.282195E+00  0.000000E+00  0.000000E+00  0.000000E+00  0.000000E+00
  0.274954E+01 -0.306313E+00 -0.184486E-01  0.000000E+00  0.000000E+00  0.000000E+00  0.000000E+00
  0.247264E+01 -0.114669E-01 -0.341034E+00  0.000000E+00  0.000000E+00  0.000000E+00  0.000000E+00
  0.187758E+01  0.126795E-01 -0.200921E+00  0.000000E+00  0.000000E+00  0.000000E+00  0.000000E+00
  0.218276E+01 -0.133640E-01  0.262325E+00  0.000000E+00  0.000000E+00  0.000000E+00  0.000000E+00
  0.204724E+01 -0.303734E-03 -0.276064E+00  0.000000E+00  0.000000E+00  0.000000E+00  0.000000E+00
  0.262860E+01 -0.417086E+00  0.425822E-02  0.000000E+00  0.000000E+00  0.000000E+00  0.000000E+00
  0.194241E+01 -0.118559E-01  0.219697E+00  0.000000E+00  0.000000E+00  0.000000E+00  0.000000E+00
  0.220633E+01 -0.223397E+00 -0.177017E-01  0.000000E+00  0.000000E+00  0.000000E+00  0.000000E+00
  0.263596E+01  0.414078E+00 -0.566499E-02  0.000000E+00  0.000000E+00  0.000000E+00  0.000000E+00
  0.185808E+01 -0.144464E-01  0.186238E+00  0.000000E+00  0.000000E+00  0.000000E+00  0.000000E+00
  0.245037E+01 -0.373317E+00  0.398321E-02  0.000000E+00  0.000000E+00  0.000000E+00  0.000000E+00
  0.190895E+01  0.209754E+00 -0.123225E-01  0.000000E+00  0.000000E+00  0.000000E+00  0.000000E+00
  0.283932E+01 -0.195326E-01 -0.297483E+00  0.000000E+00  0.000000E+00  0.000000E+00  0.000000E+00
  0.222656E+01  0.321077E+00 -0.125867E-02  0.000000E+00  0.000000E+00  0.000000E+00  0.000000E+00
  0.202076E+01 -0.482706E-02  0.264312E+00  0.000000E+00  0.000000E+00  0.000000E+00  0.000000E+00
  0.198639E+01  0.114547E-01  0.231705E+00  0.000000E+00  0.000000E+00  0.000000E+00  0.000000E+00
  0.210424E+01 -0.269223E+00  0.939437E-02  0.000000E+00  0.000000E+00  0.000000E+00  0.000000E+00
  0.216740E+01 -0.302826E+00  0.386200E-02  0.000000E+00  0.000000E+00  0.000000E+00  0.000000E+00
  0.250501E+01 -0.857592E-02  0.368196E+00  0.000000E+00  0.000000E+00  0.000000E+00  0.000000E+00
  0.196521E+01 -0.673628E-02 -0.245873E+00  0.000000E+00  0.000000E+00  0.000000E+00  0.000000E+00
  0.183553E+01  0.184860E-02 -0.221875E+00  0.000000E+00  0.000000E+00  0.000000E+00  0.000000E+00
  0.257445E+01  0.158635E-01  0.316546E+00  0.000000E+00  0.000000E+00  0.000000E+00  0.000000E+00
  0.234465E+01  0.188570E-01 -0.230701E+00  0.000000E+00  0.000000E+00  0.000000E+00  0.000000E+00
  0.272791E+01 -0.159295E-01 -0.345600E+00  0.000000E+00  0.000000E+00  0.000000E+00  0.000000E+00
  0.248419E+01  0.392323E-02  0.381919E+00  0.000000E+00  0.000000E+00  0.000000E+00  0.000000E+00
  0.168555E+01 -0.334301E-02  0.182855E+00  0.000000E+00  0.000000E+00  0.000000E+00  0.000000E+00
  0.233698E+01 -0.238826E+00  0.182498E-01  0.000000E+00  0.000000E+00  0.000000E+00  0.000000E+00
  0.170913E+01 -0.100076E-02  0.190330E+00  0.000000E+00  0.000000E+00  0.000000E+00  0.000000E+00
  0.177960E+01  0.205168E+00 -0.433522E-02  0.000000E+00  0.000000E+00  0.000000E+00  0.000000E+00
  0.179007E+01 -0.961270E-02 -0.194756E+00  0.000000E+00  0.000000E+00  0.000000E+00  0.000000E+00
  0.189602E+01  0.361328E-02 -0.235302E+00  0.000000E+00  0.000000E+00  0.000000E+00  0.000000E+00
  0.191009E+01  0.834181E-02  0.227528E+00  0.000000E+00  0.000000E+00  0.000000E+00  0.000000E+00
  0.168938E+01  0.470547E-03  0.185450E+00  0.000000E+00  0.000000E+00  0.000000E+00  0.000000E+00
  0.163783E+01  0.167200E+00 -0.611186E-02  0.000000E+00  0.000000E+00  0.000000E+00  0.000000E+00
  0.216097E+01 -0.173835E-01  0.219111E+00  0.000000E+00  0.000000E+00  0.000000E+00  0.000000E+00
  0.273305E+01 -0.170494E-01 -0.328911E+00  0.000000E+00  0.000000E+00  0.000000E+00  0.000000E+00
  0.235913E+01 -0.306087E+00  0.126684E-01  0.000000E+00  0.000000E+00  0.000000E+00  0.000000E+00
  0.186570E+01 -0.112272E-01  0.205611E+00  0.000000E+00  0.000000E+00  0.000000E+00  0.000000E+00
  0.226794E+01 -0.558801E-02  0.323561E+00  0.000000E+00  0.000000E+00  0.000000E+00  0.000000E+00
  0.207701E+01  0.246129E+00 -0.124224E-01  0.000000E+00  0.000000E+00  0.000000E+00  0.000000E+00
  0.283537E+01  0.117168E-01  0.420150E+00  0.000000E+00  0.000000E+00  0.000000E+00  0.000000E+00
  0.167714E+01 -0.114231E-02 -0.182194E+00  0.000000E+00  0.000000E+00  0.000000E+00  0.000000E+00
  0.242292E+01 -0.307296E+00 -0.140237E-01  0.000000E+00  0.000000E+00  0.000000E+00  0.000000E+00
  0.271002E+01  0.195927E-01 -0.275710E+00  0.000000E+00  0.000000E+00  0.000000E+00  0.000000E+00
  0.204181E+01 -0.213455E+00 -0.157369E-01  0.000000E+00  0.000000E+00  0.000000E+00  0.000000E+00
  0.203930E+01 -0.711758E-02  0.262733E+00  0.000000E+00  0.000000E+00  0.000000E+00  0.000000E+00
  0.220409E+01 -0.158512E-01 -0.244203E+00  0.000000E+00  0.000000E+00  0.000000E+00  0.000000E+00
  0.240188E+01  0.144497E-01  0.298568E+00  0.000000E+00  0.000000E+00  0.000000E+00  0.000000E+00
  0.241043E+01  0.329535E+00 -0.111320E-01  0.000000E+00  0.000000E+00  0.000000E+00  0.000000E+00
  0.278155E+01 -0.420895E-02 -0.455401E+00  0.000000E+00  0.000000E+00  0.000000E+00  0.000000E+00
  0.177187E+01 -0.204948E+00  0.292812E-02  0.000000E+00  0.000000E+00  0.000000E+00  0.000000E+00
  0.176582E+01 -0.192821E+00 -0.843606E-02  0.000000E+00  0.000000E+00  0.000000E+00  0.000000E+00
  0.274117E+01  0.344697E+00  0.161602E-01  0.000000E+00  0.000000E+00  0.000000E+00  0.000000E+00
  0.240040E+01 -0.163122E-01  0.276974E+00  0.000000E+00  0.000000E+00  0.000000E+00  0.000000E+00
  0.282835E+01  0.189755E-01  0.308505E+00  0.000000E+00  0.000000E+00  0.000000E+00  0.000000E+00
  0.196220E+01  0.229575E+00 -0.108001E-01  0.000000E+00  0.000000E+00  0.000000E+00  0.000000E+00
  0.257611E+01  0.108482E-01  0.369372E+00  0.000000E+00  0.000000E+00  0.000000E+00  0.000000E+00
  0.263254E+01  0.146979E-01  0.343201E+00  0.000000E+00  0.000000E+00  0.000000E+00  0.000000E+00
  0.236203E+01 -0.329844E+00 -0.937057E-02  0.000000E+00  0.000000E+00  0.000000E+00  0.000000E+00
  0.251527E+01 -0.980929E-02  0.362937E+00  0.000000E+00  0.000000E+00  0.000000E+00  0.000000E+00
  0.251388E+01  0.384348E+00  0.556176E-02  0.000000E+00  0.000000E+00  0.000000E+00  0.000000E+00
  0.204164E+01  0.259989E+00 -0.806292E-02  0.000000E+00  0.000000E+00  0.000000E+00  0.000000E+00
  0.226497E+01  0.319226E+00 -0.666368E-02  0.000000E+00  0.000000E+00  0.000000E+00  0.000000E+00
  0.235742E+01  0.276774E+00 -0.156292E-01  0.000000E+00  0.000000E+00  0.000000E+00  0.000000E+00
  0.213172E+01  0.217786E+00  0.170294E-01  0.000000E+00  0.000000E+00  0.000000E+00  0.000000E+00
  0.211388E+01  0.272634E+00 -0.914891E-02  0.000000E+00  0.000000E+00  0.000000E+00  0.000000E+00
  0.208225E+01 -0.132419E-01  0.241692E+00  0.000000E+00  0.000000E+00  0.000000E+00  0.000000E+00
  0.214728E+01 -0.244354E+00  0.146366E-01  0.000000E+00  0.000000E+00  0.000000E+00  0.000000E+00
  0.249125E+01  0.260665E+00 -0.185374E-01  0.000000E+00  0.000000E+00  0.000000E+00  0.000000E+00
  0.280003E+01 -0.189540E-01  0.304303E+00  0.000000E+00  0.000000E+00  0.000000E+00  0.000000E+00
  0.240515E+01  0.320567E+00  0.121392E-01  0.000000E+00  0.000000E+00  0.000000E+00  0.000000E+00
  0.216662E+01 -0.282111E+00 -0.973903E-02  0.000000E+00  0.000000E+00  0.000000E+00  0.000000E+00
  0.219362E+01  0.228449E+00 -0.170987E-01  0.000000E+00  0.000000E+00  0.000000E+00  0.000000E+00
  0.255433E+01 -0.201375E-02 -0.403154E+00  0.000000E+00  0.000000E+00  0.000000E+00  0.000000E+00
  0.191364E+01 -0.224824E-02  0.241278E+00  0.000000E+00  0.000000E+00  0.000000E+00  0.000000E+00
  0.224847E+01 -0.241577E+00 -0.168510E-01  0.000000E+00  0.000000E+00  0.000000E+00  0.000000E+00
  0.196324E+01 -0.864924E-02  0.239082E+00  0.000000E+00  0.000000E+00  0.000000E+00  0.000000E+00
  0.160891E+01 -0.165105E+00 -0.199047E-03  0.000000E+00  0.000000E+00  0.000000E+00  0.000000E+00
  0.284082E+01  0.561550E-01  0.424700E-01  0.000000E+00  0.000000E+00  0.000000E+00  0.000000E+00
  0.284082E+01  0.165578E+00 -0.114590E+00  0.000000E+00  0.000000E+00  0.000000E+00  0.000000E+00
  0.284082E+01  0.237460E-01  0.156043E+00  0.000000E+00  0.000000E+00  0.000000E+00  0.000000E+00
  0.284082E+01  0.920593E-01 -0.102040E+00  0.000000E+00  0.000000E+00  0.000000E+00  0.000000E+00
  0.284082E+01 -0.171307E+00  0.232640E-01  0.000000E+00  0.000000E+00  0.000000E+00  0.000000E+00
  0.284082E+01  0.424464E-01 -0.169973E+00  0.000000E+00  0.000000E+00  0.000000E+00  0.000000E+00
  0.284082E+01  0.240229E+00 -0.161199E-01  0.000000E+00  0.000000E+00  0.000000E+00  0.000000E+00
  0.284082E+01 -0.498250E-01 -0.175476E+00  0.000000E+00  0.000000E+00  0.000000E+00  0.000000E+00
  0.284082E+01 -0.260843E-01 -0.250577E-01  0.000000E+00  0.000000E+00  0.000000E+00  0.000000E+00
  0.284082E+01  0.110283E+00 -0.104003E+00  0.000000E+00  0.000000E+00  0.000000E+00  0.000000E+00
  0.284082E+01  0.676628E-01 -0.146018E+00  0.000000E+00  0.000000E+00  0.000000E+00  0.000000E+00
  0.284082E+01 -0.574185E-01  0.524225E-01  0.000000E+00  0.000000E+00  0.000000E+00  0.000000E+00
  0.284082E+01  0.390852E-01 -0.920167E-02  0.000000E+00  0.000000E+00  0.000000E+00  0.000000E+00
  0.284082E+01  0.266842E-01  0.674789E-01  0.000000E+00  0.000000E+00  0.000000E+00  0.000000E+00
  0.284082E+01  0.339893E-02  0.219378E-01  0.000000E+00  0.000000E+00  0.000000E+00  0.000000E+00
  0.284082E+01  0.571676E-01 -0.735312E-01  0.000000E+00  0.000000E+00  0.000000E+00  0.000000E+00
  0.284082E+01  0.165747E+00  0.155885E+00  0.000000E+00  0.000000E+00  0.000000E+00  0.000000E+00
  0.284082E+01 -0.471688E-01 -0.262701E-01  0.000000E+00  0.000000E+00  0.000000E+00  0.000000E+00
  0.284082E+01 -0.812658E-03  0.325342E-03  0.000000E+00  0.000000E+00  0.000000E+00  0.000000E+00
  0.284082E+01  0.781093E-02 -0.294015E-02  0.000000E+00  0.000000E+00  0.000000E+00  0.000000E+00
  0.284082E+01  0.115018E+00  0.183920E+00  0.000000E+00  0.000000E+00  0.000000E+00  0.000000E+00
  0.284082E+01  0.779978E-01 -0.346648E-01  0.000000E+00  0.000000E+00  0.000000E+00  0.000000E+00
  0.284082E+01  0.188386E+00  0.738504E-01  0.000000E+00  0.000000E+00  0.000000E+00  0.000000E+00
  0.284082E+01 -0.743956E-01 -0.352721E-01  0.000000E+00  0.000000E+00  0.000000E+00  0.000000E+00
  0.284082E+01  0.144201E+00 -0.348237E-01  0.000000E+00  0.000000E+00  0.000000E+00  0.000000E+00
  0.284082E+01  0.355839E-01  0.566726E-01  0.000000E+00  0.000000E+00  0.000000E+00  0.000000E+00
  0.284082E+01  0.127715E+00 -0.150005E+00  0.000000E+00  0.000000E+00  0.000000E+00  0.000000E+00
  0.284082E+01 -0.189163E+00  0.129723E+00  0.000000E+00  0.000000E+00  0.000000E+00  0.000000E+00
  0.284082E+01 -0.160187E+00  0.809275E-01  0.000000E+00  0.000000E+00  0.000000E+00  0.000000E+00
  0.284082E+01  0.102027E-01 -0.440410E-01  0.000000E+00  0.000000E+00  0.000000E+00  0.000000E+00
  0.284082E+01  0.336726E-01  0.444923E-01  0.000000E+00  0.000000E+00  0.000000E+00  0.000000E+00
  0.284082E+01  0.116641E-01 -0.134277E+00  0.000000E+00  0.000000E+00  0.000000E+00  0.000000E+00
  0.284082E+01 -0.276321E-01 -0.115799E+00  0.000000E+00  0.000000E+00  0.000000E+00  0.000000E+00
  0.284082E+01  0.297078E-01  0.701606E-01  0.000000E+00  0.000000E+00  0.000000E+00  0.000000E+00
  0.284082E+01  0.403049E-01  0.127301E+00  0.000000E+00  0.000000E+00  0.000000E+00  0.000000E+00
  0.284082E+01  0.534867E-01 -0.269693E-01  0.000000E+00  0.000000E+00  0.000000E+00  0.000000E+00
  0.284082E+01 -0.909964E-01 -0.907323E-01  0.000000E+00  0.000000E+00  0.000000E+00  0.000000E+00
  0.284082E+01  0.108656E+00  0.127615E+00  0.000000E+00  0.000000E+00  0.000000E+00  0.000000E+00
  0.284082E+01 -0.623780E-01 -0.234523E+00  0.000000E+00  0.000000E+00  0.000000E+00  0.000000E+00
  0.284082E+01  0.248253E-01 -0.435431E-01  0.000000E+00  0.000000E+00  0.000000E+00  0.000000E+00
  0.284082E+01  0.215338E+00 -0.156413E-01  0.000000E+00  0.000000E+00  0.000000E+00  0.000000E+00
  0.284082E+01  0.120453E+00 -0.211724E+00  0.000000E+00  0.000000E+00  0.000000E+00  0.000000E+00
  0.284082E+01  0.120131E-01 -0.316156E-01  0.000000E+00  0.000000E+00  0.000000E+00  0.000000E+00
  0.284082E+01 -0.481707E-01 -0.425343E-01  0.000000E+00  0.000000E+00  0.000000E+00  0.000000E+00
  0.284082E+01  0.185094E+00 -0.150166E+00  0.000000E+00  0.000000E+00  0.000000E+00  0.000000E+00
  0.284082E+01 -0.116621E-01  0.142824E+00  0.000000E+00  0.000000E+00  0.000000E+00  0.000000E+00
  0.284082E+01  0.796892E-01  0.400549E-01  0.000000E+00  0.000000E+00  0.000000E+00  0.000000E+00
  0.284082E+01  0.103675E+00  0.329019E-01  0.000000E+00  0.000000E+00  0.000000E+00  0.000000E+00
  0.284082E+01 -0.886793E-01 -0.163948E+00  0.000000E+00  0.000000E+00  0.000000E+00  0.000000E+00
  0.284082E+01  0.150649E+00  0.929289E-01  0.000000E+00  0.000000E+00  0.000000E+00  0.000000E+00
  0.284082E+01 -0.126498E+00 -0.446433E-01  0.000000E+00  0.000000E+00  0.000000E+00  0.000000E+00
  0.284082E+01 -0.718428E-01  0.137124E+00  0.000000E+00  0.000000E+00  0.000000E+00  0.000000E+00
  0.284082E+01  0.717820E-01 -0.204136E+00  0.000000E+00  0.000000E+00  0.000000E+00  0.000000E+00
  0.284082E+01  0.599509E-01 -0.212675E+00  0.000000E+00  0.000000E+00  0.000000E+00  0.000000E+00
  0.284082E+01 -0.398665E-01  0.479811E-01  0.000000E+00  0.000000E+00  0.000000E+00  0.000000E+00
  0.284082E+01 -0.711569E-03 -0.134550E-01  0.000000E+00  0.000000E+00  0.000000E+00  0.000000E+00
  0.284082E+01  0.408460E-01 -0.360248E-01  0.000000E+00  0.000000E+00  0.000000E+00  0.000000E+00
  0.284082E+01  0.370473E-01 -0.567922E-02  0.000000E+00  0.000000E+00  0.000000E+00  0.000000E+00
  0.284082E+01 -0.377239E-03  0.376137E-01  0.000000E+00  0.000000E+00  0.000000E+00  0.000000E+00
  0.284082E+01 -0.208740E+00 -0.132404E+00  0.000000E+00  0.000000E+00  0.000000E+00  0.000000E+00
  0.284082E+01  0.509204E-03  0.110954E+00  0.000000E+00  0.000000E+00  0.000000E+00  0.000000E+00
  0.284082E+01  0.385336E-01 -0.747341E-01  0.000000E+00  0.000000E+00  0.000000E+00  0.000000E+00
  0.284082E+01  0.969188E-01 -0.139190E+00  0.000000E+00  0.000000E+00  0.000000E+00  0.000000E+00
  0.284082E+01 -0.245185E+00  0.337863E-01  0.000000E+00  0.000000E+00  0.000000E+00  0.000000E+00
  0.284082E+01  0.428353E-01  0.184444E+00  0.000000E+00  0.000000E+00  0.000000E+00  0.000000E+00
  0.284082E+01  0.854424E-01 -0.184445E+00  0.000000E+00  0.000000E+00  0.000000E+00  0.000000E+00
  0.284082E+01 -0.140711E-01  0.277969E-01  0.000000E+00  0.000000E+00  0.000000E+00  0.000000E+00
  0.284082E+01  0.129060E+00 -0.176197E-01  0.000000E+00  0.000000E+00  0.000000E+00  0.000000E+00
  0.284082E+01 -0.251187E-01 -0.396810E-01  0.000000E+00  0.000000E+00  0.000000E+00  0.000000E+00
  0.284082E+01  0.158309E+00  0.126229E-01  0.000000E+00  0.000000E+00  0.000000E+00  0.000000E+00
  0.284082E+01  0.415267E-02  0.233577E-02  0.000000E+00  0.000000E+00  0.000000E+00  0.000000E+00
  0.284082E+01 -0.614273E-01 -0.126846E+00  0.000000E+00  0.000000E+00  0.000000E+00  0.000000E+00
  0.284082E+01  0.302207E-01  0.214767E+00  0.000000E+00  0.000000E+00  0.000000E+00  0.000000E+00
  0.284082E+01 -0.658192E-01 -0.115700E+00  0.000000E+00  0.000000E+00  0.000000E+00  0.000000E+00
  0.284082E+01 -0.179461E+00 -0.669306E-01  0.000000E+00  0.000000E+00  0.000000E+00  0.000000E+00
  0.284082E+01 -0.177837E-01 -0.249883E-02  0.000000E+00  0.000000E+00  0.000000E+00  0.000000E+00
  0.284082E+01 -0.224506E+00 -0.368174E-01  0.000000E+00  0.000000E+00  0.000000E+00  0.000000E+00
  0.284082E+01 -0.457491E-01  0.531398E-01  0.000000E+00  0.000000E+00  0.000000E+00  0.000000E+00
  0.284082E+01 -0.272623E-01  0.175828E+00  0.000000E+00  0.000000E+00  0.000000E+00  0.000000E+00
  0.284082E+01 -0.100503E+00  0.154628E-01  0.000000E+00  0.000000E+00  0.000000E+00  0.000000E+00
  0.284082E+01  0.160553E-01  0.211214E+00  0.000000E+00  0.000000E+00  0.000000E+00  0.000000E+00
  0.284082E+01  0.465436E-01 -0.177762E+00  0.000000E+00  0.000000E+00  0.000000E+00  0.000000E+00
  0.284082E+01  0.706551E-01 -0.135607E+00  0.000000E+00  0.000000E+00  0.000000E+00  0.000000E+00
  0.284082E+01 -0.376018E-01  0.105866E+00  0.000000E+00  0.000000E+00  0.000000E+00  0.000000E+00
  0.284082E+01 -0.594696E-02 -0.125429E+00  0.000000E+00  0.000000E+00  0.000000E+00  0.000000E+00
  0.284082E+01  0.550878E-01  0.229660E+00  0.000000E+00  0.000000E+00  0.000000E+00  0.000000E+00
  0.284082E+01  0.695839E-01  0.156686E+00  0.000000E+00  0.000000E+00  0.000000E+00  0.000000E+00
  0.284082E+01  0.891813E-02 -0.994132E-02  0.000000E+00  0.000000E+00  0.000000E+00  0.000000E+00
  0.284082E+01 -0.116826E-01 -0.175064E-01  0.000000E+00  0.000000E+00  0.000000E+00  0.000000E+00
  0.284082E+01 -0.220400E+00 -0.497694E-01  0.000000E+00  0.000000E+00  0.000000E+00  0.000000E+00
  0.284082E+01 -0.998400E-02 -0.124277E+00  0.000000E+00  0.000000E+00  0.000000E+00  0.000000E+00
  0.284082E+01 -0.205251E+00  0.205969E-01  0.000000E+00  0.000000E+00  0.000000E+00  0.000000E+00
  0.284082E+01  0.463953E-01  0.532989E-01  0.000000E+00  0.000000E+00  0.000000E+00  0.000000E+00
  0.284082E+01  0.795065E-02 -0.206330E-01  0.000000E+00  0.000000E+00  0.000000E+00  0.000000E+00
  0.284082E+01  0.618477E-02 -0.303800E-01  0.000000E+00  0.000000E+00  0.000000E+00  0.000000E+00
  0.284082E+01 -0.123641E+00 -0.560913E-01  0.000000E+00  0.000000E+00  0.000000E+00  0.000000E+00
  0.284082E+01 -0.163421E-02 -0.188700E+00  0.000000E+00  0.000000E+00  0.000000E+00  0.000000E+00
  0.284082E+01  0.106473E-01 -0.134150E+00  0.000000E+00  0.000000E+00  0.000000E+00  0.000000E+00
  0.284082E+01  0.670888E-01 -0.207842E-01  0.000000E+00  0.000000E+00  0.000000E+00  0.000000E+00
  0.284082E+01 -0.135241E-01  0.129006E-01  0.000000E+00  0.000000E+00  0.000000E+00  0.000000E+00
