  0.232757E+01  0.183807E-01 -0.235243E+00  0.000000E+00  0.000000E+00  0.000000E+00  0.000000E+00
  0.240749E+01 -0.343472E+00  0.885652E-02  0.000000E+00  0.000000E+00  0.000000E+00  0.000000E+00
  0.160969E+01 -0.164851E+00  0.185643E-02  0.000000E+00  0.000000E+00  0.000000E+00  0.000000E+00
  0.247026E+01  0.191349E-01  0.246601E+00  0.000000E+00  0.000000E+00  0.000000E+00  0.000000E+00
  0.245500E+01  0.346548E+00  0.101653E-01  0.000000E+00  0.000000E+00  0.000000E+00  0.000000E+00
  0.211904E+01 -0.158127E-01 -0.227922E+00  0.000000E+00  0.000000E+00  0.000000E+00  0.000000E+00
  0.179192E+01  0.193138E+00  0.101754E-01  0.000000E+00  0.000000E+00  0.000000E+00  0.000000E+00
  0.205429E+01  0.678314E-03 -0.277767E+00  0.000000E+00  0.000000E+00  0.000000E+00  0.000000E+00
  0.274977E+01 -0.123274E-01  0.394924E+00  0.000000E+00  0.000000E+00  0.000000E+00  0.000000E+00
  0.221020E+01  0.768155E-02  0.301992E+00  0.000000E+00  0.000000E+00  0.000000E+00  0.000000E+00
  0.221542E+01 -0.120313E-01 -0.279334E+00  0.000000E+00  0.000000E+00  0.000000E+00  0.000000E+00
  0.197532E+01  0.848882E-02  0.242556E+00  0.000000E+00  0.000000E+00  0.000000E+00  0.000000E+00
  0.214536E+01  0.284965E+00 -0.803371E-02  0.000000E+00  0.000000E+00  0.000000E+00  0.000000E+00
  0.280154E+01  0.376301E+00 -0.148086E-01  0.000000E+00  0.000000E+00  0.000000E+00  0.000000E+00
  0.170123E+01  0.826531E-02  0.177883E+00  0.000000E+00  0.000000E+00  0.000000E+00  0.000000E+00
  0.175196E+01  0.113078E-01 -0.179554E+00  0.000000E+00  0.000000E+00  0.000000E+00  0.000000E+00
  0.189078E+01 -0.234865E+00  0.291077E-02  0.000000E+00  0.000000E+00  0.000000E+00  0.000000E+00
  0.232864E+01 -0.289259E+00 -0.138389E-01  0.000000E+00  0.000000E+00  0.000000E+00  0.000000E+00
  0.281163E+01  0.702598E-02 -0.450684E+00  0.000000E+00  0.000000E+00  0.000000E+00  0.000000E+00
  0.187834E+01  0.195325E+00  0.136747E-01  0.000000E+00  0.000000E+00  0.000000E+00  0.000000E+00
  0.242988E+01 -0.136009E-01  0.312937E+00  0.000000E+00  0.000000E+00  0.000000E+00  0.000000E+00
  0.273545E+01  0.137772E-01  0.375771E+00  0.000000E+00  0.000000E+00  0.000000E+00  0.000000E+00
  0.194468E+01  0.244627E+00  0.521001E-02  0.000000E+00  0.000000E+00  0.000000E+00  0.000000E+00
  0.250968E+01 -0.171346E-01  0.286295E+00  0.000000E+00  0.000000E+00  0.000000E+00  0.000000E+00
  0.189891E+01 -0.233063E+00 -0.532241E-02  0.000000E+00  0.000000E+00  0.000000E+00  0.000000E+00
  0.168008E+01 -0.135622E-02  0.182858E+00  0.000000E+00  0.000000E+00  0.000000E+00  0.000000E+00
  0.282823E+01 -0.117376E-01 -0.418343E+00  0.000000E+00  0.000000E+00  0.000000E+00  0.000000E+00
  0.206821E+01 -0.223344E+00  0.152076E-01  0.000000E+00  0.000000E+00  0.000000E+00  0.000000E+00
  0.188288E+01 -0.291582E-02 -0.232872E+00  0.000000E+00  0.000000E+00  0.000000E+00  0.000000E+00
  0.168115E+01 -0.177529E+00  0.627395E-02  0.000000E+00  0.000000E+00  0.000000E+00  0.000000E+00
  0.256846E+01 -0.176642E-01 -0.288751E+00  0.000000E+00  0.000000E+00  0.000000E+00  0.000000E+00
  0.231838E+01  0.317625E+00  0.971723E-02  0.000000E+00  0.000000E+00  0.000000E+00  0.000000E+00
  0.213401E+01  0.220354E+00  0.168340E-01  0.000000E+00  0.000000E+00  0.000000E+00  0.000000E+00
  0.188914E+01 -0.201098E+00  0.130923E-01  0.000000E+00  0.000000E+00  0.000000E+00  0.000000E+00
  0.192580E+01 -0.555389E-02 -0.239209E+00  0.000000E+00  0.000000E+00  0.000000E+00  0.000000E+00
  0.270977E+01 -0.344730E+00 -0.157458E-01  0.000000E+00  0.000000E+00  0.000000E+00  0.000000E+00
  0.195275E+01  0.119359E-01 -0.221567E+00  0.000000E+00  0.000000E+00  0.000000E+00  0.000000E+00
  0.196983E+01  0.203716E+00  0.151894E-01  0.000000E+00  0.000000E+00  0.000000E+00  0.000000E+00
  0.176435E+01 -0.465586E-02  0.200887E+00  0.000000E+00  0.000000E+00  0.000000E+00  0.000000E+00
  0.279369E+01  0.306462E+00  0.188044E-01  0.000000E+00  0.000000E+00  0.000000E+00  0.000000E+00
  0.272012E+01 -0.375322E-02  0.441382E+00  0.000000E+00  0.000000E+00  0.000000E+00  0.000000E+00
  0.217382E+01  0.246201E+00 -0.150328E-01  0.000000E+00  0.000000E+00  0.000000E+00  0.000000E+00
  0.237779E+01  0.267904E+00  0.166864E-01  0.000000E+00  0.000000E+00  0.000000E+00  0.000000E+00
  0.189289E+01 -0.139914E-02  0.236636E+00  0.000000E+00  0.000000E+00  0.000000E+00  0.000000E+00
  0.280697E+01  0.200415E-01 -0.280018E+00  0.000000E+00  0.000000E+00  0.000000E+00  0.000000E+00
  0.211603E+01  0.293176E+00 -0.117753E-02  0.000000E+00  0.000000E+00  0.000000E+00  0.000000E+00
  0.221402E+01  0.289379E+00  0.104140E-01  0.000000E+00  0.000000E+00  0.000000E+00  0.000000E+00
  0.226231E+01  0.376948E-02 -0.326756E+00  0.000000E+00  0.000000E+00  0.000000E+00  0.000000E+00
  0.214889E+01 -0.298789E+00 -0.353437E-02  0.000000E+00  0.000000E+00  0.000000E+00  0.000000E+00
  0.242944E+01 -0.129062E-01  0.319322E+00  0.000000E+00  0.000000E+00  0.000000E+00  0.000000E+00
  0.253967E+01  0.986228E-02  0.368254E+00  0.000000E+00  0.000000E+00  0.000000E+00  0.000000E+00
  0.211430E+01  0.292271E+00  0.183681E-02  0.000000E+00  0.000000E+00  0.000000E+00  0.000000E+00
  0.272057E+01 -0.301560E+00 -0.184386E-01  0.000000E+00  0.000000E+00  0.000000E+00  0.000000E+00
  0.173537E+01  0.580968E-02 -0.191730E+00  0.000000E+00  0.000000E+00  0.000000E+00  0.000000E+00
  0.186037E+01 -0.110495E-01 -0.205217E+00  0.000000E+00  0.000000E+00  0.000000E+00  0.000000E+00
  0.249016E+01 -0.799732E-02 -0.367822E+00  0.000000E+00  0.000000E+00  0.000000E+00  0.000000E+00
  0.209790E+01 -0.271684E+00  0.850389E-02  0.000000E+00  0.000000E+00  0.000000E+00  0.000000E+00
  0.219271E+01 -0.281307E+00  0.109492E-01  0.000000E+00  0.000000E+00  0.000000E+00  0.000000E+00
  0.258571E+01 -0.557027E-02  0.402046E+00  0.000000E+00  0.000000E+00  0.000000E+00  0.000000E+00
  0.225104E+01  0.306559E+00 -0.883063E-02  0.000000E+00  0.000000E+00  0.000000E+00  0.000000E+00
  0.184114E+01  0.129221E-01 -0.191674E+00  0.000000E+00  0.000000E+00  0.000000E+00  0.000000E+00
  0.165071E+01 -0.172221E+00  0.494535E-02  0.000000E+00  0.000000E+00  0.000000E+00  0.000000E+00
  0.211955E+01 -0.170696E-01  0.215089E+00  0.000000E+00  0.000000E+00  0.000000E+00  0.000000E+00
  0.245781E+01  0.293800E+00  0.158573E-01  0.000000E+00  0.000000E+00  0.000000E+00  0.000000E+00
  0.245459E+01  0.138045E-01 -0.316161E+00  0.000000E+00  0.000000E+00  0.000000E+00  0.000000E+00
  0.220711E+01 -0.262202E+00  0.140075E-01  0.000000E+00  0.000000E+00  0.000000E+00  0.000000E+00
  0.276833E+01  0.397914E+00 -0.124325E-01  0.000000E+00  0.000000E+00  0.000000E+00  0.000000E+00
  0.192005E+01 -0.137134E-01  0.203917E+00  0.000000E+00  0.000000E+00  0.000000E+00  0.000000E+00
  0.236443E+01  0.175618E-01  0.253648E+00  0.000000E+00  0.000000E+00  0.000000E+00  0.000000E+00
  0.225753E+01  0.319485E+00 -0.606528E-02  0.000000E+00  0.000000E+00  0.000000E+00  0.000000E+00
  0.242917E+01 -0.144675E-01  0.304018E+00  0.000000E+00  0.000000E+00  0.000000E+00  0.000000E+00
  0.276304E+01 -0.249196E-02  0.455031E+00  0.000000E+00  0.000000E+00  0.000000E+00  0.000000E+00
  0.181544E+01 -0.196796E+00 -0.106226E-01  0.000000E+00  0.000000E+00  0.000000E+00  0.000000E+00
  0.176556E+01  0.201491E+00  0.445593E-02  0.000000E+00  0.000000E+00  0.000000E+00  0.000000E+00
  0.225497E+01 -0.115606E-01 -0.291424E+00  0.000000E+00  0.000000E+00  0.000000E+00  0.000000E+00
  0.177581E+01  0.309737E-02 -0.205766E+00  0.000000E+00  0.000000E+00  0.000000E+00  0.000000E+00
  0.181152E+01  0.114992E-01 -0.192154E+00  0.000000E+00  0.000000E+00  0.000000E+00  0.000000E+00
  0.255175E+01 -0.945874E-02 -0.373797E+00  0.000000E+00  0.000000E+00  0.000000E+00  0.000000E+00
  0.275618E+01 -0.347710E-02  0.451144E+00  0.000000E+00  0.000000E+00  0.000000E+00  0.000000E+00
  0.197303E+01 -0.452344E-03 -0.257254E+00  0.000000E+00  0.000000E+00  0.000000E+00  0.000000E+00
  0.267454E+01 -0.393309E+00  0.106693E-01  0.000000E+00  0.000000E+00  0.000000E+00  0.000000E+00
  0.272244E+01  0.416262E+00 -0.911426E-02  0.000000E+00  0.000000E+00  0.000000E+00  0.000000E+00
  0.174883E+01  0.196602E+00 -0.492672E-02  0.000000E+00  0.000000E+00  0.000000E+00  0.000000E+00
  0.182121E+01 -0.704714E-02  0.209984E+00  0.000000E+00  0.000000E+00  0.000000E+00  0.000000E+00
  0.186714E+01 -0.229647E+00 -0.213311E-02  0.000000E+00  0.000000E+00  0.000000E+00  0.000000E+00
  0.281899E+01 -0.431170E+00  0.101138E-01  0.000000E+00  0.000000E+00  0.000000E+00  0.000000E+00
  0.226685E+01 -0.176621E-01  0.234743E+00  0.000000E+00  0.000000E+00  0.000000E+00  0.000000E+00
  0.252196E+01  0.251878E+00 -0.193001E-01  0.000000E+00  0.000000E+00  0.000000E+00  0.000000E+00
  0.247050E+01 -0.291339E+00 -0.162425E-01  0.000000E+00  0.000000E+00  0.000000E+00  0.000000E+00
  0.256621E+01  0.575745E-02 -0.396524E+00  0.000000E+00  0.000000E+00  0.000000E+00  0.000000E+00
  0.235204E+01  0.293749E-04  0.353252E+00  0.000000E+00  0.000000E+00  0.000000E+00  0.000000E+00
  0.172505E+01  0.178717E+00 -0.986883E-02  0.000000E+00  0.000000E+00  0.000000E+00  0.000000E+00
  0.206749E+01 -0.259041E+00  0.972957E-02  0.000000E+00  0.000000E+00  0.000000E+00  0.000000E+00
  0.253169E+01  0.348791E+00 -0.121147E-01  0.000000E+00  0.000000E+00  0.000000E+00  0.000000E+00
  0.271909E+01  0.328917E+00  0.168924E-01  0.000000E+00  0.000000E+00  0.000000E+00  0.000000E+00
  0.201903E+01 -0.259367E+00  0.661120E-02  0.000000E+00  0.000000E+00  0.000000E+00  0.000000E+00
  0.281750E+01 -0.277781E+00 -0.201915E-01  0.000000E+00  0.000000E+00  0.000000E+00  0.000000E+00
  0.241551E+01  0.346956E+00 -0.856789E-02  0.000000E+00  0.000000E+00  0.000000E+00  0.000000E+00
  0.186147E+01 -0.220455E+00  0.678467E-02  0.000000E+00  0.000000E+00  0.000000E+00  0.000000E+00
  0.249359E+01  0.254018E+00 -0.189371E-01  0.000000E+00  0.000000E+00  0.000000E+00  0.000000E+00
  0.223172E+01  0.838957E-02 -0.304072E+00  0.000000E+00  0.000000E+00  0.000000E+00  0.000000E+00
  0.184521E+01 -0.218305E+00 -0.602577E-02  0.000000E+00  0.000000E+00  0.000000E+00  0.000000E+00
  0.231353E+01  0.180544E-01  0.237603E+00  0.000000E+00  0.000000E+00  0.000000E+00  0.000000E+00
  0.176987E+01  0.205827E+00 -0.453508E-03  0.000000E+00  0.000000E+00  0.000000E+00  0.000000E+00
  0.266406E+01 -0.358806E+00 -0.139407E-01  0.000000E+00  0.000000E+00  0.000000E+00  0.000000E+00
  0.178617E+01  0.192305E+00  0.100412E-01  0.000000E+00  0.000000E+00  0.000000E+00  0.000000E+00
  0.214526E+01  0.230984E+00  0.160220E-01  0.000000E+00  0.000000E+00  0.000000E+00  0.000000E+00
  0.193779E+01 -0.112508E-01  0.221802E+00  0.000000E+00  0.000000E+00  0.000000E+00  0.000000E+00
  0.166110E+01 -0.173879E+00 -0.554664E-02  0.000000E+00  0.000000E+00  0.000000E+00  0.000000E+00
  0.180235E+01 -0.100603E-01 -0.195984E+00  0.000000E+00  0.000000E+00  0.000000E+00  0.000000E+00
  0.205371E+01  0.160868E-01 -0.212588E+00  0.000000E+00  0.000000E+00  0.000000E+00  0.000000E+00
  0.249712E+01 -0.357313E+00  0.100166E-01  0.000000E+00  0.000000E+00  0.000000E+00  0.000000E+00
  0.235579E+01  0.251459E+00 -0.176068E-01  0.000000E+00  0.000000E+00  0.000000E+00  0.000000E+00
  0.274793E+01  0.604837E-02 -0.440012E+00  0.000000E+00  0.000000E+00  0.000000E+00  0.000000E+00
  0.226216E+01  0.304432E+00  0.973116E-02  0.000000E+00  0.000000E+00  0.000000E+00  0.000000E+00
  0.254077E+01  0.772038E-02 -0.381434E+00  0.000000E+00  0.000000E+00  0.000000E+00  0.000000E+00
  0.254193E+01  0.396550E+00  0.384698E-02  0.000000E+00  0.000000E+00  0.000000E+00  0.000000E+00
  0.237931E+01 -0.321331E+00 -0.112913E-01  0.000000E+00  0.000000E+00  0.000000E+00  0.000000E+00
  0.180856E+01 -0.573104E-03  0.215599E+00  0.000000E+00  0.000000E+00  0.000000E+00  0.000000E+00
  0.261301E+01 -0.180353E-01  0.290386E+00  0.000000E+00  0.000000E+00  0.000000E+00  0.000000E+00
  0.212530E+01 -0.230218E+00 -0.157016E-01  0.000000E+00  0.000000E+00  0.000000E+00  0.000000E+00
  0.184914E+01  0.217043E+00 -0.694291E-02  0.000000E+00  0.000000E+00  0.000000E+00  0.000000E+00
  0.275275E+01  0.198820E-01  0.275660E+00  0.000000E+00  0.000000E+00  0.000000E+00  0.000000E+00
  0.179351E+01  0.129837E-01  0.181036E+00  0.000000E+00  0.000000E+00  0.000000E+00  0.000000E+00
  0.216040E+01  0.726247E-02  0.291593E+00  0.000000E+00  0.000000E+00  0.000000E+00  0.000000E+00
  0.226649E+01 -0.837163E-02 -0.312448E+00  0.000000E+00  0.000000E+00  0.000000E+00  0.000000E+00
  0.276571E+01  0.199962E-01  0.274882E+00  0.000000E+00  0.000000E+00  0.000000E+00  0.000000E+00
  0.165940E+01 -0.176362E+00  0.327066E-02  0.000000E+00  0.000000E+00  0.000000E+00  0.000000E+00
  0.189005E+01 -0.510294E-02  0.231313E+00  0.000000E+00  0.000000E+00  0.000000E+00  0.000000E+00
  0.174409E+01 -0.110264E-02  0.199140E+00  0.000000E+00  0.000000E+00  0.000000E+00  0.000000E+00
  0.177801E+01 -0.203301E+00 -0.524030E-02  0.000000E+00  0.000000E+00  0.000000E+00  0.000000E+00
  0.187949E+01  0.231931E+00  0.299495E-02  0.000000E+00  0.000000E+00  0.000000E+00  0.000000E+00
  0.204203E+01  0.135012E-01 -0.231251E+00  0.000000E+00  0.000000E+00  0.000000E+00  0.000000E+00
  0.283920E+01 -0.302255E+00  0.193292E-01  0.000000E+00  0.000000E+00  0.000000E+00  0.000000E+00
  0.253511E+01 -0.227586E-02 -0.397943E+00  0.000000E+00  0.000000E+00  0.000000E+00  0.000000E+00
  0.274360E+01  0.286083E+00 -0.193663E-01  0.000000E+00  0.000000E+00  0.000000E+00  0.000000E+00
  0.282429E+01  0.185976E-02  0.471506E+00  0.000000E+00  0.000000E+00  0.000000E+00  0.000000E+00
  0.236049E+01 -0.492877E-02 -0.348417E+00  0.000000E+00  0.000000E+00  0.000000E+00  0.000000E+00
  0.274740E+01  0.383362E+00 -0.133446E-01  0.000000E+00  0.000000E+00  0.000000E+00  0.000000E+00
  0.265482E+01 -0.426012E+00  0.335958E-02  0.000000E+00  0.000000E+00  0.000000E+00  0.000000E+00
  0.238861E+01  0.109224E-01 -0.326083E+00  0.000000E+00  0.000000E+00  0.000000E+00  0.000000E+00
  0.206312E+01  0.446862E-03  0.280059E+00  0.000000E+00  0.000000E+00  0.000000E+00  0.000000E+00
  0.212482E+01 -0.295232E+00 -0.144353E-02  0.000000E+00  0.000000E+00  0.000000E+00  0.000000E+00
  0.174942E+01  0.779609E-02  0.190676E+00  0.000000E+00  0.000000E+00  0.000000E+00  0.000000E+00
  0.242976E+01 -0.191099E-01 -0.240447E+00  0.000000E+00  0.000000E+00  0.000000E+00  0.000000E+00
  0.226707E+01  0.163424E-01 -0.251047E+00  0.000000E+00  0.000000E+00  0.000000E+00  0.000000E+00
  0.216236E+01  0.111256E-01 -0.273338E+00  0.000000E+00  0.000000E+00  0.000000E+00  0.000000E+00
  0.194876E+01 -0.251037E+00  0.759236E-03  0.000000E+00  0.000000E+00  0.000000E+00  0.000000E+00
  0.205791E+01 -0.272234E+00  0.538829E-02  0.000000E+00  0.000000E+00  0.000000E+00  0.000000E+00
  0.234690E+01 -0.101768E-01 -0.321472E+00  0.000000E+00  0.000000E+00  0.000000E+00  0.000000E+00
  0.221397E+01  0.237220E+00 -0.166688E-01  0.000000E+00  0.000000E+00  0.000000E+00  0.000000E+00
  0.185415E+01 -0.338973E-03 -0.227178E+00  0.000000E+00  0.000000E+00  0.000000E+00  0.000000E+00
  0.281370E+01  0.434470E+00  0.955138E-02  0.000000E+00  0.000000E+00  0.000000E+00  0.000000E+00
  0.184639E+01  0.208686E+00  0.940554E-02  0.000000E+00  0.000000E+00  0.000000E+00  0.000000E+00
  0.256700E+01  0.276946E+00  0.183459E-01  0.000000E+00  0.000000E+00  0.000000E+00  0.000000E+00
  0.253736E+01  0.327793E+00  0.143402E-01  0.000000E+00  0.000000E+00  0.000000E+00  0.000000E+00
  0.180920E+01 -0.106042E-01 -0.195442E+00  0.000000E+00  0.000000E+00  0.000000E+00  0.000000E+00
  0.176973E+01  0.806881E-02  0.194810E+00  0.000000E+00  0.000000E+00  0.000000E+00  0.000000E+00
  0.246800E+01 -0.106257E-01  0.346331E+00  0.000000E+00  0.000000E+00  0.000000E+00  0.000000E+00
  0.273308E+01  0.350651E+00 -0.156538E-01  0.000000E+00  0.000000E+00  0.000000E+00  0.000000E+00
  0.172619E+01 -0.354163E-02 -0.192837E+00  0.000000E+00  0.000000E+00  0.000000E+00  0.000000E+00
  0.193287E+01  0.866305E-02 -0.231817E+00  0.000000E+00  0.000000E+00  0.000000E+00  0.000000E+00
  0.209910E+01  0.880509E-03  0.289036E+00  0.000000E+00  0.000000E+00  0.000000E+00  0.000000E+00
  0.249523E+01  0.331525E+00 -0.131234E-01  0.000000E+00  0.000000E+00  0.000000E+00  0.000000E+00
  0.255362E+01 -0.191896E-01  0.259129E+00  0.000000E+00  0.000000E+00  0.000000E+00  0.000000E+00
  0.265725E+01 -0.412680E+00 -0.712289E-02  0.000000E+00  0.000000E+00  0.000000E+00  0.000000E+00
  0.248511E+01 -0.175548E-01  0.275499E+00  0.000000E+00  0.000000E+00  0.000000E+00  0.000000E+00
  0.219487E+01 -0.165338E-01  0.235118E+00  0.000000E+00  0.000000E+00  0.000000E+00  0.000000E+00
  0.201486E+01  0.264052E+00  0.421522E-02  0.000000E+00  0.000000E+00  0.000000E+00  0.000000E+00
  0.186246E+01  0.201313E+00 -0.119694E-01  0.000000E+00  0.000000E+00  0.000000E+00  0.000000E+00
  0.261540E+01  0.127814E-01  0.360899E+00  0.000000E+00  0.000000E+00  0.000000E+00  0.000000E+00
  0.253312E+01 -0.682012E-02  0.383961E+00  0.000000E+00  0.000000E+00  0.000000E+00  0.000000E+00
  0.258974E+01  0.397869E+00  0.679504E-02  0.000000E+00  0.000000E+00  0.000000E+00  0.000000E+00
  0.270591E+01  0.107666E-01  0.399674E+00  0.000000E+00  0.000000E+00  0.000000E+00  0.000000E+00
  0.180035E+01  0.183102E+00 -0.128698E-01  0.000000E+00  0.000000E+00  0.000000E+00  0.000000E+00
  0.244626E+01  0.135988E-01  0.316438E+00  0.000000E+00  0.000000E+00  0.000000E+00  0.000000E+00
  0.224579E+01 -0.275775E+00 -0.133683E-01  0.000000E+00  0.000000E+00  0.000000E+00  0.000000E+00
  0.271414E+01 -0.199438E-01 -0.268286E+00  0.000000E+00  0.000000E+00  0.000000E+00  0.000000E+00
  0.195713E+01 -0.244568E+00  0.649714E-02  0.000000E+00  0.000000E+00  0.000000E+00  0.000000E+00
  0.227889E+01  0.264113E+00  0.153590E-01  0.000000E+00  0.000000E+00  0.000000E+00  0.000000E+00
  0.225548E+01  0.322800E+00 -0.475658E-02  0.000000E+00  0.000000E+00  0.000000E+00  0.000000E+00
  0.248160E+01  0.413722E-02  0.380733E+00  0.000000E+00  0.000000E+00  0.000000E+00  0.000000E+00
  0.195453E+01  0.452621E-02  0.248437E+00  0.000000E+00  0.000000E+00  0.000000E+00  0.000000E+00
  0.221805E+01  0.311248E+00 -0.558866E-02  0.000000E+00  0.000000E+00  0.000000E+00  0.000000E+00
  0.255399E+01  0.162055E-01  0.307918E+00  0.000000E+00  0.000000E+00  0.000000E+00  0.000000E+00
  0.208409E+01  0.233307E+00 -0.144006E-01  0.000000E+00  0.000000E+00  0.000000E+00  0.000000E+00
  0.194020E+01  0.150551E-01 -0.198774E+00  0.000000E+00  0.000000E+00  0.000000E+00  0.000000E+00
  0.244899E+01 -0.346286E+00  0.999581E-02  0.000000E+00  0.000000E+00  0.000000E+00  0.000000E+00
  0.208482E+01  0.158815E-01 -0.220567E+00  0.000000E+00  0.000000E+00  0.000000E+00  0.000000E+00
  0.241642E+01 -0.298107E+00  0.147750E-01  0.000000E+00  0.000000E+00  0.000000E+00  0.000000E+00
  0.258245E+01  0.146946E-01 -0.332983E+00  0.000000E+00  0.000000E+00  0.000000E+00  0.000000E+00
  0.221355E+01  0.295229E+00  0.932451E-02  0.000000E+00  0.000000E+00  0.000000E+00  0.000000E+00
  0.233953E+01 -0.210626E-02  0.348840E+00  0.000000E+00  0.000000E+00  0.000000E+00  0.000000E+00
  0.198584E+01 -0.232254E+00  0.113286E-01  0.000000E+00  0.000000E+00  0.000000E+00  0.000000E+00
  0.216250E+01  0.300673E+00 -0.432085E-02  0.000000E+00  0.000000E+00  0.000000E+00  0.000000E+00
  0.211241E+01 -0.102379E-01  0.266926E+00  0.000000E+00  0.000000E+00  0.000000E+00  0.000000E+00
  0.229825E+01 -0.263778E+00 -0.157481E-01  0.000000E+00  0.000000E+00  0.000000E+00  0.000000E+00
  0.208144E+01  0.147606E-01  0.229814E+00  0.000000E+00  0.000000E+00  0.000000E+00  0.000000E+00
  0.198111E+01 -0.893467E-02 -0.242214E+00  0.000000E+00  0.000000E+00  0.000000E+00  0.000000E+00
  0.265415E+01  0.256881E-02 -0.427467E+00  0.000000E+00  0.000000E+00  0.000000E+00  0.000000E+00
  0.204348E+01  0.235287E+00  0.129585E-01  0.000000E+00  0.000000E+00  0.000000E+00  0.000000E+00
  0.226976E+01  0.122708E-01  0.289623E+00  0.000000E+00  0.000000E+00  0.000000E+00  0.000000E+00
  0.279743E+01 -0.721274E-02  0.446200E+00  0.000000E+00  0.000000E+00  0.000000E+00  0.000000E+00
  0.273622E+01  0.421035E+00  0.889543E-02  0.000000E+00  0.000000E+00  0.000000E+00  0.000000E+00
  0.274613E+01 -0.282832E+00  0.195293E-01  0.000000E+00  0.000000E+00  0.000000E+00  0.000000E+00
  0.270759E+01  0.385231E+00 -0.123674E-01  0.000000E+00  0.000000E+00  0.000000E+00  0.000000E+00
  0.219168E+01  0.259084E+00 -0.139936E-01  0.000000E+00  0.000000E+00  0.000000E+00  0.000000E+00
  0.205791E+01  0.251966E-02 -0.277367E+00  0.000000E+00  0.000000E+00  0.000000E+00  0.000000E+00
  0.236060E+01  0.100334E-01  0.325540E+00  0.000000E+00  0.000000E+00  0.000000E+00  0.000000E+00
  0.204089E+01  0.208113E+00  0.163000E-01  0.000000E+00  0.000000E+00  0.000000E+00  0.000000E+00
  0.279699E+01  0.162131E-01 -0.354643E+00  0.000000E+00  0.000000E+00  0.000000E+00  0.000000E+00
  0.282991E+01  0.164321E-02 -0.473213E+00  0.000000E+00  0.000000E+00  0.000000E+00  0.000000E+00
  0.263226E+01 -0.140187E-01 -0.351232E+00  0.000000E+00  0.000000E+00  0.000000E+00  0.000000E+00
  0.261825E+01 -0.682874E-02 -0.404655E+00  0.000000E+00  0.000000E+00  0.000000E+00  0.000000E+00
  0.186742E+01  0.987369E-02 -0.211816E+00  0.000000E+00  0.000000E+00  0.000000E+00  0.000000E+00
  0.173177E+01 -0.184007E+00 -0.868041E-02  0.000000E+00  0.000000E+00  0.000000E+00  0.000000E+00
  0.256613E+01 -0.918233E-02 -0.378976E+00  0.000000E+00  0.000000E+00  0.000000E+00  0.000000E+00
  0.278636E+01 -0.291439E+00 -0.194317E-01  0.000000E+00  0.000000E+00  0.000000E+00  0.000000E+00
  0.243201E+01 -0.373065E+00 -0.120589E-02  0.000000E+00  0.000000E+00  0.000000E+00  0.000000E+00
  0.170093E+01  0.186838E+00 -0.321902E-02  0.000000E+00  0.000000E+00  0.000000E+00  0.000000E+00
  0.193631E+01  0.199506E+00  0.148501E-01  0.000000E+00  0.000000E+00  0.000000E+00  0.000000E+00
  0.227252E+01 -0.872799E-02 -0.312160E+00  0.000000E+00  0.000000E+00  0.000000E+00  0.000000E+00
  0.184151E+01  0.212600E+00  0.787367E-02  0.000000E+00  0.000000E+00  0.000000E+00  0.000000E+00
  0.255818E+01  0.146208E-01  0.328877E+00  0.000000E+00  0.000000E+00  0.000000E+00  0.000000E+00
  0.182644E+01 -0.205263E+00 -0.904613E-02  0.000000E+00  0.000000E+00  0.000000E+00  0.000000E+00
  0.174602E+01 -0.193159E-02  0.199225E+00  0.000000E+00  0.000000E+00  0.000000E+00  0.000000E+00
  0.257506E+01 -0.110789E-02  0.409313E+00  0.000000E+00  0.000000E+00  0.000000E+00  0.000000E+00
  0.211329E+01  0.160467E-01  0.224528E+00  0.000000E+00  0.000000E+00  0.000000E+00  0.000000E+00
  0.206801E+01 -0.158564E-01 -0.217513E+00  0.000000E+00  0.000000E+00  0.000000E+00  0.000000E+00
  0.220670E+01 -0.289428E+00 -0.101095E-01  0.000000E+00  0.000000E+00  0.000000E+00  0.000000E+00
  0.174265E+01 -0.514278E-02  0.194713E+00  0.000000E+00  0.000000E+00  0.000000E+00  0.000000E+00
  0.237065E+01  0.244376E+00 -0.182678E-01  0.000000E+00  0.000000E+00  0.000000E+00  0.000000E+00
  0.228144E+01  0.421143E-02 -0.330587E+00  0.000000E+00  0.000000E+00  0.000000E+00  0.000000E+00
  0.187196E+01 -0.224247E+00  0.629306E-02  0.000000E+00  0.000000E+00  0.000000E+00  0.000000E+00
  0.214616E+01 -0.159572E-01 -0.231809E+00  0.000000E+00  0.000000E+00  0.000000E+00  0.000000E+00
  0.225205E+01 -0.614193E-03 -0.327839E+00  0.000000E+00  0.000000E+00  0.000000E+00  0.000000E+00
  0.174668E+01 -0.196078E+00 -0.491976E-02  0.000000E+00  0.000000E+00  0.000000E+00  0.000000E+00
  0.244229E+01  0.172272E-01  0.272552E+00  0.000000E+00  0.000000E+00  0.000000E+00  0.000000E+00
  0.203172E+01  0.957446E-02  0.251404E+00  0.000000E+00  0.000000E+00  0.000000E+00  0.000000E+00
  0.198144E+01 -0.731249E-02 -0.248078E+00  0.000000E+00  0.000000E+00  0.000000E+00  0.000000E+00
  0.222702E+01  0.109702E-01 -0.288983E+00  0.000000E+00  0.000000E+00  0.000000E+00  0.000000E+00
  0.206395E+01 -0.520944E-03 -0.280254E+00  0.000000E+00  0.000000E+00  0.000000E+00  0.000000E+00
  0.203758E+01 -0.144192E-01  0.223538E+00  0.000000E+00  0.000000E+00  0.000000E+00  0.000000E+00
  0.182567E+01  0.208219E+00 -0.806709E-02  0.000000E+00  0.000000E+00  0.000000E+00  0.000000E+00
  0.268400E+01  0.413779E+00  0.808815E-02  0.000000E+00  0.000000E+00  0.000000E+00  0.000000E+00
  0.183659E+01 -0.309683E-02  0.221036E+00  0.000000E+00  0.000000E+00  0.000000E+00  0.000000E+00
  0.207481E+01 -0.977706E-02  0.260520E+00  0.000000E+00  0.000000E+00  0.000000E+00  0.000000E+00
  0.200945E+01 -0.216214E+00 -0.146172E-01  0.000000E+00  0.000000E+00  0.000000E+00  0.000000E+00
  0.174936E+01 -0.193481E+00  0.663113E-02  0.000000E+00  0.000000E+00  0.000000E+00  0.000000E+00
  0.189810E+01 -0.604345E-02 -0.231258E+00  0.000000E+00  0.000000E+00  0.000000E+00  0.000000E+00
  0.256619E+01 -0.335644E+00  0.141747E-01  0.000000E+00  0.000000E+00  0.000000E+00  0.000000E+00
  0.241303E+01 -0.180794E-01 -0.254643E+00  0.000000E+00  0.000000E+00  0.000000E+00  0.000000E+00
  0.258762E+01 -0.482865E-02 -0.405121E+00  0.000000E+00  0.000000E+00  0.000000E+00  0.000000E+00
  0.199697E+01 -0.917554E-02 -0.244979E+00  0.000000E+00  0.000000E+00  0.000000E+00  0.000000E+00
  0.181523E+01  0.465884E-02  0.213537E+00  0.000000E+00  0.000000E+00  0.000000E+00  0.000000E+00
  0.236525E+01 -0.401380E-02  0.351972E+00  0.000000E+00  0.000000E+00  0.000000E+00  0.000000E+00
  0.220839E+01 -0.258725E+00  0.144350E-01  0.000000E+00  0.000000E+00  0.000000E+00  0.000000E+00
  0.244137E+01  0.315276E+00  0.136114E-01  0.000000E+00  0.000000E+00  0.000000E+00  0.000000E+00
  0.223432E+01 -0.154237E-01 -0.254556E+00  0.000000E+00  0.000000E+00  0.000000E+00  0.000000E+00
  0.230376E+01  0.315987E+00  0.940324E-02  0.000000E+00  0.000000E+00  0.000000E+00  0.000000E+00
  0.226496E+01 -0.289335E+00 -0.121670E-01  0.000000E+00  0.000000E+00  0.000000E+00  0.000000E+00
  0.274998E+01  0.189576E-01 -0.295965E+00  0.000000E+00  0.000000E+00  0.000000E+00  0.000000E+00
  0.181016E+01 -0.130582E-01  0.184245E+00  0.000000E+00  0.000000E+00  0.000000E+00  0.000000E+00
  0.224325E+01 -0.292770E+00  0.109556E-01  0.000000E+00  0.000000E+00  0.000000E+00  0.000000E+00
  0.228023E+01 -0.753965E-02  0.319471E+00  0.000000E+00  0.000000E+00  0.000000E+00  0.000000E+00
  0.237706E+01  0.185435E-01  0.241172E+00  0.000000E+00  0.000000E+00  0.000000E+00  0.000000E+00
  0.275680E+01 -0.163973E-01  0.344008E+00  0.000000E+00  0.000000E+00  0.000000E+00  0.000000E+00
  0.209687E+01 -0.804621E-02  0.273291E+00  0.000000E+00  0.000000E+00  0.000000E+00  0.000000E+00
  0.270347E+01  0.428168E+00 -0.625377E-02  0.000000E+00  0.000000E+00  0.000000E+00  0.000000E+00
  0.262327E+01  0.336941E+00 -0.150471E-01  0.000000E+00  0.000000E+00  0.000000E+00  0.000000E+00
  0.215557E+01  0.170854E-01  0.221573E+00  0.000000E+00  0.000000E+00  0.000000E+00  0.000000E+00
  0.260811E+01  0.182368E-01 -0.285975E+00  0.000000E+00  0.000000E+00  0.000000E+00  0.000000E+00
  0.172729E+01 -0.320899E-02 -0.193467E+00  0.000000E+00  0.000000E+00  0.000000E+00  0.000000E+00
  0.241946E+01 -0.133733E-01  0.312883E+00  0.000000E+00  0.000000E+00  0.000000E+00  0.000000E+00
  0.218764E+01  0.117290E-01 -0.275206E+00  0.000000E+00  0.000000E+00  0.000000E+00  0.000000E+00
  0.172440E+01 -0.777172E-02  0.184719E+00  0.000000E+00  0.000000E+00  0.000000E+00  0.000000E+00
  0.238206E+01  0.122638E-01  0.314451E+00  0.000000E+00  0.000000E+00  0.000000E+00  0.000000E+00
  0.255334E+01  0.173513E-01 -0.291007E+00  0.000000E+00  0.000000E+00  0.000000E+00  0.000000E+00
  0.203583E+01 -0.255312E+00 -0.889665E-02  0.000000E+00  0.000000E+00  0.000000E+00  0.000000E+00
  0.178716E+01 -0.204611E+00 -0.574577E-02  0.000000E+00  0.000000E+00  0.000000E+00  0.000000E+00
  0.246578E+01  0.485875E-02  0.374765E+00  0.000000E+00  0.000000E+00  0.000000E+00  0.000000E+00
  0.218844E+01 -0.227335E-02 -0.310541E+00  0.000000E+00  0.000000E+00  0.000000E+00  0.000000E+00
  0.282030E+01 -0.173878E-01  0.338999E+00  0.000000E+00  0.000000E+00  0.000000E+00  0.000000E+00
  0.221880E+01  0.852563E-02  0.300366E+00  0.000000E+00  0.000000E+00  0.000000E+00  0.000000E+00
  0.207552E+01  0.243154E+00 -0.128220E-01  0.000000E+00  0.000000E+00  0.000000E+00  0.000000E+00
  0.217252E+01 -0.148317E-01 -0.247783E+00  0.000000E+00  0.000000E+00  0.000000E+00  0.000000E+00
  0.174842E+01 -0.708839E-02  0.192204E+00  0.000000E+00  0.000000E+00  0.000000E+00  0.000000E+00
  0.209053E+01  0.254004E+00 -0.116447E-01  0.000000E+00  0.000000E+00  0.000000E+00  0.000000E+00
  0.174560E+01 -0.839845E-02  0.188109E+00  0.000000E+00  0.000000E+00  0.000000E+00  0.000000E+00
  0.211890E+01 -0.106394E-01  0.266253E+00  0.000000E+00  0.000000E+00  0.000000E+00  0.000000E+00
  0.263932E+01  0.848954E-02 -0.400673E+00  0.000000E+00  0.000000E+00  0.000000E+00  0.000000E+00
  0.205042E+01 -0.139851E-01 -0.229512E+00  0.000000E+00  0.000000E+00  0.000000E+00  0.000000E+00
  0.247689E+01 -0.871258E-02  0.360734E+00  0.000000E+00  0.000000E+00  0.000000E+00  0.000000E+00
  0.214783E+01  0.235208E+00 -0.156448E-01  0.000000E+00  0.000000E+00  0.000000E+00  0.000000E+00
  0.280337E+01 -0.952607E-02  0.432249E+00  0.000000E+00  0.000000E+00  0.000000E+00  0.000000E+00
  0.283877E+01  0.105746E-01  0.431757E+00  0.000000E+00  0.000000E+00  0.000000E+00  0.000000E+00
  0.188666E+01  0.233751E+00 -0.297907E-02  0.000000E+00  0.000000E+00  0.000000E+00  0.000000E+00
  0.169747E+01  0.187528E+00 -0.139578E-03  0.000000E+00  0.000000E+00  0.000000E+00  0.000000E+00
  0.245988E+01 -0.263548E+00  0.180346E-01  0.000000E+00  0.000000E+00  0.000000E+00  0.000000E+00
  0.196772E+01 -0.255903E+00 -0.490409E-03  0.000000E+00  0.000000E+00  0.000000E+00  0.000000E+00
  0.184626E+01 -0.219404E-02 -0.224332E+00  0.000000E+00  0.000000E+00  0.000000E+00  0.000000E+00
  0.199518E+01 -0.199075E+00 -0.163292E-01  0.000000E+00  0.000000E+00  0.000000E+00  0.000000E+00
  0.218885E+01 -0.131213E-01 -0.265519E+00  0.000000E+00  0.000000E+00  0.000000E+00  0.000000E+00
  0.262680E+01 -0.949450E-02 -0.391138E+00  0.000000E+00  0.000000E+00  0.000000E+00  0.000000E+00
  0.281997E+01 -0.464777E+00  0.427408E-02  0.000000E+00  0.000000E+00  0.000000E+00  0.000000E+00
  0.187225E+01 -0.475972E-02  0.227542E+00  0.000000E+00  0.000000E+00  0.000000E+00  0.000000E+00
  0.224902E+01 -0.327170E+00 -0.168087E-04  0.000000E+00  0.000000E+00  0.000000E+00  0.000000E+00
  0.184896E+01  0.215663E+00 -0.743573E-02  0.000000E+00  0.000000E+00  0.000000E+00  0.000000E+00
  0.196943E+01  0.213978E+00  0.137716E-01  0.000000E+00  0.000000E+00  0.000000E+00  0.000000E+00
  0.180406E+01 -0.497035E-02 -0.210234E+00  0.000000E+00  0.000000E+00  0.000000E+00  0.000000E+00
  0.252491E+01  0.134350E-01  0.334817E+00  0.000000E+00  0.000000E+00  0.000000E+00  0.000000E+00
  0.200150E+01  0.155060E-01 -0.207480E+00  0.000000E+00  0.000000E+00  0.000000E+00  0.000000E+00
  0.197686E+01 -0.160751E-01  0.197796E+00  0.000000E+00  0.000000E+00  0.000000E+00  0.000000E+00
  0.177779E+01  0.531750E-02 -0.203111E+00  0.000000E+00  0.000000E+00  0.000000E+00  0.000000E+00
  0.282980E+01  0.473944E+00 -0.837534E-03  0.000000E+00  0.000000E+00  0.000000E+00  0.000000E+00
  0.208391E+01  0.282171E+00 -0.373276E-02  0.000000E+00  0.000000E+00  0.000000E+00  0.000000E+00
  0.188271E+01 -0.150789E-02 -0.234001E+00  0.000000E+00  0.000000E+00  0.000000E+00  0.000000E+00
  0.252031E+01 -0.181208E-01 -0.272715E+00  0.000000E+00  0.000000E+00  0.000000E+00  0.000000E+00
  0.189749E+01  0.252195E-02  0.236956E+00  0.000000E+00  0.000000E+00  0.000000E+00  0.000000E+00
  0.234998E+01  0.181859E-01  0.242036E+00  0.000000E+00  0.000000E+00  0.000000E+00  0.000000E+00
  0.200812E+01  0.232658E+00 -0.121454E-01  0.000000E+00  0.000000E+00  0.000000E+00  0.000000E+00
  0.190587E+01 -0.107661E-01 -0.216870E+00  0.000000E+00  0.000000E+00  0.000000E+00  0.000000E+00
  0.172609E+01  0.182568E+00  0.871199E-02  0.000000E+00  0.000000E+00  0.000000E+00  0.000000E+00
  0.201771E+01  0.241451E+00  0.109541E-01  0.000000E+00  0.000000E+00  0.000000E+00  0.000000E+00
  0.275011E+01 -0.283332E+00  0.195349E-01  0.000000E+00  0.000000E+00  0.000000E+00  0.000000E+00
  0.210118E+01 -0.249440E+00  0.127192E-01  0.000000E+00  0.000000E+00  0.000000E+00  0.000000E+00
  0.219929E+01 -0.748771E-03 -0.314439E+00  0.000000E+00  0.000000E+00  0.000000E+00  0.000000E+00
  0.257062E+01 -0.906305E-02 -0.380797E+00  0.000000E+00  0.000000E+00  0.000000E+00  0.000000E+00
  0.281014E+01 -0.386792E+00 -0.141537E-01  0.000000E+00  0.000000E+00  0.000000E+00  0.000000E+00
  0.247104E+01  0.280034E+00  0.170746E-01  0.000000E+00  0.000000E+00  0.000000E+00  0.000000E+00
  0.252204E+01 -0.339398E-02 -0.392625E+00  0.000000E+00  0.000000E+00  0.000000E+00  0.000000E+00
  0.277362E+01 -0.293660E+00  0.192425E-01  0.000000E+00  0.000000E+00  0.000000E+00  0.000000E+00
  0.163663E+01 -0.171474E+00 -0.217758E-02  0.000000E+00  0.000000E+00  0.000000E+00  0.000000E+00
  0.228529E+01  0.177559E-01  0.236780E+00  0.000000E+00  0.000000E+00  0.000000E+00  0.000000E+00
  0.212955E+01 -0.135499E-01  0.249530E+00  0.000000E+00  0.000000E+00  0.000000E+00  0.000000E+00
  0.187743E+01  0.203565E+00  0.121783E-01  0.000000E+00  0.000000E+00  0.000000E+00  0.000000E+00
  0.259216E+01  0.381098E+00 -0.977300E-02  0.000000E+00  0.000000E+00  0.000000E+00  0.000000E+00
  0.263145E+01 -0.300899E+00  0.176131E-01  0.000000E+00  0.000000E+00  0.000000E+00  0.000000E+00
  0.195139E+01 -0.941934E-02  0.233259E+00  0.000000E+00  0.000000E+00  0.000000E+00  0.000000E+00
  0.219256E+01  0.308842E+00 -0.400189E-02  0.000000E+00  0.000000E+00  0.000000E+00  0.000000E+00
  0.223960E+01  0.180324E-01  0.224955E+00  0.000000E+00  0.000000E+00  0.000000E+00  0.000000E+00
  0.253121E+01 -0.398562E+00 -0.404068E-03  0.000000E+00  0.000000E+00  0.000000E+00  0.000000E+00
  0.236324E+01  0.338891E+00 -0.767536E-02  0.000000E+00  0.000000E+00  0.000000E+00  0.000000E+00
  0.276224E+01  0.370093E+00 -0.146731E-01  0.000000E+00  0.000000E+00  0.000000E+00  0.000000E+00
  0.190721E+01 -0.116942E-02 -0.240370E+00  0.000000E+00  0.000000E+00  0.000000E+00  0.000000E+00
  0.247757E+01 -0.173914E-01 -0.276598E+00  0.000000E+00  0.000000E+00  0.000000E+00  0.000000E+00
  0.214644E+01  0.946195E-02  0.278794E+00  0.000000E+00  0.000000E+00  0.000000E+00  0.000000E+00
  0.272092E+01  0.116046E-02 -0.446164E+00  0.000000E+00  0.000000E+00  0.000000E+00  0.000000E+00
  0.206858E+01  0.455979E-02  0.276766E+00  0.000000E+00  0.000000E+00  0.000000E+00  0.000000E+00
  0.225109E+01  0.326056E+00  0.249685E-02  0.000000E+00  0.000000E+00  0.000000E+00  0.000000E+00
  0.177276E+01 -0.203679E+00 -0.418405E-02  0.000000E+00  0.000000E+00  0.000000E+00  0.000000E+00
  0.241206E+01 -0.254088E+00  0.181045E-01  0.000000E+00  0.000000E+00  0.000000E+00  0.000000E+00
  0.279278E+01  0.156153E-01  0.363009E+00  0.000000E+00  0.000000E+00  0.000000E+00  0.000000E+00
  0.180547E+01 -0.126806E-03 -0.214871E+00  0.000000E+00  0.000000E+00  0.000000E+00  0.000000E+00
  0.270023E+01  0.425870E+00  0.657420E-02  0.000000E+00  0.000000E+00  0.000000E+00  0.000000E+00
  0.187245E+01 -0.135621E-01 -0.194754E+00  0.000000E+00  0.000000E+00  0.000000E+00  0.000000E+00
  0.182721E+01  0.541700E-02 -0.215142E+00  0.000000E+00  0.000000E+00  0.000000E+00  0.000000E+00
  0.236268E+01  0.162547E-01  0.270438E+00  0.000000E+00  0.000000E+00  0.000000E+00  0.000000E+00
  0.239061E+01  0.180350E-01 -0.251396E+00  0.000000E+00  0.000000E+00  0.000000E+00  0.000000E+00
  0.200824E+01  0.259563E+00 -0.555155E-02  0.000000E+00  0.000000E+00  0.000000E+00  0.000000E+00
  0.237864E+01 -0.759839E-02 -0.342958E+00  0.000000E+00  0.000000E+00  0.000000E+00  0.000000E+00
  0.232037E+01 -0.291823E+00  0.133578E-01  0.000000E+00  0.000000E+00  0.000000E+00  0.000000E+00
  0.189007E+01  0.191732E+00  0.146116E-01  0.000000E+00  0.000000E+00  0.000000E+00  0.000000E+00
  0.187879E+01 -0.989533E-02  0.214372E+00  0.000000E+00  0.000000E+00  0.000000E+00  0.000000E+00
  0.183572E+01  0.113988E-01  0.198056E+00  0.000000E+00  0.000000E+00  0.000000E+00  0.000000E+00
  0.227963E+01 -0.165890E-01 -0.250562E+00  0.000000E+00  0.000000E+00  0.000000E+00  0.000000E+00
  0.175587E+01  0.116875E-01 -0.178847E+00  0.000000E+00  0.000000E+00  0.000000E+00  0.000000E+00
  0.233592E+01  0.254865E+00 -0.170885E-01  0.000000E+00  0.000000E+00  0.000000E+00  0.000000E+00
  0.239789E+01 -0.408318E-02 -0.359962E+00  0.000000E+00  0.000000E+00  0.000000E+00  0.000000E+00
  0.258553E+01 -0.454446E-03 -0.412298E+00  0.000000E+00  0.000000E+00  0.000000E+00  0.000000E+00
  0.197763E+01  0.238653E+00 -0.959853E-02  0.000000E+00  0.000000E+00  0.000000E+00  0.000000E+00
  0.180140E+01  0.213355E+00  0.169116E-02  0.000000E+00  0.000000E+00  0.000000E+00  0.000000E+00
  0.272294E+01 -0.149224E-01 -0.358762E+00  0.000000E+00  0.000000E+00  0.000000E+00  0.000000E+00
  0.250148E+01 -0.171750E-01  0.284186E+00  0.000000E+00  0.000000E+00  0.000000E+00  0.000000E+00
  0.211715E+01 -0.991750E-02 -0.269680E+00  0.000000E+00  0.000000E+00  0.000000E+00  0.000000E+00
  0.177098E+01  0.692734E-02  0.198071E+00  0.000000E+00  0.000000E+00  0.000000E+00  0.000000E+00
  0.163690E+01 -0.125165E-02 -0.171981E+00  0.000000E+00  0.000000E+00  0.000000E+00  0.000000E+00
  0.231165E+01 -0.249608E-03  0.343011E+00  0.000000E+00  0.000000E+00  0.000000E+00  0.000000E+00
  0.207482E+01  0.241568E+00  0.130315E-01  0.000000E+00  0.000000E+00  0.000000E+00  0.000000E+00
  0.232641E+01  0.343921E+00 -0.319456E-02  0.000000E+00  0.000000E+00  0.000000E+00  0.000000E+00
  0.233470E+01 -0.280482E+00  0.148661E-01  0.000000E+00  0.000000E+00  0.000000E+00  0.000000E+00
  0.265800E+01 -0.133205E-01  0.364484E+00  0.000000E+00  0.000000E+00  0.000000E+00  0.000000E+00
  0.280931E+01 -0.184807E-01 -0.315867E+00  0.000000E+00  0.000000E+00  0.000000E+00  0.000000E+00
  0.272304E+01 -0.440498E+00  0.430629E-02  0.000000E+00  0.000000E+00  0.000000E+00  0.000000E+00
  0.204247E+01 -0.156857E-01  0.214039E+00  0.000000E+00  0.000000E+00  0.000000E+00  0.000000E+00
  0.226805E+01 -0.321685E+00 -0.618011E-02  0.000000E+00  0.000000E+00  0.000000E+00  0.000000E+00
  0.184220E+01 -0.215532E+00 -0.687451E-02  0.000000E+00  0.000000E+00  0.000000E+00  0.000000E+00
  0.225692E+01 -0.329140E+00  0.347892E-03  0.000000E+00  0.000000E+00  0.000000E+00  0.000000E+00
  0.165170E+01  0.650469E-02  0.169883E+00  0.000000E+00  0.000000E+00  0.000000E+00  0.000000E+00
  0.219145E+01  0.958715E-02 -0.288696E+00  0.000000E+00  0.000000E+00  0.000000E+00  0.000000E+00
  0.208486E+01 -0.221170E+00 -0.158180E-01  0.000000E+00  0.000000E+00  0.000000E+00  0.000000E+00
  0.270195E+01  0.266115E+00  0.199570E-01  0.000000E+00  0.000000E+00  0.000000E+00  0.000000E+00
  0.255802E+01  0.143302E-01 -0.332190E+00  0.000000E+00  0.000000E+00  0.000000E+00  0.000000E+00
  0.192071E+01  0.843056E-02 -0.229755E+00  0.000000E+00  0.000000E+00  0.000000E+00  0.000000E+00
  0.171434E+01  0.179891E+00 -0.867265E-02  0.000000E+00  0.000000E+00  0.000000E+00  0.000000E+00
  0.182669E+01 -0.550418E-02 -0.214841E+00  0.000000E+00  0.000000E+00  0.000000E+00  0.000000E+00
  0.222787E+01 -0.132975E-01 -0.272516E+00  0.000000E+00  0.000000E+00  0.000000E+00  0.000000E+00
  0.177471E+01 -0.205858E+00  0.271977E-02  0.000000E+00  0.000000E+00  0.000000E+00  0.000000E+00
  0.225842E+01  0.115998E-01 -0.291929E+00  0.000000E+00  0.000000E+00  0.000000E+00  0.000000E+00
  0.223954E+01 -0.133431E-01  0.274645E+00  0.000000E+00  0.000000E+00  0.000000E+00  0.000000E+00
  0.217220E+01  0.109362E-01  0.276716E+00  0.000000E+00  0.000000E+00  0.000000E+00  0.000000E+00
  0.223254E+01 -0.251755E+00  0.156622E-01  0.000000E+00  0.000000E+00  0.000000E+00  0.000000E+00
  0.241213E+01 -0.331047E+00 -0.109772E-01  0.000000E+00  0.000000E+00  0.000000E+00  0.000000E+00
  0.171577E+01  0.183692E+00 -0.734095E-02  0.000000E+00  0.000000E+00  0.000000E+00  0.000000E+00
  0.230689E+01 -0.120181E-01  0.299734E+00  0.000000E+00  0.000000E+00  0.000000E+00  0.000000E+00
  0.258607E+01 -0.127339E-01 -0.354983E+00  0.000000E+00  0.000000E+00  0.000000E+00  0.000000E+00
  0.262403E+01 -0.134947E-01 -0.355337E+00  0.000000E+00  0.000000E+00  0.000000E+00  0.000000E+00
  0.171727E+01  0.192176E+00 -0.154182E-02  0.000000E+00  0.000000E+00  0.000000E+00  0.000000E+00
  0.228067E+01 -0.154167E-01  0.263863E+00  0.000000E+00  0.000000E+00  0.000000E+00  0.000000E+00
  0.280560E+01  0.197207E-01 -0.287691E+00  0.000000E+00  0.000000E+00  0.000000E+00  0.000000E+00
  0.188354E+01 -0.231275E+00  0.421894E-02  0.000000E+00  0.000000E+00  0.000000E+00  0.000000E+00
  0.234147E+01  0.165716E-01  0.262492E+00  0.000000E+00  0.000000E+00  0.000000E+00  0.000000E+00
  0.182443E+01 -0.193401E+00 -0.118558E-01  0.000000E+00  0.000000E+00  0.000000E+00  0.000000E+00
  0.264648E+01  0.173650E-01  0.307756E+00  0.000000E+00  0.000000E+00  0.000000E+00  0.000000E+00
  0.260684E+01  0.314981E+00  0.164226E-01  0.000000E+00  0.000000E+00  0.000000E+00  0.000000E+00
  0.264211E+01 -0.423911E+00 -0.285033E-02  0.000000E+00  0.000000E+00  0.000000E+00  0.000000E+00
  0.206222E+01 -0.275455E-02 -0.278173E+00  0.000000E+00  0.000000E+00  0.000000E+00  0.000000E+00
  0.197450E+01  0.449198E-03 -0.257626E+00  0.000000E+00  0.000000E+00  0.000000E+00  0.000000E+00
  0.248580E+01  0.246319E+00 -0.192862E-01  0.000000E+00  0.000000E+00  0.000000E+00  0.000000E+00
  0.248651E+01  0.187608E-01 -0.255983E+00  0.000000E+00  0.000000E+00  0.000000E+00  0.000000E+00
  0.284082E+01 -0.188253E+00 -0.957531E-02  0.000000E+00  0.000000E+00  0.000000E+00  0.000000E+00
  0.284082E+01  0.138121E+00 -0.176903E+00  0.000000E+00  0.000000E+00  0.000000E+00  0.000000E+00
  0.284082E+01  0.344689E-01  0.142592E+00  0.000000E+00  0.000000E+00  0.000000E+00  0.000000E+00
  0.284082E+01  0.826976E-02 -0.608405E-01  0.000000E+00  0.000000E+00  0.000000E+00  0.000000E+00
  0.284082E+01  0.982336E-01  0.439037E-01  0.000000E+00  0.000000E+00  0.000000E+00  0.000000E+00
  0.284082E+01  0.163906E+00  0.733348E-01  0.000000E+00  0.000000E+00  0.000000E+00  0.000000E+00
  0.284082E+01 -0.293313E-01  0.109898E+00  0.000000E+00  0.000000E+00  0.000000E+00  0.000000E+00
  0.284082E+01  0.269912E-01  0.246617E+00  0.000000E+00  0.000000E+00  0.000000E+00  0.000000E+00
  0.284082E+01 -0.194710E+00  0.145969E+00  0.000000E+00  0.000000E+00  0.000000E+00  0.000000E+00
  0.284082E+01 -0.487302E-01 -0.408389E-01  0.000000E+00  0.000000E+00  0.000000E+00  0.000000E+00
  0.284082E+01 -0.212158E+00 -0.120924E+00  0.000000E+00  0.000000E+00  0.000000E+00  0.000000E+00
  0.284082E+01  0.231000E+00  0.204149E-01  0.000000E+00  0.000000E+00  0.000000E+00  0.000000E+00
  0.284082E+01 -0.131653E+00  0.134790E+00  0.000000E+00  0.000000E+00  0.000000E+00  0.000000E+00
  0.284082E+01 -0.992611E-01  0.374221E-01  0.000000E+00  0.000000E+00  0.000000E+00  0.000000E+00
  0.284082E+01  0.385003E-01 -0.483642E-01  0.000000E+00  0.000000E+00  0.000000E+00  0.000000E+00
  0.284082E+01 -0.248216E-01  0.136332E+00  0.000000E+00  0.000000E+00  0.000000E+00  0.000000E+00
  0.284082E+01  0.543460E-02  0.189306E+00  0.000000E+00  0.000000E+00  0.000000E+00  0.000000E+00
  0.284082E+01 -0.166051E-02  0.740495E-01  0.000000E+00  0.000000E+00  0.000000E+00  0.000000E+00
  0.284082E+01 -0.379822E-01  0.446752E-03  0.000000E+00  0.000000E+00  0.000000E+00  0.000000E+00
  0.284082E+01  0.105002E+00 -0.813606E-01  0.000000E+00  0.000000E+00  0.000000E+00  0.000000E+00
  0.284082E+01 -0.104660E+00 -0.577375E-01  0.000000E+00  0.000000E+00  0.000000E+00  0.000000E+00
  0.284082E+01  0.770104E-02 -0.350679E-02  0.000000E+00  0.000000E+00  0.000000E+00  0.000000E+00
  0.284082E+01 -0.120110E+00 -0.130052E+00  0.000000E+00  0.000000E+00  0.000000E+00  0.000000E+00
  0.284082E+01  0.332693E-02 -0.833286E-03  0.000000E+00  0.000000E+00  0.000000E+00  0.000000E+00
  0.284082E+01 -0.308787E-01  0.633739E-01  0.000000E+00  0.000000E+00  0.000000E+00  0.000000E+00
  0.284082E+01 -0.312839E-01  0.145310E+00  0.000000E+00  0.000000E+00  0.000000E+00  0.000000E+00
  0.284082E+01  0.481495E-01 -0.205482E+00  0.000000E+00  0.000000E+00  0.000000E+00  0.000000E+00
  0.284082E+01 -0.508610E-01  0.139946E+00  0.000000E+00  0.000000E+00  0.000000E+00  0.000000E+00
  0.284082E+01 -0.966218E-01  0.406921E-01  0.000000E+00  0.000000E+00  0.000000E+00  0.000000E+00
  0.284082E+01 -0.403173E-01  0.153240E+00  0.000000E+00  0.000000E+00  0.000000E+00  0.000000E+00
  0.284082E+01 -0.962587E-02 -0.226067E+00  0.000000E+00  0.000000E+00  0.000000E+00  0.000000E+00
  0.284082E+01 -0.141268E+00 -0.138271E+00  0.000000E+00  0.000000E+00  0.000000E+00  0.000000E+00
  0.284082E+01  0.321649E-01 -0.147796E-01  0.000000E+00  0.000000E+00  0.000000E+00  0.000000E+00
  0.284082E+01  0.846310E-02  0.703322E-02  0.000000E+00  0.000000E+00  0.000000E+00  0.000000E+00
  0.284082E+01  0.367001E-02 -0.168333E+00  0.000000E+00  0.000000E+00  0.000000E+00  0.000000E+00
  0.284082E+01 -0.487398E-01 -0.218398E+00  0.000000E+00  0.000000E+00  0.000000E+00  0.000000E+00
  0.284082E+01  0.185983E+00 -0.830637E-02  0.000000E+00  0.000000E+00  0.000000E+00  0.000000E+00
  0.284082E+01  0.127477E-01  0.217672E+00  0.000000E+00  0.000000E+00  0.000000E+00  0.000000E+00
  0.284082E+01  0.515902E-01  0.112404E+00  0.000000E+00  0.000000E+00  0.000000E+00  0.000000E+00
  0.284082E+01 -0.782061E-01 -0.297042E-01  0.000000E+00  0.000000E+00  0.000000E+00  0.000000E+00
  0.284082E+01  0.201770E+00 -0.825324E-02  0.000000E+00  0.000000E+00  0.000000E+00  0.000000E+00
  0.284082E+01 -0.734460E-01  0.476095E-01  0.000000E+00  0.000000E+00  0.000000E+00  0.000000E+00
  0.284082E+01 -0.220095E+00 -0.129198E-01  0.000000E+00  0.000000E+00  0.000000E+00  0.000000E+00
  0.284082E+01 -0.873624E-01 -0.116895E+00  0.000000E+00  0.000000E+00  0.000000E+00  0.000000E+00
  0.284082E+01 -0.559452E-02  0.230263E-01  0.000000E+00  0.000000E+00  0.000000E+00  0.000000E+00
  0.284082E+01  0.175060E+00 -0.615000E-01  0.000000E+00  0.000000E+00  0.000000E+00  0.000000E+00
  0.284082E+01 -0.342592E-01  0.131980E+00  0.000000E+00  0.000000E+00  0.000000E+00  0.000000E+00
  0.284082E+01  0.476470E-01  0.777850E-01  0.000000E+00  0.000000E+00  0.000000E+00  0.000000E+00
  0.284082E+01 -0.600993E-01 -0.114086E+00  0.000000E+00  0.000000E+00  0.000000E+00  0.000000E+00
  0.284082E+01  0.144185E-01 -0.908954E-02  0.000000E+00  0.000000E+00  0.000000E+00  0.000000E+00
  0.284082E+01 -0.611862E-01 -0.121369E+00  0.000000E+00  0.000000E+00  0.000000E+00  0.000000E+00
  0.284082E+01  0.364659E-01 -0.240806E+00  0.000000E+00  0.000000E+00  0.000000E+00  0.000000E+00
  0.284082E+01 -0.787775E-01 -0.164485E+00  0.000000E+00  0.000000E+00  0.000000E+00  0.000000E+00
  0.284082E+01  0.132892E+00 -0.144152E+00  0.000000E+00  0.000000E+00  0.000000E+00  0.000000E+00
  0.284082E+01  0.110932E+00 -0.935299E-01  0.000000E+00  0.000000E+00  0.000000E+00  0.000000E+00
  0.284082E+01  0.891784E-03 -0.867301E-01  0.000000E+00  0.000000E+00  0.000000E+00  0.000000E+00
  0.284082E+01  0.880258E-01  0.278971E-01  0.000000E+00  0.000000E+00  0.000000E+00  0.000000E+00
  0.284082E+01 -0.319942E-02  0.475750E-01  0.000000E+00  0.000000E+00  0.000000E+00  0.000000E+00
  0.284082E+01  0.133858E+00  0.910336E-01  0.000000E+00  0.000000E+00  0.000000E+00  0.000000E+00
  0.284082E+01 -0.147964E+00  0.139198E+00  0.000000E+00  0.000000E+00  0.000000E+00  0.000000E+00
  0.284082E+01 -0.225680E+00 -0.103190E+00  0.000000E+00  0.000000E+00  0.000000E+00  0.000000E+00
  0.284082E+01  0.165095E+00 -0.815003E-01  0.000000E+00  0.000000E+00  0.000000E+00  0.000000E+00
  0.284082E+01 -0.198470E+00  0.605535E-01  0.000000E+00  0.000000E+00  0.000000E+00  0.000000E+00
  0.284082E+01 -0.335441E-01 -0.221868E+00  0.000000E+00  0.000000E+00  0.000000E+00  0.000000E+00
  0.284082E+01  0.808944E-01 -0.170703E+00  0.000000E+00  0.000000E+00  0.000000E+00  0.000000E+00
  0.284082E+01  0.187488E-01  0.752812E-01  0.000000E+00  0.000000E+00  0.000000E+00  0.000000E+00
  0.284082E+01  0.157310E-01  0.892181E-01  0.000000E+00  0.000000E+00  0.000000E+00  0.000000E+00
  0.284082E+01 -0.222233E-01 -0.985110E-02  0.000000E+00  0.000000E+00  0.000000E+00  0.000000E+00
  0.284082E+01  0.405610E-02 -0.730947E-02  0.000000E+00  0.000000E+00  0.000000E+00  0.000000E+00
  0.284082E+01 -0.375943E-01  0.191514E+00  0.000000E+00  0.000000E+00  0.000000E+00  0.000000E+00
  0.284082E+01 -0.110080E-01 -0.203125E-01  0.000000E+00  0.000000E+00  0.000000E+00  0.000000E+00
  0.284082E+01  0.828683E-01  0.996789E-02  0.000000E+00  0.000000E+00  0.000000E+00  0.000000E+00
  0.284082E+01  0.787226E-02 -0.883205E-01  0.000000E+00  0.000000E+00  0.000000E+00  0.000000E+00
  0.284082E+01  0.997029E-01 -0.353704E-01  0.000000E+00  0.000000E+00  0.000000E+00  0.000000E+00
  0.284082E+01  0.103534E+00 -0.190673E+00  0.000000E+00  0.000000E+00  0.000000E+00  0.000000E+00
  0.284082E+01 -0.725041E-01  0.191045E+00  0.000000E+00  0.000000E+00  0.000000E+00  0.000000E+00
  0.284082E+01  0.184563E+00  0.682178E-01  0.000000E+00  0.000000E+00  0.000000E+00  0.000000E+00
  0.284082E+01  0.560927E-01  0.200542E+00  0.000000E+00  0.000000E+00  0.000000E+00  0.000000E+00
  0.284082E+01  0.346940E-01 -0.128485E+00  0.000000E+00  0.000000E+00  0.000000E+00  0.000000E+00
  0.284082E+01 -0.809082E-01 -0.180187E+00  0.000000E+00  0.000000E+00  0.000000E+00  0.000000E+00
  0.284082E+01  0.152231E-01 -0.188575E-01  0.000000E+00  0.000000E+00  0.000000E+00  0.000000E+00
  0.284082E+01 -0.376162E-02 -0.521240E-01  0.000000E+00  0.000000E+00  0.000000E+00  0.000000E+00
  0.284082E+01  0.236494E+00  0.310165E-01  0.000000E+00  0.000000E+00  0.000000E+00  0.000000E+00
  0.284082E+01  0.118239E+00 -0.326324E-01  0.000000E+00  0.000000E+00  0.000000E+00  0.000000E+00
  0.284082E+01  0.999853E-01 -0.694087E-01  0.000000E+00  0.000000E+00  0.000000E+00  0.000000E+00
  0.284082E+01  0.211437E-02  0.697792E-02  0.000000E+00  0.000000E+00  0.000000E+00  0.000000E+00
  0.284082E+01  0.666219E-01  0.219590E-01  0.000000E+00  0.000000E+00  0.000000E+00  0.000000E+00
  0.284082E+01 -0.597713E-01 -0.125825E+00  0.000000E+00  0.000000E+00  0.000000E+00  0.000000E+00
  0.284082E+01  0.527191E-01  0.195675E-01  0.000000E+00  0.000000E+00  0.000000E+00  0.000000E+00
  0.284082E+01  0.169956E-01  0.108850E+00  0.000000E+00  0.000000E+00  0.000000E+00  0.000000E+00
  0.284082E+01  0.186133E-01  0.469195E-01  0.000000E+00  0.000000E+00  0.000000E+00  0.000000E+00
  0.284082E+01  0.551648E-01 -0.514544E-02  0.000000E+00  0.000000E+00  0.000000E+00  0.000000E+00
  0.284082E+01  0.536057E-01  0.306956E-01  0.000000E+00  0.000000E+00  0.000000E+00  0.000000E+00
  0.284082E+01  0.132022E+00 -0.748476E-01  0.000000E+00  0.000000E+00  0.000000E+00  0.000000E+00
  0.284082E+01  0.980941E-01  0.128431E-02  0.000000E+00  0.000000E+00  0.000000E+00  0.000000E+00
  0.284082E+01  0.215148E+00  0.127322E+00  0.000000E+00  0.000000E+00  0.000000E+00  0.000000E+00
  0.284082E+01 -0.256249E-01 -0.590568E-01  0.000000E+00  0.000000E+00  0.000000E+00  0.000000E+00
  0.284082E+01 -0.346449E-01  0.350707E-01  0.000000E+00  0.000000E+00  0.000000E+00  0.000000E+00
  0.284082E+01  0.819191E-02  0.417787E-01  0.000000E+00  0.000000E+00  0.000000E+00  0.000000E+00
  0.284082E+01  0.190042E+00 -0.311052E-02  0.000000E+00  0.000000E+00  0.000000E+00  0.000000E+00
