  0.253798E+01  0.394262E+00 -0.433559E-02  0.000000E+00  0.000000E+00  0.000000E+00  0.000000E+00
  0.227460E+01  0.146971E-01  0.269902E+00  0.000000E+00  0.000000E+00  0.000000E+00  0.000000E+00
  0.194632E+01  0.243996E+00  0.567413E-02  0.000000E+00  0.000000E+00  0.000000E+00  0.000000E+00
  0.193063E+01  0.110828E-02 -0.246320E+00  0.000000E+00  0.000000E+00  0.000000E+00  0.000000E+00
  0.242226E+01 -0.269559E+00  0.171788E-01  0.000000E+00  0.000000E+00  0.000000E+00  0.000000E+00
  0.205826E+01  0.217082E+00 -0.156935E-01  0.000000E+00  0.000000E+00  0.000000E+00  0.000000E+00
  0.175828E+01  0.343047E-02  0.201007E+00  0.000000E+00  0.000000E+00  0.000000E+00  0.000000E+00
  0.263304E+01 -0.179677E-01  0.295088E+00  0.000000E+00  0.000000E+00  0.000000E+00  0.000000E+00
  0.179925E+01  0.195454E+00  0.100104E-01  0.000000E+00  0.000000E+00  0.000000E+00  0.000000E+00
  0.193208E+01 -0.245975E+00  0.219479E-02  0.000000E+00  0.000000E+00  0.000000E+00  0.000000E+00
  0.268690E+01  0.267483E+00 -0.197975E-01  0.000000E+00  0.000000E+00  0.000000E+00  0.000000E+00
  0.222182E+01 -0.232939E+00  0.171583E-01  0.000000E+00  0.000000E+00  0.000000E+00  0.000000E+00
  0.187841E+01  0.211054E+00 -0.106626E-01  0.000000E+00  0.000000E+00  0.000000E+00  0.000000E+00
  0.210661E+01 -0.267304E+00 -0.990270E-02  0.000000E+00  0.000000E+00  0.000000E+00  0.000000E+00
  0.271606E+01 -0.433183E+00  0.581835E-02  0.000000E+00  0.000000E+00  0.000000E+00  0.000000E+00
  0.230212E+01 -0.488240E-02  0.334055E+00  0.000000E+00  0.000000E+00  0.000000E+00  0.000000E+00
  0.171258E+01 -0.245117E-02 -0.190434E+00  0.000000E+00  0.000000E+00  0.000000E+00  0.000000E+00
  0.275002E+01 -0.416435E+00  0.995865E-02  0.000000E+00  0.000000E+00  0.000000E+00  0.000000E+00
  0.239054E+01 -0.362652E+00  0.109440E-02  0.000000E+00  0.000000E+00  0.000000E+00  0.000000E+00
  0.277884E+01  0.290044E+00 -0.194404E-01  0.000000E+00  0.000000E+00  0.000000E+00  0.000000E+00
  0.255650E+01 -0.403378E+00 -0.224705E-02  0.000000E+00  0.000000E+00  0.000000E+00  0.000000E+00
  0.193598E+01  0.198606E+00  0.149632E-01  0.000000E+00  0.000000E+00  0.000000E+00  0.000000E+00
  0.253762E+01  0.343464E+00 -0.128350E-01  0.000000E+00  0.000000E+00  0.000000E+00  0.000000E+00
  0.193415E+01 -0.234529E+00  0.797362E-02  0.000000E+00  0.000000E+00  0.000000E+00  0.000000E+00
  0.188862E+01 -0.133747E-01 -0.199323E+00  0.000000E+00  0.000000E+00  0.000000E+00  0.000000E+00
  0.206509E+01  0.159932E-01 -0.215673E+00  0.000000E+00  0.000000E+00  0.000000E+00  0.000000E+00
  0.272798E+01  0.357142E+00 -0.151185E-01  0.000000E+00  0.000000E+00  0.000000E+00  0.000000E+00
  0.219883E+01 -0.293827E+00  0.890736E-02  0.000000E+00  0.000000E+00  0.000000E+00  0.000000E+00
  0.211122E+01  0.239159E+00 -0.143718E-01  0.000000E+00  0.000000E+00  0.000000E+00  0.000000E+00
  0.241412E+01 -0.513266E-02  0.361109E+00  0.000000E+00  0.000000E+00  0.000000E+00  0.000000E+00
  0.242529E+01 -0.727007E-02 -0.355729E+00  0.000000E+00  0.000000E+00  0.000000E+00  0.000000E+00
  0.278435E+01  0.447480E+00  0.636041E-02  0.000000E+00  0.000000E+00  0.000000E+00  0.000000E+00
  0.255118E+01  0.561915E-02 -0.393342E+00  0.000000E+00  0.000000E+00  0.000000E+00  0.000000E+00
  0.280471E+01  0.150078E-01  0.374177E+00  0.000000E+00  0.000000E+00  0.000000E+00  0.000000E+00
  0.262439E+01  0.406682E+00 -0.671711E-02  0.000000E+00  0.000000E+00  0.000000E+00  0.000000E+00
  0.194161E+01  0.223861E+00 -0.110096E-01  0.000000E+00  0.000000E+00  0.000000E+00  0.000000E+00
  0.245708E+01 -0.192821E-01 -0.241768E+00  0.000000E+00  0.000000E+00  0.000000E+00  0.000000E+00
  0.213813E+01  0.239115E+00 -0.150180E-01  0.000000E+00  0.000000E+00  0.000000E+00  0.000000E+00
  0.278250E+01  0.123964E-01 -0.401407E+00  0.000000E+00  0.000000E+00  0.000000E+00  0.000000E+00
  0.221098E+01 -0.290825E+00 -0.100370E-01  0.000000E+00  0.000000E+00  0.000000E+00  0.000000E+00
  0.216036E+01 -0.173125E-01 -0.219834E+00  0.000000E+00  0.000000E+00  0.000000E+00  0.000000E+00
  0.240008E+01  0.189110E-01 -0.239006E+00  0.000000E+00  0.000000E+00  0.000000E+00  0.000000E+00
  0.215795E+01  0.277236E-02  0.302239E+00  0.000000E+00  0.000000E+00  0.000000E+00  0.000000E+00
  0.180489E+01 -0.188093E+00  0.120594E-01  0.000000E+00  0.000000E+00  0.000000E+00  0.000000E+00
  0.243764E+01  0.282965E+00 -0.164010E-01  0.000000E+00  0.000000E+00  0.000000E+00  0.000000E+00
  0.242305E+01  0.359797E+00  0.615711E-02  0.000000E+00  0.000000E+00  0.000000E+00  0.000000E+00
  0.264449E+01  0.174123E-01  0.306613E+00  0.000000E+00  0.000000E+00  0.000000E+00  0.000000E+00
  0.281374E+01  0.371233E+00  0.153401E-01  0.000000E+00  0.000000E+00  0.000000E+00  0.000000E+00
  0.263003E+01 -0.649392E-02  0.409091E+00  0.000000E+00  0.000000E+00  0.000000E+00  0.000000E+00
  0.216320E+01  0.877214E-02 -0.286021E+00  0.000000E+00  0.000000E+00  0.000000E+00  0.000000E+00
  0.174157E+01  0.182006E+00  0.100290E-01  0.000000E+00  0.000000E+00  0.000000E+00  0.000000E+00
  0.268431E+01  0.365193E+00 -0.137577E-01  0.000000E+00  0.000000E+00  0.000000E+00  0.000000E+00
  0.211103E+01 -0.226100E+00  0.158391E-01  0.000000E+00  0.000000E+00  0.000000E+00  0.000000E+00
  0.192591E+01  0.130154E-01  0.209491E+00  0.000000E+00  0.000000E+00  0.000000E+00  0.000000E+00
  0.206699E+01 -0.205664E+00  0.170412E-01  0.000000E+00  0.000000E+00  0.000000E+00  0.000000E+00
  0.208055E+01 -0.277087E+00  0.567666E-02  0.000000E+00  0.000000E+00  0.000000E+00  0.000000E+00
  0.243737E+01  0.374280E+00 -0.138589E-02  0.000000E+00  0.000000E+00  0.000000E+00  0.000000E+00
  0.273380E+01  0.141904E-01  0.370405E+00  0.000000E+00  0.000000E+00  0.000000E+00  0.000000E+00
  0.212580E+01  0.168674E-01 -0.218458E+00  0.000000E+00  0.000000E+00  0.000000E+00  0.000000E+00
  0.264763E+01  0.180175E-01  0.296772E+00  0.000000E+00  0.000000E+00  0.000000E+00  0.000000E+00
  0.283921E+01  0.152437E-01 -0.377747E+00  0.000000E+00  0.000000E+00  0.000000E+00  0.000000E+00
  0.190988E+01 -0.240964E+00  0.133477E-02  0.000000E+00  0.000000E+00  0.000000E+00  0.000000E+00
  0.262381E+01  0.268863E+00 -0.192710E-01  0.000000E+00  0.000000E+00  0.000000E+00  0.000000E+00
  0.209470E+01  0.818945E-02 -0.272205E+00  0.000000E+00  0.000000E+00  0.000000E+00  0.000000E+00
  0.282953E+01  0.667200E-02 -0.456946E+00  0.000000E+00  0.000000E+00  0.000000E+00  0.000000E+00
  0.203087E+01  0.826444E-02 -0.256650E+00  0.000000E+00  0.000000E+00  0.000000E+00  0.000000E+00
  0.234484E+01  0.955253E-02  0.324763E+00  0.000000E+00  0.000000E+00  0.000000E+00  0.000000E+00
  0.169500E+01 -0.347906E-02 -0.185088E+00  0.000000E+00  0.000000E+00  0.000000E+00  0.000000E+00
  0.182644E+01  0.170091E-02  0.219673E+00  0.000000E+00  0.000000E+00  0.000000E+00  0.000000E+00
  0.257282E+01  0.664589E-02  0.394427E+00  0.000000E+00  0.000000E+00  0.000000E+00  0.000000E+00
  0.271001E+01 -0.183268E-01  0.301907E+00  0.000000E+00  0.000000E+00  0.000000E+00  0.000000E+00
  0.229015E+01  0.152569E-01  0.267431E+00  0.000000E+00  0.000000E+00  0.000000E+00  0.000000E+00
  0.197039E+01 -0.240572E+00  0.870381E-02  0.000000E+00  0.000000E+00  0.000000E+00  0.000000E+00
  0.253434E+01 -0.152754E-01  0.316177E+00  0.000000E+00  0.000000E+00  0.000000E+00  0.000000E+00
  0.228097E+01  0.183206E-01  0.228117E+00  0.000000E+00  0.000000E+00  0.000000E+00  0.000000E+00
  0.180488E+01  0.185206E+00  0.126504E-01  0.000000E+00  0.000000E+00  0.000000E+00  0.000000E+00
  0.220660E+01 -0.282879E+00 -0.112032E-01  0.000000E+00  0.000000E+00  0.000000E+00  0.000000E+00
  0.256967E+01 -0.406071E+00  0.263870E-02  0.000000E+00  0.000000E+00  0.000000E+00  0.000000E+00
  0.265825E+01  0.326318E+00 -0.163206E-01  0.000000E+00  0.000000E+00  0.000000E+00  0.000000E+00
  0.232536E+01 -0.182340E-01 -0.237050E+00  0.000000E+00  0.000000E+00  0.000000E+00  0.000000E+00
  0.276227E+01 -0.197485E-01  0.280294E+00  0.000000E+00  0.000000E+00  0.000000E+00  0.000000E+00
  0.225048E+01  0.182210E-01 -0.224261E+00  0.000000E+00  0.000000E+00  0.000000E+00  0.000000E+00
  0.161250E+01  0.153484E-02 -0.165706E+00  0.000000E+00  0.000000E+00  0.000000E+00  0.000000E+00
  0.206951E+01 -0.381385E-02 -0.278426E+00  0.000000E+00  0.000000E+00  0.000000E+00  0.000000E+00
  0.261401E+01 -0.108523E-01 -0.377985E+00  0.000000E+00  0.000000E+00  0.000000E+00  0.000000E+00
  0.201850E+01 -0.566620E-03 -0.268739E+00  0.000000E+00  0.000000E+00  0.000000E+00  0.000000E+00
  0.229668E+01 -0.337895E+00  0.222138E-02  0.000000E+00  0.000000E+00  0.000000E+00  0.000000E+00
  0.283697E+01 -0.408696E+00 -0.128180E-01  0.000000E+00  0.000000E+00  0.000000E+00  0.000000E+00
  0.163369E+01  0.168797E+00  0.432752E-02  0.000000E+00  0.000000E+00  0.000000E+00  0.000000E+00
  0.277238E+01  0.326307E+00  0.176084E-01  0.000000E+00  0.000000E+00  0.000000E+00  0.000000E+00
  0.185466E+01 -0.224432E+00  0.397692E-02  0.000000E+00  0.000000E+00  0.000000E+00  0.000000E+00
  0.217730E+01 -0.255719E+00  0.140353E-01  0.000000E+00  0.000000E+00  0.000000E+00  0.000000E+00
  0.266141E+01 -0.151206E-01  0.343691E+00  0.000000E+00  0.000000E+00  0.000000E+00  0.000000E+00
  0.260372E+01  0.394485E+00  0.809902E-02  0.000000E+00  0.000000E+00  0.000000E+00  0.000000E+00
  0.244279E+01 -0.975380E-02 -0.346413E+00  0.000000E+00  0.000000E+00  0.000000E+00  0.000000E+00
  0.203027E+01 -0.215902E+00 -0.151858E-01  0.000000E+00  0.000000E+00  0.000000E+00  0.000000E+00
  0.234726E+01 -0.251353E+00  0.175040E-01  0.000000E+00  0.000000E+00  0.000000E+00  0.000000E+00
  0.194282E+01 -0.117972E-02  0.249369E+00  0.000000E+00  0.000000E+00  0.000000E+00  0.000000E+00
  0.268068E+01 -0.117529E-01 -0.385220E+00  0.000000E+00  0.000000E+00  0.000000E+00  0.000000E+00
  0.272428E+01 -0.430251E-02  0.440819E+00  0.000000E+00  0.000000E+00  0.000000E+00  0.000000E+00
  0.245451E+01  0.328290E+00  0.125117E-01  0.000000E+00  0.000000E+00  0.000000E+00  0.000000E+00
  0.250681E+01 -0.308150E+00 -0.154804E-01  0.000000E+00  0.000000E+00  0.000000E+00  0.000000E+00
  0.207160E+01 -0.271910E+00  0.670520E-02  0.000000E+00  0.000000E+00  0.000000E+00  0.000000E+00
  0.272805E+01  0.196595E-01 -0.277027E+00  0.000000E+00  0.000000E+00  0.000000E+00  0.000000E+00
  0.206854E+01 -0.107916E-02  0.281216E+00  0.000000E+00  0.000000E+00  0.000000E+00  0.000000E+00
  0.211402E+01 -0.608941E-03 -0.292906E+00  0.000000E+00  0.000000E+00  0.000000E+00  0.000000E+00
  0.218746E+01 -0.310858E+00  0.170776E-02  0.000000E+00  0.000000E+00  0.000000E+00  0.000000E+00
  0.258986E+01  0.181610E-01  0.284145E+00  0.000000E+00  0.000000E+00  0.000000E+00  0.000000E+00
  0.185456E+01  0.267409E-02 -0.225998E+00  0.000000E+00  0.000000E+00  0.000000E+00  0.000000E+00
  0.230291E+01 -0.293509E+00  0.127068E-01  0.000000E+00  0.000000E+00  0.000000E+00  0.000000E+00
  0.195821E+01  0.229844E+00 -0.105537E-01  0.000000E+00  0.000000E+00  0.000000E+00  0.000000E+00
  0.198791E+01  0.245999E+00 -0.836968E-02  0.000000E+00  0.000000E+00  0.000000E+00  0.000000E+00
  0.199915E+01 -0.262496E+00  0.258400E-02  0.000000E+00  0.000000E+00  0.000000E+00  0.000000E+00
  0.232569E+01 -0.302411E+00  0.122130E-01  0.000000E+00  0.000000E+00  0.000000E+00  0.000000E+00
  0.188886E+01  0.991164E-02 -0.216646E+00  0.000000E+00  0.000000E+00  0.000000E+00  0.000000E+00
  0.251226E+01 -0.330684E+00  0.135767E-01  0.000000E+00  0.000000E+00  0.000000E+00  0.000000E+00
  0.202635E+01 -0.131829E-01  0.230086E+00  0.000000E+00  0.000000E+00  0.000000E+00  0.000000E+00
  0.231797E+01  0.335005E+00 -0.586616E-02  0.000000E+00  0.000000E+00  0.000000E+00  0.000000E+00
  0.242980E+01  0.950084E-02 -0.344959E+00  0.000000E+00  0.000000E+00  0.000000E+00  0.000000E+00
  0.190421E+01  0.150395E-01 -0.191613E+00  0.000000E+00  0.000000E+00  0.000000E+00  0.000000E+00
  0.263194E+01  0.279160E+00 -0.188208E-01  0.000000E+00  0.000000E+00  0.000000E+00  0.000000E+00
  0.254244E+01 -0.345897E+00 -0.126895E-01  0.000000E+00  0.000000E+00  0.000000E+00  0.000000E+00
  0.195400E+01  0.237447E+00 -0.849736E-02  0.000000E+00  0.000000E+00  0.000000E+00  0.000000E+00
  0.207853E+01 -0.216793E+00  0.161500E-01  0.000000E+00  0.000000E+00  0.000000E+00  0.000000E+00
  0.267386E+01 -0.434453E+00 -0.894854E-03  0.000000E+00  0.000000E+00  0.000000E+00  0.000000E+00
  0.199775E+01 -0.118038E-01  0.232329E+00  0.000000E+00  0.000000E+00  0.000000E+00  0.000000E+00
  0.237379E+01  0.326299E+00  0.103917E-01  0.000000E+00  0.000000E+00  0.000000E+00  0.000000E+00
  0.173171E+01  0.179145E+00  0.101949E-01  0.000000E+00  0.000000E+00  0.000000E+00  0.000000E+00
  0.254720E+01  0.101700E-02 -0.402331E+00  0.000000E+00  0.000000E+00  0.000000E+00  0.000000E+00
  0.244681E+01  0.330671E+00 -0.120334E-01  0.000000E+00  0.000000E+00  0.000000E+00  0.000000E+00
  0.257746E+01  0.918611E-02 -0.381620E+00  0.000000E+00  0.000000E+00  0.000000E+00  0.000000E+00
  0.234823E+01 -0.125371E-01 -0.304789E+00  0.000000E+00  0.000000E+00  0.000000E+00  0.000000E+00
  0.249515E+01  0.947665E-02 -0.360418E+00  0.000000E+00  0.000000E+00  0.000000E+00  0.000000E+00
  0.204203E+01  0.154350E-01 -0.216144E+00  0.000000E+00  0.000000E+00  0.000000E+00  0.000000E+00
  0.242530E+01 -0.285228E+00  0.160366E-01  0.000000E+00  0.000000E+00  0.000000E+00  0.000000E+00
  0.276440E+01 -0.400592E+00 -0.120887E-01  0.000000E+00  0.000000E+00  0.000000E+00  0.000000E+00
  0.237818E+01  0.156734E-01 -0.280364E+00  0.000000E+00  0.000000E+00  0.000000E+00  0.000000E+00
  0.271402E+01 -0.132740E-01 -0.377006E+00  0.000000E+00  0.000000E+00  0.000000E+00  0.000000E+00
  0.170004E+01 -0.182642E+00 -0.602122E-02  0.000000E+00  0.000000E+00  0.000000E+00  0.000000E+00
  0.246737E+01 -0.364158E+00 -0.763957E-02  0.000000E+00  0.000000E+00  0.000000E+00  0.000000E+00
  0.237906E+01  0.237243E-02 -0.358468E+00  0.000000E+00  0.000000E+00  0.000000E+00  0.000000E+00
  0.218284E+01  0.248022E+00  0.150332E-01  0.000000E+00  0.000000E+00  0.000000E+00  0.000000E+00
  0.209112E+01 -0.129653E-01 -0.245554E+00  0.000000E+00  0.000000E+00  0.000000E+00  0.000000E+00
  0.262740E+01 -0.319851E+00 -0.163583E-01  0.000000E+00  0.000000E+00  0.000000E+00  0.000000E+00
  0.237261E+01  0.964032E-02 -0.330739E+00  0.000000E+00  0.000000E+00  0.000000E+00  0.000000E+00
  0.172494E+01 -0.371198E-02 -0.192329E+00  0.000000E+00  0.000000E+00  0.000000E+00  0.000000E+00
  0.278621E+01  0.281593E-02 -0.460228E+00  0.000000E+00  0.000000E+00  0.000000E+00  0.000000E+00
  0.265190E+01  0.265542E+00 -0.196400E-01  0.000000E+00  0.000000E+00  0.000000E+00  0.000000E+00
  0.189820E+01 -0.992412E-02 -0.218767E+00  0.000000E+00  0.000000E+00  0.000000E+00  0.000000E+00
  0.273328E+01 -0.419798E+00  0.897400E-02  0.000000E+00  0.000000E+00  0.000000E+00  0.000000E+00
  0.226658E+01 -0.315890E+00 -0.760762E-02  0.000000E+00  0.000000E+00  0.000000E+00  0.000000E+00
  0.265627E+01  0.375618E+00 -0.121945E-01  0.000000E+00  0.000000E+00  0.000000E+00  0.000000E+00
  0.244637E+01 -0.177227E-01 -0.265994E+00  0.000000E+00  0.000000E+00  0.000000E+00  0.000000E+00
  0.229960E+01  0.579451E-02 -0.330719E+00  0.000000E+00  0.000000E+00  0.000000E+00  0.000000E+00
  0.160393E+01  0.163811E+00 -0.534028E-03  0.000000E+00  0.000000E+00  0.000000E+00  0.000000E+00
  0.212057E+01  0.230374E+00  0.155865E-01  0.000000E+00  0.000000E+00  0.000000E+00  0.000000E+00
  0.283574E+01 -0.993292E-02  0.436555E+00  0.000000E+00  0.000000E+00  0.000000E+00  0.000000E+00
  0.258955E+01  0.320658E+00 -0.157779E-01  0.000000E+00  0.000000E+00  0.000000E+00  0.000000E+00
  0.197711E+01  0.224180E+00 -0.124224E-01  0.000000E+00  0.000000E+00  0.000000E+00  0.000000E+00
  0.258418E+01  0.854219E-02 -0.387228E+00  0.000000E+00  0.000000E+00  0.000000E+00  0.000000E+00
  0.185585E+01  0.121560E-01 -0.198909E+00  0.000000E+00  0.000000E+00  0.000000E+00  0.000000E+00
  0.219336E+01  0.100566E-01  0.286630E+00  0.000000E+00  0.000000E+00  0.000000E+00  0.000000E+00
  0.257186E+01 -0.189642E-01 -0.266441E+00  0.000000E+00  0.000000E+00  0.000000E+00  0.000000E+00
  0.254472E+01 -0.399322E+00 -0.289951E-02  0.000000E+00  0.000000E+00  0.000000E+00  0.000000E+00
  0.259627E+01  0.109824E-01  0.372889E+00  0.000000E+00  0.000000E+00  0.000000E+00  0.000000E+00
  0.201363E+01 -0.225343E+00 -0.134806E-01  0.000000E+00  0.000000E+00  0.000000E+00  0.000000E+00
  0.277433E+01  0.103602E-01 -0.418794E+00  0.000000E+00  0.000000E+00  0.000000E+00  0.000000E+00
  0.173612E+01  0.192779E-02  0.196729E+00  0.000000E+00  0.000000E+00  0.000000E+00  0.000000E+00
  0.190497E+01  0.239106E+00  0.223081E-02  0.000000E+00  0.000000E+00  0.000000E+00  0.000000E+00
  0.197812E+01  0.158998E-01 -0.199549E+00  0.000000E+00  0.000000E+00  0.000000E+00  0.000000E+00
  0.257772E+01  0.193977E-02  0.409153E+00  0.000000E+00  0.000000E+00  0.000000E+00  0.000000E+00
  0.228974E+01  0.337426E+00 -0.452520E-03  0.000000E+00  0.000000E+00  0.000000E+00  0.000000E+00
  0.234140E+01  0.346763E+00  0.366929E-02  0.000000E+00  0.000000E+00  0.000000E+00  0.000000E+00
  0.244805E+01 -0.104588E-01 -0.342933E+00  0.000000E+00  0.000000E+00  0.000000E+00  0.000000E+00
  0.201925E+01  0.268903E+00 -0.667374E-03  0.000000E+00  0.000000E+00  0.000000E+00  0.000000E+00
  0.280272E+01  0.196461E-01 -0.289026E+00  0.000000E+00  0.000000E+00  0.000000E+00  0.000000E+00
  0.229804E+01 -0.233372E+00  0.181608E-01  0.000000E+00  0.000000E+00  0.000000E+00  0.000000E+00
  0.167666E+01  0.677015E-02  0.175452E+00  0.000000E+00  0.000000E+00  0.000000E+00  0.000000E+00
  0.190627E+01  0.151417E-01  0.191286E+00  0.000000E+00  0.000000E+00  0.000000E+00  0.000000E+00
  0.256910E+01 -0.121094E-01  0.357125E+00  0.000000E+00  0.000000E+00  0.000000E+00  0.000000E+00
  0.192523E+01  0.224706E+00  0.100044E-01  0.000000E+00  0.000000E+00  0.000000E+00  0.000000E+00
  0.275192E+01 -0.100419E-01  0.416216E+00  0.000000E+00  0.000000E+00  0.000000E+00  0.000000E+00
  0.232786E+01  0.665348E-02 -0.334612E+00  0.000000E+00  0.000000E+00  0.000000E+00  0.000000E+00
  0.186190E+01 -0.298313E-02  0.227522E+00  0.000000E+00  0.000000E+00  0.000000E+00  0.000000E+00
  0.235913E+01 -0.478158E-02  0.348493E+00  0.000000E+00  0.000000E+00  0.000000E+00  0.000000E+00
  0.239039E+01  0.807546E-02 -0.343504E+00  0.000000E+00  0.000000E+00  0.000000E+00  0.000000E+00
  0.226243E+01  0.179234E-01  0.230451E+00  0.000000E+00  0.000000E+00  0.000000E+00  0.000000E+00
  0.275564E+01  0.187017E-01  0.302237E+00  0.000000E+00  0.000000E+00  0.000000E+00  0.000000E+00
  0.223649E+01  0.143601E-01  0.265216E+00  0.000000E+00  0.000000E+00  0.000000E+00  0.000000E+00
  0.255480E+01  0.935008E-02  0.375226E+00  0.000000E+00  0.000000E+00  0.000000E+00  0.000000E+00
  0.191551E+01  0.228983E+00  0.829474E-02  0.000000E+00  0.000000E+00  0.000000E+00  0.000000E+00
  0.198273E+01 -0.206952E+00 -0.151085E-01  0.000000E+00  0.000000E+00  0.000000E+00  0.000000E+00
  0.232159E+01  0.113499E-01  0.307881E+00  0.000000E+00  0.000000E+00  0.000000E+00  0.000000E+00
  0.179683E+01  0.211597E+00  0.252533E-02  0.000000E+00  0.000000E+00  0.000000E+00  0.000000E+00
  0.241689E+01  0.360600E+00 -0.550470E-02  0.000000E+00  0.000000E+00  0.000000E+00  0.000000E+00
  0.226905E+01 -0.312205E+00 -0.855046E-02  0.000000E+00  0.000000E+00  0.000000E+00  0.000000E+00
  0.258039E+01 -0.268546E+00  0.189277E-01  0.000000E+00  0.000000E+00  0.000000E+00  0.000000E+00
  0.260685E+01 -0.521525E-02  0.408574E+00  0.000000E+00  0.000000E+00  0.000000E+00  0.000000E+00
  0.236705E+01 -0.354369E+00 -0.305894E-02  0.000000E+00  0.000000E+00  0.000000E+00  0.000000E+00
  0.204022E+01  0.356932E-02  0.271496E+00  0.000000E+00  0.000000E+00  0.000000E+00  0.000000E+00
  0.211850E+01  0.105586E-01  0.266606E+00  0.000000E+00  0.000000E+00  0.000000E+00  0.000000E+00
  0.241814E+01 -0.347429E+00  0.859597E-02  0.000000E+00  0.000000E+00  0.000000E+00  0.000000E+00
  0.234573E+01 -0.261201E+00 -0.167385E-01  0.000000E+00  0.000000E+00  0.000000E+00  0.000000E+00
  0.273029E+01  0.190931E-01 -0.289861E+00  0.000000E+00  0.000000E+00  0.000000E+00  0.000000E+00
  0.164153E+01  0.563571E-02  0.168906E+00  0.000000E+00  0.000000E+00  0.000000E+00  0.000000E+00
  0.252027E+01 -0.279564E+00 -0.176991E-01  0.000000E+00  0.000000E+00  0.000000E+00  0.000000E+00
  0.269841E+01 -0.440088E+00 -0.156014E-02  0.000000E+00  0.000000E+00  0.000000E+00  0.000000E+00
  0.179523E+01  0.103075E-01 -0.193398E+00  0.000000E+00  0.000000E+00  0.000000E+00  0.000000E+00
  0.218931E+01  0.295909E-02 -0.309861E+00  0.000000E+00  0.000000E+00  0.000000E+00  0.000000E+00
  0.226785E+01 -0.306352E+00 -0.962483E-02  0.000000E+00  0.000000E+00  0.000000E+00  0.000000E+00
  0.199027E+01  0.256712E+00 -0.483887E-02  0.000000E+00  0.000000E+00  0.000000E+00  0.000000E+00
  0.190719E+01  0.205252E+00 -0.130484E-01  0.000000E+00  0.000000E+00  0.000000E+00  0.000000E+00
  0.178179E+01 -0.184163E+00 -0.117967E-01  0.000000E+00  0.000000E+00  0.000000E+00  0.000000E+00
  0.205688E+01 -0.246812E+00  0.115855E-01  0.000000E+00  0.000000E+00  0.000000E+00  0.000000E+00
  0.222721E+01  0.432638E-02  0.316796E+00  0.000000E+00  0.000000E+00  0.000000E+00  0.000000E+00
  0.269182E+01 -0.374085E+00  0.131051E-01  0.000000E+00  0.000000E+00  0.000000E+00  0.000000E+00
  0.232589E+01 -0.846515E-02  0.326155E+00  0.000000E+00  0.000000E+00  0.000000E+00  0.000000E+00
  0.185067E+01 -0.216009E+00  0.745944E-02  0.000000E+00  0.000000E+00  0.000000E+00  0.000000E+00
  0.174382E+01  0.992078E-02  0.182905E+00  0.000000E+00  0.000000E+00  0.000000E+00  0.000000E+00
  0.177383E+01 -0.200321E+00 -0.623720E-02  0.000000E+00  0.000000E+00  0.000000E+00  0.000000E+00
  0.184463E+01 -0.215748E+00 -0.701844E-02  0.000000E+00  0.000000E+00  0.000000E+00  0.000000E+00
  0.212394E+01 -0.286049E+00  0.627350E-02  0.000000E+00  0.000000E+00  0.000000E+00  0.000000E+00
  0.178204E+01 -0.193016E+00 -0.957340E-02  0.000000E+00  0.000000E+00  0.000000E+00  0.000000E+00
  0.195514E+01  0.116868E-01 -0.223449E+00  0.000000E+00  0.000000E+00  0.000000E+00  0.000000E+00
  0.244284E+01 -0.861783E-02  0.353180E+00  0.000000E+00  0.000000E+00  0.000000E+00  0.000000E+00
  0.190109E+01 -0.104715E-01  0.217100E+00  0.000000E+00  0.000000E+00  0.000000E+00  0.000000E+00
  0.182222E+01  0.110804E-02 -0.218899E+00  0.000000E+00  0.000000E+00  0.000000E+00  0.000000E+00
  0.216016E+01  0.769691E-03  0.304530E+00  0.000000E+00  0.000000E+00  0.000000E+00  0.000000E+00
  0.238467E+01 -0.317369E+00 -0.119717E-01  0.000000E+00  0.000000E+00  0.000000E+00  0.000000E+00
  0.204424E+01  0.539103E-02  0.268847E+00  0.000000E+00  0.000000E+00  0.000000E+00  0.000000E+00
  0.196184E+01 -0.111694E-01  0.227655E+00  0.000000E+00  0.000000E+00  0.000000E+00  0.000000E+00
  0.185860E+01  0.204176E+00  0.111900E-01  0.000000E+00  0.000000E+00  0.000000E+00  0.000000E+00
  0.257584E+01  0.332413E+00  0.146284E-01  0.000000E+00  0.000000E+00  0.000000E+00  0.000000E+00
  0.266899E+01  0.289524E+00  0.186068E-01  0.000000E+00  0.000000E+00  0.000000E+00  0.000000E+00
  0.279621E+01 -0.189893E-01 -0.302907E+00  0.000000E+00  0.000000E+00  0.000000E+00  0.000000E+00
  0.214899E+01  0.300754E+00 -0.212338E-02  0.000000E+00  0.000000E+00  0.000000E+00  0.000000E+00
  0.247544E+01 -0.176696E-01 -0.272004E+00  0.000000E+00  0.000000E+00  0.000000E+00  0.000000E+00
  0.222391E+01 -0.166403E-03  0.320806E+00  0.000000E+00  0.000000E+00  0.000000E+00  0.000000E+00
  0.199599E+01 -0.203312E+00  0.158685E-01  0.000000E+00  0.000000E+00  0.000000E+00  0.000000E+00
  0.189096E+01 -0.236460E+00  0.550335E-03  0.000000E+00  0.000000E+00  0.000000E+00  0.000000E+00
  0.181565E+01  0.209134E+00  0.684843E-02  0.000000E+00  0.000000E+00  0.000000E+00  0.000000E+00
  0.275655E+01 -0.843043E-02 -0.428975E+00  0.000000E+00  0.000000E+00  0.000000E+00  0.000000E+00
  0.226785E+01 -0.891012E-02  0.310140E+00  0.000000E+00  0.000000E+00  0.000000E+00  0.000000E+00
  0.280365E+01  0.466952E+00  0.130693E-02  0.000000E+00  0.000000E+00  0.000000E+00  0.000000E+00
  0.242401E+01  0.370445E+00 -0.185936E-02  0.000000E+00  0.000000E+00  0.000000E+00  0.000000E+00
  0.162678E+01  0.167496E+00 -0.395585E-02  0.000000E+00  0.000000E+00  0.000000E+00  0.000000E+00
  0.180047E+01  0.212325E+00  0.273576E-02  0.000000E+00  0.000000E+00  0.000000E+00  0.000000E+00
  0.233510E+01 -0.117861E-01 -0.307749E+00  0.000000E+00  0.000000E+00  0.000000E+00  0.000000E+00
  0.189400E+01  0.998394E-02  0.217545E+00  0.000000E+00  0.000000E+00  0.000000E+00  0.000000E+00
  0.244432E+01 -0.249961E+00 -0.186999E-01  0.000000E+00  0.000000E+00  0.000000E+00  0.000000E+00
  0.196490E+01  0.483637E-02  0.250416E+00  0.000000E+00  0.000000E+00  0.000000E+00  0.000000E+00
  0.217742E+01  0.297391E+00 -0.679970E-02  0.000000E+00  0.000000E+00  0.000000E+00  0.000000E+00
  0.249926E+01  0.347511E+00  0.114061E-01  0.000000E+00  0.000000E+00  0.000000E+00  0.000000E+00
  0.242732E+01 -0.123268E-01  0.323907E+00  0.000000E+00  0.000000E+00  0.000000E+00  0.000000E+00
  0.197143E+01 -0.236219E+00 -0.982568E-02  0.000000E+00  0.000000E+00  0.000000E+00  0.000000E+00
  0.201187E+01 -0.251838E+00  0.833720E-02  0.000000E+00  0.000000E+00  0.000000E+00  0.000000E+00
  0.196982E+01  0.410078E-02  0.253009E+00  0.000000E+00  0.000000E+00  0.000000E+00  0.000000E+00
  0.205281E+01 -0.108806E-02  0.277231E+00  0.000000E+00  0.000000E+00  0.000000E+00  0.000000E+00
  0.189362E+01 -0.101765E-01  0.216651E+00  0.000000E+00  0.000000E+00  0.000000E+00  0.000000E+00
  0.269229E+01  0.132130E-01  0.373013E+00  0.000000E+00  0.000000E+00  0.000000E+00  0.000000E+00
  0.171694E+01 -0.189486E+00  0.437743E-02  0.000000E+00  0.000000E+00  0.000000E+00  0.000000E+00
  0.216536E+01  0.110139E-01  0.274694E+00  0.000000E+00  0.000000E+00  0.000000E+00  0.000000E+00
  0.187233E+01 -0.223026E+00 -0.681372E-02  0.000000E+00  0.000000E+00  0.000000E+00  0.000000E+00
  0.230417E+01 -0.335179E+00  0.465067E-02  0.000000E+00  0.000000E+00  0.000000E+00  0.000000E+00
  0.273828E+01 -0.121680E-01 -0.394009E+00  0.000000E+00  0.000000E+00  0.000000E+00  0.000000E+00
  0.162398E+01  0.170799E-03  0.168920E+00  0.000000E+00  0.000000E+00  0.000000E+00  0.000000E+00
  0.179593E+01 -0.635931E-02 -0.205470E+00  0.000000E+00  0.000000E+00  0.000000E+00  0.000000E+00
  0.201328E+01 -0.258375E+00 -0.646934E-02  0.000000E+00  0.000000E+00  0.000000E+00  0.000000E+00
  0.215869E+01  0.290534E+00 -0.743473E-02  0.000000E+00  0.000000E+00  0.000000E+00  0.000000E+00
  0.226364E+01 -0.135971E-01 -0.277655E+00  0.000000E+00  0.000000E+00  0.000000E+00  0.000000E+00
  0.223548E+01  0.301879E+00 -0.903138E-02  0.000000E+00  0.000000E+00  0.000000E+00  0.000000E+00
  0.251138E+01  0.631407E-03 -0.393469E+00  0.000000E+00  0.000000E+00  0.000000E+00  0.000000E+00
  0.196042E+01 -0.234365E+00 -0.966067E-02  0.000000E+00  0.000000E+00  0.000000E+00  0.000000E+00
  0.171069E+01 -0.120788E-02 -0.190655E+00  0.000000E+00  0.000000E+00  0.000000E+00  0.000000E+00
  0.251344E+01 -0.875922E-02 -0.369134E+00  0.000000E+00  0.000000E+00  0.000000E+00  0.000000E+00
  0.221814E+01  0.801860E-02  0.302480E+00  0.000000E+00  0.000000E+00  0.000000E+00  0.000000E+00
  0.224778E+01 -0.300054E+00  0.991472E-02  0.000000E+00  0.000000E+00  0.000000E+00  0.000000E+00
  0.223725E+01 -0.282152E+00  0.123118E-01  0.000000E+00  0.000000E+00  0.000000E+00  0.000000E+00
  0.171986E+01 -0.325448E-02 -0.191554E+00  0.000000E+00  0.000000E+00  0.000000E+00  0.000000E+00
  0.218291E+01 -0.140236E-01  0.256993E+00  0.000000E+00  0.000000E+00  0.000000E+00  0.000000E+00
  0.209843E+01 -0.283764E+00 -0.475729E-02  0.000000E+00  0.000000E+00  0.000000E+00  0.000000E+00
  0.282016E+01  0.353155E+00 -0.165763E-01  0.000000E+00  0.000000E+00  0.000000E+00  0.000000E+00
  0.224233E+01  0.155060E-01 -0.255309E+00  0.000000E+00  0.000000E+00  0.000000E+00  0.000000E+00
  0.260880E+01  0.395946E+00  0.805617E-02  0.000000E+00  0.000000E+00  0.000000E+00  0.000000E+00
  0.259205E+01  0.357283E+00 -0.126317E-01  0.000000E+00  0.000000E+00  0.000000E+00  0.000000E+00
  0.165175E+01  0.746247E-02  0.167934E+00  0.000000E+00  0.000000E+00  0.000000E+00  0.000000E+00
  0.276279E+01  0.189057E-01  0.299179E+00  0.000000E+00  0.000000E+00  0.000000E+00  0.000000E+00
  0.272285E+01 -0.230322E-02  0.445232E+00  0.000000E+00  0.000000E+00  0.000000E+00  0.000000E+00
  0.184227E+01  0.223759E+00  0.155091E-02  0.000000E+00  0.000000E+00  0.000000E+00  0.000000E+00
  0.248632E+01 -0.203872E-02 -0.385959E+00  0.000000E+00  0.000000E+00  0.000000E+00  0.000000E+00
  0.283512E+01  0.362544E+00  0.161790E-01  0.000000E+00  0.000000E+00  0.000000E+00  0.000000E+00
  0.237820E+01  0.341323E+00 -0.792345E-02  0.000000E+00  0.000000E+00  0.000000E+00  0.000000E+00
  0.234775E+01 -0.271047E+00 -0.159614E-01  0.000000E+00  0.000000E+00  0.000000E+00  0.000000E+00
  0.183468E+01 -0.186729E+00  0.135606E-01  0.000000E+00  0.000000E+00  0.000000E+00  0.000000E+00
  0.199444E+01 -0.257475E+00  0.496922E-02  0.000000E+00  0.000000E+00  0.000000E+00  0.000000E+00
  0.278006E+01  0.180705E-01  0.318995E+00  0.000000E+00  0.000000E+00  0.000000E+00  0.000000E+00
  0.202326E+01 -0.229125E+00  0.132270E-01  0.000000E+00  0.000000E+00  0.000000E+00  0.000000E+00
  0.194319E+01  0.513105E-02  0.244425E+00  0.000000E+00  0.000000E+00  0.000000E+00  0.000000E+00
  0.224565E+01 -0.168055E-01 -0.241589E+00  0.000000E+00  0.000000E+00  0.000000E+00  0.000000E+00
  0.226007E+01  0.536505E-02  0.322281E+00  0.000000E+00  0.000000E+00  0.000000E+00  0.000000E+00
  0.199396E+01  0.849691E-02  0.246964E+00  0.000000E+00  0.000000E+00  0.000000E+00  0.000000E+00
  0.198921E+01 -0.260134E+00 -0.244908E-02  0.000000E+00  0.000000E+00  0.000000E+00  0.000000E+00
  0.281650E+01  0.171769E-01  0.342108E+00  0.000000E+00  0.000000E+00  0.000000E+00  0.000000E+00
  0.268861E+01  0.395922E+00  0.107424E-01  0.000000E+00  0.000000E+00  0.000000E+00  0.000000E+00
  0.246523E+01  0.302119E-02 -0.379112E+00  0.000000E+00  0.000000E+00  0.000000E+00  0.000000E+00
  0.255209E+01 -0.125440E-01 -0.349378E+00  0.000000E+00  0.000000E+00  0.000000E+00  0.000000E+00
  0.170808E+01  0.189880E+00  0.148811E-02  0.000000E+00  0.000000E+00  0.000000E+00  0.000000E+00
  0.235581E+01  0.285609E+00  0.147865E-01  0.000000E+00  0.000000E+00  0.000000E+00  0.000000E+00
  0.208588E+01 -0.283832E+00  0.297906E-02  0.000000E+00  0.000000E+00  0.000000E+00  0.000000E+00
  0.246612E+01 -0.344427E+00 -0.108288E-01  0.000000E+00  0.000000E+00  0.000000E+00  0.000000E+00
  0.166191E+01  0.672266E-02 -0.171952E+00  0.000000E+00  0.000000E+00  0.000000E+00  0.000000E+00
  0.229847E+01 -0.338731E+00  0.187832E-02  0.000000E+00  0.000000E+00  0.000000E+00  0.000000E+00
  0.251743E+01 -0.328942E+00  0.138508E-01  0.000000E+00  0.000000E+00  0.000000E+00  0.000000E+00
  0.260131E+01  0.149708E-01  0.333454E+00  0.000000E+00  0.000000E+00  0.000000E+00  0.000000E+00
  0.175724E+01  0.115082E-01  0.179914E+00  0.000000E+00  0.000000E+00  0.000000E+00  0.000000E+00
  0.233862E+01  0.328652E+00 -0.857073E-02  0.000000E+00  0.000000E+00  0.000000E+00  0.000000E+00
  0.245392E+01  0.918039E-02 -0.352566E+00  0.000000E+00  0.000000E+00  0.000000E+00  0.000000E+00
  0.188943E+01 -0.222535E+00 -0.836022E-02  0.000000E+00  0.000000E+00  0.000000E+00  0.000000E+00
  0.169700E+01  0.899440E-02  0.174862E+00  0.000000E+00  0.000000E+00  0.000000E+00  0.000000E+00
  0.237648E+01  0.238867E+00  0.186811E-01  0.000000E+00  0.000000E+00  0.000000E+00  0.000000E+00
  0.255863E+01 -0.578969E-02  0.394532E+00  0.000000E+00  0.000000E+00  0.000000E+00  0.000000E+00
  0.219451E+01  0.313344E+00 -0.321507E-03  0.000000E+00  0.000000E+00  0.000000E+00  0.000000E+00
  0.205394E+01  0.251821E+00 -0.105528E-01  0.000000E+00  0.000000E+00  0.000000E+00  0.000000E+00
  0.198471E+01 -0.104230E-01 -0.236555E+00  0.000000E+00  0.000000E+00  0.000000E+00  0.000000E+00
  0.226921E+01  0.473743E-02 -0.326262E+00  0.000000E+00  0.000000E+00  0.000000E+00  0.000000E+00
  0.175659E+01  0.899697E-02  0.188930E+00  0.000000E+00  0.000000E+00  0.000000E+00  0.000000E+00
  0.177546E+01 -0.182325E+00 -0.118916E-01  0.000000E+00  0.000000E+00  0.000000E+00  0.000000E+00
  0.216245E+01  0.297530E+00  0.558776E-02  0.000000E+00  0.000000E+00  0.000000E+00  0.000000E+00
  0.273990E+01 -0.402823E+00  0.112867E-01  0.000000E+00  0.000000E+00  0.000000E+00  0.000000E+00
  0.176350E+01 -0.189177E+00 -0.942509E-02  0.000000E+00  0.000000E+00  0.000000E+00  0.000000E+00
  0.245385E+01  0.106700E-02  0.378683E+00  0.000000E+00  0.000000E+00  0.000000E+00  0.000000E+00
  0.266094E+01 -0.194608E-01 -0.270841E+00  0.000000E+00  0.000000E+00  0.000000E+00  0.000000E+00
  0.212282E+01 -0.104537E-01  0.268171E+00  0.000000E+00  0.000000E+00  0.000000E+00  0.000000E+00
  0.233166E+01 -0.132166E-01 -0.295472E+00  0.000000E+00  0.000000E+00  0.000000E+00  0.000000E+00
  0.182964E+01  0.327716E-02  0.219085E+00  0.000000E+00  0.000000E+00  0.000000E+00  0.000000E+00
  0.215705E+01 -0.313006E-02 -0.301496E+00  0.000000E+00  0.000000E+00  0.000000E+00  0.000000E+00
  0.258303E+01 -0.663595E-02  0.396964E+00  0.000000E+00  0.000000E+00  0.000000E+00  0.000000E+00
  0.225272E+01  0.263868E+00 -0.148586E-01  0.000000E+00  0.000000E+00  0.000000E+00  0.000000E+00
  0.255684E+01  0.251312E+00  0.196079E-01  0.000000E+00  0.000000E+00  0.000000E+00  0.000000E+00
  0.273621E+01  0.447299E+00  0.298244E-02  0.000000E+00  0.000000E+00  0.000000E+00  0.000000E+00
  0.254146E+01 -0.292377E+00 -0.171198E-01  0.000000E+00  0.000000E+00  0.000000E+00  0.000000E+00
  0.196260E+01  0.155228E-02 -0.254165E+00  0.000000E+00  0.000000E+00  0.000000E+00  0.000000E+00
  0.188145E+01  0.746168E-02  0.223439E+00  0.000000E+00  0.000000E+00  0.000000E+00  0.000000E+00
  0.187430E+01 -0.200800E+00 -0.125702E-01  0.000000E+00  0.000000E+00  0.000000E+00  0.000000E+00
  0.279415E+01 -0.281954E+00 -0.198845E-01  0.000000E+00  0.000000E+00  0.000000E+00  0.000000E+00
  0.244939E+01  0.181911E-01 -0.259222E+00  0.000000E+00  0.000000E+00  0.000000E+00  0.000000E+00
  0.227727E+01  0.969672E-02  0.308149E+00  0.000000E+00  0.000000E+00  0.000000E+00  0.000000E+00
  0.189604E+01  0.236837E+00 -0.225198E-02  0.000000E+00  0.000000E+00  0.000000E+00  0.000000E+00
  0.164844E+01  0.566065E-02 -0.170569E+00  0.000000E+00  0.000000E+00  0.000000E+00  0.000000E+00
  0.220590E+01  0.236459E+00 -0.166012E-01  0.000000E+00  0.000000E+00  0.000000E+00  0.000000E+00
  0.206088E+01 -0.246385E+00  0.118091E-01  0.000000E+00  0.000000E+00  0.000000E+00  0.000000E+00
  0.205620E+01 -0.242530E+00 -0.122686E-01  0.000000E+00  0.000000E+00  0.000000E+00  0.000000E+00
  0.223440E+01 -0.225152E+00  0.179497E-01  0.000000E+00  0.000000E+00  0.000000E+00  0.000000E+00
  0.193283E+01 -0.234808E+00  0.779239E-02  0.000000E+00  0.000000E+00  0.000000E+00  0.000000E+00
  0.262500E+01  0.310413E+00 -0.169531E-01  0.000000E+00  0.000000E+00  0.000000E+00  0.000000E+00
  0.218720E+01 -0.232938E+00 -0.165994E-01  0.000000E+00  0.000000E+00  0.000000E+00  0.000000E+00
  0.258106E+01 -0.350626E+00 -0.130636E-01  0.000000E+00  0.000000E+00  0.000000E+00  0.000000E+00
  0.255611E+01 -0.141351E-01 -0.333984E+00  0.000000E+00  0.000000E+00  0.000000E+00  0.000000E+00
  0.176353E+01  0.199939E+00  0.511192E-02  0.000000E+00  0.000000E+00  0.000000E+00  0.000000E+00
  0.179722E+01 -0.934809E-02 -0.197351E+00  0.000000E+00  0.000000E+00  0.000000E+00  0.000000E+00
  0.249526E+01 -0.157516E-01 -0.302475E+00  0.000000E+00  0.000000E+00  0.000000E+00  0.000000E+00
  0.226650E+01  0.245272E+00  0.168243E-01  0.000000E+00  0.000000E+00  0.000000E+00  0.000000E+00
  0.162973E+01  0.366179E-02  0.168544E+00  0.000000E+00  0.000000E+00  0.000000E+00  0.000000E+00
  0.235177E+01  0.636279E-02 -0.341554E+00  0.000000E+00  0.000000E+00  0.000000E+00  0.000000E+00
  0.273441E+01  0.101290E-01  0.411467E+00  0.000000E+00  0.000000E+00  0.000000E+00  0.000000E+00
  0.265952E+01 -0.272618E+00  0.193665E-01  0.000000E+00  0.000000E+00  0.000000E+00  0.000000E+00
  0.265238E+01  0.182037E-01  0.294246E+00  0.000000E+00  0.000000E+00  0.000000E+00  0.000000E+00
  0.235326E+01 -0.290189E+00 -0.142819E-01  0.000000E+00  0.000000E+00  0.000000E+00  0.000000E+00
  0.179526E+01  0.181636E+00 -0.129404E-01  0.000000E+00  0.000000E+00  0.000000E+00  0.000000E+00
  0.238560E+01 -0.819213E-02  0.341777E+00  0.000000E+00  0.000000E+00  0.000000E+00  0.000000E+00
  0.185330E+01  0.656321E-02  0.219023E+00  0.000000E+00  0.000000E+00  0.000000E+00  0.000000E+00
  0.267118E+01 -0.342040E+00 -0.153914E-01  0.000000E+00  0.000000E+00  0.000000E+00  0.000000E+00
  0.234325E+01  0.253968E+00 -0.172581E-01  0.000000E+00  0.000000E+00  0.000000E+00  0.000000E+00
  0.251711E+01 -0.286408E+00  0.172188E-01  0.000000E+00  0.000000E+00  0.000000E+00  0.000000E+00
  0.211021E+01 -0.491603E-02  0.286325E+00  0.000000E+00  0.000000E+00  0.000000E+00  0.000000E+00
  0.232924E+01  0.141547E-01  0.286420E+00  0.000000E+00  0.000000E+00  0.000000E+00  0.000000E+00
  0.253354E+01 -0.399125E+00  0.498270E-03  0.000000E+00  0.000000E+00  0.000000E+00  0.000000E+00
  0.239641E+01  0.322930E+00  0.115926E-01  0.000000E+00  0.000000E+00  0.000000E+00  0.000000E+00
  0.225241E+01 -0.310328E+00 -0.810152E-02  0.000000E+00  0.000000E+00  0.000000E+00  0.000000E+00
  0.274383E+01 -0.295193E+00  0.189460E-01  0.000000E+00  0.000000E+00  0.000000E+00  0.000000E+00
  0.259419E+01 -0.176749E-01  0.293185E+00  0.000000E+00  0.000000E+00  0.000000E+00  0.000000E+00
  0.274381E+01  0.142268E-01 -0.372036E+00  0.000000E+00  0.000000E+00  0.000000E+00  0.000000E+00
  0.262507E+01  0.370610E+00  0.119924E-01  0.000000E+00  0.000000E+00  0.000000E+00  0.000000E+00
  0.196352E+01 -0.582744E-02  0.247868E+00  0.000000E+00  0.000000E+00  0.000000E+00  0.000000E+00
  0.180870E+01 -0.431823E-02 -0.212449E+00  0.000000E+00  0.000000E+00  0.000000E+00  0.000000E+00
  0.258317E+01  0.285057E+00  0.180409E-01  0.000000E+00  0.000000E+00  0.000000E+00  0.000000E+00
  0.216054E+01 -0.247109E+00  0.146329E-01  0.000000E+00  0.000000E+00  0.000000E+00  0.000000E+00
  0.279807E+01  0.155783E-01 -0.364604E+00  0.000000E+00  0.000000E+00  0.000000E+00  0.000000E+00
  0.250776E+01  0.276110E+00  0.177762E-01  0.000000E+00  0.000000E+00  0.000000E+00  0.000000E+00
  0.213268E+01 -0.295549E+00  0.301152E-02  0.000000E+00  0.000000E+00  0.000000E+00  0.000000E+00
  0.234530E+01 -0.302552E+00  0.127307E-01  0.000000E+00  0.000000E+00  0.000000E+00  0.000000E+00
  0.251077E+01  0.170599E-01  0.287597E+00  0.000000E+00  0.000000E+00  0.000000E+00  0.000000E+00
  0.214676E+01 -0.240852E+00 -0.150191E-01  0.000000E+00  0.000000E+00  0.000000E+00  0.000000E+00
  0.229629E+01 -0.683520E-02  0.326217E+00  0.000000E+00  0.000000E+00  0.000000E+00  0.000000E+00
  0.237699E+01  0.350737E+00  0.550675E-02  0.000000E+00  0.000000E+00  0.000000E+00  0.000000E+00
  0.267066E+01 -0.997891E-02  0.397853E+00  0.000000E+00  0.000000E+00  0.000000E+00  0.000000E+00
  0.250010E+01  0.370379E+00  0.796446E-02  0.000000E+00  0.000000E+00  0.000000E+00  0.000000E+00
  0.215656E+01  0.227188E+00 -0.165949E-01  0.000000E+00  0.000000E+00  0.000000E+00  0.000000E+00
  0.207499E+01  0.281562E+00  0.261054E-02  0.000000E+00  0.000000E+00  0.000000E+00  0.000000E+00
  0.200135E+01  0.137486E-01 -0.220883E+00  0.000000E+00  0.000000E+00  0.000000E+00  0.000000E+00
  0.266990E+01  0.273217E+00  0.194164E-01  0.000000E+00  0.000000E+00  0.000000E+00  0.000000E+00
  0.255627E+01 -0.180154E-01 -0.280773E+00  0.000000E+00  0.000000E+00  0.000000E+00  0.000000E+00
  0.182702E+01  0.211065E+00  0.717358E-02  0.000000E+00  0.000000E+00  0.000000E+00  0.000000E+00
  0.184257E+01  0.217923E+00 -0.590346E-02  0.000000E+00  0.000000E+00  0.000000E+00  0.000000E+00
  0.220217E+01 -0.293105E+00 -0.921537E-02  0.000000E+00  0.000000E+00  0.000000E+00  0.000000E+00
  0.182652E+01 -0.208272E+00  0.811783E-02  0.000000E+00  0.000000E+00  0.000000E+00  0.000000E+00
  0.216332E+01  0.227491E+00 -0.166845E-01  0.000000E+00  0.000000E+00  0.000000E+00  0.000000E+00
  0.275539E+01  0.378348E+00  0.139123E-01  0.000000E+00  0.000000E+00  0.000000E+00  0.000000E+00
  0.202636E+01 -0.898184E-03  0.270623E+00  0.000000E+00  0.000000E+00  0.000000E+00  0.000000E+00
  0.230023E+01  0.444959E-02 -0.334705E+00  0.000000E+00  0.000000E+00  0.000000E+00  0.000000E+00
  0.249678E+01  0.389458E+00 -0.118600E-02  0.000000E+00  0.000000E+00  0.000000E+00  0.000000E+00
  0.238976E+01  0.530174E-02 -0.354550E+00  0.000000E+00  0.000000E+00  0.000000E+00  0.000000E+00
  0.222097E+01 -0.108746E-01 -0.288203E+00  0.000000E+00  0.000000E+00  0.000000E+00  0.000000E+00
  0.200717E+01 -0.265881E+00 -0.522842E-03  0.000000E+00  0.000000E+00  0.000000E+00  0.000000E+00
  0.197595E+01  0.254716E+00 -0.399697E-02  0.000000E+00  0.000000E+00  0.000000E+00  0.000000E+00
  0.239158E+01 -0.105883E-01  0.329075E+00  0.000000E+00  0.000000E+00  0.000000E+00  0.000000E+00
  0.164347E+01  0.173859E+00  0.595468E-04  0.000000E+00  0.000000E+00  0.000000E+00  0.000000E+00
  0.173426E+01 -0.316919E-03 -0.196829E+00  0.000000E+00  0.000000E+00  0.000000E+00  0.000000E+00
  0.179912E+01 -0.910246E-02  0.198627E+00  0.000000E+00  0.000000E+00  0.000000E+00  0.000000E+00
  0.212392E+01 -0.278237E+00  0.841940E-02  0.000000E+00  0.000000E+00  0.000000E+00  0.000000E+00
  0.177951E+01 -0.184029E+00  0.117120E-01  0.000000E+00  0.000000E+00  0.000000E+00  0.000000E+00
  0.263796E+01  0.398011E+00  0.886069E-02  0.000000E+00  0.000000E+00  0.000000E+00  0.000000E+00
  0.284082E+01 -0.133782E+00 -0.159708E+00  0.000000E+00  0.000000E+00  0.000000E+00  0.000000E+00
  0.284082E+01  0.184282E+00  0.144689E+00  0.000000E+00  0.000000E+00  0.000000E+00  0.000000E+00
  0.284082E+01  0.549847E-02 -0.989920E-04  0.000000E+00  0.000000E+00  0.000000E+00  0.000000E+00
  0.284082E+01 -0.916879E-01 -0.160575E+00  0.000000E+00  0.000000E+00  0.000000E+00  0.000000E+00
  0.284082E+01 -0.179828E+00  0.277188E-01  0.000000E+00  0.000000E+00  0.000000E+00  0.000000E+00
  0.284082E+01  0.394212E-01 -0.167987E+00  0.000000E+00  0.000000E+00  0.000000E+00  0.000000E+00
  0.284082E+01 -0.157849E-02  0.846028E-03  0.000000E+00  0.000000E+00  0.000000E+00  0.000000E+00
  0.284082E+01  0.329445E-01 -0.850990E-01  0.000000E+00  0.000000E+00  0.000000E+00  0.000000E+00
  0.284082E+01 -0.173756E+00 -0.973973E-01  0.000000E+00  0.000000E+00  0.000000E+00  0.000000E+00
  0.284082E+01 -0.118825E+00 -0.118972E+00  0.000000E+00  0.000000E+00  0.000000E+00  0.000000E+00
  0.284082E+01 -0.641327E-01  0.464843E-01  0.000000E+00  0.000000E+00  0.000000E+00  0.000000E+00
  0.284082E+01 -0.779561E-02 -0.621520E-02  0.000000E+00  0.000000E+00  0.000000E+00  0.000000E+00
  0.284082E+01 -0.119954E+00  0.162485E+00  0.000000E+00  0.000000E+00  0.000000E+00  0.000000E+00
  0.284082E+01 -0.114636E+00  0.135252E+00  0.000000E+00  0.000000E+00  0.000000E+00  0.000000E+00
  0.284082E+01 -0.277006E-01  0.127042E+00  0.000000E+00  0.000000E+00  0.000000E+00  0.000000E+00
  0.284082E+01  0.522966E-01  0.556151E-01  0.000000E+00  0.000000E+00  0.000000E+00  0.000000E+00
  0.284082E+01 -0.570893E-01 -0.376829E-01  0.000000E+00  0.000000E+00  0.000000E+00  0.000000E+00
  0.284082E+01  0.781171E-01 -0.281749E-01  0.000000E+00  0.000000E+00  0.000000E+00  0.000000E+00
  0.284082E+01  0.628217E-03  0.975777E-01  0.000000E+00  0.000000E+00  0.000000E+00  0.000000E+00
  0.284082E+01 -0.481249E-01 -0.408866E-02  0.000000E+00  0.000000E+00  0.000000E+00  0.000000E+00
  0.284082E+01 -0.418224E-01  0.129043E+00  0.000000E+00  0.000000E+00  0.000000E+00  0.000000E+00
  0.284082E+01 -0.214457E-01  0.265280E-01  0.000000E+00  0.000000E+00  0.000000E+00  0.000000E+00
  0.284082E+01 -0.220104E-01 -0.659433E-01  0.000000E+00  0.000000E+00  0.000000E+00  0.000000E+00
  0.284082E+01 -0.167079E+00 -0.982003E-01  0.000000E+00  0.000000E+00  0.000000E+00  0.000000E+00
  0.284082E+01 -0.152892E+00  0.122230E+00  0.000000E+00  0.000000E+00  0.000000E+00  0.000000E+00
  0.284082E+01  0.751724E-02  0.439093E-01  0.000000E+00  0.000000E+00  0.000000E+00  0.000000E+00
  0.284082E+01 -0.200180E-02  0.135866E+00  0.000000E+00  0.000000E+00  0.000000E+00  0.000000E+00
  0.284082E+01  0.111112E+00 -0.120049E+00  0.000000E+00  0.000000E+00  0.000000E+00  0.000000E+00
  0.284082E+01 -0.152604E+00 -0.309086E-01  0.000000E+00  0.000000E+00  0.000000E+00  0.000000E+00
  0.284082E+01  0.515603E-02 -0.182682E+00  0.000000E+00  0.000000E+00  0.000000E+00  0.000000E+00
  0.284082E+01 -0.177618E+00  0.142470E+00  0.000000E+00  0.000000E+00  0.000000E+00  0.000000E+00
  0.284082E+01  0.395538E-01  0.289534E-01  0.000000E+00  0.000000E+00  0.000000E+00  0.000000E+00
  0.284082E+01  0.168343E+00  0.108647E-01  0.000000E+00  0.000000E+00  0.000000E+00  0.000000E+00
  0.284082E+01  0.551753E-01  0.150804E+00  0.000000E+00  0.000000E+00  0.000000E+00  0.000000E+00
  0.284082E+01 -0.126784E+00  0.505610E-01  0.000000E+00  0.000000E+00  0.000000E+00  0.000000E+00
  0.284082E+01  0.952399E-03  0.119410E+00  0.000000E+00  0.000000E+00  0.000000E+00  0.000000E+00
  0.284082E+01 -0.167869E+00 -0.119720E+00  0.000000E+00  0.000000E+00  0.000000E+00  0.000000E+00
  0.284082E+01 -0.333564E-02  0.102625E+00  0.000000E+00  0.000000E+00  0.000000E+00  0.000000E+00
  0.284082E+01 -0.182802E-01  0.201030E+00  0.000000E+00  0.000000E+00  0.000000E+00  0.000000E+00
  0.284082E+01 -0.503399E-01  0.203300E-01  0.000000E+00  0.000000E+00  0.000000E+00  0.000000E+00
  0.284082E+01 -0.277698E-01  0.634107E-01  0.000000E+00  0.000000E+00  0.000000E+00  0.000000E+00
  0.284082E+01 -0.108393E+00  0.183841E+00  0.000000E+00  0.000000E+00  0.000000E+00  0.000000E+00
  0.284082E+01 -0.798004E-01 -0.232227E+00  0.000000E+00  0.000000E+00  0.000000E+00  0.000000E+00
  0.284082E+01  0.419357E-01  0.222768E-01  0.000000E+00  0.000000E+00  0.000000E+00  0.000000E+00
  0.284082E+01  0.229872E-01  0.233636E+00  0.000000E+00  0.000000E+00  0.000000E+00  0.000000E+00
  0.284082E+01 -0.128900E+00  0.690192E-01  0.000000E+00  0.000000E+00  0.000000E+00  0.000000E+00
  0.284082E+01  0.278531E-01 -0.502372E-01  0.000000E+00  0.000000E+00  0.000000E+00  0.000000E+00
  0.284082E+01  0.184083E+00  0.374459E-02  0.000000E+00  0.000000E+00  0.000000E+00  0.000000E+00
  0.284082E+01 -0.702512E-01 -0.651886E-01  0.000000E+00  0.000000E+00  0.000000E+00  0.000000E+00
  0.284082E+01  0.766938E-01 -0.375797E-01  0.000000E+00  0.000000E+00  0.000000E+00  0.000000E+00
  0.284082E+01  0.164605E-01  0.192399E-01  0.000000E+00  0.000000E+00  0.000000E+00  0.000000E+00
  0.284082E+01  0.635545E-02  0.110449E+00  0.000000E+00  0.000000E+00  0.000000E+00  0.000000E+00
  0.284082E+01  0.259376E-01  0.242012E-01  0.000000E+00  0.000000E+00  0.000000E+00  0.000000E+00
  0.284082E+01 -0.180334E+00 -0.714019E-01  0.000000E+00  0.000000E+00  0.000000E+00  0.000000E+00
  0.284082E+01 -0.236355E+00 -0.425731E-01  0.000000E+00  0.000000E+00  0.000000E+00  0.000000E+00
  0.284082E+01 -0.104779E+00 -0.769260E-01  0.000000E+00  0.000000E+00  0.000000E+00  0.000000E+00
  0.284082E+01 -0.215907E+00 -0.133364E-01  0.000000E+00  0.000000E+00  0.000000E+00  0.000000E+00
  0.284082E+01  0.714173E-01  0.112608E+00  0.000000E+00  0.000000E+00  0.000000E+00  0.000000E+00
  0.284082E+01  0.169156E-01 -0.153158E-01  0.000000E+00  0.000000E+00  0.000000E+00  0.000000E+00
  0.284082E+01  0.115639E+00  0.153084E+00  0.000000E+00  0.000000E+00  0.000000E+00  0.000000E+00
  0.284082E+01 -0.793983E-01  0.122039E+00  0.000000E+00  0.000000E+00  0.000000E+00  0.000000E+00
  0.284082E+01 -0.634958E-02  0.120461E+00  0.000000E+00  0.000000E+00  0.000000E+00  0.000000E+00
  0.284082E+01 -0.207304E+00  0.256282E-01  0.000000E+00  0.000000E+00  0.000000E+00  0.000000E+00
  0.284082E+01 -0.825606E-01 -0.890870E-01  0.000000E+00  0.000000E+00  0.000000E+00  0.000000E+00
  0.284082E+01  0.569476E-01 -0.805483E-01  0.000000E+00  0.000000E+00  0.000000E+00  0.000000E+00
  0.284082E+01 -0.266899E-01  0.634276E-01  0.000000E+00  0.000000E+00  0.000000E+00  0.000000E+00
  0.284082E+01 -0.215861E+00  0.762820E-01  0.000000E+00  0.000000E+00  0.000000E+00  0.000000E+00
  0.284082E+01  0.575571E-01 -0.187016E-01  0.000000E+00  0.000000E+00  0.000000E+00  0.000000E+00
  0.284082E+01  0.583889E-01  0.856468E-01  0.000000E+00  0.000000E+00  0.000000E+00  0.000000E+00
  0.284082E+01  0.632107E-01 -0.486157E-02  0.000000E+00  0.000000E+00  0.000000E+00  0.000000E+00
  0.284082E+01  0.222102E-01  0.128550E+00  0.000000E+00  0.000000E+00  0.000000E+00  0.000000E+00
  0.284082E+01  0.601237E-01  0.866753E-01  0.000000E+00  0.000000E+00  0.000000E+00  0.000000E+00
  0.284082E+01 -0.140074E+00  0.154003E+00  0.000000E+00  0.000000E+00  0.000000E+00  0.000000E+00
  0.284082E+01  0.120141E-01  0.288521E-01  0.000000E+00  0.000000E+00  0.000000E+00  0.000000E+00
  0.284082E+01  0.414625E-02 -0.738556E-01  0.000000E+00  0.000000E+00  0.000000E+00  0.000000E+00
  0.284082E+01 -0.806901E-01 -0.491403E-01  0.000000E+00  0.000000E+00  0.000000E+00  0.000000E+00
  0.284082E+01  0.948948E-01 -0.339930E-01  0.000000E+00  0.000000E+00  0.000000E+00  0.000000E+00
  0.284082E+01  0.185562E+00 -0.399313E-01  0.000000E+00  0.000000E+00  0.000000E+00  0.000000E+00
  0.284082E+01  0.297679E-01  0.292091E-01  0.000000E+00  0.000000E+00  0.000000E+00  0.000000E+00
  0.284082E+01  0.210646E-01 -0.364889E-02  0.000000E+00  0.000000E+00  0.000000E+00  0.000000E+00
  0.284082E+01 -0.340018E-02  0.476145E-01  0.000000E+00  0.000000E+00  0.000000E+00  0.000000E+00
  0.284082E+01  0.209519E+00  0.915715E-01  0.000000E+00  0.000000E+00  0.000000E+00  0.000000E+00
  0.284082E+01  0.159440E+00  0.627299E-01  0.000000E+00  0.000000E+00  0.000000E+00  0.000000E+00
  0.284082E+01 -0.942406E-01 -0.638075E-01  0.000000E+00  0.000000E+00  0.000000E+00  0.000000E+00
  0.284082E+01 -0.190518E-01  0.395121E-01  0.000000E+00  0.000000E+00  0.000000E+00  0.000000E+00
  0.284082E+01 -0.120239E+00  0.167141E+00  0.000000E+00  0.000000E+00  0.000000E+00  0.000000E+00
  0.284082E+01  0.662053E-01 -0.181360E+00  0.000000E+00  0.000000E+00  0.000000E+00  0.000000E+00
  0.284082E+01 -0.256276E-01 -0.281441E-01  0.000000E+00  0.000000E+00  0.000000E+00  0.000000E+00
  0.284082E+01 -0.384400E-01  0.316492E-01  0.000000E+00  0.000000E+00  0.000000E+00  0.000000E+00
  0.284082E+01  0.119618E-01  0.146068E+00  0.000000E+00  0.000000E+00  0.000000E+00  0.000000E+00
  0.284082E+01 -0.958952E-01  0.206355E-01  0.000000E+00  0.000000E+00  0.000000E+00  0.000000E+00
  0.284082E+01 -0.938600E-01 -0.120034E+00  0.000000E+00  0.000000E+00  0.000000E+00  0.000000E+00
  0.284082E+01  0.162823E-01 -0.947180E-01  0.000000E+00  0.000000E+00  0.000000E+00  0.000000E+00
  0.284082E+01 -0.293105E-01  0.819549E-01  0.000000E+00  0.000000E+00  0.000000E+00  0.000000E+00
  0.284082E+01  0.131758E+00 -0.117419E+00  0.000000E+00  0.000000E+00  0.000000E+00  0.000000E+00
  0.284082E+01 -0.460908E-01  0.295776E-01  0.000000E+00  0.000000E+00  0.000000E+00  0.000000E+00
  0.284082E+01  0.243763E+00 -0.409169E-01  0.000000E+00  0.000000E+00  0.000000E+00  0.000000E+00
  0.284082E+01 -0.153385E+00  0.452620E-01  0.000000E+00  0.000000E+00  0.000000E+00  0.000000E+00
  0.284082E+01  0.130503E-01  0.253480E-01  0.000000E+00  0.000000E+00  0.000000E+00  0.000000E+00
  0.284082E+01 -0.153376E+00 -0.185079E-02  0.000000E+00  0.000000E+00  0.000000E+00  0.000000E+00
