  0.245610E+01  0.161071E-01  0.290311E+00  0.000000E+00  0.000000E+00  0.000000E+00  0.000000E+00
  0.187497E+01  0.228140E+00 -0.480219E-02  0.000000E+00  0.000000E+00  0.000000E+00  0.000000E+00
  0.267165E+01  0.884979E-02 -0.406059E+00  0.000000E+00  0.000000E+00  0.000000E+00  0.000000E+00
  0.177319E+01  0.181585E+00 -0.119443E-01  0.000000E+00  0.000000E+00  0.000000E+00  0.000000E+00
  0.244969E+01  0.902661E-02  0.352477E+00  0.000000E+00  0.000000E+00  0.000000E+00  0.000000E+00
  0.272507E+01  0.850047E-02 -0.421023E+00  0.000000E+00  0.000000E+00  0.000000E+00  0.000000E+00
  0.199634E+01  0.631440E-02 -0.254663E+00  0.000000E+00  0.000000E+00  0.000000E+00  0.000000E+00
  0.163512E+01  0.108660E-02  0.171582E+00  0.000000E+00  0.000000E+00  0.000000E+00  0.000000E+00
  0.234279E+01  0.348167E+00 -0.312000E-02  0.000000E+00  0.000000E+00  0.000000E+00  0.000000E+00
  0.219706E+01  0.271680E+00  0.125363E-01  0.000000E+00  0.000000E+00  0.000000E+00  0.000000E+00
  0.247949E+01 -0.549217E-02  0.376102E+00  0.000000E+00  0.000000E+00  0.000000E+00  0.000000E+00
  0.196791E+01  0.246087E+00  0.688986E-02  0.000000E+00  0.000000E+00  0.000000E+00  0.000000E+00
  0.258364E+01  0.296549E+00  0.173500E-01  0.000000E+00  0.000000E+00  0.000000E+00  0.000000E+00
  0.272538E+01  0.407654E+00 -0.103433E-01  0.000000E+00  0.000000E+00  0.000000E+00  0.000000E+00
  0.246713E+01 -0.291691E+00 -0.161656E-01  0.000000E+00  0.000000E+00  0.000000E+00  0.000000E+00
  0.173155E+01  0.416991E-02  0.193411E+00  0.000000E+00  0.000000E+00  0.000000E+00  0.000000E+00
  0.254455E+01 -0.111329E-01 -0.359934E+00  0.000000E+00  0.000000E+00  0.000000E+00  0.000000E+00
  0.211826E+01 -0.267176E+00  0.104439E-01  0.000000E+00  0.000000E+00  0.000000E+00  0.000000E+00
  0.178548E+01 -0.193600E+00 -0.963629E-02  0.000000E+00  0.000000E+00  0.000000E+00  0.000000E+00
  0.220572E+01 -0.316044E+00  0.807060E-03  0.000000E+00  0.000000E+00  0.000000E+00  0.000000E+00
  0.277656E+01  0.436454E-02 -0.453656E+00  0.000000E+00  0.000000E+00  0.000000E+00  0.000000E+00
  0.277242E+01  0.458772E+00  0.157397E-02  0.000000E+00  0.000000E+00  0.000000E+00  0.000000E+00
  0.242896E+01  0.117458E-01 -0.329027E+00  0.000000E+00  0.000000E+00  0.000000E+00  0.000000E+00
  0.245788E+01  0.378523E+00 -0.223851E-02  0.000000E+00  0.000000E+00  0.000000E+00  0.000000E+00
  0.234726E+01 -0.158844E-01  0.271849E+00  0.000000E+00  0.000000E+00  0.000000E+00  0.000000E+00
  0.283013E+01 -0.137366E-01 -0.396280E+00  0.000000E+00  0.000000E+00  0.000000E+00  0.000000E+00
  0.242194E+01 -0.115544E-01 -0.328954E+00  0.000000E+00  0.000000E+00  0.000000E+00  0.000000E+00
  0.176114E+01  0.198631E+00  0.551597E-02  0.000000E+00  0.000000E+00  0.000000E+00  0.000000E+00
  0.251013E+01  0.130737E-02 -0.392739E+00  0.000000E+00  0.000000E+00  0.000000E+00  0.000000E+00
  0.248274E+01  0.118662E-03  0.386339E+00  0.000000E+00  0.000000E+00  0.000000E+00  0.000000E+00
  0.204066E+01  0.250131E+00  0.102830E-01  0.000000E+00  0.000000E+00  0.000000E+00  0.000000E+00
  0.245373E+01 -0.245136E+00  0.190665E-01  0.000000E+00  0.000000E+00  0.000000E+00  0.000000E+00
  0.162600E+01 -0.365806E-02 -0.167612E+00  0.000000E+00  0.000000E+00  0.000000E+00  0.000000E+00
  0.224134E+01  0.132047E-01  0.276159E+00  0.000000E+00  0.000000E+00  0.000000E+00  0.000000E+00
  0.193499E+01  0.123477E-01 -0.215349E+00  0.000000E+00  0.000000E+00  0.000000E+00  0.000000E+00
  0.224658E+01  0.325581E+00 -0.192733E-02  0.000000E+00  0.000000E+00  0.000000E+00  0.000000E+00
  0.174077E+01 -0.282499E-02 -0.197223E+00  0.000000E+00  0.000000E+00  0.000000E+00  0.000000E+00
  0.248085E+01 -0.291594E+00  0.163732E-01  0.000000E+00  0.000000E+00  0.000000E+00  0.000000E+00
  0.229289E+01  0.409893E-03  0.338231E+00  0.000000E+00  0.000000E+00  0.000000E+00  0.000000E+00
  0.272905E+01 -0.157424E-01 -0.348572E+00  0.000000E+00  0.000000E+00  0.000000E+00  0.000000E+00
  0.242420E+01 -0.335567E+00 -0.107294E-01  0.000000E+00  0.000000E+00  0.000000E+00  0.000000E+00
  0.278920E+01 -0.399535E+00 -0.127069E-01  0.000000E+00  0.000000E+00  0.000000E+00  0.000000E+00
  0.201457E+01 -0.234559E+00 -0.120654E-01  0.000000E+00  0.000000E+00  0.000000E+00  0.000000E+00
  0.280883E+01 -0.668261E-02  0.451841E+00  0.000000E+00  0.000000E+00  0.000000E+00  0.000000E+00
  0.183193E+01 -0.208399E+00  0.849195E-02  0.000000E+00  0.000000E+00  0.000000E+00  0.000000E+00
  0.208185E+01  0.142646E-01  0.233928E+00  0.000000E+00  0.000000E+00  0.000000E+00  0.000000E+00
  0.258987E+01 -0.303205E+00  0.169969E-01  0.000000E+00  0.000000E+00  0.000000E+00  0.000000E+00
  0.185263E+01 -0.968583E-02  0.209100E+00  0.000000E+00  0.000000E+00  0.000000E+00  0.000000E+00
  0.190629E+01  0.152217E-01 -0.190701E+00  0.000000E+00  0.000000E+00  0.000000E+00  0.000000E+00
  0.169006E+01  0.172558E+00  0.922342E-02  0.000000E+00  0.000000E+00  0.000000E+00  0.000000E+00
  0.164013E+01 -0.171950E+00  0.276665E-02  0.000000E+00  0.000000E+00  0.000000E+00  0.000000E+00
  0.185653E+01  0.109155E-02  0.227585E+00  0.000000E+00  0.000000E+00  0.000000E+00  0.000000E+00
  0.239609E+01 -0.272955E+00 -0.165631E-01  0.000000E+00  0.000000E+00  0.000000E+00  0.000000E+00
  0.216887E+01 -0.220067E+00  0.174238E-01  0.000000E+00  0.000000E+00  0.000000E+00  0.000000E+00
  0.229588E+01  0.111000E-02  0.338699E+00  0.000000E+00  0.000000E+00  0.000000E+00  0.000000E+00
  0.249621E+01 -0.354862E+00  0.103389E-01  0.000000E+00  0.000000E+00  0.000000E+00  0.000000E+00
  0.259179E+01  0.190066E-01  0.268909E+00  0.000000E+00  0.000000E+00  0.000000E+00  0.000000E+00
  0.241226E+01  0.998879E-02 -0.337808E+00  0.000000E+00  0.000000E+00  0.000000E+00  0.000000E+00
  0.165984E+01 -0.586466E-02 -0.173036E+00  0.000000E+00  0.000000E+00  0.000000E+00  0.000000E+00
  0.243376E+01  0.135758E-01  0.314005E+00  0.000000E+00  0.000000E+00  0.000000E+00  0.000000E+00
  0.177537E+01  0.102290E-01 -0.189111E+00  0.000000E+00  0.000000E+00  0.000000E+00  0.000000E+00
  0.166311E+01  0.454295E-02  0.175854E+00  0.000000E+00  0.000000E+00  0.000000E+00  0.000000E+00
  0.231525E+01 -0.183012E-01  0.234310E+00  0.000000E+00  0.000000E+00  0.000000E+00  0.000000E+00
  0.257980E+01 -0.346708E+00 -0.134186E-01  0.000000E+00  0.000000E+00  0.000000E+00  0.000000E+00
  0.177385E+01 -0.200541E+00 -0.613591E-02  0.000000E+00  0.000000E+00  0.000000E+00  0.000000E+00
  0.230082E+01 -0.145055E-01 -0.277149E+00  0.000000E+00  0.000000E+00  0.000000E+00  0.000000E+00
  0.192438E+01 -0.211388E+00 -0.126352E-01  0.000000E+00  0.000000E+00  0.000000E+00  0.000000E+00
  0.277245E+01  0.401153E+00  0.122083E-01  0.000000E+00  0.000000E+00  0.000000E+00  0.000000E+00
  0.212731E+01  0.217689E+00 -0.169639E-01  0.000000E+00  0.000000E+00  0.000000E+00  0.000000E+00
  0.256549E+01 -0.362533E+00 -0.113940E-01  0.000000E+00  0.000000E+00  0.000000E+00  0.000000E+00
  0.210079E+01 -0.228813E+00 -0.153282E-01  0.000000E+00  0.000000E+00  0.000000E+00  0.000000E+00
  0.238737E+01  0.108286E-01  0.326458E+00  0.000000E+00  0.000000E+00  0.000000E+00  0.000000E+00
  0.185211E+01 -0.224831E+00 -0.318913E-02  0.000000E+00  0.000000E+00  0.000000E+00  0.000000E+00
  0.230839E+01 -0.233063E+00  0.183055E-01  0.000000E+00  0.000000E+00  0.000000E+00  0.000000E+00
  0.266129E+01 -0.293737E+00  0.183150E-01  0.000000E+00  0.000000E+00  0.000000E+00  0.000000E+00
  0.166283E+01 -0.630654E-02 -0.172978E+00  0.000000E+00  0.000000E+00  0.000000E+00  0.000000E+00
  0.202851E+01 -0.241202E+00 -0.114516E-01  0.000000E+00  0.000000E+00  0.000000E+00  0.000000E+00
  0.283198E+01  0.128348E-01 -0.407419E+00  0.000000E+00  0.000000E+00  0.000000E+00  0.000000E+00
  0.186865E+01  0.139973E-01 -0.191292E+00  0.000000E+00  0.000000E+00  0.000000E+00  0.000000E+00
  0.270666E+01  0.194391E-01 -0.278582E+00  0.000000E+00  0.000000E+00  0.000000E+00  0.000000E+00
  0.264145E+01 -0.284996E+00  0.185999E-01  0.000000E+00  0.000000E+00  0.000000E+00  0.000000E+00
  0.174663E+01 -0.513510E-02 -0.195712E+00  0.000000E+00  0.000000E+00  0.000000E+00  0.000000E+00
  0.192128E+01 -0.193092E+00 -0.153040E-01  0.000000E+00  0.000000E+00  0.000000E+00  0.000000E+00
  0.264980E+01  0.340876E+00  0.151571E-01  0.000000E+00  0.000000E+00  0.000000E+00  0.000000E+00
  0.243805E+01 -0.692206E-02  0.360367E+00  0.000000E+00  0.000000E+00  0.000000E+00  0.000000E+00
  0.167270E+01 -0.831296E-02 -0.170944E+00  0.000000E+00  0.000000E+00  0.000000E+00  0.000000E+00
  0.181456E+01 -0.529699E-02  0.212245E+00  0.000000E+00  0.000000E+00  0.000000E+00  0.000000E+00
  0.252583E+01 -0.183455E-01  0.269872E+00  0.000000E+00  0.000000E+00  0.000000E+00  0.000000E+00
  0.280776E+01  0.297772E+00 -0.193044E-01  0.000000E+00  0.000000E+00  0.000000E+00  0.000000E+00
  0.224226E+01  0.277795E+00  0.130254E-01  0.000000E+00  0.000000E+00  0.000000E+00  0.000000E+00
  0.184836E+01 -0.215747E+00  0.735359E-02  0.000000E+00  0.000000E+00  0.000000E+00  0.000000E+00
  0.264812E+01 -0.913851E-02 -0.398579E+00  0.000000E+00  0.000000E+00  0.000000E+00  0.000000E+00
  0.177708E+01  0.978227E-02  0.191127E+00  0.000000E+00  0.000000E+00  0.000000E+00  0.000000E+00
  0.184486E+01  0.224353E+00 -0.165346E-02  0.000000E+00  0.000000E+00  0.000000E+00  0.000000E+00
  0.216225E+01 -0.215194E+00 -0.177280E-01  0.000000E+00  0.000000E+00  0.000000E+00  0.000000E+00
  0.245861E+01  0.170113E-01  0.278633E+00  0.000000E+00  0.000000E+00  0.000000E+00  0.000000E+00
  0.283725E+01 -0.116237E-01 -0.421506E+00  0.000000E+00  0.000000E+00  0.000000E+00  0.000000E+00
  0.218318E+01 -0.298721E+00  0.682115E-02  0.000000E+00  0.000000E+00  0.000000E+00  0.000000E+00
  0.254418E+01  0.357618E+00 -0.114076E-01  0.000000E+00  0.000000E+00  0.000000E+00  0.000000E+00
  0.181745E+01  0.424712E-02 -0.214738E+00  0.000000E+00  0.000000E+00  0.000000E+00  0.000000E+00
  0.219026E+01 -0.106402E-01  0.282596E+00  0.000000E+00  0.000000E+00  0.000000E+00  0.000000E+00
  0.167002E+01  0.180542E+00  0.513118E-03  0.000000E+00  0.000000E+00  0.000000E+00  0.000000E+00
  0.272112E+01  0.273984E+00  0.197451E-01  0.000000E+00  0.000000E+00  0.000000E+00  0.000000E+00
  0.283359E+01 -0.129510E-01 -0.406441E+00  0.000000E+00  0.000000E+00  0.000000E+00  0.000000E+00
  0.206060E+01 -0.253972E+00  0.104324E-01  0.000000E+00  0.000000E+00  0.000000E+00  0.000000E+00
  0.217966E+01  0.259054E+00 -0.136912E-01  0.000000E+00  0.000000E+00  0.000000E+00  0.000000E+00
  0.269999E+01 -0.301065E+00 -0.182803E-01  0.000000E+00  0.000000E+00  0.000000E+00  0.000000E+00
  0.278944E+01  0.433923E+00 -0.885353E-02  0.000000E+00  0.000000E+00  0.000000E+00  0.000000E+00
  0.240485E+01  0.186854E-01  0.243569E+00  0.000000E+00  0.000000E+00  0.000000E+00  0.000000E+00
  0.259454E+01  0.318519E+00  0.160062E-01  0.000000E+00  0.000000E+00  0.000000E+00  0.000000E+00
  0.184474E+01  0.216100E+00  0.689354E-02  0.000000E+00  0.000000E+00  0.000000E+00  0.000000E+00
  0.235254E+01 -0.473087E-02  0.346995E+00  0.000000E+00  0.000000E+00  0.000000E+00  0.000000E+00
  0.217596E+01 -0.115546E-01 -0.273727E+00  0.000000E+00  0.000000E+00  0.000000E+00  0.000000E+00
  0.230399E+01  0.317005E+00  0.922735E-02  0.000000E+00  0.000000E+00  0.000000E+00  0.000000E+00
  0.213720E+01  0.267058E+00  0.112222E-01  0.000000E+00  0.000000E+00  0.000000E+00  0.000000E+00
  0.251763E+01 -0.379785E+00  0.690950E-02  0.000000E+00  0.000000E+00  0.000000E+00  0.000000E+00
  0.210711E+01  0.221074E+00  0.162751E-01  0.000000E+00  0.000000E+00  0.000000E+00  0.000000E+00
  0.216099E+01  0.424656E-04  0.304884E+00  0.000000E+00  0.000000E+00  0.000000E+00  0.000000E+00
  0.210749E+01 -0.214628E+00  0.169055E-01  0.000000E+00  0.000000E+00  0.000000E+00  0.000000E+00
  0.249576E+01  0.265927E+00 -0.182723E-01  0.000000E+00  0.000000E+00  0.000000E+00  0.000000E+00
  0.211035E+01  0.143624E-01  0.239055E+00  0.000000E+00  0.000000E+00  0.000000E+00  0.000000E+00
  0.222773E+01 -0.321191E+00 -0.151482E-02  0.000000E+00  0.000000E+00  0.000000E+00  0.000000E+00
  0.196037E+01  0.145339E-01  0.206741E+00  0.000000E+00  0.000000E+00  0.000000E+00  0.000000E+00
  0.194707E+01  0.118415E-01  0.220814E+00  0.000000E+00  0.000000E+00  0.000000E+00  0.000000E+00
  0.281057E+01  0.758767E-02 -0.447204E+00  0.000000E+00  0.000000E+00  0.000000E+00  0.000000E+00
  0.177895E+01  0.199286E+00 -0.722135E-02  0.000000E+00  0.000000E+00  0.000000E+00  0.000000E+00
  0.212361E+01 -0.107117E-02 -0.295148E+00  0.000000E+00  0.000000E+00  0.000000E+00  0.000000E+00
  0.221825E+01 -0.260495E+00  0.144644E-01  0.000000E+00  0.000000E+00  0.000000E+00  0.000000E+00
  0.210275E+01  0.279368E+00  0.674828E-02  0.000000E+00  0.000000E+00  0.000000E+00  0.000000E+00
  0.216628E+01 -0.105978E-01 -0.277347E+00  0.000000E+00  0.000000E+00  0.000000E+00  0.000000E+00
  0.230762E+01 -0.298733E-02  0.339555E+00  0.000000E+00  0.000000E+00  0.000000E+00  0.000000E+00
  0.261719E+01 -0.262462E+00 -0.195289E-01  0.000000E+00  0.000000E+00  0.000000E+00  0.000000E+00
  0.249669E+01 -0.917823E-02 -0.362651E+00  0.000000E+00  0.000000E+00  0.000000E+00  0.000000E+00
  0.267067E+01 -0.407893E+00 -0.852868E-02  0.000000E+00  0.000000E+00  0.000000E+00  0.000000E+00
  0.281677E+01 -0.389695E+00 -0.140354E-01  0.000000E+00  0.000000E+00  0.000000E+00  0.000000E+00
  0.275014E+01  0.365796E+00 -0.148101E-01  0.000000E+00  0.000000E+00  0.000000E+00  0.000000E+00
  0.232114E+01 -0.344009E+00  0.226539E-02  0.000000E+00  0.000000E+00  0.000000E+00  0.000000E+00
  0.249314E+01 -0.387775E+00  0.196338E-02  0.000000E+00  0.000000E+00  0.000000E+00  0.000000E+00
  0.279156E+01 -0.378885E+00  0.144644E-01  0.000000E+00  0.000000E+00  0.000000E+00  0.000000E+00
  0.264531E+01 -0.195469E-01 -0.266518E+00  0.000000E+00  0.000000E+00  0.000000E+00  0.000000E+00
  0.192067E+01 -0.878865E-02  0.228463E+00  0.000000E+00  0.000000E+00  0.000000E+00  0.000000E+00
  0.255862E+01  0.166898E-01 -0.301947E+00  0.000000E+00  0.000000E+00  0.000000E+00  0.000000E+00
  0.213979E+01  0.153791E-01  0.236138E+00  0.000000E+00  0.000000E+00  0.000000E+00  0.000000E+00
  0.255426E+01  0.253967E+00 -0.194567E-01  0.000000E+00  0.000000E+00  0.000000E+00  0.000000E+00
  0.254652E+01  0.137933E-01  0.335685E+00  0.000000E+00  0.000000E+00  0.000000E+00  0.000000E+00
  0.197936E+01 -0.199198E+00 -0.159691E-01  0.000000E+00  0.000000E+00  0.000000E+00  0.000000E+00
  0.221772E+01  0.301612E+00 -0.819379E-02  0.000000E+00  0.000000E+00  0.000000E+00  0.000000E+00
  0.190262E+01 -0.118520E-02  0.239201E+00  0.000000E+00  0.000000E+00  0.000000E+00  0.000000E+00
  0.177229E+01 -0.203244E+00 -0.440436E-02  0.000000E+00  0.000000E+00  0.000000E+00  0.000000E+00
  0.268054E+01  0.435683E+00  0.145319E-02  0.000000E+00  0.000000E+00  0.000000E+00  0.000000E+00
  0.222737E+01 -0.240081E+00 -0.166399E-01  0.000000E+00  0.000000E+00  0.000000E+00  0.000000E+00
  0.230400E+01 -0.300714E+00  0.117987E-01  0.000000E+00  0.000000E+00  0.000000E+00  0.000000E+00
  0.256520E+01  0.165975E-01  0.304528E+00  0.000000E+00  0.000000E+00  0.000000E+00  0.000000E+00
  0.180349E+01 -0.231587E-02 -0.213452E+00  0.000000E+00  0.000000E+00  0.000000E+00  0.000000E+00
  0.262847E+01 -0.694126E-02  0.406599E+00  0.000000E+00  0.000000E+00  0.000000E+00  0.000000E+00
  0.269006E+01 -0.267655E+00  0.198115E-01  0.000000E+00  0.000000E+00  0.000000E+00  0.000000E+00
  0.189130E+01 -0.208300E+00  0.118570E-01  0.000000E+00  0.000000E+00  0.000000E+00  0.000000E+00
  0.175320E+01 -0.198354E+00  0.449421E-02  0.000000E+00  0.000000E+00  0.000000E+00  0.000000E+00
  0.239176E+01 -0.319546E+00 -0.118954E-01  0.000000E+00  0.000000E+00  0.000000E+00  0.000000E+00
  0.176384E+01 -0.181914E+00 -0.113854E-01  0.000000E+00  0.000000E+00  0.000000E+00  0.000000E+00
  0.223085E+01 -0.303912E+00  0.837928E-02  0.000000E+00  0.000000E+00  0.000000E+00  0.000000E+00
  0.214219E+01 -0.508154E-02 -0.293859E+00  0.000000E+00  0.000000E+00  0.000000E+00  0.000000E+00
  0.270825E+01 -0.420173E+00 -0.799112E-02  0.000000E+00  0.000000E+00  0.000000E+00  0.000000E+00
  0.215829E+01 -0.131654E-02  0.303778E+00  0.000000E+00  0.000000E+00  0.000000E+00  0.000000E+00
  0.234425E+01 -0.235161E+00  0.185717E-01  0.000000E+00  0.000000E+00  0.000000E+00  0.000000E+00
  0.194028E+01 -0.205408E+00 -0.141314E-01  0.000000E+00  0.000000E+00  0.000000E+00  0.000000E+00
  0.267347E+01 -0.166819E-01  0.323719E+00  0.000000E+00  0.000000E+00  0.000000E+00  0.000000E+00
  0.220042E+01  0.158666E-03  0.314859E+00  0.000000E+00  0.000000E+00  0.000000E+00  0.000000E+00
  0.228018E+01  0.171292E-01  0.244052E+00  0.000000E+00  0.000000E+00  0.000000E+00  0.000000E+00
  0.199650E+01  0.145337E-01  0.214186E+00  0.000000E+00  0.000000E+00  0.000000E+00  0.000000E+00
  0.230953E+01  0.335650E+00 -0.497112E-02  0.000000E+00  0.000000E+00  0.000000E+00  0.000000E+00
  0.221772E+01  0.318610E+00 -0.157885E-02  0.000000E+00  0.000000E+00  0.000000E+00  0.000000E+00
  0.242506E+01  0.736211E-02  0.355255E+00  0.000000E+00  0.000000E+00  0.000000E+00  0.000000E+00
  0.234599E+01 -0.323219E+00  0.985844E-02  0.000000E+00  0.000000E+00  0.000000E+00  0.000000E+00
  0.212893E+01  0.269439E+00  0.104790E-01  0.000000E+00  0.000000E+00  0.000000E+00  0.000000E+00
  0.206758E+01  0.165642E-01 -0.210645E+00  0.000000E+00  0.000000E+00  0.000000E+00  0.000000E+00
  0.251840E+01  0.359856E+00 -0.103558E-01  0.000000E+00  0.000000E+00  0.000000E+00  0.000000E+00
  0.170461E+01 -0.177155E+00 -0.882300E-02  0.000000E+00  0.000000E+00  0.000000E+00  0.000000E+00
  0.189758E+01 -0.103364E-01 -0.216881E+00  0.000000E+00  0.000000E+00  0.000000E+00  0.000000E+00
  0.251857E+01  0.259320E+00 -0.188730E-01  0.000000E+00  0.000000E+00  0.000000E+00  0.000000E+00
  0.165334E+01  0.430893E-02  0.173718E+00  0.000000E+00  0.000000E+00  0.000000E+00  0.000000E+00
  0.210738E+01 -0.214221E+00 -0.169417E-01  0.000000E+00  0.000000E+00  0.000000E+00  0.000000E+00
  0.267212E+01 -0.194952E-01  0.271873E+00  0.000000E+00  0.000000E+00  0.000000E+00  0.000000E+00
  0.272714E+01 -0.149193E-01  0.359656E+00  0.000000E+00  0.000000E+00  0.000000E+00  0.000000E+00
  0.195239E+01 -0.230933E+00  0.100215E-01  0.000000E+00  0.000000E+00  0.000000E+00  0.000000E+00
  0.232642E+01  0.185221E-01  0.232899E+00  0.000000E+00  0.000000E+00  0.000000E+00  0.000000E+00
  0.282533E+01  0.472370E+00  0.136919E-02  0.000000E+00  0.000000E+00  0.000000E+00  0.000000E+00
  0.222265E+01 -0.237512E-02 -0.319045E+00  0.000000E+00  0.000000E+00  0.000000E+00  0.000000E+00
  0.161270E+01 -0.142427E-03  0.166066E+00  0.000000E+00  0.000000E+00  0.000000E+00  0.000000E+00
  0.182164E+01  0.129658E-01  0.187216E+00  0.000000E+00  0.000000E+00  0.000000E+00  0.000000E+00
  0.202732E+01 -0.254375E+00  0.863135E-02  0.000000E+00  0.000000E+00  0.000000E+00  0.000000E+00
  0.269131E+01  0.271538E+00 -0.196480E-01  0.000000E+00  0.000000E+00  0.000000E+00  0.000000E+00
  0.252126E+01 -0.129292E-01  0.339011E+00  0.000000E+00  0.000000E+00  0.000000E+00  0.000000E+00
  0.246058E+01 -0.379881E+00  0.167138E-02  0.000000E+00  0.000000E+00  0.000000E+00  0.000000E+00
  0.256806E+01  0.406416E+00  0.216117E-02  0.000000E+00  0.000000E+00  0.000000E+00  0.000000E+00
  0.232072E+01 -0.158485E-01  0.267068E+00  0.000000E+00  0.000000E+00  0.000000E+00  0.000000E+00
  0.203345E+01  0.902449E-02  0.254213E+00  0.000000E+00  0.000000E+00  0.000000E+00  0.000000E+00
  0.220769E+01  0.140982E-02 -0.316202E+00  0.000000E+00  0.000000E+00  0.000000E+00  0.000000E+00
  0.189293E+01 -0.940835E-02  0.219593E+00  0.000000E+00  0.000000E+00  0.000000E+00  0.000000E+00
  0.281785E+01  0.851881E-02 -0.442986E+00  0.000000E+00  0.000000E+00  0.000000E+00  0.000000E+00
  0.166340E+01 -0.957114E-03  0.178773E+00  0.000000E+00  0.000000E+00  0.000000E+00  0.000000E+00
  0.213894E+01 -0.279930E+00  0.884755E-02  0.000000E+00  0.000000E+00  0.000000E+00  0.000000E+00
  0.182518E+01 -0.739654E-02  0.210022E+00  0.000000E+00  0.000000E+00  0.000000E+00  0.000000E+00
  0.270125E+01  0.188417E-01  0.290288E+00  0.000000E+00  0.000000E+00  0.000000E+00  0.000000E+00
  0.250915E+01 -0.392358E+00  0.146190E-02  0.000000E+00  0.000000E+00  0.000000E+00  0.000000E+00
  0.278110E+01 -0.276920E+00 -0.200085E-01  0.000000E+00  0.000000E+00  0.000000E+00  0.000000E+00
  0.264929E+01 -0.128528E-01  0.367543E+00  0.000000E+00  0.000000E+00  0.000000E+00  0.000000E+00
  0.242882E+01  0.355073E+00  0.759588E-02  0.000000E+00  0.000000E+00  0.000000E+00  0.000000E+00
  0.281648E+01  0.196320E-01  0.291516E+00  0.000000E+00  0.000000E+00  0.000000E+00  0.000000E+00
  0.224009E+01 -0.261016E+00  0.148877E-01  0.000000E+00  0.000000E+00  0.000000E+00  0.000000E+00
  0.200375E+01  0.235326E+00  0.115069E-01  0.000000E+00  0.000000E+00  0.000000E+00  0.000000E+00
  0.266425E+01  0.380488E+00  0.118672E-01  0.000000E+00  0.000000E+00  0.000000E+00  0.000000E+00
  0.236916E+01  0.375940E-02 -0.353522E+00  0.000000E+00  0.000000E+00  0.000000E+00  0.000000E+00
  0.257271E+01  0.382257E-02 -0.404312E+00  0.000000E+00  0.000000E+00  0.000000E+00  0.000000E+00
  0.213450E+01  0.323737E-02  0.295667E+00  0.000000E+00  0.000000E+00  0.000000E+00  0.000000E+00
  0.202743E+01 -0.222498E+00  0.142800E-01  0.000000E+00  0.000000E+00  0.000000E+00  0.000000E+00
  0.185511E+01  0.109944E-01 -0.204267E+00  0.000000E+00  0.000000E+00  0.000000E+00  0.000000E+00
  0.210927E+01  0.140529E-01 -0.241326E+00  0.000000E+00  0.000000E+00  0.000000E+00  0.000000E+00
  0.185898E+01  0.218046E+00 -0.744945E-02  0.000000E+00  0.000000E+00  0.000000E+00  0.000000E+00
  0.233591E+01  0.230411E+00 -0.187842E-01  0.000000E+00  0.000000E+00  0.000000E+00  0.000000E+00
  0.251349E+01 -0.165229E-01  0.295777E+00  0.000000E+00  0.000000E+00  0.000000E+00  0.000000E+00
  0.283951E+01 -0.342111E+00  0.174085E-01  0.000000E+00  0.000000E+00  0.000000E+00  0.000000E+00
  0.210930E+01  0.233789E+00  0.149597E-01  0.000000E+00  0.000000E+00  0.000000E+00  0.000000E+00
  0.244011E+01  0.370955E+00  0.389907E-02  0.000000E+00  0.000000E+00  0.000000E+00  0.000000E+00
  0.171048E+01 -0.844101E-02 -0.179619E+00  0.000000E+00  0.000000E+00  0.000000E+00  0.000000E+00
  0.235322E+01 -0.330990E+00 -0.878775E-02  0.000000E+00  0.000000E+00  0.000000E+00  0.000000E+00
  0.171363E+01  0.191410E+00 -0.117584E-02  0.000000E+00  0.000000E+00  0.000000E+00  0.000000E+00
  0.184795E+01  0.709957E-02  0.216340E+00  0.000000E+00  0.000000E+00  0.000000E+00  0.000000E+00
  0.252084E+01 -0.690518E-02  0.380584E+00  0.000000E+00  0.000000E+00  0.000000E+00  0.000000E+00
  0.263564E+01 -0.424096E+00 -0.167764E-02  0.000000E+00  0.000000E+00  0.000000E+00  0.000000E+00
  0.193658E+01  0.358297E-02 -0.245508E+00  0.000000E+00  0.000000E+00  0.000000E+00  0.000000E+00
  0.223864E+01  0.317890E+00  0.503586E-02  0.000000E+00  0.000000E+00  0.000000E+00  0.000000E+00
  0.169655E+01  0.973757E-02  0.172505E+00  0.000000E+00  0.000000E+00  0.000000E+00  0.000000E+00
  0.255011E+01 -0.316863E+00  0.154722E-01  0.000000E+00  0.000000E+00  0.000000E+00  0.000000E+00
  0.248789E+01  0.333198E+00 -0.127768E-01  0.000000E+00  0.000000E+00  0.000000E+00  0.000000E+00
  0.244703E+01 -0.140090E-01 -0.312500E+00  0.000000E+00  0.000000E+00  0.000000E+00  0.000000E+00
  0.215797E+01  0.168217E-01 -0.224976E+00  0.000000E+00  0.000000E+00  0.000000E+00  0.000000E+00
  0.178518E+01 -0.187666E+00 -0.111634E-01  0.000000E+00  0.000000E+00  0.000000E+00  0.000000E+00
  0.257597E+01  0.283449E+00 -0.180611E-01  0.000000E+00  0.000000E+00  0.000000E+00  0.000000E+00
  0.255537E+01  0.134097E-01  0.341581E+00  0.000000E+00  0.000000E+00  0.000000E+00  0.000000E+00
  0.194168E+01  0.133036E-01  0.211121E+00  0.000000E+00  0.000000E+00  0.000000E+00  0.000000E+00
  0.262481E+01 -0.362166E+00  0.128587E-01  0.000000E+00  0.000000E+00  0.000000E+00  0.000000E+00
  0.211473E+01 -0.281307E+00  0.704034E-02  0.000000E+00  0.000000E+00  0.000000E+00  0.000000E+00
  0.192401E+01  0.405666E-03 -0.244854E+00  0.000000E+00  0.000000E+00  0.000000E+00  0.000000E+00
  0.175684E+01  0.201857E-02  0.201900E+00  0.000000E+00  0.000000E+00  0.000000E+00  0.000000E+00
  0.248890E+01 -0.376695E+00  0.596647E-02  0.000000E+00  0.000000E+00  0.000000E+00  0.000000E+00
  0.216785E+01 -0.304966E+00 -0.259325E-02  0.000000E+00  0.000000E+00  0.000000E+00  0.000000E+00
  0.196939E+01  0.162006E-02 -0.255835E+00  0.000000E+00  0.000000E+00  0.000000E+00  0.000000E+00
  0.274253E+01  0.183114E-01  0.307808E+00  0.000000E+00  0.000000E+00  0.000000E+00  0.000000E+00
  0.255003E+01 -0.391394E+00  0.604895E-02  0.000000E+00  0.000000E+00  0.000000E+00  0.000000E+00
  0.250185E+01 -0.357953E+00  0.100831E-01  0.000000E+00  0.000000E+00  0.000000E+00  0.000000E+00
  0.204247E+01 -0.115797E-01  0.243614E+00  0.000000E+00  0.000000E+00  0.000000E+00  0.000000E+00
  0.191382E+01 -0.240864E+00 -0.272209E-02  0.000000E+00  0.000000E+00  0.000000E+00  0.000000E+00
  0.277197E+01  0.611314E-02  0.445619E+00  0.000000E+00  0.000000E+00  0.000000E+00  0.000000E+00
  0.199781E+01 -0.216963E+00  0.141950E-01  0.000000E+00  0.000000E+00  0.000000E+00  0.000000E+00
  0.241574E+01 -0.243357E+00 -0.188074E-01  0.000000E+00  0.000000E+00  0.000000E+00  0.000000E+00
  0.248164E+01  0.330101E+00 -0.129641E-01  0.000000E+00  0.000000E+00  0.000000E+00  0.000000E+00
  0.253628E+01 -0.327300E+00  0.143641E-01  0.000000E+00  0.000000E+00  0.000000E+00  0.000000E+00
  0.224020E+01  0.257004E+00  0.152975E-01  0.000000E+00  0.000000E+00  0.000000E+00  0.000000E+00
  0.267061E+01  0.180649E-01 -0.299948E+00  0.000000E+00  0.000000E+00  0.000000E+00  0.000000E+00
  0.264639E+01  0.383765E+00 -0.110448E-01  0.000000E+00  0.000000E+00  0.000000E+00  0.000000E+00
  0.239107E+01  0.165233E-01 -0.272513E+00  0.000000E+00  0.000000E+00  0.000000E+00  0.000000E+00
  0.260183E+01  0.402675E+00  0.638635E-02  0.000000E+00  0.000000E+00  0.000000E+00  0.000000E+00
  0.231735E+01 -0.120545E-01 -0.301780E+00  0.000000E+00  0.000000E+00  0.000000E+00  0.000000E+00
  0.214330E+01  0.874793E-02 -0.281414E+00  0.000000E+00  0.000000E+00  0.000000E+00  0.000000E+00
  0.268541E+01 -0.194213E-01 -0.275583E+00  0.000000E+00  0.000000E+00  0.000000E+00  0.000000E+00
  0.255551E+01  0.390039E+00  0.668271E-02  0.000000E+00  0.000000E+00  0.000000E+00  0.000000E+00
  0.238007E+01  0.268629E+00  0.166635E-01  0.000000E+00  0.000000E+00  0.000000E+00  0.000000E+00
  0.199993E+01 -0.468710E-02 -0.259423E+00  0.000000E+00  0.000000E+00  0.000000E+00  0.000000E+00
  0.188764E+01  0.114516E-02  0.235430E+00  0.000000E+00  0.000000E+00  0.000000E+00  0.000000E+00
  0.187987E+01  0.213582E+00 -0.101500E-01  0.000000E+00  0.000000E+00  0.000000E+00  0.000000E+00
  0.224042E+01  0.150247E-01  0.259754E+00  0.000000E+00  0.000000E+00  0.000000E+00  0.000000E+00
  0.254974E+01 -0.345968E+00  0.128483E-01  0.000000E+00  0.000000E+00  0.000000E+00  0.000000E+00
  0.197015E+01  0.120544E-01  0.224771E+00  0.000000E+00  0.000000E+00  0.000000E+00  0.000000E+00
  0.195199E+01  0.542796E-02 -0.245959E+00  0.000000E+00  0.000000E+00  0.000000E+00  0.000000E+00
  0.211111E+01 -0.189206E-02  0.291418E+00  0.000000E+00  0.000000E+00  0.000000E+00  0.000000E+00
  0.221164E+01 -0.278387E+00 -0.120470E-01  0.000000E+00  0.000000E+00  0.000000E+00  0.000000E+00
  0.230527E+01 -0.161136E-01 -0.261032E+00  0.000000E+00  0.000000E+00  0.000000E+00  0.000000E+00
  0.211701E+01  0.249172E+00  0.132401E-01  0.000000E+00  0.000000E+00  0.000000E+00  0.000000E+00
  0.241293E+01  0.113540E-01 -0.328455E+00  0.000000E+00  0.000000E+00  0.000000E+00  0.000000E+00
  0.248237E+01  0.140478E-01 -0.319505E+00  0.000000E+00  0.000000E+00  0.000000E+00  0.000000E+00
  0.216602E+01  0.277760E+00 -0.105151E-01  0.000000E+00  0.000000E+00  0.000000E+00  0.000000E+00
  0.238723E+01 -0.359857E+00  0.281676E-02  0.000000E+00  0.000000E+00  0.000000E+00  0.000000E+00
  0.274812E+01 -0.334614E+00  0.168756E-01  0.000000E+00  0.000000E+00  0.000000E+00  0.000000E+00
  0.207089E+01 -0.282068E+00  0.154513E-03  0.000000E+00  0.000000E+00  0.000000E+00  0.000000E+00
  0.273402E+01 -0.338164E+00 -0.164922E-01  0.000000E+00  0.000000E+00  0.000000E+00  0.000000E+00
  0.203658E+01 -0.130970E-01  0.232869E+00  0.000000E+00  0.000000E+00  0.000000E+00  0.000000E+00
  0.204567E+01  0.219688E+00  0.151037E-01  0.000000E+00  0.000000E+00  0.000000E+00  0.000000E+00
  0.256786E+01 -0.149354E-01  0.327104E+00  0.000000E+00  0.000000E+00  0.000000E+00  0.000000E+00
  0.185404E+01 -0.187413E+00  0.141286E-01  0.000000E+00  0.000000E+00  0.000000E+00  0.000000E+00
  0.265008E+01 -0.428701E+00 -0.169398E-03  0.000000E+00  0.000000E+00  0.000000E+00  0.000000E+00
  0.180351E+01  0.213541E+00 -0.220718E-02  0.000000E+00  0.000000E+00  0.000000E+00  0.000000E+00
  0.205180E+01  0.158377E-01  0.214511E+00  0.000000E+00  0.000000E+00  0.000000E+00  0.000000E+00
  0.277062E+01  0.105998E-02 -0.458814E+00  0.000000E+00  0.000000E+00  0.000000E+00  0.000000E+00
  0.196359E+01  0.205000E+00 -0.148585E-01  0.000000E+00  0.000000E+00  0.000000E+00  0.000000E+00
  0.164196E+01 -0.385928E-02 -0.171397E+00  0.000000E+00  0.000000E+00  0.000000E+00  0.000000E+00
  0.178252E+01  0.206328E+00  0.403057E-02  0.000000E+00  0.000000E+00  0.000000E+00  0.000000E+00
  0.221652E+01 -0.131855E-01  0.270974E+00  0.000000E+00  0.000000E+00  0.000000E+00  0.000000E+00
  0.200682E+01 -0.246101E+00  0.945581E-02  0.000000E+00  0.000000E+00  0.000000E+00  0.000000E+00
  0.262575E+01  0.420474E+00  0.247512E-02  0.000000E+00  0.000000E+00  0.000000E+00  0.000000E+00
  0.262804E+01 -0.196483E-01 -0.261628E+00  0.000000E+00  0.000000E+00  0.000000E+00  0.000000E+00
  0.268386E+01  0.190979E-01 -0.282172E+00  0.000000E+00  0.000000E+00  0.000000E+00  0.000000E+00
  0.188814E+01 -0.216367E+00 -0.993910E-02  0.000000E+00  0.000000E+00  0.000000E+00  0.000000E+00
  0.263091E+01 -0.318458E+00  0.164980E-01  0.000000E+00  0.000000E+00  0.000000E+00  0.000000E+00
  0.165114E+01  0.168585E+00  0.708858E-02  0.000000E+00  0.000000E+00  0.000000E+00  0.000000E+00
  0.180244E+01 -0.920419E-02 -0.199069E+00  0.000000E+00  0.000000E+00  0.000000E+00  0.000000E+00
  0.244404E+01  0.326181E+00 -0.124905E-01  0.000000E+00  0.000000E+00  0.000000E+00  0.000000E+00
  0.213345E+01 -0.143573E-01  0.243886E+00  0.000000E+00  0.000000E+00  0.000000E+00  0.000000E+00
  0.206311E+01 -0.259623E+00 -0.938327E-02  0.000000E+00  0.000000E+00  0.000000E+00  0.000000E+00
  0.232083E+01  0.234224E+00  0.183714E-01  0.000000E+00  0.000000E+00  0.000000E+00  0.000000E+00
  0.267568E+01  0.399981E+00  0.985116E-02  0.000000E+00  0.000000E+00  0.000000E+00  0.000000E+00
  0.192816E+01 -0.576386E-02  0.239309E+00  0.000000E+00  0.000000E+00  0.000000E+00  0.000000E+00
  0.220536E+01 -0.851297E-02 -0.297225E+00  0.000000E+00  0.000000E+00  0.000000E+00  0.000000E+00
  0.264540E+01 -0.287665E-02  0.424685E+00  0.000000E+00  0.000000E+00  0.000000E+00  0.000000E+00
  0.168331E+01 -0.174748E+00 -0.780611E-02  0.000000E+00  0.000000E+00  0.000000E+00  0.000000E+00
  0.238285E+01  0.175829E-01  0.256665E+00  0.000000E+00  0.000000E+00  0.000000E+00  0.000000E+00
  0.254142E+01  0.385841E+00  0.685088E-02  0.000000E+00  0.000000E+00  0.000000E+00  0.000000E+00
  0.210734E+01 -0.227817E+00 -0.155798E-01  0.000000E+00  0.000000E+00  0.000000E+00  0.000000E+00
  0.208415E+01 -0.285301E+00  0.749958E-03  0.000000E+00  0.000000E+00  0.000000E+00  0.000000E+00
  0.275657E+01  0.326621E+00 -0.174322E-01  0.000000E+00  0.000000E+00  0.000000E+00  0.000000E+00
  0.164723E+01 -0.288707E-02 -0.173642E+00  0.000000E+00  0.000000E+00  0.000000E+00  0.000000E+00
  0.224948E+01 -0.307787E+00  0.850050E-02  0.000000E+00  0.000000E+00  0.000000E+00  0.000000E+00
  0.190783E+01  0.197109E+00  0.143592E-01  0.000000E+00  0.000000E+00  0.000000E+00  0.000000E+00
  0.172072E+01  0.190558E+00  0.428234E-02  0.000000E+00  0.000000E+00  0.000000E+00  0.000000E+00
  0.254101E+01  0.322164E+00 -0.148924E-01  0.000000E+00  0.000000E+00  0.000000E+00  0.000000E+00
  0.206313E+01  0.278655E+00 -0.254306E-02  0.000000E+00  0.000000E+00  0.000000E+00  0.000000E+00
  0.210768E+01 -0.216218E+00 -0.167591E-01  0.000000E+00  0.000000E+00  0.000000E+00  0.000000E+00
  0.200662E+01 -0.219063E+00  0.141587E-01  0.000000E+00  0.000000E+00  0.000000E+00  0.000000E+00
  0.179355E+01 -0.198098E+00  0.886273E-02  0.000000E+00  0.000000E+00  0.000000E+00  0.000000E+00
  0.260881E+01 -0.467607E-02  0.410879E+00  0.000000E+00  0.000000E+00  0.000000E+00  0.000000E+00
  0.282452E+01 -0.369289E+00  0.156149E-01  0.000000E+00  0.000000E+00  0.000000E+00  0.000000E+00
  0.190058E+01  0.706588E-02 -0.229211E+00  0.000000E+00  0.000000E+00  0.000000E+00  0.000000E+00
  0.184256E+01  0.218792E+00 -0.548825E-02  0.000000E+00  0.000000E+00  0.000000E+00  0.000000E+00
  0.268441E+01  0.654729E-02  0.422134E+00  0.000000E+00  0.000000E+00  0.000000E+00  0.000000E+00
  0.171851E+01 -0.615914E-02 -0.186912E+00  0.000000E+00  0.000000E+00  0.000000E+00  0.000000E+00
  0.243980E+01 -0.105021E-01 -0.340736E+00  0.000000E+00  0.000000E+00  0.000000E+00  0.000000E+00
  0.271975E+01  0.382716E+00 -0.128647E-01  0.000000E+00  0.000000E+00  0.000000E+00  0.000000E+00
  0.211114E+01  0.155002E-01 -0.229308E+00  0.000000E+00  0.000000E+00  0.000000E+00  0.000000E+00
  0.170599E+01  0.334001E-02  0.187988E+00  0.000000E+00  0.000000E+00  0.000000E+00  0.000000E+00
  0.235853E+01  0.181760E-01  0.243670E+00  0.000000E+00  0.000000E+00  0.000000E+00  0.000000E+00
  0.261082E+01 -0.103455E-01 -0.381232E+00  0.000000E+00  0.000000E+00  0.000000E+00  0.000000E+00
  0.238654E+01  0.250636E+00 -0.180382E-01  0.000000E+00  0.000000E+00  0.000000E+00  0.000000E+00
  0.207014E+01 -0.943565E-02  0.261034E+00  0.000000E+00  0.000000E+00  0.000000E+00  0.000000E+00
  0.200765E+01 -0.265837E+00  0.102793E-02  0.000000E+00  0.000000E+00  0.000000E+00  0.000000E+00
  0.220062E+01  0.305062E+00  0.620496E-02  0.000000E+00  0.000000E+00  0.000000E+00  0.000000E+00
  0.247623E+01  0.116157E-01 -0.340650E+00  0.000000E+00  0.000000E+00  0.000000E+00  0.000000E+00
  0.259063E+01  0.125344E-01  0.357911E+00  0.000000E+00  0.000000E+00  0.000000E+00  0.000000E+00
  0.216021E+01  0.466007E-02  0.299346E+00  0.000000E+00  0.000000E+00  0.000000E+00  0.000000E+00
  0.163321E+01 -0.149543E-03  0.171259E+00  0.000000E+00  0.000000E+00  0.000000E+00  0.000000E+00
  0.210691E+01  0.250916E+00 -0.126862E-01  0.000000E+00  0.000000E+00  0.000000E+00  0.000000E+00
  0.176968E+01  0.198119E+00  0.677139E-02  0.000000E+00  0.000000E+00  0.000000E+00  0.000000E+00
  0.262316E+01  0.166001E-01  0.315463E+00  0.000000E+00  0.000000E+00  0.000000E+00  0.000000E+00
  0.171969E+01  0.528737E-02 -0.188787E+00  0.000000E+00  0.000000E+00  0.000000E+00  0.000000E+00
  0.270258E+01  0.118492E-01 -0.389202E+00  0.000000E+00  0.000000E+00  0.000000E+00  0.000000E+00
  0.203642E+01  0.244573E+00  0.111648E-01  0.000000E+00  0.000000E+00  0.000000E+00  0.000000E+00
  0.271506E+01 -0.160791E-01 -0.340873E+00  0.000000E+00  0.000000E+00  0.000000E+00  0.000000E+00
  0.170168E+01 -0.904091E-02  0.175831E+00  0.000000E+00  0.000000E+00  0.000000E+00  0.000000E+00
  0.225855E+01 -0.170386E-02  0.328817E+00  0.000000E+00  0.000000E+00  0.000000E+00  0.000000E+00
  0.174951E+01  0.923019E-02 -0.186526E+00  0.000000E+00  0.000000E+00  0.000000E+00  0.000000E+00
  0.229668E+01  0.947774E-02  0.313913E+00  0.000000E+00  0.000000E+00  0.000000E+00  0.000000E+00
  0.264744E+01  0.308966E+00 -0.173022E-01  0.000000E+00  0.000000E+00  0.000000E+00  0.000000E+00
  0.259074E+01  0.413056E+00 -0.137886E-02  0.000000E+00  0.000000E+00  0.000000E+00  0.000000E+00
  0.245907E+01 -0.261707E+00  0.181411E-01  0.000000E+00  0.000000E+00  0.000000E+00  0.000000E+00
  0.202888E+01  0.267526E+00 -0.422814E-02  0.000000E+00  0.000000E+00  0.000000E+00  0.000000E+00
  0.221747E+01 -0.178351E-01  0.223668E+00  0.000000E+00  0.000000E+00  0.000000E+00  0.000000E+00
  0.194704E+01  0.639668E-02  0.242371E+00  0.000000E+00  0.000000E+00  0.000000E+00  0.000000E+00
  0.242711E+01 -0.353714E+00  0.779244E-02  0.000000E+00  0.000000E+00  0.000000E+00  0.000000E+00
  0.243036E+01 -0.156654E-01  0.290754E+00  0.000000E+00  0.000000E+00  0.000000E+00  0.000000E+00
  0.267592E+01 -0.318552E+00 -0.170358E-01  0.000000E+00  0.000000E+00  0.000000E+00  0.000000E+00
  0.237103E+01  0.315546E+00  0.118157E-01  0.000000E+00  0.000000E+00  0.000000E+00  0.000000E+00
  0.207404E+01  0.346391E-02  0.280141E+00  0.000000E+00  0.000000E+00  0.000000E+00  0.000000E+00
  0.247507E+01 -0.245111E+00  0.192583E-01  0.000000E+00  0.000000E+00  0.000000E+00  0.000000E+00
  0.232924E+01  0.138035E-01  0.289713E+00  0.000000E+00  0.000000E+00  0.000000E+00  0.000000E+00
  0.217888E+01 -0.166370E-01  0.230950E+00  0.000000E+00  0.000000E+00  0.000000E+00  0.000000E+00
  0.216931E+01  0.285362E+00 -0.921732E-02  0.000000E+00  0.000000E+00  0.000000E+00  0.000000E+00
  0.164456E+01  0.494218E-02  0.170700E+00  0.000000E+00  0.000000E+00  0.000000E+00  0.000000E+00
  0.188100E+01  0.124795E-01 -0.202757E+00  0.000000E+00  0.000000E+00  0.000000E+00  0.000000E+00
  0.166471E+01 -0.691944E-02  0.172235E+00  0.000000E+00  0.000000E+00  0.000000E+00  0.000000E+00
  0.213906E+01  0.886495E-02 -0.279881E+00  0.000000E+00  0.000000E+00  0.000000E+00  0.000000E+00
  0.217459E+01 -0.160352E-01 -0.236548E+00  0.000000E+00  0.000000E+00  0.000000E+00  0.000000E+00
  0.236287E+01  0.310648E+00 -0.122102E-01  0.000000E+00  0.000000E+00  0.000000E+00  0.000000E+00
  0.259350E+01 -0.161216E-01  0.316713E+00  0.000000E+00  0.000000E+00  0.000000E+00  0.000000E+00
  0.217009E+01 -0.903460E-02  0.286426E+00  0.000000E+00  0.000000E+00  0.000000E+00  0.000000E+00
  0.218479E+01 -0.153738E-02  0.310321E+00  0.000000E+00  0.000000E+00  0.000000E+00  0.000000E+00
  0.191602E+01  0.798463E-02  0.230142E+00  0.000000E+00  0.000000E+00  0.000000E+00  0.000000E+00
  0.223511E+01 -0.289313E+00  0.112061E-01  0.000000E+00  0.000000E+00  0.000000E+00  0.000000E+00
  0.183745E+01  0.222399E+00  0.178841E-02  0.000000E+00  0.000000E+00  0.000000E+00  0.000000E+00
  0.229625E+01  0.345476E-02 -0.335874E+00  0.000000E+00  0.000000E+00  0.000000E+00  0.000000E+00
  0.162722E+01  0.242728E-02  0.168943E+00  0.000000E+00  0.000000E+00  0.000000E+00  0.000000E+00
  0.254233E+01  0.309074E+00  0.159532E-01  0.000000E+00  0.000000E+00  0.000000E+00  0.000000E+00
  0.247830E+01 -0.295483E+00  0.160397E-01  0.000000E+00  0.000000E+00  0.000000E+00  0.000000E+00
  0.253882E+01 -0.974170E-02 -0.368880E+00  0.000000E+00  0.000000E+00  0.000000E+00  0.000000E+00
  0.207160E+01 -0.125639E-01 -0.244020E+00  0.000000E+00  0.000000E+00  0.000000E+00  0.000000E+00
  0.258461E+01 -0.363553E+00 -0.117756E-01  0.000000E+00  0.000000E+00  0.000000E+00  0.000000E+00
  0.180636E+01 -0.103792E-01  0.195686E+00  0.000000E+00  0.000000E+00  0.000000E+00  0.000000E+00
  0.272630E+01  0.176133E-01 -0.317938E+00  0.000000E+00  0.000000E+00  0.000000E+00  0.000000E+00
  0.182143E+01 -0.952177E-02 -0.202414E+00  0.000000E+00  0.000000E+00  0.000000E+00  0.000000E+00
  0.246865E+01 -0.373894E+00 -0.535411E-02  0.000000E+00  0.000000E+00  0.000000E+00  0.000000E+00
  0.251172E+01  0.134134E-01  0.332217E+00  0.000000E+00  0.000000E+00  0.000000E+00  0.000000E+00
  0.205875E+01  0.768431E-02  0.265491E+00  0.000000E+00  0.000000E+00  0.000000E+00  0.000000E+00
  0.205531E+01  0.930338E-02 -0.258151E+00  0.000000E+00  0.000000E+00  0.000000E+00  0.000000E+00
  0.244406E+01  0.157116E-01  0.292896E+00  0.000000E+00  0.000000E+00  0.000000E+00  0.000000E+00
  0.207365E+01 -0.279962E+00 -0.351435E-02  0.000000E+00  0.000000E+00  0.000000E+00  0.000000E+00
  0.274112E+01 -0.162535E-01  0.343253E+00  0.000000E+00  0.000000E+00  0.000000E+00  0.000000E+00
  0.225306E+01  0.107171E-01  0.296507E+00  0.000000E+00  0.000000E+00  0.000000E+00  0.000000E+00
  0.189341E+01 -0.884634E-02 -0.221795E+00  0.000000E+00  0.000000E+00  0.000000E+00  0.000000E+00
  0.207223E+01  0.156723E-01 -0.220028E+00  0.000000E+00  0.000000E+00  0.000000E+00  0.000000E+00
  0.211360E+01  0.130741E-01 -0.249641E+00  0.000000E+00  0.000000E+00  0.000000E+00  0.000000E+00
  0.193113E+01 -0.575849E-02 -0.240055E+00  0.000000E+00  0.000000E+00  0.000000E+00  0.000000E+00
  0.272488E+01 -0.982269E-02 -0.411646E+00  0.000000E+00  0.000000E+00  0.000000E+00  0.000000E+00
  0.181875E+01  0.129765E-01  0.186534E+00  0.000000E+00  0.000000E+00  0.000000E+00  0.000000E+00
  0.284082E+01  0.253425E-01 -0.230384E+00  0.000000E+00  0.000000E+00  0.000000E+00  0.000000E+00
  0.284082E+01  0.846386E-01 -0.265659E-01  0.000000E+00  0.000000E+00  0.000000E+00  0.000000E+00
  0.284082E+01  0.288969E-01 -0.187471E-01  0.000000E+00  0.000000E+00  0.000000E+00  0.000000E+00
  0.284082E+01  0.821448E-01 -0.208801E+00  0.000000E+00  0.000000E+00  0.000000E+00  0.000000E+00
  0.284082E+01 -0.774316E-01 -0.359850E-01  0.000000E+00  0.000000E+00  0.000000E+00  0.000000E+00
  0.284082E+01  0.181247E+00  0.294608E-03  0.000000E+00  0.000000E+00  0.000000E+00  0.000000E+00
  0.284082E+01 -0.259943E-01 -0.524086E-02  0.000000E+00  0.000000E+00  0.000000E+00  0.000000E+00
  0.284082E+01  0.142771E-01  0.188868E+00  0.000000E+00  0.000000E+00  0.000000E+00  0.000000E+00
  0.284082E+01  0.251531E-02 -0.883418E-01  0.000000E+00  0.000000E+00  0.000000E+00  0.000000E+00
  0.284082E+01 -0.447247E-02 -0.608893E-03  0.000000E+00  0.000000E+00  0.000000E+00  0.000000E+00
  0.284082E+01  0.230083E-01 -0.243216E+00  0.000000E+00  0.000000E+00  0.000000E+00  0.000000E+00
  0.284082E+01 -0.143256E+00  0.182719E+00  0.000000E+00  0.000000E+00  0.000000E+00  0.000000E+00
  0.284082E+01 -0.382457E-01 -0.859100E-01  0.000000E+00  0.000000E+00  0.000000E+00  0.000000E+00
  0.284082E+01 -0.751093E-01  0.192591E+00  0.000000E+00  0.000000E+00  0.000000E+00  0.000000E+00
  0.284082E+01 -0.114871E-01 -0.171157E-01  0.000000E+00  0.000000E+00  0.000000E+00  0.000000E+00
  0.284082E+01  0.108972E+00  0.215552E-01  0.000000E+00  0.000000E+00  0.000000E+00  0.000000E+00
  0.284082E+01 -0.169572E-01 -0.889499E-03  0.000000E+00  0.000000E+00  0.000000E+00  0.000000E+00
  0.284082E+01 -0.121273E+00 -0.111095E+00  0.000000E+00  0.000000E+00  0.000000E+00  0.000000E+00
  0.284082E+01  0.944855E-01  0.892366E-01  0.000000E+00  0.000000E+00  0.000000E+00  0.000000E+00
  0.284082E+01  0.378719E-01 -0.121773E+00  0.000000E+00  0.000000E+00  0.000000E+00  0.000000E+00
  0.284082E+01  0.851729E-01 -0.517438E-01  0.000000E+00  0.000000E+00  0.000000E+00  0.000000E+00
  0.284082E+01 -0.140747E-02 -0.393148E-01  0.000000E+00  0.000000E+00  0.000000E+00  0.000000E+00
  0.284082E+01 -0.212530E+00  0.947711E-02  0.000000E+00  0.000000E+00  0.000000E+00  0.000000E+00
  0.284082E+01  0.133349E+00  0.117893E+00  0.000000E+00  0.000000E+00  0.000000E+00  0.000000E+00
  0.284082E+01 -0.144528E+00  0.308252E-01  0.000000E+00  0.000000E+00  0.000000E+00  0.000000E+00
  0.284082E+01 -0.135012E+00  0.155657E+00  0.000000E+00  0.000000E+00  0.000000E+00  0.000000E+00
  0.284082E+01  0.131353E+00 -0.106284E+00  0.000000E+00  0.000000E+00  0.000000E+00  0.000000E+00
  0.284082E+01 -0.100706E+00 -0.205545E-01  0.000000E+00  0.000000E+00  0.000000E+00  0.000000E+00
  0.284082E+01 -0.101836E+00  0.253108E-01  0.000000E+00  0.000000E+00  0.000000E+00  0.000000E+00
  0.284082E+01 -0.136513E+00  0.537244E-01  0.000000E+00  0.000000E+00  0.000000E+00  0.000000E+00
  0.284082E+01  0.753819E-01  0.181043E+00  0.000000E+00  0.000000E+00  0.000000E+00  0.000000E+00
  0.284082E+01 -0.147451E-01  0.252107E-01  0.000000E+00  0.000000E+00  0.000000E+00  0.000000E+00
  0.284082E+01  0.901114E-01  0.148068E-01  0.000000E+00  0.000000E+00  0.000000E+00  0.000000E+00
  0.284082E+01  0.410123E-01  0.225567E+00  0.000000E+00  0.000000E+00  0.000000E+00  0.000000E+00
  0.284082E+01 -0.729614E-01 -0.136825E+00  0.000000E+00  0.000000E+00  0.000000E+00  0.000000E+00
  0.284082E+01 -0.733021E-01 -0.203833E+00  0.000000E+00  0.000000E+00  0.000000E+00  0.000000E+00
  0.284082E+01  0.134601E+00 -0.103568E+00  0.000000E+00  0.000000E+00  0.000000E+00  0.000000E+00
  0.284082E+01 -0.446688E-01  0.931694E-02  0.000000E+00  0.000000E+00  0.000000E+00  0.000000E+00
  0.284082E+01  0.176588E-01  0.780604E-01  0.000000E+00  0.000000E+00  0.000000E+00  0.000000E+00
  0.284082E+01  0.436947E-01  0.777698E-01  0.000000E+00  0.000000E+00  0.000000E+00  0.000000E+00
  0.284082E+01 -0.141349E-02  0.121090E-01  0.000000E+00  0.000000E+00  0.000000E+00  0.000000E+00
  0.284082E+01 -0.690000E-01  0.147671E+00  0.000000E+00  0.000000E+00  0.000000E+00  0.000000E+00
  0.284082E+01 -0.197419E+00  0.556658E-02  0.000000E+00  0.000000E+00  0.000000E+00  0.000000E+00
  0.284082E+01 -0.366100E-02 -0.676745E-02  0.000000E+00  0.000000E+00  0.000000E+00  0.000000E+00
  0.284082E+01 -0.654968E-01  0.188402E+00  0.000000E+00  0.000000E+00  0.000000E+00  0.000000E+00
  0.284082E+01  0.898129E-01  0.122473E+00  0.000000E+00  0.000000E+00  0.000000E+00  0.000000E+00
  0.284082E+01 -0.264470E-01 -0.181625E+00  0.000000E+00  0.000000E+00  0.000000E+00  0.000000E+00
  0.284082E+01 -0.886394E-01 -0.188776E+00  0.000000E+00  0.000000E+00  0.000000E+00  0.000000E+00
  0.284082E+01 -0.137484E+00 -0.144906E+00  0.000000E+00  0.000000E+00  0.000000E+00  0.000000E+00
  0.284082E+01 -0.101789E+00  0.227406E+00  0.000000E+00  0.000000E+00  0.000000E+00  0.000000E+00
  0.284082E+01 -0.615568E-01 -0.290383E-01  0.000000E+00  0.000000E+00  0.000000E+00  0.000000E+00
  0.284082E+01 -0.275946E-01  0.148705E+00  0.000000E+00  0.000000E+00  0.000000E+00  0.000000E+00
  0.284082E+01  0.455677E-02  0.224218E+00  0.000000E+00  0.000000E+00  0.000000E+00  0.000000E+00
  0.284082E+01  0.191501E+00 -0.104880E+00  0.000000E+00  0.000000E+00  0.000000E+00  0.000000E+00
  0.284082E+01  0.200646E-03  0.203308E-01  0.000000E+00  0.000000E+00  0.000000E+00  0.000000E+00
  0.284082E+01 -0.291609E-03 -0.586383E-01  0.000000E+00  0.000000E+00  0.000000E+00  0.000000E+00
  0.284082E+01 -0.464254E-01 -0.359765E-01  0.000000E+00  0.000000E+00  0.000000E+00  0.000000E+00
  0.284082E+01  0.543387E-02  0.742094E-03  0.000000E+00  0.000000E+00  0.000000E+00  0.000000E+00
  0.284082E+01 -0.157695E+00  0.182860E-01  0.000000E+00  0.000000E+00  0.000000E+00  0.000000E+00
  0.284082E+01 -0.140904E+00 -0.141209E+00  0.000000E+00  0.000000E+00  0.000000E+00  0.000000E+00
  0.284082E+01  0.179766E+00 -0.332999E-01  0.000000E+00  0.000000E+00  0.000000E+00  0.000000E+00
  0.284082E+01 -0.213667E+00  0.400449E-01  0.000000E+00  0.000000E+00  0.000000E+00  0.000000E+00
  0.284082E+01  0.677347E-01  0.490893E-01  0.000000E+00  0.000000E+00  0.000000E+00  0.000000E+00
  0.284082E+01  0.219354E+00 -0.720809E-01  0.000000E+00  0.000000E+00  0.000000E+00  0.000000E+00
  0.284082E+01 -0.201544E-01 -0.527575E-01  0.000000E+00  0.000000E+00  0.000000E+00  0.000000E+00
  0.284082E+01 -0.288145E-01 -0.187183E-02  0.000000E+00  0.000000E+00  0.000000E+00  0.000000E+00
  0.284082E+01  0.906372E-01 -0.100537E+00  0.000000E+00  0.000000E+00  0.000000E+00  0.000000E+00
  0.284082E+01 -0.978168E-01 -0.116703E+00  0.000000E+00  0.000000E+00  0.000000E+00  0.000000E+00
  0.284082E+01 -0.103365E+00  0.165153E+00  0.000000E+00  0.000000E+00  0.000000E+00  0.000000E+00
  0.284082E+01 -0.403950E-02 -0.341526E-02  0.000000E+00  0.000000E+00  0.000000E+00  0.000000E+00
  0.284082E+01  0.319397E-01 -0.103825E+00  0.000000E+00  0.000000E+00  0.000000E+00  0.000000E+00
  0.284082E+01  0.138158E+00  0.226900E-01  0.000000E+00  0.000000E+00  0.000000E+00  0.000000E+00
  0.284082E+01 -0.723199E-01 -0.900177E-01  0.000000E+00  0.000000E+00  0.000000E+00  0.000000E+00
  0.284082E+01 -0.421531E-01 -0.290706E-01  0.000000E+00  0.000000E+00  0.000000E+00  0.000000E+00
  0.284082E+01  0.807692E-01  0.713377E-01  0.000000E+00  0.000000E+00  0.000000E+00  0.000000E+00
  0.284082E+01  0.104069E+00 -0.171506E+00  0.000000E+00  0.000000E+00  0.000000E+00  0.000000E+00
  0.284082E+01  0.167734E+00  0.595762E-01  0.000000E+00  0.000000E+00  0.000000E+00  0.000000E+00
  0.284082E+01 -0.139256E+00 -0.144755E+00  0.000000E+00  0.000000E+00  0.000000E+00  0.000000E+00
  0.284082E+01  0.143414E+00 -0.412896E-01  0.000000E+00  0.000000E+00  0.000000E+00  0.000000E+00
  0.284082E+01  0.883797E-01 -0.198503E-02  0.000000E+00  0.000000E+00  0.000000E+00  0.000000E+00
  0.284082E+01  0.102558E-01 -0.454183E-01  0.000000E+00  0.000000E+00  0.000000E+00  0.000000E+00
  0.284082E+01  0.103743E-02 -0.527972E-02  0.000000E+00  0.000000E+00  0.000000E+00  0.000000E+00
  0.284082E+01 -0.599453E-01 -0.483856E-01  0.000000E+00  0.000000E+00  0.000000E+00  0.000000E+00
  0.284082E+01  0.470422E-01  0.123817E+00  0.000000E+00  0.000000E+00  0.000000E+00  0.000000E+00
  0.284082E+01  0.129353E+00  0.228338E-01  0.000000E+00  0.000000E+00  0.000000E+00  0.000000E+00
  0.284082E+01 -0.601821E-02 -0.107287E-01  0.000000E+00  0.000000E+00  0.000000E+00  0.000000E+00
  0.284082E+01  0.510886E-03 -0.365285E-02  0.000000E+00  0.000000E+00  0.000000E+00  0.000000E+00
  0.284082E+01  0.523263E-02 -0.212799E+00  0.000000E+00  0.000000E+00  0.000000E+00  0.000000E+00
  0.284082E+01 -0.111513E+00  0.154722E+00  0.000000E+00  0.000000E+00  0.000000E+00  0.000000E+00
  0.284082E+01  0.269057E-01  0.692939E-02  0.000000E+00  0.000000E+00  0.000000E+00  0.000000E+00
  0.284082E+01  0.212127E+00  0.556180E-01  0.000000E+00  0.000000E+00  0.000000E+00  0.000000E+00
  0.284082E+01  0.759967E-01 -0.579468E-01  0.000000E+00  0.000000E+00  0.000000E+00  0.000000E+00
  0.284082E+01 -0.322109E-01 -0.150563E-01  0.000000E+00  0.000000E+00  0.000000E+00  0.000000E+00
  0.284082E+01 -0.140741E-01  0.399824E-02  0.000000E+00  0.000000E+00  0.000000E+00  0.000000E+00
  0.284082E+01  0.539021E-01 -0.183983E+00  0.000000E+00  0.000000E+00  0.000000E+00  0.000000E+00
  0.284082E+01  0.611035E-01 -0.577315E-01  0.000000E+00  0.000000E+00  0.000000E+00  0.000000E+00
  0.284082E+01 -0.128980E+00  0.189722E+00  0.000000E+00  0.000000E+00  0.000000E+00  0.000000E+00
  0.284082E+01 -0.121801E+00  0.362353E-01  0.000000E+00  0.000000E+00  0.000000E+00  0.000000E+00
  0.284082E+01 -0.637303E-01  0.154658E+00  0.000000E+00  0.000000E+00  0.000000E+00  0.000000E+00
  0.284082E+01 -0.777367E-02 -0.175017E-02  0.000000E+00  0.000000E+00  0.000000E+00  0.000000E+00
