  0.247155E+01 -0.262420E+00  0.182310E-01  0.000000E+00  0.000000E+00  0.000000E+00  0.000000E+00
  0.234225E+01 -0.248141E+00 -0.176701E-01  0.000000E+00  0.000000E+00  0.000000E+00  0.000000E+00
  0.203757E+01  0.973712E-02  0.252028E+00  0.000000E+00  0.000000E+00  0.000000E+00  0.000000E+00
  0.282321E+01  0.452528E+00  0.719893E-02  0.000000E+00  0.000000E+00  0.000000E+00  0.000000E+00
  0.243795E+01  0.167063E-01  0.278978E+00  0.000000E+00  0.000000E+00  0.000000E+00  0.000000E+00
  0.276938E+01 -0.447377E+00  0.557042E-02  0.000000E+00  0.000000E+00  0.000000E+00  0.000000E+00
  0.243742E+01 -0.159041E-01 -0.289232E+00  0.000000E+00  0.000000E+00  0.000000E+00  0.000000E+00
  0.274424E+01  0.365710E+00  0.147258E-01  0.000000E+00  0.000000E+00  0.000000E+00  0.000000E+00
  0.177362E+01 -0.898094E-02  0.193005E+00  0.000000E+00  0.000000E+00  0.000000E+00  0.000000E+00
  0.254493E+01  0.108438E-01  0.362293E+00  0.000000E+00  0.000000E+00  0.000000E+00  0.000000E+00
  0.228636E+01 -0.150765E-01 -0.268524E+00  0.000000E+00  0.000000E+00  0.000000E+00  0.000000E+00
  0.187851E+01 -0.136192E-01 -0.195698E+00  0.000000E+00  0.000000E+00  0.000000E+00  0.000000E+00
  0.201744E+01 -0.264450E+00  0.434720E-02  0.000000E+00  0.000000E+00  0.000000E+00  0.000000E+00
  0.264015E+01 -0.899310E-03  0.425919E+00  0.000000E+00  0.000000E+00  0.000000E+00  0.000000E+00
  0.250363E+01 -0.102941E-01 -0.356890E+00  0.000000E+00  0.000000E+00  0.000000E+00  0.000000E+00
  0.233796E+01  0.344051E+00  0.447023E-02  0.000000E+00  0.000000E+00  0.000000E+00  0.000000E+00
  0.220225E+01  0.123522E-01 -0.274152E+00  0.000000E+00  0.000000E+00  0.000000E+00  0.000000E+00
  0.236567E+01 -0.163566E-01  0.269764E+00  0.000000E+00  0.000000E+00  0.000000E+00  0.000000E+00
  0.223809E+01  0.859648E-02 -0.304622E+00  0.000000E+00  0.000000E+00  0.000000E+00  0.000000E+00
  0.225502E+01 -0.259160E+00 -0.153770E-01  0.000000E+00  0.000000E+00  0.000000E+00  0.000000E+00
  0.272016E+01  0.382944E+00  0.128517E-01  0.000000E+00  0.000000E+00  0.000000E+00  0.000000E+00
  0.266687E+01 -0.338403E+00 -0.155945E-01  0.000000E+00  0.000000E+00  0.000000E+00  0.000000E+00
  0.217221E+01  0.297038E+00 -0.653103E-02  0.000000E+00  0.000000E+00  0.000000E+00  0.000000E+00
  0.193538E+01 -0.244768E+00  0.387570E-02  0.000000E+00  0.000000E+00  0.000000E+00  0.000000E+00
  0.171631E+01 -0.104534E-01  0.174683E+00  0.000000E+00  0.000000E+00  0.000000E+00  0.000000E+00
  0.240373E+01 -0.174022E-01 -0.263015E+00  0.000000E+00  0.000000E+00  0.000000E+00  0.000000E+00
  0.176371E+01  0.891424E-03 -0.204172E+00  0.000000E+00  0.000000E+00  0.000000E+00  0.000000E+00
  0.279321E+01  0.444838E+00 -0.727282E-02  0.000000E+00  0.000000E+00  0.000000E+00  0.000000E+00
  0.235203E+01 -0.137275E-01  0.295232E+00  0.000000E+00  0.000000E+00  0.000000E+00  0.000000E+00
  0.174485E+01 -0.864788E-02  0.187208E+00  0.000000E+00  0.000000E+00  0.000000E+00  0.000000E+00
  0.276232E+01  0.125220E-01  0.395651E+00  0.000000E+00  0.000000E+00  0.000000E+00  0.000000E+00
  0.247585E+01 -0.109916E-01 -0.345432E+00  0.000000E+00  0.000000E+00  0.000000E+00  0.000000E+00
  0.270619E+01  0.152143E-01  0.351453E+00  0.000000E+00  0.000000E+00  0.000000E+00  0.000000E+00
  0.174717E+01  0.189829E+00  0.791181E-02  0.000000E+00  0.000000E+00  0.000000E+00  0.000000E+00
  0.282062E+01 -0.377718E+00 -0.149852E-01  0.000000E+00  0.000000E+00  0.000000E+00  0.000000E+00
  0.206891E+01 -0.858355E-02  0.264454E+00  0.000000E+00  0.000000E+00  0.000000E+00  0.000000E+00
  0.268340E+01 -0.197268E-01  0.268539E+00  0.000000E+00  0.000000E+00  0.000000E+00  0.000000E+00
  0.242279E+01 -0.936850E-02  0.344120E+00  0.000000E+00  0.000000E+00  0.000000E+00  0.000000E+00
  0.276909E+01 -0.343452E+00  0.165778E-01  0.000000E+00  0.000000E+00  0.000000E+00  0.000000E+00
  0.258590E+01 -0.403324E+00 -0.523297E-02  0.000000E+00  0.000000E+00  0.000000E+00  0.000000E+00
  0.222222E+01 -0.238983E+00 -0.166508E-01  0.000000E+00  0.000000E+00  0.000000E+00  0.000000E+00
  0.248943E+01  0.349145E+00 -0.109090E-01  0.000000E+00  0.000000E+00  0.000000E+00  0.000000E+00
  0.238396E+01  0.278413E+00  0.159355E-01  0.000000E+00  0.000000E+00  0.000000E+00  0.000000E+00
  0.191806E+01  0.215164E+00  0.116838E-01  0.000000E+00  0.000000E+00  0.000000E+00  0.000000E+00
  0.239531E+01  0.318071E+00 -0.121785E-01  0.000000E+00  0.000000E+00  0.000000E+00  0.000000E+00
  0.209669E+01  0.238646E+00 -0.140589E-01  0.000000E+00  0.000000E+00  0.000000E+00  0.000000E+00
  0.254005E+01 -0.151025E-01 -0.319442E+00  0.000000E+00  0.000000E+00  0.000000E+00  0.000000E+00
  0.237551E+01 -0.326100E+00 -0.104818E-01  0.000000E+00  0.000000E+00  0.000000E+00  0.000000E+00
  0.219110E+01 -0.243642E+00 -0.156557E-01  0.000000E+00  0.000000E+00  0.000000E+00  0.000000E+00
  0.232783E+01  0.337939E+00  0.571303E-02  0.000000E+00  0.000000E+00  0.000000E+00  0.000000E+00
  0.211356E+01 -0.715798E-02 -0.280614E+00  0.000000E+00  0.000000E+00  0.000000E+00  0.000000E+00
  0.254798E+01  0.177099E-01 -0.284345E+00  0.000000E+00  0.000000E+00  0.000000E+00  0.000000E+00
  0.259066E+01 -0.165675E-01  0.309789E+00  0.000000E+00  0.000000E+00  0.000000E+00  0.000000E+00
  0.178047E+01 -0.118956E-01  0.183423E+00  0.000000E+00  0.000000E+00  0.000000E+00  0.000000E+00
  0.264522E+01 -0.401261E+00  0.862075E-02  0.000000E+00  0.000000E+00  0.000000E+00  0.000000E+00
  0.195360E+01 -0.206255E+00 -0.144072E-01  0.000000E+00  0.000000E+00  0.000000E+00  0.000000E+00
  0.204366E+01 -0.246540E+00 -0.111049E-01  0.000000E+00  0.000000E+00  0.000000E+00  0.000000E+00
  0.249491E+01 -0.372984E+00 -0.718719E-02  0.000000E+00  0.000000E+00  0.000000E+00  0.000000E+00
  0.268974E+01  0.191258E-01  0.282552E+00  0.000000E+00  0.000000E+00  0.000000E+00  0.000000E+00
  0.203165E+01  0.147279E-01 -0.219900E+00  0.000000E+00  0.000000E+00  0.000000E+00  0.000000E+00
  0.215732E+01  0.230533E+00 -0.162935E-01  0.000000E+00  0.000000E+00  0.000000E+00  0.000000E+00
  0.174278E+01  0.197381E+00  0.318371E-02  0.000000E+00  0.000000E+00  0.000000E+00  0.000000E+00
  0.229887E+01  0.307068E+00 -0.107044E-01  0.000000E+00  0.000000E+00  0.000000E+00  0.000000E+00
  0.253898E+01  0.799857E-02 -0.379525E+00  0.000000E+00  0.000000E+00  0.000000E+00  0.000000E+00
  0.198837E+01 -0.220121E+00  0.134560E-01  0.000000E+00  0.000000E+00  0.000000E+00  0.000000E+00
  0.191112E+01  0.237838E+00  0.440678E-02  0.000000E+00  0.000000E+00  0.000000E+00  0.000000E+00
  0.256316E+01  0.405040E+00 -0.225848E-02  0.000000E+00  0.000000E+00  0.000000E+00  0.000000E+00
  0.213117E+01  0.277177E+00 -0.904828E-02  0.000000E+00  0.000000E+00  0.000000E+00  0.000000E+00
  0.282357E+01 -0.182343E-01  0.323338E+00  0.000000E+00  0.000000E+00  0.000000E+00  0.000000E+00
  0.206504E+01 -0.249927E-02 -0.279187E+00  0.000000E+00  0.000000E+00  0.000000E+00  0.000000E+00
  0.268331E+01  0.426431E+00  0.549586E-02  0.000000E+00  0.000000E+00  0.000000E+00  0.000000E+00
  0.280620E+01  0.136651E-01  0.392097E+00  0.000000E+00  0.000000E+00  0.000000E+00  0.000000E+00
  0.237584E+01  0.187446E-01  0.237728E+00  0.000000E+00  0.000000E+00  0.000000E+00  0.000000E+00
  0.204367E+01  0.661644E-02  0.265369E+00  0.000000E+00  0.000000E+00  0.000000E+00  0.000000E+00
  0.245278E+01 -0.183177E-01 -0.257760E+00  0.000000E+00  0.000000E+00  0.000000E+00  0.000000E+00
  0.195899E+01  0.108977E-01  0.228365E+00  0.000000E+00  0.000000E+00  0.000000E+00  0.000000E+00
  0.212679E+01 -0.165128E-01  0.222410E+00  0.000000E+00  0.000000E+00  0.000000E+00  0.000000E+00
  0.267855E+01 -0.180000E-01  0.302516E+00  0.000000E+00  0.000000E+00  0.000000E+00  0.000000E+00
  0.235294E+01 -0.173085E-01 -0.255062E+00  0.000000E+00  0.000000E+00  0.000000E+00  0.000000E+00
  0.181141E+01 -0.214488E+00  0.329782E-02  0.000000E+00  0.000000E+00  0.000000E+00  0.000000E+00
  0.235061E+01  0.336598E+00 -0.750848E-02  0.000000E+00  0.000000E+00  0.000000E+00  0.000000E+00
  0.236211E+01  0.178368E-01  0.249304E+00  0.000000E+00  0.000000E+00  0.000000E+00  0.000000E+00
  0.278809E+01  0.201467E-01  0.274526E+00  0.000000E+00  0.000000E+00  0.000000E+00  0.000000E+00
  0.256409E+01  0.354031E+00  0.123270E-01  0.000000E+00  0.000000E+00  0.000000E+00  0.000000E+00
  0.203111E+01  0.210039E+00 -0.158844E-01  0.000000E+00  0.000000E+00  0.000000E+00  0.000000E+00
  0.236199E+01  0.345836E+00 -0.586747E-02  0.000000E+00  0.000000E+00  0.000000E+00  0.000000E+00
  0.231134E+01  0.258662E+00 -0.164153E-01  0.000000E+00  0.000000E+00  0.000000E+00  0.000000E+00
  0.173427E+01 -0.194396E+00  0.393228E-02  0.000000E+00  0.000000E+00  0.000000E+00  0.000000E+00
  0.275266E+01  0.121418E-01 -0.397455E+00  0.000000E+00  0.000000E+00  0.000000E+00  0.000000E+00
  0.194836E+01  0.123298E-01 -0.218393E+00  0.000000E+00  0.000000E+00  0.000000E+00  0.000000E+00
  0.258105E+01 -0.439133E-02  0.404839E+00  0.000000E+00  0.000000E+00  0.000000E+00  0.000000E+00
  0.182433E+01 -0.472485E-02  0.215690E+00  0.000000E+00  0.000000E+00  0.000000E+00  0.000000E+00
  0.252957E+01 -0.183497E-01 -0.270443E+00  0.000000E+00  0.000000E+00  0.000000E+00  0.000000E+00
  0.185641E+01 -0.955539E-02  0.210478E+00  0.000000E+00  0.000000E+00  0.000000E+00  0.000000E+00
  0.181067E+01 -0.987008E-03 -0.216021E+00  0.000000E+00  0.000000E+00  0.000000E+00  0.000000E+00
  0.215533E+01 -0.968730E-02 -0.279742E+00  0.000000E+00  0.000000E+00  0.000000E+00  0.000000E+00
  0.238540E+01  0.336592E+00  0.915185E-02  0.000000E+00  0.000000E+00  0.000000E+00  0.000000E+00
  0.248305E+01  0.377763E+00 -0.526297E-02  0.000000E+00  0.000000E+00  0.000000E+00  0.000000E+00
  0.260066E+01  0.353072E+00 -0.132368E-01  0.000000E+00  0.000000E+00  0.000000E+00  0.000000E+00
  0.271317E+01  0.141839E-01  0.366184E+00  0.000000E+00  0.000000E+00  0.000000E+00  0.000000E+00
  0.177525E+01 -0.203960E+00  0.441885E-02  0.000000E+00  0.000000E+00  0.000000E+00  0.000000E+00
  0.256286E+01  0.405454E+00 -0.189813E-02  0.000000E+00  0.000000E+00  0.000000E+00  0.000000E+00
  0.183733E+01  0.222844E+00 -0.734813E-03  0.000000E+00  0.000000E+00  0.000000E+00  0.000000E+00
  0.181748E+01  0.384152E-03 -0.217889E+00  0.000000E+00  0.000000E+00  0.000000E+00  0.000000E+00
  0.226650E+01 -0.280364E+00 -0.133495E-01  0.000000E+00  0.000000E+00  0.000000E+00  0.000000E+00
  0.228206E+01  0.330162E+00 -0.445690E-02  0.000000E+00  0.000000E+00  0.000000E+00  0.000000E+00
  0.200962E+01  0.239788E+00 -0.109199E-01  0.000000E+00  0.000000E+00  0.000000E+00  0.000000E+00
  0.270764E+01  0.967986E-02  0.408705E+00  0.000000E+00  0.000000E+00  0.000000E+00  0.000000E+00
  0.192919E+01 -0.199736E+00 -0.146162E-01  0.000000E+00  0.000000E+00  0.000000E+00  0.000000E+00
  0.265454E+01 -0.126692E-01  0.370556E+00  0.000000E+00  0.000000E+00  0.000000E+00  0.000000E+00
  0.271972E+01 -0.435286E+00  0.552978E-02  0.000000E+00  0.000000E+00  0.000000E+00  0.000000E+00
  0.280310E+01  0.135609E-01 -0.392705E+00  0.000000E+00  0.000000E+00  0.000000E+00  0.000000E+00
  0.204409E+01 -0.266137E+00 -0.639166E-02  0.000000E+00  0.000000E+00  0.000000E+00  0.000000E+00
  0.214588E+01 -0.115398E-01  0.267067E+00  0.000000E+00  0.000000E+00  0.000000E+00  0.000000E+00
  0.226057E+01  0.279013E+00 -0.133593E-01  0.000000E+00  0.000000E+00  0.000000E+00  0.000000E+00
  0.193517E+01 -0.231582E+00 -0.887372E-02  0.000000E+00  0.000000E+00  0.000000E+00  0.000000E+00
  0.188920E+01 -0.636941E-02  0.228283E+00  0.000000E+00  0.000000E+00  0.000000E+00  0.000000E+00
  0.185562E+01  0.617829E-02  0.220511E+00  0.000000E+00  0.000000E+00  0.000000E+00  0.000000E+00
  0.174534E+01  0.102411E-01  0.182131E+00  0.000000E+00  0.000000E+00  0.000000E+00  0.000000E+00
  0.214516E+01  0.215225E+00 -0.174697E-01  0.000000E+00  0.000000E+00  0.000000E+00  0.000000E+00
  0.277002E+01 -0.362844E+00 -0.153155E-01  0.000000E+00  0.000000E+00  0.000000E+00  0.000000E+00
  0.212589E+01 -0.660758E-02 -0.285471E+00  0.000000E+00  0.000000E+00  0.000000E+00  0.000000E+00
  0.274257E+01 -0.409401E+00  0.106084E-01  0.000000E+00  0.000000E+00  0.000000E+00  0.000000E+00
  0.252058E+01 -0.361067E+00  0.102569E-01  0.000000E+00  0.000000E+00  0.000000E+00  0.000000E+00
  0.189756E+01 -0.142423E-01  0.195757E+00  0.000000E+00  0.000000E+00  0.000000E+00  0.000000E+00
  0.229422E+01  0.164736E-01  0.254702E+00  0.000000E+00  0.000000E+00  0.000000E+00  0.000000E+00
  0.237027E+01 -0.120260E-01 -0.313743E+00  0.000000E+00  0.000000E+00  0.000000E+00  0.000000E+00
  0.222280E+01  0.153387E-01 -0.253111E+00  0.000000E+00  0.000000E+00  0.000000E+00  0.000000E+00
  0.204333E+01  0.390648E-02  0.271715E+00  0.000000E+00  0.000000E+00  0.000000E+00  0.000000E+00
  0.267022E+01 -0.163155E-01  0.328692E+00  0.000000E+00  0.000000E+00  0.000000E+00  0.000000E+00
  0.230277E+01 -0.339612E+00 -0.206704E-02  0.000000E+00  0.000000E+00  0.000000E+00  0.000000E+00
  0.202887E+01 -0.236918E+00 -0.122001E-01  0.000000E+00  0.000000E+00  0.000000E+00  0.000000E+00
  0.241011E+01 -0.136667E-01  0.308106E+00  0.000000E+00  0.000000E+00  0.000000E+00  0.000000E+00
  0.239922E+01  0.147672E-01 -0.294679E+00  0.000000E+00  0.000000E+00  0.000000E+00  0.000000E+00
  0.198687E+01  0.258589E+00 -0.324885E-02  0.000000E+00  0.000000E+00  0.000000E+00  0.000000E+00
  0.215167E+01 -0.458981E-02  0.297382E+00  0.000000E+00  0.000000E+00  0.000000E+00  0.000000E+00
  0.179144E+01 -0.215998E-02 -0.210530E+00  0.000000E+00  0.000000E+00  0.000000E+00  0.000000E+00
  0.259814E+01 -0.400983E+00  0.656350E-02  0.000000E+00  0.000000E+00  0.000000E+00  0.000000E+00
  0.189854E+01 -0.238425E+00  0.240876E-03  0.000000E+00  0.000000E+00  0.000000E+00  0.000000E+00
  0.165782E+01  0.185179E-02  0.177006E+00  0.000000E+00  0.000000E+00  0.000000E+00  0.000000E+00
  0.207121E+01 -0.221021E+00 -0.155400E-01  0.000000E+00  0.000000E+00  0.000000E+00  0.000000E+00
  0.280442E+01  0.203980E-02 -0.466227E+00  0.000000E+00  0.000000E+00  0.000000E+00  0.000000E+00
  0.232606E+01 -0.179896E-01 -0.240734E+00  0.000000E+00  0.000000E+00  0.000000E+00  0.000000E+00
  0.223485E+01 -0.260380E-03 -0.323566E+00  0.000000E+00  0.000000E+00  0.000000E+00  0.000000E+00
  0.275018E+01  0.272711E+00 -0.199885E-01  0.000000E+00  0.000000E+00  0.000000E+00  0.000000E+00
  0.259913E+01  0.569042E-02 -0.404896E+00  0.000000E+00  0.000000E+00  0.000000E+00  0.000000E+00
  0.171495E+01  0.414631E-02 -0.189299E+00  0.000000E+00  0.000000E+00  0.000000E+00  0.000000E+00
  0.181113E+01  0.831075E-02  0.204004E+00  0.000000E+00  0.000000E+00  0.000000E+00  0.000000E+00
  0.165573E+01  0.169314E+00  0.727056E-02  0.000000E+00  0.000000E+00  0.000000E+00  0.000000E+00
  0.210136E+01 -0.276355E+00 -0.752322E-02  0.000000E+00  0.000000E+00  0.000000E+00  0.000000E+00
  0.265663E+01 -0.372033E+00  0.125678E-01  0.000000E+00  0.000000E+00  0.000000E+00  0.000000E+00
  0.245919E+01 -0.269261E+00  0.176586E-01  0.000000E+00  0.000000E+00  0.000000E+00  0.000000E+00
  0.280965E+01  0.407337E+00 -0.124002E-01  0.000000E+00  0.000000E+00  0.000000E+00  0.000000E+00
  0.211701E+01 -0.113564E-01 -0.261692E+00  0.000000E+00  0.000000E+00  0.000000E+00  0.000000E+00
  0.217147E+01 -0.284694E+00  0.945503E-02  0.000000E+00  0.000000E+00  0.000000E+00  0.000000E+00
  0.218850E+01 -0.175336E-01  0.222292E+00  0.000000E+00  0.000000E+00  0.000000E+00  0.000000E+00
  0.206264E+01  0.285529E-02 -0.278151E+00  0.000000E+00  0.000000E+00  0.000000E+00  0.000000E+00
  0.234561E+01 -0.240265E+00 -0.182535E-01  0.000000E+00  0.000000E+00  0.000000E+00  0.000000E+00
  0.276964E+01  0.170113E-01  0.336338E+00  0.000000E+00  0.000000E+00  0.000000E+00  0.000000E+00
  0.234542E+01  0.721615E-02 -0.336613E+00  0.000000E+00  0.000000E+00  0.000000E+00  0.000000E+00
  0.272401E+01  0.343895E+00  0.159931E-01  0.000000E+00  0.000000E+00  0.000000E+00  0.000000E+00
  0.220262E+01  0.272135E+00 -0.126404E-01  0.000000E+00  0.000000E+00  0.000000E+00  0.000000E+00
  0.230221E+01  0.278716E+00  0.143727E-01  0.000000E+00  0.000000E+00  0.000000E+00  0.000000E+00
  0.177967E+01 -0.185719E+00  0.113299E-01  0.000000E+00  0.000000E+00  0.000000E+00  0.000000E+00
  0.200532E+01  0.126342E-01 -0.229077E+00  0.000000E+00  0.000000E+00  0.000000E+00  0.000000E+00
  0.227213E+01 -0.632102E-02  0.322200E+00  0.000000E+00  0.000000E+00  0.000000E+00  0.000000E+00
  0.216062E+01 -0.264451E+00 -0.124292E-01  0.000000E+00  0.000000E+00  0.000000E+00  0.000000E+00
  0.232215E+01 -0.334334E+00 -0.635375E-02  0.000000E+00  0.000000E+00  0.000000E+00  0.000000E+00
  0.239760E+01  0.163731E-01 -0.275668E+00  0.000000E+00  0.000000E+00  0.000000E+00  0.000000E+00
  0.228305E+01 -0.254646E+00 -0.162960E-01  0.000000E+00  0.000000E+00  0.000000E+00  0.000000E+00
  0.220079E+01  0.272719E+00 -0.125061E-01  0.000000E+00  0.000000E+00  0.000000E+00  0.000000E+00
  0.181830E+01  0.112987E-01 -0.194575E+00  0.000000E+00  0.000000E+00  0.000000E+00  0.000000E+00
  0.219834E+01 -0.322685E-02 -0.311709E+00  0.000000E+00  0.000000E+00  0.000000E+00  0.000000E+00
  0.272476E+01 -0.348283E+00  0.157041E-01  0.000000E+00  0.000000E+00  0.000000E+00  0.000000E+00
  0.266409E+01 -0.123961E-01  0.375376E+00  0.000000E+00  0.000000E+00  0.000000E+00  0.000000E+00
  0.240235E+01  0.333935E+00  0.102315E-01  0.000000E+00  0.000000E+00  0.000000E+00  0.000000E+00
  0.215784E+01  0.153245E-01 -0.240258E+00  0.000000E+00  0.000000E+00  0.000000E+00  0.000000E+00
  0.260192E+01  0.379147E+00 -0.103499E-01  0.000000E+00  0.000000E+00  0.000000E+00  0.000000E+00
  0.252986E+01  0.183109E-03 -0.398262E+00  0.000000E+00  0.000000E+00  0.000000E+00  0.000000E+00
  0.180957E+01 -0.189300E+00  0.120237E-01  0.000000E+00  0.000000E+00  0.000000E+00  0.000000E+00
  0.231749E+01 -0.255214E+00 -0.167927E-01  0.000000E+00  0.000000E+00  0.000000E+00  0.000000E+00
  0.233394E+01 -0.108638E-01  0.314028E+00  0.000000E+00  0.000000E+00  0.000000E+00  0.000000E+00
  0.203294E+01 -0.243729E+00  0.111748E-01  0.000000E+00  0.000000E+00  0.000000E+00  0.000000E+00
  0.183705E+01 -0.788324E-02  0.211500E+00  0.000000E+00  0.000000E+00  0.000000E+00  0.000000E+00
  0.235075E+01  0.185297E-01 -0.236919E+00  0.000000E+00  0.000000E+00  0.000000E+00  0.000000E+00
  0.220737E+01  0.275588E-02 -0.314696E+00  0.000000E+00  0.000000E+00  0.000000E+00  0.000000E+00
  0.182834E+01  0.213335E+00 -0.638963E-02  0.000000E+00  0.000000E+00  0.000000E+00  0.000000E+00
  0.275352E+01 -0.272079E+00  0.200354E-01  0.000000E+00  0.000000E+00  0.000000E+00  0.000000E+00
  0.269348E+01  0.317632E+00  0.172872E-01  0.000000E+00  0.000000E+00  0.000000E+00  0.000000E+00
  0.269008E+01  0.936089E-02 -0.406914E+00  0.000000E+00  0.000000E+00  0.000000E+00  0.000000E+00
  0.247838E+01 -0.307790E+00  0.150347E-01  0.000000E+00  0.000000E+00  0.000000E+00  0.000000E+00
  0.236067E+01  0.100812E-01 -0.325258E+00  0.000000E+00  0.000000E+00  0.000000E+00  0.000000E+00
  0.164775E+01 -0.476750E-02  0.171732E+00  0.000000E+00  0.000000E+00  0.000000E+00  0.000000E+00
  0.267554E+01  0.297180E-02 -0.432071E+00  0.000000E+00  0.000000E+00  0.000000E+00  0.000000E+00
  0.261340E+01 -0.155466E-01 -0.328462E+00  0.000000E+00  0.000000E+00  0.000000E+00  0.000000E+00
  0.232532E+01  0.325028E+00 -0.866165E-02  0.000000E+00  0.000000E+00  0.000000E+00  0.000000E+00
  0.254932E+01  0.187901E-01 -0.265955E+00  0.000000E+00  0.000000E+00  0.000000E+00  0.000000E+00
  0.227861E+01  0.171661E-01  0.243297E+00  0.000000E+00  0.000000E+00  0.000000E+00  0.000000E+00
  0.261648E+01  0.321456E+00  0.161008E-01  0.000000E+00  0.000000E+00  0.000000E+00  0.000000E+00
  0.179551E+01 -0.129297E-01 -0.181746E+00  0.000000E+00  0.000000E+00  0.000000E+00  0.000000E+00
  0.245773E+01  0.159386E-01 -0.292767E+00  0.000000E+00  0.000000E+00  0.000000E+00  0.000000E+00
  0.260071E+01 -0.368512E+00  0.116209E-01  0.000000E+00  0.000000E+00  0.000000E+00  0.000000E+00
  0.230740E+01  0.329352E+00 -0.672353E-02  0.000000E+00  0.000000E+00  0.000000E+00  0.000000E+00
  0.195942E+01 -0.121483E-01 -0.221864E+00  0.000000E+00  0.000000E+00  0.000000E+00  0.000000E+00
  0.282105E+01 -0.179183E-01 -0.329146E+00  0.000000E+00  0.000000E+00  0.000000E+00  0.000000E+00
  0.284014E+01  0.113468E-01 -0.424886E+00  0.000000E+00  0.000000E+00  0.000000E+00  0.000000E+00
  0.233495E+01 -0.348521E+00 -0.120601E-02  0.000000E+00  0.000000E+00  0.000000E+00  0.000000E+00
  0.180911E+01  0.110192E-01 -0.193703E+00  0.000000E+00  0.000000E+00  0.000000E+00  0.000000E+00
  0.279007E+01  0.454319E+00  0.511867E-02  0.000000E+00  0.000000E+00  0.000000E+00  0.000000E+00
  0.215077E+01  0.291570E+00  0.660060E-02  0.000000E+00  0.000000E+00  0.000000E+00  0.000000E+00
  0.221115E+01 -0.304333E+00  0.714602E-02  0.000000E+00  0.000000E+00  0.000000E+00  0.000000E+00
  0.250941E+01  0.302838E+00 -0.159393E-01  0.000000E+00  0.000000E+00  0.000000E+00  0.000000E+00
  0.249082E+01  0.839546E-02 -0.365835E+00  0.000000E+00  0.000000E+00  0.000000E+00  0.000000E+00
  0.261748E+01 -0.385646E+00  0.996030E-02  0.000000E+00  0.000000E+00  0.000000E+00  0.000000E+00
  0.278161E+01 -0.433721E+00 -0.861350E-02  0.000000E+00  0.000000E+00  0.000000E+00  0.000000E+00
  0.171899E+01  0.184353E+00 -0.739097E-02  0.000000E+00  0.000000E+00  0.000000E+00  0.000000E+00
  0.184736E+01  0.162687E-02 -0.225001E+00  0.000000E+00  0.000000E+00  0.000000E+00  0.000000E+00
  0.236390E+01  0.345770E+00  0.602066E-02  0.000000E+00  0.000000E+00  0.000000E+00  0.000000E+00
  0.245634E+01  0.192233E-01 -0.242728E+00  0.000000E+00  0.000000E+00  0.000000E+00  0.000000E+00
  0.198748E+01  0.559565E-02  0.254334E+00  0.000000E+00  0.000000E+00  0.000000E+00  0.000000E+00
  0.168371E+01  0.171819E+00 -0.896090E-02  0.000000E+00  0.000000E+00  0.000000E+00  0.000000E+00
  0.235522E+01  0.392459E-02 -0.349667E+00  0.000000E+00  0.000000E+00  0.000000E+00  0.000000E+00
  0.201829E+01 -0.262824E+00 -0.522330E-02  0.000000E+00  0.000000E+00  0.000000E+00  0.000000E+00
  0.227546E+01 -0.404521E-02  0.329464E+00  0.000000E+00  0.000000E+00  0.000000E+00  0.000000E+00
  0.252872E+01  0.607405E-02 -0.386060E+00  0.000000E+00  0.000000E+00  0.000000E+00  0.000000E+00
  0.169606E+01 -0.186151E+00  0.261164E-02  0.000000E+00  0.000000E+00  0.000000E+00  0.000000E+00
  0.206666E+01  0.267365E+00 -0.769340E-02  0.000000E+00  0.000000E+00  0.000000E+00  0.000000E+00
  0.178605E+01 -0.111303E-01 -0.188002E+00  0.000000E+00  0.000000E+00  0.000000E+00  0.000000E+00
  0.175012E+01 -0.188716E+00  0.856095E-02  0.000000E+00  0.000000E+00  0.000000E+00  0.000000E+00
  0.222429E+01 -0.383672E-02  0.317108E+00  0.000000E+00  0.000000E+00  0.000000E+00  0.000000E+00
  0.215761E+01  0.767795E-02  0.289335E+00  0.000000E+00  0.000000E+00  0.000000E+00  0.000000E+00
  0.262049E+01  0.170585E-01 -0.307927E+00  0.000000E+00  0.000000E+00  0.000000E+00  0.000000E+00
  0.227640E+01  0.331853E+00  0.289615E-02  0.000000E+00  0.000000E+00  0.000000E+00  0.000000E+00
  0.201713E+01  0.262859E+00 -0.508015E-02  0.000000E+00  0.000000E+00  0.000000E+00  0.000000E+00
  0.193597E+01  0.143997E-01 -0.202659E+00  0.000000E+00  0.000000E+00  0.000000E+00  0.000000E+00
  0.181741E+01 -0.217846E+00  0.543137E-03  0.000000E+00  0.000000E+00  0.000000E+00  0.000000E+00
  0.161766E+01  0.167219E+00  0.886177E-03  0.000000E+00  0.000000E+00  0.000000E+00  0.000000E+00
  0.191229E+01 -0.238979E+00  0.388541E-02  0.000000E+00  0.000000E+00  0.000000E+00  0.000000E+00
  0.281019E+01 -0.173359E-01 -0.338101E+00  0.000000E+00  0.000000E+00  0.000000E+00  0.000000E+00
  0.224492E+01 -0.125040E-01  0.282409E+00  0.000000E+00  0.000000E+00  0.000000E+00  0.000000E+00
  0.262331E+01 -0.276769E+00  0.188700E-01  0.000000E+00  0.000000E+00  0.000000E+00  0.000000E+00
  0.191331E+01  0.398979E-02  0.239072E+00  0.000000E+00  0.000000E+00  0.000000E+00  0.000000E+00
  0.174989E+01  0.415647E-02 -0.198009E+00  0.000000E+00  0.000000E+00  0.000000E+00  0.000000E+00
  0.207728E+01 -0.233146E+00 -0.142431E-01  0.000000E+00  0.000000E+00  0.000000E+00  0.000000E+00
  0.197755E+01  0.277678E-03  0.258425E+00  0.000000E+00  0.000000E+00  0.000000E+00  0.000000E+00
  0.263780E+01 -0.257659E+00 -0.198980E-01  0.000000E+00  0.000000E+00  0.000000E+00  0.000000E+00
  0.242096E+01  0.303854E+00  0.143209E-01  0.000000E+00  0.000000E+00  0.000000E+00  0.000000E+00
  0.193154E+01  0.144030E-01  0.201720E+00  0.000000E+00  0.000000E+00  0.000000E+00  0.000000E+00
  0.283509E+01 -0.367773E+00  0.158491E-01  0.000000E+00  0.000000E+00  0.000000E+00  0.000000E+00
  0.207364E+01 -0.222688E+00  0.154071E-01  0.000000E+00  0.000000E+00  0.000000E+00  0.000000E+00
  0.220841E+01 -0.257489E+00 -0.145722E-01  0.000000E+00  0.000000E+00  0.000000E+00  0.000000E+00
  0.180966E+01 -0.189668E+00  0.119498E-01  0.000000E+00  0.000000E+00  0.000000E+00  0.000000E+00
  0.172681E+01 -0.192457E+00  0.399248E-02  0.000000E+00  0.000000E+00  0.000000E+00  0.000000E+00
  0.190759E+01 -0.227289E+00 -0.823617E-02  0.000000E+00  0.000000E+00  0.000000E+00  0.000000E+00
  0.231228E+01 -0.259726E-02 -0.341329E+00  0.000000E+00  0.000000E+00  0.000000E+00  0.000000E+00
  0.275282E+01 -0.274977E+00  0.199110E-01  0.000000E+00  0.000000E+00  0.000000E+00  0.000000E+00
  0.202341E+01  0.118485E-02 -0.269748E+00  0.000000E+00  0.000000E+00  0.000000E+00  0.000000E+00
  0.212410E+01 -0.237576E+00 -0.148703E-01  0.000000E+00  0.000000E+00  0.000000E+00  0.000000E+00
  0.213457E+01 -0.253675E+00  0.131413E-01  0.000000E+00  0.000000E+00  0.000000E+00  0.000000E+00
  0.204359E+01  0.104788E-01 -0.249822E+00  0.000000E+00  0.000000E+00  0.000000E+00  0.000000E+00
  0.283020E+01  0.288376E+00 -0.198487E-01  0.000000E+00  0.000000E+00  0.000000E+00  0.000000E+00
  0.283533E+01  0.165258E-01  0.356878E+00  0.000000E+00  0.000000E+00  0.000000E+00  0.000000E+00
  0.270975E+01 -0.304618E+00 -0.181815E-01  0.000000E+00  0.000000E+00  0.000000E+00  0.000000E+00
  0.246769E+01 -0.367694E+00  0.689544E-02  0.000000E+00  0.000000E+00  0.000000E+00  0.000000E+00
  0.223376E+01 -0.175639E-01  0.230074E+00  0.000000E+00  0.000000E+00  0.000000E+00  0.000000E+00
  0.212001E+01 -0.397275E-02  0.290765E+00  0.000000E+00  0.000000E+00  0.000000E+00  0.000000E+00
  0.237549E+01 -0.936225E-02  0.333052E+00  0.000000E+00  0.000000E+00  0.000000E+00  0.000000E+00
  0.204703E+01 -0.489014E-02 -0.270698E+00  0.000000E+00  0.000000E+00  0.000000E+00  0.000000E+00
  0.207641E+01 -0.162863E-01 -0.215065E+00  0.000000E+00  0.000000E+00  0.000000E+00  0.000000E+00
  0.186960E+01  0.833007E-02 -0.217902E+00  0.000000E+00  0.000000E+00  0.000000E+00  0.000000E+00
  0.179855E+01 -0.118210E-01 -0.187791E+00  0.000000E+00  0.000000E+00  0.000000E+00  0.000000E+00
  0.251186E+01 -0.941616E-02 -0.364721E+00  0.000000E+00  0.000000E+00  0.000000E+00  0.000000E+00
  0.231789E+01  0.125536E-01 -0.298012E+00  0.000000E+00  0.000000E+00  0.000000E+00  0.000000E+00
  0.279371E+01  0.151256E-01  0.370295E+00  0.000000E+00  0.000000E+00  0.000000E+00  0.000000E+00
  0.237301E+01 -0.326262E+00  0.103697E-01  0.000000E+00  0.000000E+00  0.000000E+00  0.000000E+00
  0.283970E+01 -0.884848E-02  0.445859E+00  0.000000E+00  0.000000E+00  0.000000E+00  0.000000E+00
  0.244284E+01  0.802447E-02  0.356334E+00  0.000000E+00  0.000000E+00  0.000000E+00  0.000000E+00
  0.233412E+01  0.336262E+00  0.662152E-02  0.000000E+00  0.000000E+00  0.000000E+00  0.000000E+00
  0.266859E+01  0.459281E-03 -0.433322E+00  0.000000E+00  0.000000E+00  0.000000E+00  0.000000E+00
  0.223575E+01  0.856515E-02 -0.304213E+00  0.000000E+00  0.000000E+00  0.000000E+00  0.000000E+00
  0.202433E+01 -0.769814E-02 -0.257152E+00  0.000000E+00  0.000000E+00  0.000000E+00  0.000000E+00
  0.213899E+01  0.268745E+00 -0.110064E-01  0.000000E+00  0.000000E+00  0.000000E+00  0.000000E+00
  0.212999E+01 -0.171124E-01 -0.216544E+00  0.000000E+00  0.000000E+00  0.000000E+00  0.000000E+00
  0.205218E+01 -0.215871E+00 -0.156949E-01  0.000000E+00  0.000000E+00  0.000000E+00  0.000000E+00
  0.236317E+01  0.276594E+00 -0.157438E-01  0.000000E+00  0.000000E+00  0.000000E+00  0.000000E+00
  0.242961E+01 -0.323148E+00  0.124752E-01  0.000000E+00  0.000000E+00  0.000000E+00  0.000000E+00
  0.220462E+01  0.312567E+00 -0.363749E-02  0.000000E+00  0.000000E+00  0.000000E+00  0.000000E+00
  0.251314E+01 -0.131913E-01  0.334722E+00  0.000000E+00  0.000000E+00  0.000000E+00  0.000000E+00
  0.215011E+01 -0.214046E+00  0.176437E-01  0.000000E+00  0.000000E+00  0.000000E+00  0.000000E+00
  0.273058E+01  0.442130E+00 -0.438444E-02  0.000000E+00  0.000000E+00  0.000000E+00  0.000000E+00
  0.168331E+01 -0.529022E-02  0.179780E+00  0.000000E+00  0.000000E+00  0.000000E+00  0.000000E+00
  0.267317E+01  0.299840E+00 -0.180955E-01  0.000000E+00  0.000000E+00  0.000000E+00  0.000000E+00
  0.174270E+01  0.196029E+00  0.429141E-02  0.000000E+00  0.000000E+00  0.000000E+00  0.000000E+00
  0.277580E+01  0.456195E+00  0.342596E-02  0.000000E+00  0.000000E+00  0.000000E+00  0.000000E+00
  0.204688E+01 -0.253450E+00 -0.989628E-02  0.000000E+00  0.000000E+00  0.000000E+00  0.000000E+00
  0.227963E+01  0.241446E+00 -0.173259E-01  0.000000E+00  0.000000E+00  0.000000E+00  0.000000E+00
  0.282895E+01  0.110466E-01 -0.425212E+00  0.000000E+00  0.000000E+00  0.000000E+00  0.000000E+00
  0.260810E+01  0.417340E+00  0.148851E-02  0.000000E+00  0.000000E+00  0.000000E+00  0.000000E+00
  0.247178E+01 -0.370992E+00 -0.634905E-02  0.000000E+00  0.000000E+00  0.000000E+00  0.000000E+00
  0.184473E+01  0.215256E+00 -0.721178E-02  0.000000E+00  0.000000E+00  0.000000E+00  0.000000E+00
  0.230299E+01  0.161779E-01  0.259849E+00  0.000000E+00  0.000000E+00  0.000000E+00  0.000000E+00
  0.179846E+01 -0.209363E+00 -0.466142E-02  0.000000E+00  0.000000E+00  0.000000E+00  0.000000E+00
  0.249882E+01 -0.331348E+00  0.132215E-01  0.000000E+00  0.000000E+00  0.000000E+00  0.000000E+00
  0.283647E+01  0.314683E-02 -0.472114E+00  0.000000E+00  0.000000E+00  0.000000E+00  0.000000E+00
  0.178977E+01  0.209699E+00  0.266221E-02  0.000000E+00  0.000000E+00  0.000000E+00  0.000000E+00
  0.229999E+01 -0.332757E+00  0.515848E-02  0.000000E+00  0.000000E+00  0.000000E+00  0.000000E+00
  0.280403E+01  0.172590E-01 -0.338356E+00  0.000000E+00  0.000000E+00  0.000000E+00  0.000000E+00
  0.182290E+01  0.213249E+00  0.582560E-02  0.000000E+00  0.000000E+00  0.000000E+00  0.000000E+00
  0.179376E+01 -0.192396E+00  0.104788E-01  0.000000E+00  0.000000E+00  0.000000E+00  0.000000E+00
  0.178142E+01  0.203858E+00 -0.539919E-02  0.000000E+00  0.000000E+00  0.000000E+00  0.000000E+00
  0.238674E+01  0.286258E+00 -0.153055E-01  0.000000E+00  0.000000E+00  0.000000E+00  0.000000E+00
  0.168951E+01  0.316147E-02  0.184027E+00  0.000000E+00  0.000000E+00  0.000000E+00  0.000000E+00
  0.163513E+01  0.328564E-02  0.170258E+00  0.000000E+00  0.000000E+00  0.000000E+00  0.000000E+00
  0.231402E+01 -0.426941E-02  0.338580E+00  0.000000E+00  0.000000E+00  0.000000E+00  0.000000E+00
  0.232209E+01  0.143629E-01 -0.282928E+00  0.000000E+00  0.000000E+00  0.000000E+00  0.000000E+00
  0.221730E+01  0.241956E+00 -0.163020E-01  0.000000E+00  0.000000E+00  0.000000E+00  0.000000E+00
  0.281529E+01 -0.454589E+00  0.645349E-02  0.000000E+00  0.000000E+00  0.000000E+00  0.000000E+00
  0.184508E+01  0.207295E+00  0.969682E-02  0.000000E+00  0.000000E+00  0.000000E+00  0.000000E+00
  0.182012E+01 -0.218545E+00  0.474880E-03  0.000000E+00  0.000000E+00  0.000000E+00  0.000000E+00
  0.224360E+01 -0.151003E-01 -0.259654E+00  0.000000E+00  0.000000E+00  0.000000E+00  0.000000E+00
  0.201593E+01  0.143576E-01 -0.219524E+00  0.000000E+00  0.000000E+00  0.000000E+00  0.000000E+00
  0.189161E+01  0.130720E-01  0.201750E+00  0.000000E+00  0.000000E+00  0.000000E+00  0.000000E+00
  0.222625E+01 -0.182250E-01 -0.220006E+00  0.000000E+00  0.000000E+00  0.000000E+00  0.000000E+00
  0.193865E+01  0.123621E-01 -0.216072E+00  0.000000E+00  0.000000E+00  0.000000E+00  0.000000E+00
  0.250845E+01 -0.189560E-01  0.256131E+00  0.000000E+00  0.000000E+00  0.000000E+00  0.000000E+00
  0.195637E+01  0.403561E-02 -0.249760E+00  0.000000E+00  0.000000E+00  0.000000E+00  0.000000E+00
  0.206345E+01 -0.293989E-02  0.278244E+00  0.000000E+00  0.000000E+00  0.000000E+00  0.000000E+00
  0.262608E+01  0.347217E+00  0.142532E-01  0.000000E+00  0.000000E+00  0.000000E+00  0.000000E+00
  0.256608E+01  0.377275E+00 -0.944066E-02  0.000000E+00  0.000000E+00  0.000000E+00  0.000000E+00
  0.194031E+01 -0.106931E-01 -0.225084E+00  0.000000E+00  0.000000E+00  0.000000E+00  0.000000E+00
  0.224795E+01 -0.229871E+00  0.177752E-01  0.000000E+00  0.000000E+00  0.000000E+00  0.000000E+00
  0.268441E+01 -0.188159E-01 -0.288001E+00  0.000000E+00  0.000000E+00  0.000000E+00  0.000000E+00
  0.170088E+01  0.188383E+00  0.261330E-03  0.000000E+00  0.000000E+00  0.000000E+00  0.000000E+00
  0.195197E+01  0.237511E+00  0.834568E-02  0.000000E+00  0.000000E+00  0.000000E+00  0.000000E+00
  0.207201E+01  0.156627E-01 -0.220073E+00  0.000000E+00  0.000000E+00  0.000000E+00  0.000000E+00
  0.219489E+01  0.132893E-01  0.265511E+00  0.000000E+00  0.000000E+00  0.000000E+00  0.000000E+00
  0.211808E+01 -0.227361E+00 -0.158515E-01  0.000000E+00  0.000000E+00  0.000000E+00  0.000000E+00
  0.244627E+01  0.337895E+00 -0.111006E-01  0.000000E+00  0.000000E+00  0.000000E+00  0.000000E+00
  0.277294E+01  0.337541E+00  0.169766E-01  0.000000E+00  0.000000E+00  0.000000E+00  0.000000E+00
  0.276046E+01  0.170546E-01  0.333899E+00  0.000000E+00  0.000000E+00  0.000000E+00  0.000000E+00
  0.246726E+01  0.276080E+00  0.172994E-01  0.000000E+00  0.000000E+00  0.000000E+00  0.000000E+00
  0.173099E+01  0.107400E-01 -0.177007E+00  0.000000E+00  0.000000E+00  0.000000E+00  0.000000E+00
  0.232983E+01 -0.134004E-01  0.293471E+00  0.000000E+00  0.000000E+00  0.000000E+00  0.000000E+00
  0.221883E+01  0.148589E-02 -0.318962E+00  0.000000E+00  0.000000E+00  0.000000E+00  0.000000E+00
  0.269697E+01  0.438261E+00 -0.256220E-02  0.000000E+00  0.000000E+00  0.000000E+00  0.000000E+00
  0.251111E+01 -0.141188E-01  0.324761E+00  0.000000E+00  0.000000E+00  0.000000E+00  0.000000E+00
  0.200782E+01 -0.266039E+00  0.558843E-03  0.000000E+00  0.000000E+00  0.000000E+00  0.000000E+00
  0.188392E+01 -0.212146E+00  0.107007E-01  0.000000E+00  0.000000E+00  0.000000E+00  0.000000E+00
  0.201186E+01  0.245359E+00  0.988478E-02  0.000000E+00  0.000000E+00  0.000000E+00  0.000000E+00
  0.269470E+01  0.180315E-01  0.304777E+00  0.000000E+00  0.000000E+00  0.000000E+00  0.000000E+00
  0.180016E+01 -0.261409E-02 -0.212360E+00  0.000000E+00  0.000000E+00  0.000000E+00  0.000000E+00
  0.235483E+01  0.180371E-01 -0.245092E+00  0.000000E+00  0.000000E+00  0.000000E+00  0.000000E+00
  0.213278E+01 -0.289796E-02  0.295735E+00  0.000000E+00  0.000000E+00  0.000000E+00  0.000000E+00
  0.204410E+01  0.960244E-02  0.254172E+00  0.000000E+00  0.000000E+00  0.000000E+00  0.000000E+00
  0.245342E+01  0.241108E+00  0.192860E-01  0.000000E+00  0.000000E+00  0.000000E+00  0.000000E+00
  0.250065E+01 -0.386822E+00  0.359176E-02  0.000000E+00  0.000000E+00  0.000000E+00  0.000000E+00
  0.250067E+01 -0.554076E-02 -0.381161E+00  0.000000E+00  0.000000E+00  0.000000E+00  0.000000E+00
  0.248128E+01  0.364605E+00  0.820278E-02  0.000000E+00  0.000000E+00  0.000000E+00  0.000000E+00
  0.171409E+01 -0.792443E-02 -0.181850E+00  0.000000E+00  0.000000E+00  0.000000E+00  0.000000E+00
  0.180543E+01 -0.213610E+00 -0.269658E-02  0.000000E+00  0.000000E+00  0.000000E+00  0.000000E+00
  0.167374E+01 -0.172632E+00 -0.772853E-02  0.000000E+00  0.000000E+00  0.000000E+00  0.000000E+00
  0.192141E+01 -0.121206E-01  0.213604E+00  0.000000E+00  0.000000E+00  0.000000E+00  0.000000E+00
  0.164671E+01 -0.172388E+00 -0.403618E-02  0.000000E+00  0.000000E+00  0.000000E+00  0.000000E+00
  0.268578E+01 -0.177452E-01  0.308347E+00  0.000000E+00  0.000000E+00  0.000000E+00  0.000000E+00
  0.277639E+01 -0.153256E-01  0.363974E+00  0.000000E+00  0.000000E+00  0.000000E+00  0.000000E+00
  0.207084E+01 -0.866565E-02  0.264572E+00  0.000000E+00  0.000000E+00  0.000000E+00  0.000000E+00
  0.280047E+01  0.112097E-01  0.417232E+00  0.000000E+00  0.000000E+00  0.000000E+00  0.000000E+00
  0.273412E+01 -0.194087E-01  0.283628E+00  0.000000E+00  0.000000E+00  0.000000E+00  0.000000E+00
  0.269660E+01 -0.147774E-01  0.355299E+00  0.000000E+00  0.000000E+00  0.000000E+00  0.000000E+00
  0.252489E+01 -0.354392E+00 -0.112692E-01  0.000000E+00  0.000000E+00  0.000000E+00  0.000000E+00
  0.279324E+01 -0.187010E-01  0.308570E+00  0.000000E+00  0.000000E+00  0.000000E+00  0.000000E+00
  0.244465E+01 -0.154415E-01 -0.296255E+00  0.000000E+00  0.000000E+00  0.000000E+00  0.000000E+00
  0.173379E+01  0.195807E+00 -0.241349E-02  0.000000E+00  0.000000E+00  0.000000E+00  0.000000E+00
  0.198033E+01  0.108681E-01 -0.233377E+00  0.000000E+00  0.000000E+00  0.000000E+00  0.000000E+00
  0.226864E+01 -0.703555E-02 -0.318715E+00  0.000000E+00  0.000000E+00  0.000000E+00  0.000000E+00
  0.263899E+01  0.746855E-02 -0.406453E+00  0.000000E+00  0.000000E+00  0.000000E+00  0.000000E+00
  0.268626E+01  0.131952E-01  0.371911E+00  0.000000E+00  0.000000E+00  0.000000E+00  0.000000E+00
  0.276488E+01  0.410436E+00 -0.110716E-01  0.000000E+00  0.000000E+00  0.000000E+00  0.000000E+00
  0.227160E+01  0.180966E-01  0.229672E+00  0.000000E+00  0.000000E+00  0.000000E+00  0.000000E+00
  0.280860E+01 -0.447562E+00 -0.744667E-02  0.000000E+00  0.000000E+00  0.000000E+00  0.000000E+00
  0.276413E+01  0.452712E+00 -0.363815E-02  0.000000E+00  0.000000E+00  0.000000E+00  0.000000E+00
  0.184996E+01  0.195363E+00 -0.125913E-01  0.000000E+00  0.000000E+00  0.000000E+00  0.000000E+00
  0.258824E+01  0.179710E-01 -0.287144E+00  0.000000E+00  0.000000E+00  0.000000E+00  0.000000E+00
  0.233323E+01  0.590119E-02  0.338643E+00  0.000000E+00  0.000000E+00  0.000000E+00  0.000000E+00
  0.234055E+01 -0.269599E+00 -0.159654E-01  0.000000E+00  0.000000E+00  0.000000E+00  0.000000E+00
  0.191131E+01 -0.121380E-01 -0.211274E+00  0.000000E+00  0.000000E+00  0.000000E+00  0.000000E+00
  0.248089E+01 -0.385503E+00  0.109575E-02  0.000000E+00  0.000000E+00  0.000000E+00  0.000000E+00
  0.233487E+01 -0.343707E-02 -0.345592E+00  0.000000E+00  0.000000E+00  0.000000E+00  0.000000E+00
  0.243507E+01  0.384095E-02 -0.369831E+00  0.000000E+00  0.000000E+00  0.000000E+00  0.000000E+00
  0.229008E+01  0.135233E-01 -0.283915E+00  0.000000E+00  0.000000E+00  0.000000E+00  0.000000E+00
  0.255098E+01 -0.320404E-02 -0.400291E+00  0.000000E+00  0.000000E+00  0.000000E+00  0.000000E+00
  0.194777E+01 -0.453614E-02  0.246735E+00  0.000000E+00  0.000000E+00  0.000000E+00  0.000000E+00
  0.182126E+01 -0.212242E+00 -0.610646E-02  0.000000E+00  0.000000E+00  0.000000E+00  0.000000E+00
  0.206696E+01 -0.279985E+00  0.220253E-02  0.000000E+00  0.000000E+00  0.000000E+00  0.000000E+00
  0.174046E+01 -0.771290E-02 -0.188736E+00  0.000000E+00  0.000000E+00  0.000000E+00  0.000000E+00
  0.222962E+01  0.315968E+00  0.491571E-02  0.000000E+00  0.000000E+00  0.000000E+00  0.000000E+00
  0.169171E+01 -0.185899E+00 -0.107936E-02  0.000000E+00  0.000000E+00  0.000000E+00  0.000000E+00
  0.274258E+01 -0.200025E-01  0.271217E+00  0.000000E+00  0.000000E+00  0.000000E+00  0.000000E+00
  0.268694E+01  0.480004E-02 -0.429892E+00  0.000000E+00  0.000000E+00  0.000000E+00  0.000000E+00
  0.252913E+01  0.333811E+00 -0.136212E-01  0.000000E+00  0.000000E+00  0.000000E+00  0.000000E+00
  0.189269E+01 -0.235524E+00 -0.274359E-02  0.000000E+00  0.000000E+00  0.000000E+00  0.000000E+00
  0.234274E+01  0.325287E+00  0.937577E-02  0.000000E+00  0.000000E+00  0.000000E+00  0.000000E+00
  0.271711E+01 -0.346452E+00  0.157266E-01  0.000000E+00  0.000000E+00  0.000000E+00  0.000000E+00
  0.173856E+01 -0.965066E-02  0.182592E+00  0.000000E+00  0.000000E+00  0.000000E+00  0.000000E+00
  0.259402E+01  0.289191E+00 -0.179108E-01  0.000000E+00  0.000000E+00  0.000000E+00  0.000000E+00
  0.252709E+01 -0.141819E-01  0.327411E+00  0.000000E+00  0.000000E+00  0.000000E+00  0.000000E+00
  0.200331E+01  0.812635E-02 -0.250575E+00  0.000000E+00  0.000000E+00  0.000000E+00  0.000000E+00
  0.197686E+01  0.257832E+00  0.144737E-02  0.000000E+00  0.000000E+00  0.000000E+00  0.000000E+00
  0.198701E+01  0.920307E-02  0.242518E+00  0.000000E+00  0.000000E+00  0.000000E+00  0.000000E+00
  0.215818E+01  0.114366E-01  0.270479E+00  0.000000E+00  0.000000E+00  0.000000E+00  0.000000E+00
  0.206946E+01  0.450998E-02 -0.277089E+00  0.000000E+00  0.000000E+00  0.000000E+00  0.000000E+00
  0.214493E+01 -0.298488E-02  0.298665E+00  0.000000E+00  0.000000E+00  0.000000E+00  0.000000E+00
  0.220760E+01 -0.255865E+00  0.147312E-01  0.000000E+00  0.000000E+00  0.000000E+00  0.000000E+00
  0.269066E+01 -0.406024E+00  0.950435E-02  0.000000E+00  0.000000E+00  0.000000E+00  0.000000E+00
  0.222528E+01 -0.320243E+00 -0.188847E-02  0.000000E+00  0.000000E+00  0.000000E+00  0.000000E+00
  0.226194E+01  0.103571E-02 -0.330158E+00  0.000000E+00  0.000000E+00  0.000000E+00  0.000000E+00
  0.254905E+01  0.402256E+00  0.164805E-02  0.000000E+00  0.000000E+00  0.000000E+00  0.000000E+00
  0.178286E+01  0.207590E+00 -0.304722E-02  0.000000E+00  0.000000E+00  0.000000E+00  0.000000E+00
  0.193615E+01 -0.111912E-01 -0.221728E+00  0.000000E+00  0.000000E+00  0.000000E+00  0.000000E+00
  0.231289E+01 -0.266812E-02 -0.341380E+00  0.000000E+00  0.000000E+00  0.000000E+00  0.000000E+00
  0.203362E+01  0.268726E+00  0.421843E-02  0.000000E+00  0.000000E+00  0.000000E+00  0.000000E+00
  0.176765E+01 -0.201464E+00 -0.480957E-02  0.000000E+00  0.000000E+00  0.000000E+00  0.000000E+00
  0.248747E+01  0.333051E+00  0.127829E-01  0.000000E+00  0.000000E+00  0.000000E+00  0.000000E+00
  0.195027E+01 -0.290833E-03  0.251517E+00  0.000000E+00  0.000000E+00  0.000000E+00  0.000000E+00
  0.237347E+01 -0.171118E-01  0.261491E+00  0.000000E+00  0.000000E+00  0.000000E+00  0.000000E+00
  0.237768E+01 -0.250708E+00 -0.179291E-01  0.000000E+00  0.000000E+00  0.000000E+00  0.000000E+00
  0.238342E+01 -0.116506E-01  0.319577E+00  0.000000E+00  0.000000E+00  0.000000E+00  0.000000E+00
  0.198282E+01  0.307087E-02  0.257809E+00  0.000000E+00  0.000000E+00  0.000000E+00  0.000000E+00
  0.232248E+01 -0.344669E+00  0.199197E-02  0.000000E+00  0.000000E+00  0.000000E+00  0.000000E+00
  0.173089E+01  0.193918E+00  0.362805E-02  0.000000E+00  0.000000E+00  0.000000E+00  0.000000E+00
  0.167782E+01 -0.108907E-03  0.182554E+00  0.000000E+00  0.000000E+00  0.000000E+00  0.000000E+00
  0.191575E+01 -0.241979E+00  0.204773E-02  0.000000E+00  0.000000E+00  0.000000E+00  0.000000E+00
  0.167952E+01  0.182908E+00  0.728483E-03  0.000000E+00  0.000000E+00  0.000000E+00  0.000000E+00
  0.177393E+01 -0.284934E-02 -0.205540E+00  0.000000E+00  0.000000E+00  0.000000E+00  0.000000E+00
  0.280293E+01  0.289699E+00  0.196190E-01  0.000000E+00  0.000000E+00  0.000000E+00  0.000000E+00
  0.215071E+01 -0.763842E-02  0.287825E+00  0.000000E+00  0.000000E+00  0.000000E+00  0.000000E+00
  0.234007E+01  0.213060E-02  0.348948E+00  0.000000E+00  0.000000E+00  0.000000E+00  0.000000E+00
  0.218143E+01  0.246412E+00  0.151741E-01  0.000000E+00  0.000000E+00  0.000000E+00  0.000000E+00
  0.245768E+01 -0.996672E-02  0.348494E+00  0.000000E+00  0.000000E+00  0.000000E+00  0.000000E+00
  0.281845E+01  0.391919E+00  0.138879E-01  0.000000E+00  0.000000E+00  0.000000E+00  0.000000E+00
  0.228310E+01 -0.331540E+00  0.396864E-02  0.000000E+00  0.000000E+00  0.000000E+00  0.000000E+00
  0.228255E+01 -0.294934E+00 -0.119359E-01  0.000000E+00  0.000000E+00  0.000000E+00  0.000000E+00
  0.181754E+01 -0.956393E-02 -0.201352E+00  0.000000E+00  0.000000E+00  0.000000E+00  0.000000E+00
  0.266790E+01  0.168696E-01  0.319724E+00  0.000000E+00  0.000000E+00  0.000000E+00  0.000000E+00
  0.224949E+01 -0.238887E+00  0.170891E-01  0.000000E+00  0.000000E+00  0.000000E+00  0.000000E+00
  0.252356E+01 -0.268478E+00  0.184038E-01  0.000000E+00  0.000000E+00  0.000000E+00  0.000000E+00
  0.259022E+01 -0.179010E-01  0.288686E+00  0.000000E+00  0.000000E+00  0.000000E+00  0.000000E+00
  0.254518E+01 -0.125978E-02 -0.401641E+00  0.000000E+00  0.000000E+00  0.000000E+00  0.000000E+00
  0.281374E+01 -0.287692E-02 -0.467022E+00  0.000000E+00  0.000000E+00  0.000000E+00  0.000000E+00
  0.258034E+01  0.328845E+00 -0.149998E-01  0.000000E+00  0.000000E+00  0.000000E+00  0.000000E+00
  0.212282E+01  0.552713E-04  0.295219E+00  0.000000E+00  0.000000E+00  0.000000E+00  0.000000E+00
  0.250307E+01 -0.112119E-01 -0.349913E+00  0.000000E+00  0.000000E+00  0.000000E+00  0.000000E+00
  0.255277E+01  0.313528E+00  0.157709E-01  0.000000E+00  0.000000E+00  0.000000E+00  0.000000E+00
  0.271090E+01 -0.667947E-02 -0.427964E+00  0.000000E+00  0.000000E+00  0.000000E+00  0.000000E+00
  0.284082E+01 -0.112901E+00 -0.359771E-01  0.000000E+00  0.000000E+00  0.000000E+00  0.000000E+00
  0.284082E+01 -0.183358E-01 -0.181730E+00  0.000000E+00  0.000000E+00  0.000000E+00  0.000000E+00
  0.284082E+01 -0.132104E+00 -0.132938E+00  0.000000E+00  0.000000E+00  0.000000E+00  0.000000E+00
  0.284082E+01  0.501746E-01  0.164695E+00  0.000000E+00  0.000000E+00  0.000000E+00  0.000000E+00
  0.284082E+01 -0.150808E-01  0.106938E+00  0.000000E+00  0.000000E+00  0.000000E+00  0.000000E+00
  0.284082E+01  0.801053E-01  0.122893E+00  0.000000E+00  0.000000E+00  0.000000E+00  0.000000E+00
  0.284082E+01  0.426792E-02  0.902149E-02  0.000000E+00  0.000000E+00  0.000000E+00  0.000000E+00
  0.284082E+01 -0.135785E+00 -0.925378E-01  0.000000E+00  0.000000E+00  0.000000E+00  0.000000E+00
  0.284082E+01 -0.722900E-01  0.213496E-01  0.000000E+00  0.000000E+00  0.000000E+00  0.000000E+00
  0.284082E+01 -0.156152E+00 -0.525608E-02  0.000000E+00  0.000000E+00  0.000000E+00  0.000000E+00
  0.284082E+01  0.896081E-01 -0.107353E+00  0.000000E+00  0.000000E+00  0.000000E+00  0.000000E+00
  0.284082E+01  0.320726E-01  0.486923E-01  0.000000E+00  0.000000E+00  0.000000E+00  0.000000E+00
  0.284082E+01  0.390890E-01 -0.429862E-01  0.000000E+00  0.000000E+00  0.000000E+00  0.000000E+00
  0.284082E+01 -0.118903E-02 -0.778218E-01  0.000000E+00  0.000000E+00  0.000000E+00  0.000000E+00
  0.284082E+01  0.199734E-01  0.999205E-02  0.000000E+00  0.000000E+00  0.000000E+00  0.000000E+00
  0.284082E+01 -0.482450E-01 -0.354556E-02  0.000000E+00  0.000000E+00  0.000000E+00  0.000000E+00
  0.284082E+01  0.817987E-02 -0.109049E-02  0.000000E+00  0.000000E+00  0.000000E+00  0.000000E+00
  0.284082E+01 -0.186859E+00  0.138380E+00  0.000000E+00  0.000000E+00  0.000000E+00  0.000000E+00
  0.284082E+01  0.322729E-02  0.110235E+00  0.000000E+00  0.000000E+00  0.000000E+00  0.000000E+00
  0.284082E+01  0.227480E-02  0.184656E-01  0.000000E+00  0.000000E+00  0.000000E+00  0.000000E+00
  0.284082E+01  0.203023E+00  0.121534E+00  0.000000E+00  0.000000E+00  0.000000E+00  0.000000E+00
  0.284082E+01  0.902600E-01 -0.162816E+00  0.000000E+00  0.000000E+00  0.000000E+00  0.000000E+00
  0.284082E+01  0.704051E-01  0.174532E+00  0.000000E+00  0.000000E+00  0.000000E+00  0.000000E+00
  0.284082E+01  0.122385E+00  0.750477E-01  0.000000E+00  0.000000E+00  0.000000E+00  0.000000E+00
  0.284082E+01  0.698011E-01  0.402987E-02  0.000000E+00  0.000000E+00  0.000000E+00  0.000000E+00
  0.284082E+01  0.248059E-01 -0.235795E+00  0.000000E+00  0.000000E+00  0.000000E+00  0.000000E+00
  0.284082E+01  0.276137E-01  0.785880E-01  0.000000E+00  0.000000E+00  0.000000E+00  0.000000E+00
  0.284082E+01 -0.642400E-03  0.566181E-02  0.000000E+00  0.000000E+00  0.000000E+00  0.000000E+00
  0.284082E+01 -0.886915E-01 -0.113289E+00  0.000000E+00  0.000000E+00  0.000000E+00  0.000000E+00
  0.284082E+01  0.872676E-02  0.324281E-01  0.000000E+00  0.000000E+00  0.000000E+00  0.000000E+00
  0.284082E+01  0.178371E+00 -0.261596E-01  0.000000E+00  0.000000E+00  0.000000E+00  0.000000E+00
  0.284082E+01  0.680633E-01  0.556582E-01  0.000000E+00  0.000000E+00  0.000000E+00  0.000000E+00
  0.284082E+01  0.156672E-01 -0.125941E+00  0.000000E+00  0.000000E+00  0.000000E+00  0.000000E+00
  0.284082E+01  0.903091E-01 -0.932361E-01  0.000000E+00  0.000000E+00  0.000000E+00  0.000000E+00
  0.284082E+01 -0.654031E-01  0.233062E+00  0.000000E+00  0.000000E+00  0.000000E+00  0.000000E+00
  0.284082E+01 -0.465305E-01  0.563534E-01  0.000000E+00  0.000000E+00  0.000000E+00  0.000000E+00
  0.284082E+01  0.382544E-02 -0.366923E-02  0.000000E+00  0.000000E+00  0.000000E+00  0.000000E+00
  0.284082E+01  0.178210E+00 -0.736256E-01  0.000000E+00  0.000000E+00  0.000000E+00  0.000000E+00
  0.284082E+01 -0.523789E-01  0.253805E-01  0.000000E+00  0.000000E+00  0.000000E+00  0.000000E+00
  0.284082E+01  0.144806E+00  0.679543E-01  0.000000E+00  0.000000E+00  0.000000E+00  0.000000E+00
  0.284082E+01  0.746018E-02 -0.184935E+00  0.000000E+00  0.000000E+00  0.000000E+00  0.000000E+00
  0.284082E+01  0.169812E+00  0.156563E+00  0.000000E+00  0.000000E+00  0.000000E+00  0.000000E+00
  0.284082E+01 -0.725460E-01  0.608363E-01  0.000000E+00  0.000000E+00  0.000000E+00  0.000000E+00
  0.284082E+01  0.113267E+00  0.645263E-01  0.000000E+00  0.000000E+00  0.000000E+00  0.000000E+00
  0.284082E+01  0.112048E+00  0.321571E-01  0.000000E+00  0.000000E+00  0.000000E+00  0.000000E+00
  0.284082E+01 -0.380706E-01 -0.740717E-01  0.000000E+00  0.000000E+00  0.000000E+00  0.000000E+00
  0.284082E+01  0.393647E-01  0.580330E-01  0.000000E+00  0.000000E+00  0.000000E+00  0.000000E+00
  0.284082E+01 -0.113050E+00 -0.211118E+00  0.000000E+00  0.000000E+00  0.000000E+00  0.000000E+00
  0.284082E+01 -0.200710E+00  0.368684E-01  0.000000E+00  0.000000E+00  0.000000E+00  0.000000E+00
  0.284082E+01  0.661471E-01 -0.475141E-01  0.000000E+00  0.000000E+00  0.000000E+00  0.000000E+00
  0.284082E+01 -0.206892E+00  0.162587E-01  0.000000E+00  0.000000E+00  0.000000E+00  0.000000E+00
  0.284082E+01  0.995988E-01 -0.797612E-01  0.000000E+00  0.000000E+00  0.000000E+00  0.000000E+00
  0.284082E+01  0.240029E-01  0.281514E-02  0.000000E+00  0.000000E+00  0.000000E+00  0.000000E+00
  0.284082E+01 -0.753688E-01 -0.191767E+00  0.000000E+00  0.000000E+00  0.000000E+00  0.000000E+00
  0.284082E+01 -0.113954E-01  0.766013E-01  0.000000E+00  0.000000E+00  0.000000E+00  0.000000E+00
  0.284082E+01 -0.166599E+00 -0.142682E+00  0.000000E+00  0.000000E+00  0.000000E+00  0.000000E+00
  0.284082E+01 -0.147484E-01 -0.267913E-01  0.000000E+00  0.000000E+00  0.000000E+00  0.000000E+00
  0.284082E+01 -0.117430E-01  0.173770E-01  0.000000E+00  0.000000E+00  0.000000E+00  0.000000E+00
  0.284082E+01  0.277532E-01 -0.753495E-02  0.000000E+00  0.000000E+00  0.000000E+00  0.000000E+00
  0.284082E+01 -0.655309E-01 -0.482566E-01  0.000000E+00  0.000000E+00  0.000000E+00  0.000000E+00
  0.284082E+01  0.544835E-01  0.673965E-01  0.000000E+00  0.000000E+00  0.000000E+00  0.000000E+00
  0.284082E+01 -0.175460E-01 -0.969089E-01  0.000000E+00  0.000000E+00  0.000000E+00  0.000000E+00
  0.284082E+01 -0.101962E-01  0.230883E+00  0.000000E+00  0.000000E+00  0.000000E+00  0.000000E+00
  0.284082E+01  0.480900E-01  0.841431E-02  0.000000E+00  0.000000E+00  0.000000E+00  0.000000E+00
  0.284082E+01  0.121507E-01  0.214931E+00  0.000000E+00  0.000000E+00  0.000000E+00  0.000000E+00
  0.284082E+01 -0.231913E-02  0.757370E-01  0.000000E+00  0.000000E+00  0.000000E+00  0.000000E+00
  0.284082E+01  0.174192E+00  0.122491E+00  0.000000E+00  0.000000E+00  0.000000E+00  0.000000E+00
  0.284082E+01  0.153225E+00 -0.151476E+00  0.000000E+00  0.000000E+00  0.000000E+00  0.000000E+00
  0.284082E+01 -0.596539E-01 -0.398485E-01  0.000000E+00  0.000000E+00  0.000000E+00  0.000000E+00
  0.284082E+01 -0.207152E+00 -0.378726E-01  0.000000E+00  0.000000E+00  0.000000E+00  0.000000E+00
  0.284082E+01 -0.951787E-02 -0.965580E-02  0.000000E+00  0.000000E+00  0.000000E+00  0.000000E+00
  0.284082E+01  0.208823E-01 -0.359696E-01  0.000000E+00  0.000000E+00  0.000000E+00  0.000000E+00
  0.284082E+01  0.958691E-01 -0.139828E+00  0.000000E+00  0.000000E+00  0.000000E+00  0.000000E+00
  0.284082E+01  0.104657E+00 -0.408167E-01  0.000000E+00  0.000000E+00  0.000000E+00  0.000000E+00
  0.284082E+01  0.198988E+00 -0.867860E-01  0.000000E+00  0.000000E+00  0.000000E+00  0.000000E+00
  0.284082E+01  0.310842E-01  0.465457E-01  0.000000E+00  0.000000E+00  0.000000E+00  0.000000E+00
  0.284082E+01 -0.191493E+00  0.109926E+00  0.000000E+00  0.000000E+00  0.000000E+00  0.000000E+00
  0.284082E+01 -0.111728E+00 -0.155228E-01  0.000000E+00  0.000000E+00  0.000000E+00  0.000000E+00
  0.284082E+01 -0.333592E-01  0.126747E+00  0.000000E+00  0.000000E+00  0.000000E+00  0.000000E+00
  0.284082E+01 -0.403079E-01 -0.428619E-01  0.000000E+00  0.000000E+00  0.000000E+00  0.000000E+00
  0.284082E+01 -0.197535E+00 -0.601484E-01  0.000000E+00  0.000000E+00  0.000000E+00  0.000000E+00
  0.284082E+01 -0.796381E-01  0.559889E-01  0.000000E+00  0.000000E+00  0.000000E+00  0.000000E+00
  0.284082E+01 -0.193192E+00 -0.105994E+00  0.000000E+00  0.000000E+00  0.000000E+00  0.000000E+00
  0.284082E+01  0.701208E-01 -0.116260E+00  0.000000E+00  0.000000E+00  0.000000E+00  0.000000E+00
  0.284082E+01  0.786171E-01 -0.329686E-01  0.000000E+00  0.000000E+00  0.000000E+00  0.000000E+00
  0.284082E+01 -0.632896E-01 -0.135859E+00  0.000000E+00  0.000000E+00  0.000000E+00  0.000000E+00
  0.284082E+01  0.523703E-02 -0.921279E-02  0.000000E+00  0.000000E+00  0.000000E+00  0.000000E+00
  0.284082E+01 -0.211588E-01  0.649083E-01  0.000000E+00  0.000000E+00  0.000000E+00  0.000000E+00
  0.284082E+01 -0.966412E-01 -0.242954E-01  0.000000E+00  0.000000E+00  0.000000E+00  0.000000E+00
  0.284082E+01  0.615674E-02  0.249285E+00  0.000000E+00  0.000000E+00  0.000000E+00  0.000000E+00
  0.284082E+01 -0.335106E-01  0.396177E-01  0.000000E+00  0.000000E+00  0.000000E+00  0.000000E+00
  0.284082E+01  0.196022E+00  0.517866E-01  0.000000E+00  0.000000E+00  0.000000E+00  0.000000E+00
  0.284082E+01 -0.127196E-01 -0.138103E-01  0.000000E+00  0.000000E+00  0.000000E+00  0.000000E+00
  0.284082E+01  0.848745E-01  0.335521E-01  0.000000E+00  0.000000E+00  0.000000E+00  0.000000E+00
  0.284082E+01 -0.174952E+00  0.177508E+00  0.000000E+00  0.000000E+00  0.000000E+00  0.000000E+00
  0.284082E+01 -0.283279E-01  0.394205E-01  0.000000E+00  0.000000E+00  0.000000E+00  0.000000E+00
  0.284082E+01  0.697201E-02  0.132400E+00  0.000000E+00  0.000000E+00  0.000000E+00  0.000000E+00
  0.284082E+01  0.733449E-01  0.153537E-01  0.000000E+00  0.000000E+00  0.000000E+00  0.000000E+00
  0.284082E+01  0.224973E+00 -0.121672E-01  0.000000E+00  0.000000E+00  0.000000E+00  0.000000E+00
  0.284082E+01 -0.439337E-01 -0.141146E+00  0.000000E+00  0.000000E+00  0.000000E+00  0.000000E+00
