  0.186452E+01  0.102348E-01  0.209683E+00  0.000000E+00  0.000000E+00  0.000000E+00  0.000000E+00
  0.243399E+01  0.250455E+00 -0.185667E-01  0.000000E+00  0.000000E+00  0.000000E+00  0.000000E+00
  0.168235E+01 -0.125899E-02 -0.183470E+00  0.000000E+00  0.000000E+00  0.000000E+00  0.000000E+00
  0.194804E+01 -0.132001E-02  0.250619E+00  0.000000E+00  0.000000E+00  0.000000E+00  0.000000E+00
  0.199476E+01  0.227988E+00  0.124342E-01  0.000000E+00  0.000000E+00  0.000000E+00  0.000000E+00
  0.252812E+01 -0.297471E-02  0.395006E+00  0.000000E+00  0.000000E+00  0.000000E+00  0.000000E+00
  0.186538E+01  0.138833E-01  0.191309E+00  0.000000E+00  0.000000E+00  0.000000E+00  0.000000E+00
  0.202741E+01  0.239004E+00  0.117943E-01  0.000000E+00  0.000000E+00  0.000000E+00  0.000000E+00
  0.172006E+01 -0.173856E+00  0.109154E-01  0.000000E+00  0.000000E+00  0.000000E+00  0.000000E+00
  0.163306E+01  0.171190E+00 -0.498009E-03  0.000000E+00  0.000000E+00  0.000000E+00  0.000000E+00
  0.205797E+01  0.220361E+00 -0.153151E-01  0.000000E+00  0.000000E+00  0.000000E+00  0.000000E+00
  0.170670E+01  0.173050E+00 -0.102864E-01  0.000000E+00  0.000000E+00  0.000000E+00  0.000000E+00
  0.251743E+01  0.392865E+00  0.267141E-02  0.000000E+00  0.000000E+00  0.000000E+00  0.000000E+00
  0.239363E+01 -0.363408E+00  0.113236E-02  0.000000E+00  0.000000E+00  0.000000E+00  0.000000E+00
  0.190993E+01  0.208392E+00  0.126066E-01  0.000000E+00  0.000000E+00  0.000000E+00  0.000000E+00
  0.248316E+01  0.320772E+00 -0.139423E-01  0.000000E+00  0.000000E+00  0.000000E+00  0.000000E+00
  0.183209E+01 -0.303485E-02  0.219974E+00  0.000000E+00  0.000000E+00  0.000000E+00  0.000000E+00
  0.228858E+01 -0.145986E-01 -0.273725E+00  0.000000E+00  0.000000E+00  0.000000E+00  0.000000E+00
  0.212675E+01 -0.101944E-01 -0.270468E+00  0.000000E+00  0.000000E+00  0.000000E+00  0.000000E+00
  0.172093E+01  0.706838E-02 -0.185576E+00  0.000000E+00  0.000000E+00  0.000000E+00  0.000000E+00
  0.225090E+01 -0.250679E+00 -0.160981E-01  0.000000E+00  0.000000E+00  0.000000E+00  0.000000E+00
  0.266623E+01 -0.302571E+00 -0.178755E-01  0.000000E+00  0.000000E+00  0.000000E+00  0.000000E+00
  0.183983E+01 -0.217632E+00 -0.572461E-02  0.000000E+00  0.000000E+00  0.000000E+00  0.000000E+00
  0.224860E+01  0.972844E-02 -0.301284E+00  0.000000E+00  0.000000E+00  0.000000E+00  0.000000E+00
  0.271709E+01  0.164815E-01 -0.335111E+00  0.000000E+00  0.000000E+00  0.000000E+00  0.000000E+00
  0.216433E+01  0.244335E+00 -0.150270E-01  0.000000E+00  0.000000E+00  0.000000E+00  0.000000E+00
  0.167758E+01  0.170941E+00 -0.875418E-02  0.000000E+00  0.000000E+00  0.000000E+00  0.000000E+00
  0.220515E+01 -0.128233E-01  0.271318E+00  0.000000E+00  0.000000E+00  0.000000E+00  0.000000E+00
  0.258538E+01  0.367337E+00  0.113559E-01  0.000000E+00  0.000000E+00  0.000000E+00  0.000000E+00
  0.169022E+01  0.853365E-02 -0.174542E+00  0.000000E+00  0.000000E+00  0.000000E+00  0.000000E+00
  0.260988E+01  0.112444E-01 -0.373808E+00  0.000000E+00  0.000000E+00  0.000000E+00  0.000000E+00
  0.226085E+01  0.237753E+00 -0.173468E-01  0.000000E+00  0.000000E+00  0.000000E+00  0.000000E+00
  0.205498E+01  0.142006E-01  0.228833E+00  0.000000E+00  0.000000E+00  0.000000E+00  0.000000E+00
  0.180289E+01  0.185102E+00  0.125844E-01  0.000000E+00  0.000000E+00  0.000000E+00  0.000000E+00
  0.204457E+01  0.272945E+00 -0.333596E-02  0.000000E+00  0.000000E+00  0.000000E+00  0.000000E+00
  0.215687E+01 -0.127705E-01  0.261208E+00  0.000000E+00  0.000000E+00  0.000000E+00  0.000000E+00
  0.257260E+01  0.376804E+00 -0.973508E-02  0.000000E+00  0.000000E+00  0.000000E+00  0.000000E+00
  0.213084E+01  0.288415E+00  0.604997E-02  0.000000E+00  0.000000E+00  0.000000E+00  0.000000E+00
  0.207973E+01 -0.268710E+00  0.816741E-02  0.000000E+00  0.000000E+00  0.000000E+00  0.000000E+00
  0.205335E+01  0.133184E-01  0.234954E+00  0.000000E+00  0.000000E+00  0.000000E+00  0.000000E+00
  0.261984E+01  0.174137E-01  0.302111E+00  0.000000E+00  0.000000E+00  0.000000E+00  0.000000E+00
  0.177697E+01 -0.204716E+00  0.419403E-02  0.000000E+00  0.000000E+00  0.000000E+00  0.000000E+00
  0.211520E+01 -0.157912E-01  0.227374E+00  0.000000E+00  0.000000E+00  0.000000E+00  0.000000E+00
  0.246356E+01  0.171409E-01  0.277702E+00  0.000000E+00  0.000000E+00  0.000000E+00  0.000000E+00
  0.201475E+01  0.231790E+00 -0.125295E-01  0.000000E+00  0.000000E+00  0.000000E+00  0.000000E+00
  0.242160E+01 -0.314098E+00  0.132923E-01  0.000000E+00  0.000000E+00  0.000000E+00  0.000000E+00
  0.280851E+01  0.274682E+00 -0.202596E-01  0.000000E+00  0.000000E+00  0.000000E+00  0.000000E+00
  0.223668E+01  0.229570E+00  0.176441E-01  0.000000E+00  0.000000E+00  0.000000E+00  0.000000E+00
  0.266596E+01  0.311202E+00 -0.173711E-01  0.000000E+00  0.000000E+00  0.000000E+00  0.000000E+00
  0.248518E+01 -0.178158E-01  0.271468E+00  0.000000E+00  0.000000E+00  0.000000E+00  0.000000E+00
  0.282303E+01 -0.174173E-01 -0.338955E+00  0.000000E+00  0.000000E+00  0.000000E+00  0.000000E+00
  0.228855E+01 -0.271533E+00  0.148214E-01  0.000000E+00  0.000000E+00  0.000000E+00  0.000000E+00
  0.196327E+01  0.228672E-03  0.254814E+00  0.000000E+00  0.000000E+00  0.000000E+00  0.000000E+00
  0.253736E+01 -0.331129E+00 -0.140379E-01  0.000000E+00  0.000000E+00  0.000000E+00  0.000000E+00
  0.262034E+01  0.277022E+00  0.188314E-01  0.000000E+00  0.000000E+00  0.000000E+00  0.000000E+00
  0.207645E+01  0.448611E-02  0.278877E+00  0.000000E+00  0.000000E+00  0.000000E+00  0.000000E+00
  0.189875E+01  0.526426E-02  0.233142E+00  0.000000E+00  0.000000E+00  0.000000E+00  0.000000E+00
  0.189725E+01 -0.199952E+00 -0.135747E-01  0.000000E+00  0.000000E+00  0.000000E+00  0.000000E+00
  0.171926E+01  0.188742E+00 -0.525029E-02  0.000000E+00  0.000000E+00  0.000000E+00  0.000000E+00
  0.177611E+01  0.189246E+00  0.102387E-01  0.000000E+00  0.000000E+00  0.000000E+00  0.000000E+00
  0.242349E+01  0.250421E+00  0.184599E-01  0.000000E+00  0.000000E+00  0.000000E+00  0.000000E+00
  0.197439E+01 -0.131993E-02  0.257282E+00  0.000000E+00  0.000000E+00  0.000000E+00  0.000000E+00
  0.199244E+01 -0.208584E+00  0.151493E-01  0.000000E+00  0.000000E+00  0.000000E+00  0.000000E+00
  0.205687E+01 -0.106417E-01 -0.252030E+00  0.000000E+00  0.000000E+00  0.000000E+00  0.000000E+00
  0.251899E+01 -0.175205E-01 -0.282141E+00  0.000000E+00  0.000000E+00  0.000000E+00  0.000000E+00
  0.187818E+01 -0.130668E-01 -0.198881E+00  0.000000E+00  0.000000E+00  0.000000E+00  0.000000E+00
  0.272139E+01  0.186504E-01  0.297513E+00  0.000000E+00  0.000000E+00  0.000000E+00  0.000000E+00
  0.221152E+01  0.295369E+00 -0.920271E-02  0.000000E+00  0.000000E+00  0.000000E+00  0.000000E+00
  0.192102E+01 -0.194269E+00  0.151402E-01  0.000000E+00  0.000000E+00  0.000000E+00  0.000000E+00
  0.216519E+01 -0.135669E-02 -0.305497E+00  0.000000E+00  0.000000E+00  0.000000E+00  0.000000E+00
  0.201160E+01  0.117076E-01 -0.235966E+00  0.000000E+00  0.000000E+00  0.000000E+00  0.000000E+00
  0.256306E+01 -0.149401E-01 -0.326072E+00  0.000000E+00  0.000000E+00  0.000000E+00  0.000000E+00
  0.210040E+01  0.242634E+00  0.136423E-01  0.000000E+00  0.000000E+00  0.000000E+00  0.000000E+00
  0.235663E+01  0.278943E+00 -0.154222E-01  0.000000E+00  0.000000E+00  0.000000E+00  0.000000E+00
  0.166230E+01 -0.169193E+00 -0.801721E-02  0.000000E+00  0.000000E+00  0.000000E+00  0.000000E+00
  0.205368E+01  0.151077E-01  0.221270E+00  0.000000E+00  0.000000E+00  0.000000E+00  0.000000E+00
  0.193775E+01  0.516247E-02 -0.243010E+00  0.000000E+00  0.000000E+00  0.000000E+00  0.000000E+00
  0.269586E+01 -0.358254E+00 -0.145336E-01  0.000000E+00  0.000000E+00  0.000000E+00  0.000000E+00
  0.160863E+01  0.164985E+00 -0.637781E-03  0.000000E+00  0.000000E+00  0.000000E+00  0.000000E+00
  0.273911E+01  0.320299E+00 -0.176100E-01  0.000000E+00  0.000000E+00  0.000000E+00  0.000000E+00
  0.258616E+01 -0.191630E-01 -0.264933E+00  0.000000E+00  0.000000E+00  0.000000E+00  0.000000E+00
  0.212883E+01 -0.280083E+00 -0.825851E-02  0.000000E+00  0.000000E+00  0.000000E+00  0.000000E+00
  0.261728E+01 -0.171862E-01 -0.305314E+00  0.000000E+00  0.000000E+00  0.000000E+00  0.000000E+00
  0.191031E+01  0.196645E+00  0.145024E-01  0.000000E+00  0.000000E+00  0.000000E+00  0.000000E+00
  0.197552E+01 -0.146960E-01 -0.208656E+00  0.000000E+00  0.000000E+00  0.000000E+00  0.000000E+00
  0.220550E+01  0.124518E-01  0.274147E+00  0.000000E+00  0.000000E+00  0.000000E+00  0.000000E+00
  0.212171E+01  0.147681E-01 -0.237979E+00  0.000000E+00  0.000000E+00  0.000000E+00  0.000000E+00
  0.176470E+01  0.201443E+00 -0.434207E-02  0.000000E+00  0.000000E+00  0.000000E+00  0.000000E+00
  0.186719E+01  0.214956E+00 -0.902503E-02  0.000000E+00  0.000000E+00  0.000000E+00  0.000000E+00
  0.251439E+01  0.259519E+00  0.188236E-01  0.000000E+00  0.000000E+00  0.000000E+00  0.000000E+00
  0.234825E+01 -0.186782E-01  0.234163E+00  0.000000E+00  0.000000E+00  0.000000E+00  0.000000E+00
  0.210151E+01  0.655889E-02  0.279673E+00  0.000000E+00  0.000000E+00  0.000000E+00  0.000000E+00
  0.197084E+01  0.256701E+00  0.441335E-03  0.000000E+00  0.000000E+00  0.000000E+00  0.000000E+00
  0.269738E+01  0.289268E+00 -0.188602E-01  0.000000E+00  0.000000E+00  0.000000E+00  0.000000E+00
  0.228207E+01  0.166737E-01 -0.250012E+00  0.000000E+00  0.000000E+00  0.000000E+00  0.000000E+00
  0.194994E+01  0.251021E+00  0.145923E-02  0.000000E+00  0.000000E+00  0.000000E+00  0.000000E+00
  0.276043E+01  0.184835E-01 -0.307475E+00  0.000000E+00  0.000000E+00  0.000000E+00  0.000000E+00
  0.250785E+01 -0.620122E-02  0.380429E+00  0.000000E+00  0.000000E+00  0.000000E+00  0.000000E+00
  0.208571E+01 -0.156711E-01 -0.222698E+00  0.000000E+00  0.000000E+00  0.000000E+00  0.000000E+00
  0.220077E+01  0.124200E-01  0.273339E+00  0.000000E+00  0.000000E+00  0.000000E+00  0.000000E+00
  0.277207E+01  0.181224E-01  0.316596E+00  0.000000E+00  0.000000E+00  0.000000E+00  0.000000E+00
  0.178068E+01 -0.269611E-02 -0.207382E+00  0.000000E+00  0.000000E+00  0.000000E+00  0.000000E+00
  0.188212E+01  0.799822E-02 -0.221965E+00  0.000000E+00  0.000000E+00  0.000000E+00  0.000000E+00
  0.226454E+01 -0.304480E+00  0.982119E-02  0.000000E+00  0.000000E+00  0.000000E+00  0.000000E+00
  0.262993E+01 -0.575913E-02  0.412216E+00  0.000000E+00  0.000000E+00  0.000000E+00  0.000000E+00
  0.232084E+01 -0.109403E-01  0.310528E+00  0.000000E+00  0.000000E+00  0.000000E+00  0.000000E+00
  0.227815E+01 -0.111363E-01  0.299520E+00  0.000000E+00  0.000000E+00  0.000000E+00  0.000000E+00
  0.241650E+01  0.150767E-02 -0.368901E+00  0.000000E+00  0.000000E+00  0.000000E+00  0.000000E+00
  0.233764E+01  0.276067E+00  0.153390E-01  0.000000E+00  0.000000E+00  0.000000E+00  0.000000E+00
  0.225879E+01  0.283337E+00  0.127774E-01  0.000000E+00  0.000000E+00  0.000000E+00  0.000000E+00
  0.252404E+01  0.286261E+00 -0.173123E-01  0.000000E+00  0.000000E+00  0.000000E+00  0.000000E+00
  0.170577E+01 -0.189004E+00  0.203249E-02  0.000000E+00  0.000000E+00  0.000000E+00  0.000000E+00
  0.255313E+01 -0.284413E+00 -0.177623E-01  0.000000E+00  0.000000E+00  0.000000E+00  0.000000E+00
  0.278873E+01 -0.504174E-02  0.454284E+00  0.000000E+00  0.000000E+00  0.000000E+00  0.000000E+00
  0.248182E+01  0.283921E+00 -0.169426E-01  0.000000E+00  0.000000E+00  0.000000E+00  0.000000E+00
  0.236375E+01  0.158328E-01 -0.275675E+00  0.000000E+00  0.000000E+00  0.000000E+00  0.000000E+00
  0.245571E+01 -0.114454E-01  0.337394E+00  0.000000E+00  0.000000E+00  0.000000E+00  0.000000E+00
  0.179816E+01  0.127588E-01 -0.183192E+00  0.000000E+00  0.000000E+00  0.000000E+00  0.000000E+00
  0.283402E+01 -0.888046E-02 -0.444283E+00  0.000000E+00  0.000000E+00  0.000000E+00  0.000000E+00
  0.175232E+01  0.191285E+00 -0.782928E-02  0.000000E+00  0.000000E+00  0.000000E+00  0.000000E+00
  0.249414E+01  0.346184E-02 -0.385481E+00  0.000000E+00  0.000000E+00  0.000000E+00  0.000000E+00
  0.232701E+01  0.272155E+00  0.155033E-01  0.000000E+00  0.000000E+00  0.000000E+00  0.000000E+00
  0.257030E+01 -0.311202E+00 -0.161954E-01  0.000000E+00  0.000000E+00  0.000000E+00  0.000000E+00
  0.210936E+01  0.135903E-01  0.244928E+00  0.000000E+00  0.000000E+00  0.000000E+00  0.000000E+00
  0.229008E+01  0.326452E+00 -0.636257E-02  0.000000E+00  0.000000E+00  0.000000E+00  0.000000E+00
  0.171055E+01 -0.184994E+00 -0.614123E-02  0.000000E+00  0.000000E+00  0.000000E+00  0.000000E+00
  0.255255E+01  0.192023E-01  0.258707E+00  0.000000E+00  0.000000E+00  0.000000E+00  0.000000E+00
  0.186732E+01 -0.110046E-01  0.206997E+00  0.000000E+00  0.000000E+00  0.000000E+00  0.000000E+00
  0.275683E+01  0.168797E-01 -0.336173E+00  0.000000E+00  0.000000E+00  0.000000E+00  0.000000E+00
  0.192026E+01 -0.151762E-01  0.193847E+00  0.000000E+00  0.000000E+00  0.000000E+00  0.000000E+00
  0.274963E+01 -0.306955E+00  0.184170E-01  0.000000E+00  0.000000E+00  0.000000E+00  0.000000E+00
  0.272352E+01  0.167199E-01  0.332545E+00  0.000000E+00  0.000000E+00  0.000000E+00  0.000000E+00
  0.213912E+01 -0.248548E+00 -0.139328E-01  0.000000E+00  0.000000E+00  0.000000E+00  0.000000E+00
  0.191496E+01  0.229458E+00 -0.811516E-02  0.000000E+00  0.000000E+00  0.000000E+00  0.000000E+00
  0.205223E+01 -0.782613E-03  0.277213E+00  0.000000E+00  0.000000E+00  0.000000E+00  0.000000E+00
  0.206549E+01 -0.123661E-01  0.243959E+00  0.000000E+00  0.000000E+00  0.000000E+00  0.000000E+00
  0.229771E+01 -0.129142E-01 -0.290695E+00  0.000000E+00  0.000000E+00  0.000000E+00  0.000000E+00
  0.188900E+01 -0.956356E-03 -0.235849E+00  0.000000E+00  0.000000E+00  0.000000E+00  0.000000E+00
  0.218989E+01 -0.510776E-03 -0.312135E+00  0.000000E+00  0.000000E+00  0.000000E+00  0.000000E+00
  0.261503E+01  0.392779E+00  0.882955E-02  0.000000E+00  0.000000E+00  0.000000E+00  0.000000E+00
  0.250132E+01 -0.373874E+00  0.732745E-02  0.000000E+00  0.000000E+00  0.000000E+00  0.000000E+00
  0.253249E+01  0.282484E+00 -0.176531E-01  0.000000E+00  0.000000E+00  0.000000E+00  0.000000E+00
  0.281197E+01 -0.442302E+00  0.841292E-02  0.000000E+00  0.000000E+00  0.000000E+00  0.000000E+00
  0.227358E+01  0.253474E+00  0.162394E-01  0.000000E+00  0.000000E+00  0.000000E+00  0.000000E+00
  0.168797E+01 -0.185115E+00  0.276275E-03  0.000000E+00  0.000000E+00  0.000000E+00  0.000000E+00
  0.186532E+01  0.229859E+00  0.950976E-03  0.000000E+00  0.000000E+00  0.000000E+00  0.000000E+00
  0.188543E+01  0.210966E+00  0.110368E-01  0.000000E+00  0.000000E+00  0.000000E+00  0.000000E+00
  0.229189E+01 -0.240659E+00  0.175555E-01  0.000000E+00  0.000000E+00  0.000000E+00  0.000000E+00
  0.187147E+01  0.230316E+00  0.261292E-02  0.000000E+00  0.000000E+00  0.000000E+00  0.000000E+00
  0.213530E+01  0.110889E-01  0.267422E+00  0.000000E+00  0.000000E+00  0.000000E+00  0.000000E+00
  0.184466E+01 -0.221982E+00 -0.394309E-02  0.000000E+00  0.000000E+00  0.000000E+00  0.000000E+00
  0.267130E+01  0.162308E-01  0.330157E+00  0.000000E+00  0.000000E+00  0.000000E+00  0.000000E+00
  0.253009E+01 -0.394491E+00 -0.346288E-02  0.000000E+00  0.000000E+00  0.000000E+00  0.000000E+00
  0.198642E+01 -0.251160E+00  0.669645E-02  0.000000E+00  0.000000E+00  0.000000E+00  0.000000E+00
  0.239678E+01  0.188314E-01  0.239794E+00  0.000000E+00  0.000000E+00  0.000000E+00  0.000000E+00
  0.241681E+01 -0.432024E-02 -0.364090E+00  0.000000E+00  0.000000E+00  0.000000E+00  0.000000E+00
  0.266499E+01 -0.162831E-01 -0.328171E+00  0.000000E+00  0.000000E+00  0.000000E+00  0.000000E+00
  0.249240E+01  0.253821E+00  0.189372E-01  0.000000E+00  0.000000E+00  0.000000E+00  0.000000E+00
  0.220374E+01  0.161363E-01  0.241138E+00  0.000000E+00  0.000000E+00  0.000000E+00  0.000000E+00
  0.239306E+01  0.153086E-01  0.287489E+00  0.000000E+00  0.000000E+00  0.000000E+00  0.000000E+00
  0.216604E+01 -0.158167E-01  0.237098E+00  0.000000E+00  0.000000E+00  0.000000E+00  0.000000E+00
  0.265325E+01 -0.175136E-01  0.306504E+00  0.000000E+00  0.000000E+00  0.000000E+00  0.000000E+00
  0.252592E+01 -0.349984E+00  0.118297E-01  0.000000E+00  0.000000E+00  0.000000E+00  0.000000E+00
  0.252183E+01 -0.160315E-01 -0.304044E+00  0.000000E+00  0.000000E+00  0.000000E+00  0.000000E+00
  0.176593E+01  0.911570E-02 -0.190759E+00  0.000000E+00  0.000000E+00  0.000000E+00  0.000000E+00
  0.176313E+01  0.191718E-02  0.203552E+00  0.000000E+00  0.000000E+00  0.000000E+00  0.000000E+00
  0.248621E+01 -0.277573E+00  0.174312E-01  0.000000E+00  0.000000E+00  0.000000E+00  0.000000E+00
  0.183914E+01 -0.191680E+00 -0.128406E-01  0.000000E+00  0.000000E+00  0.000000E+00  0.000000E+00
  0.200373E+01  0.290642E-02  0.263271E+00  0.000000E+00  0.000000E+00  0.000000E+00  0.000000E+00
  0.188067E+01  0.206445E+00 -0.117544E-01  0.000000E+00  0.000000E+00  0.000000E+00  0.000000E+00
  0.280740E+01  0.399157E+00  0.130919E-01  0.000000E+00  0.000000E+00  0.000000E+00  0.000000E+00
  0.248518E+01  0.888739E-02 -0.361684E+00  0.000000E+00  0.000000E+00  0.000000E+00  0.000000E+00
  0.189785E+01 -0.231638E+00 -0.585421E-02  0.000000E+00  0.000000E+00  0.000000E+00  0.000000E+00
  0.202577E+01  0.251415E+00  0.925632E-02  0.000000E+00  0.000000E+00  0.000000E+00  0.000000E+00
  0.207897E+01  0.152890E-01 -0.224794E+00  0.000000E+00  0.000000E+00  0.000000E+00  0.000000E+00
  0.178219E+01 -0.453977E-02 -0.205506E+00  0.000000E+00  0.000000E+00  0.000000E+00  0.000000E+00
  0.229024E+01  0.336583E+00  0.194681E-02  0.000000E+00  0.000000E+00  0.000000E+00  0.000000E+00
  0.176865E+01 -0.205545E+00 -0.203422E-03  0.000000E+00  0.000000E+00  0.000000E+00  0.000000E+00
  0.173575E+01 -0.196647E+00  0.191039E-02  0.000000E+00  0.000000E+00  0.000000E+00  0.000000E+00
  0.203669E+01 -0.156524E-01 -0.213192E+00  0.000000E+00  0.000000E+00  0.000000E+00  0.000000E+00
  0.235936E+01 -0.351454E+00 -0.357578E-02  0.000000E+00  0.000000E+00  0.000000E+00  0.000000E+00
  0.167226E+01 -0.178444E+00  0.430302E-02  0.000000E+00  0.000000E+00  0.000000E+00  0.000000E+00
  0.192887E+01  0.244626E+00  0.274694E-02  0.000000E+00  0.000000E+00  0.000000E+00  0.000000E+00
  0.203258E+01  0.209306E+00  0.159975E-01  0.000000E+00  0.000000E+00  0.000000E+00  0.000000E+00
  0.177726E+01 -0.693900E-02  0.199570E+00  0.000000E+00  0.000000E+00  0.000000E+00  0.000000E+00
  0.266851E+01 -0.735804E-02  0.414180E+00  0.000000E+00  0.000000E+00  0.000000E+00  0.000000E+00
  0.224247E+01 -0.324797E+00  0.165483E-02  0.000000E+00  0.000000E+00  0.000000E+00  0.000000E+00
  0.241033E+01  0.271070E+00  0.169087E-01  0.000000E+00  0.000000E+00  0.000000E+00  0.000000E+00
  0.272171E+01  0.948113E-02  0.413465E+00  0.000000E+00  0.000000E+00  0.000000E+00  0.000000E+00
  0.262987E+01  0.323059E+00 -0.161700E-01  0.000000E+00  0.000000E+00  0.000000E+00  0.000000E+00
  0.211319E+01  0.263611E+00  0.108784E-01  0.000000E+00  0.000000E+00  0.000000E+00  0.000000E+00
  0.237795E+01 -0.851533E-03 -0.359605E+00  0.000000E+00  0.000000E+00  0.000000E+00  0.000000E+00
  0.279810E+01 -0.447537E+00 -0.699992E-02  0.000000E+00  0.000000E+00  0.000000E+00  0.000000E+00
  0.253592E+01 -0.193630E-01 -0.252898E+00  0.000000E+00  0.000000E+00  0.000000E+00  0.000000E+00
  0.210621E+01 -0.252707E+00  0.123982E-01  0.000000E+00  0.000000E+00  0.000000E+00  0.000000E+00
  0.272131E+01  0.984129E-02 -0.410674E+00  0.000000E+00  0.000000E+00  0.000000E+00  0.000000E+00
  0.185157E+01  0.132054E-01 -0.192362E+00  0.000000E+00  0.000000E+00  0.000000E+00  0.000000E+00
  0.213838E+01  0.271459E+00  0.105064E-01  0.000000E+00  0.000000E+00  0.000000E+00  0.000000E+00
  0.200305E+01 -0.237121E+00  0.111442E-01  0.000000E+00  0.000000E+00  0.000000E+00  0.000000E+00
  0.196264E+01  0.954471E-02  0.235375E+00  0.000000E+00  0.000000E+00  0.000000E+00  0.000000E+00
  0.258096E+01  0.103905E-01 -0.374012E+00  0.000000E+00  0.000000E+00  0.000000E+00  0.000000E+00
  0.207088E+01  0.159215E-01  0.217469E+00  0.000000E+00  0.000000E+00  0.000000E+00  0.000000E+00
  0.275728E+01 -0.347726E+00 -0.161657E-01  0.000000E+00  0.000000E+00  0.000000E+00  0.000000E+00
  0.203620E+01  0.151576E-01  0.217328E+00  0.000000E+00  0.000000E+00  0.000000E+00  0.000000E+00
  0.213476E+01 -0.253296E+00  0.131980E-01  0.000000E+00  0.000000E+00  0.000000E+00  0.000000E+00
  0.174298E+01 -0.186575E+00 -0.871172E-02  0.000000E+00  0.000000E+00  0.000000E+00  0.000000E+00
  0.249325E+01 -0.883234E-02 -0.363918E+00  0.000000E+00  0.000000E+00  0.000000E+00  0.000000E+00
  0.271916E+01  0.114514E-01 -0.396637E+00  0.000000E+00  0.000000E+00  0.000000E+00  0.000000E+00
  0.176835E+01  0.203945E+00 -0.304750E-02  0.000000E+00  0.000000E+00  0.000000E+00  0.000000E+00
  0.189419E+01 -0.107860E-01 -0.214109E+00  0.000000E+00  0.000000E+00  0.000000E+00  0.000000E+00
  0.190870E+01 -0.235763E+00 -0.518844E-02  0.000000E+00  0.000000E+00  0.000000E+00  0.000000E+00
  0.261531E+01 -0.364875E+00 -0.123728E-01  0.000000E+00  0.000000E+00  0.000000E+00  0.000000E+00
  0.257506E+01 -0.399397E+00 -0.557564E-02  0.000000E+00  0.000000E+00  0.000000E+00  0.000000E+00
  0.284001E+01  0.431679E+00 -0.106153E-01  0.000000E+00  0.000000E+00  0.000000E+00  0.000000E+00
  0.197626E+01  0.153012E-01  0.204121E+00  0.000000E+00  0.000000E+00  0.000000E+00  0.000000E+00
  0.266470E+01  0.400919E+00  0.936613E-02  0.000000E+00  0.000000E+00  0.000000E+00  0.000000E+00
  0.182800E+01  0.201908E+00 -0.100661E-01  0.000000E+00  0.000000E+00  0.000000E+00  0.000000E+00
  0.188506E+01  0.131546E-01 -0.199858E+00  0.000000E+00  0.000000E+00  0.000000E+00  0.000000E+00
  0.256571E+01 -0.591352E-02 -0.395789E+00  0.000000E+00  0.000000E+00  0.000000E+00  0.000000E+00
  0.221950E+01  0.139650E-01  0.265169E+00  0.000000E+00  0.000000E+00  0.000000E+00  0.000000E+00
  0.251017E+01 -0.407075E-03 -0.393236E+00  0.000000E+00  0.000000E+00  0.000000E+00  0.000000E+00
  0.169593E+01 -0.180137E+00 -0.677511E-02  0.000000E+00  0.000000E+00  0.000000E+00  0.000000E+00
  0.226816E+01  0.940802E-02  0.307611E+00  0.000000E+00  0.000000E+00  0.000000E+00  0.000000E+00
  0.232363E+01 -0.271704E+00 -0.154831E-01  0.000000E+00  0.000000E+00  0.000000E+00  0.000000E+00
  0.272984E+01 -0.362507E+00 -0.147453E-01  0.000000E+00  0.000000E+00  0.000000E+00  0.000000E+00
  0.166837E+01 -0.307939E-02  0.178790E+00  0.000000E+00  0.000000E+00  0.000000E+00  0.000000E+00
  0.258941E+01 -0.171954E-01  0.300044E+00  0.000000E+00  0.000000E+00  0.000000E+00  0.000000E+00
  0.230416E+01 -0.846669E-02  0.320973E+00  0.000000E+00  0.000000E+00  0.000000E+00  0.000000E+00
  0.239207E+01 -0.362726E+00 -0.150707E-02  0.000000E+00  0.000000E+00  0.000000E+00  0.000000E+00
  0.194069E+01 -0.133843E-01 -0.210401E+00  0.000000E+00  0.000000E+00  0.000000E+00  0.000000E+00
  0.215179E+01 -0.485068E-02  0.296803E+00  0.000000E+00  0.000000E+00  0.000000E+00  0.000000E+00
  0.271986E+01 -0.579301E-02 -0.434228E+00  0.000000E+00  0.000000E+00  0.000000E+00  0.000000E+00
  0.237849E+01  0.258783E+00 -0.173768E-01  0.000000E+00  0.000000E+00  0.000000E+00  0.000000E+00
  0.263137E+01  0.265339E+00  0.194988E-01  0.000000E+00  0.000000E+00  0.000000E+00  0.000000E+00
  0.224704E+01  0.144302E-01  0.266757E+00  0.000000E+00  0.000000E+00  0.000000E+00  0.000000E+00
  0.216188E+01  0.307278E-02  0.302797E+00  0.000000E+00  0.000000E+00  0.000000E+00  0.000000E+00
  0.183056E+01  0.219148E+00 -0.341808E-02  0.000000E+00  0.000000E+00  0.000000E+00  0.000000E+00
  0.186621E+01  0.296876E-02  0.228622E+00  0.000000E+00  0.000000E+00  0.000000E+00  0.000000E+00
  0.230276E+01  0.237446E-02 -0.339237E+00  0.000000E+00  0.000000E+00  0.000000E+00  0.000000E+00
  0.274271E+01 -0.197260E-01  0.277782E+00  0.000000E+00  0.000000E+00  0.000000E+00  0.000000E+00
  0.189541E+01 -0.118568E-01 -0.209216E+00  0.000000E+00  0.000000E+00  0.000000E+00  0.000000E+00
  0.253150E+01 -0.259586E+00 -0.189748E-01  0.000000E+00  0.000000E+00  0.000000E+00  0.000000E+00
  0.263954E+01  0.191924E-01 -0.273014E+00  0.000000E+00  0.000000E+00  0.000000E+00  0.000000E+00
  0.224702E+01  0.110022E-02 -0.326348E+00  0.000000E+00  0.000000E+00  0.000000E+00  0.000000E+00
  0.247461E+01  0.182599E-01  0.262476E+00  0.000000E+00  0.000000E+00  0.000000E+00  0.000000E+00
  0.248292E+01 -0.354750E+00 -0.990795E-02  0.000000E+00  0.000000E+00  0.000000E+00  0.000000E+00
  0.279253E+01 -0.159995E-01  0.357128E+00  0.000000E+00  0.000000E+00  0.000000E+00  0.000000E+00
  0.239178E+01 -0.157213E-01  0.282487E+00  0.000000E+00  0.000000E+00  0.000000E+00  0.000000E+00
  0.226659E+01  0.250948E+00 -0.163431E-01  0.000000E+00  0.000000E+00  0.000000E+00  0.000000E+00
  0.192045E+01  0.240586E+00  0.415747E-02  0.000000E+00  0.000000E+00  0.000000E+00  0.000000E+00
  0.278929E+01  0.443411E+00 -0.735694E-02  0.000000E+00  0.000000E+00  0.000000E+00  0.000000E+00
  0.256832E+01  0.294425E+00  0.173074E-01  0.000000E+00  0.000000E+00  0.000000E+00  0.000000E+00
  0.179293E+01 -0.206558E+00  0.547554E-02  0.000000E+00  0.000000E+00  0.000000E+00  0.000000E+00
  0.253315E+01 -0.284023E+00  0.175635E-01  0.000000E+00  0.000000E+00  0.000000E+00  0.000000E+00
  0.215160E+01 -0.151146E-01 -0.240958E+00  0.000000E+00  0.000000E+00  0.000000E+00  0.000000E+00
  0.239442E+01  0.184335E-01 -0.245878E+00  0.000000E+00  0.000000E+00  0.000000E+00  0.000000E+00
  0.186475E+01 -0.193944E+00 -0.134218E-01  0.000000E+00  0.000000E+00  0.000000E+00  0.000000E+00
  0.257747E+01 -0.135216E-01 -0.345130E+00  0.000000E+00  0.000000E+00  0.000000E+00  0.000000E+00
  0.208613E+01  0.191725E-02 -0.285090E+00  0.000000E+00  0.000000E+00  0.000000E+00  0.000000E+00
  0.215831E+01 -0.240830E+00  0.152737E-01  0.000000E+00  0.000000E+00  0.000000E+00  0.000000E+00
  0.240332E+01  0.116519E-01  0.324026E+00  0.000000E+00  0.000000E+00  0.000000E+00  0.000000E+00
  0.222457E+01 -0.258363E+00  0.148347E-01  0.000000E+00  0.000000E+00  0.000000E+00  0.000000E+00
  0.222437E+01  0.135005E-01 -0.270111E+00  0.000000E+00  0.000000E+00  0.000000E+00  0.000000E+00
  0.196580E+01 -0.253842E+00  0.281491E-02  0.000000E+00  0.000000E+00  0.000000E+00  0.000000E+00
  0.181782E+01  0.187748E+00  0.127055E-01  0.000000E+00  0.000000E+00  0.000000E+00  0.000000E+00
  0.283154E+01  0.123039E-01 -0.413187E+00  0.000000E+00  0.000000E+00  0.000000E+00  0.000000E+00
  0.270083E+01  0.590960E-02  0.429046E+00  0.000000E+00  0.000000E+00  0.000000E+00  0.000000E+00
  0.223030E+01  0.728440E-02  0.308441E+00  0.000000E+00  0.000000E+00  0.000000E+00  0.000000E+00
  0.218691E+01  0.831660E-02  0.293707E+00  0.000000E+00  0.000000E+00  0.000000E+00  0.000000E+00
  0.256877E+01  0.407077E+00  0.178967E-02  0.000000E+00  0.000000E+00  0.000000E+00  0.000000E+00
  0.245983E+01  0.904387E-02 -0.354769E+00  0.000000E+00  0.000000E+00  0.000000E+00  0.000000E+00
  0.182945E+01 -0.294991E-02  0.219402E+00  0.000000E+00  0.000000E+00  0.000000E+00  0.000000E+00
  0.166707E+01 -0.599420E-02 -0.174589E+00  0.000000E+00  0.000000E+00  0.000000E+00  0.000000E+00
  0.234717E+01  0.595111E-03 -0.351920E+00  0.000000E+00  0.000000E+00  0.000000E+00  0.000000E+00
  0.251823E+01  0.260745E+00  0.187912E-01  0.000000E+00  0.000000E+00  0.000000E+00  0.000000E+00
  0.245563E+01  0.368345E+00  0.601182E-02  0.000000E+00  0.000000E+00  0.000000E+00  0.000000E+00
  0.212479E+01 -0.265762E+00  0.109640E-01  0.000000E+00  0.000000E+00  0.000000E+00  0.000000E+00
  0.249557E+01  0.297028E+00  0.161773E-01  0.000000E+00  0.000000E+00  0.000000E+00  0.000000E+00
  0.191670E+01  0.150938E-01  0.193741E+00  0.000000E+00  0.000000E+00  0.000000E+00  0.000000E+00
  0.212460E+01 -0.245030E+00  0.139915E-01  0.000000E+00  0.000000E+00  0.000000E+00  0.000000E+00
  0.226454E+01  0.330196E-02 -0.328200E+00  0.000000E+00  0.000000E+00  0.000000E+00  0.000000E+00
  0.216588E+01  0.124272E-01  0.265620E+00  0.000000E+00  0.000000E+00  0.000000E+00  0.000000E+00
  0.215056E+01 -0.250744E+00  0.139586E-01  0.000000E+00  0.000000E+00  0.000000E+00  0.000000E+00
  0.266494E+01  0.370809E+00  0.128656E-01  0.000000E+00  0.000000E+00  0.000000E+00  0.000000E+00
  0.263901E+01  0.417658E+00  0.489683E-02  0.000000E+00  0.000000E+00  0.000000E+00  0.000000E+00
  0.174574E+01  0.176919E+00  0.116066E-01  0.000000E+00  0.000000E+00  0.000000E+00  0.000000E+00
  0.186964E+01  0.228864E+00 -0.348409E-02  0.000000E+00  0.000000E+00  0.000000E+00  0.000000E+00
  0.233055E+01  0.169392E-01 -0.255802E+00  0.000000E+00  0.000000E+00  0.000000E+00  0.000000E+00
  0.209737E+01 -0.907138E-02 -0.269096E+00  0.000000E+00  0.000000E+00  0.000000E+00  0.000000E+00
  0.219890E+01  0.273752E+00  0.123047E-01  0.000000E+00  0.000000E+00  0.000000E+00  0.000000E+00
  0.234974E+01  0.858271E-02 -0.331236E+00  0.000000E+00  0.000000E+00  0.000000E+00  0.000000E+00
  0.281874E+01  0.201700E-01  0.278521E+00  0.000000E+00  0.000000E+00  0.000000E+00  0.000000E+00
  0.261075E+01  0.400623E+00  0.727627E-02  0.000000E+00  0.000000E+00  0.000000E+00  0.000000E+00
  0.243782E+01  0.365140E+00 -0.568678E-02  0.000000E+00  0.000000E+00  0.000000E+00  0.000000E+00
  0.201196E+01 -0.229600E+00  0.127810E-01  0.000000E+00  0.000000E+00  0.000000E+00  0.000000E+00
  0.233491E+01  0.182710E-01 -0.238153E+00  0.000000E+00  0.000000E+00  0.000000E+00  0.000000E+00
  0.186975E+01 -0.847728E-02  0.217453E+00  0.000000E+00  0.000000E+00  0.000000E+00  0.000000E+00
  0.272096E+01  0.446241E+00  0.107482E-02  0.000000E+00  0.000000E+00  0.000000E+00  0.000000E+00
  0.162210E+01  0.432354E-02  0.165910E+00  0.000000E+00  0.000000E+00  0.000000E+00  0.000000E+00
  0.163162E+01  0.209320E-02  0.170260E+00  0.000000E+00  0.000000E+00  0.000000E+00  0.000000E+00
  0.241688E+01  0.186268E-01  0.246562E+00  0.000000E+00  0.000000E+00  0.000000E+00  0.000000E+00
  0.234407E+01 -0.414510E-02 -0.346374E+00  0.000000E+00  0.000000E+00  0.000000E+00  0.000000E+00
  0.179622E+01 -0.189574E+00  0.113019E-01  0.000000E+00  0.000000E+00  0.000000E+00  0.000000E+00
  0.251508E+01  0.163013E-01 -0.299122E+00  0.000000E+00  0.000000E+00  0.000000E+00  0.000000E+00
  0.231678E+01 -0.482136E-02  0.337861E+00  0.000000E+00  0.000000E+00  0.000000E+00  0.000000E+00
  0.202482E+01  0.140434E-01  0.223713E+00  0.000000E+00  0.000000E+00  0.000000E+00  0.000000E+00
  0.225775E+01  0.310652E-02 -0.326829E+00  0.000000E+00  0.000000E+00  0.000000E+00  0.000000E+00
  0.227976E+01  0.334124E+00  0.175879E-02  0.000000E+00  0.000000E+00  0.000000E+00  0.000000E+00
  0.185099E+01  0.205500E+00 -0.104908E-01  0.000000E+00  0.000000E+00  0.000000E+00  0.000000E+00
  0.211614E+01 -0.146051E-01 -0.238230E+00  0.000000E+00  0.000000E+00  0.000000E+00  0.000000E+00
  0.223423E+01  0.106845E-01 -0.292401E+00  0.000000E+00  0.000000E+00  0.000000E+00  0.000000E+00
  0.249876E+01 -0.872615E-02  0.365846E+00  0.000000E+00  0.000000E+00  0.000000E+00  0.000000E+00
  0.258195E+01 -0.278999E-02 -0.408890E+00  0.000000E+00  0.000000E+00  0.000000E+00  0.000000E+00
  0.219240E+01  0.226804E+00  0.172188E-01  0.000000E+00  0.000000E+00  0.000000E+00  0.000000E+00
  0.188116E+01  0.124786E-01 -0.202797E+00  0.000000E+00  0.000000E+00  0.000000E+00  0.000000E+00
  0.226853E+01  0.247824E+00 -0.166427E-01  0.000000E+00  0.000000E+00  0.000000E+00  0.000000E+00
  0.233847E+01 -0.274521E+00 -0.154952E-01  0.000000E+00  0.000000E+00  0.000000E+00  0.000000E+00
  0.191777E+01 -0.130929E-01  0.207269E+00  0.000000E+00  0.000000E+00  0.000000E+00  0.000000E+00
  0.181811E+01 -0.187186E+00  0.128262E-01  0.000000E+00  0.000000E+00  0.000000E+00  0.000000E+00
  0.171789E+01  0.191423E+00  0.287384E-02  0.000000E+00  0.000000E+00  0.000000E+00  0.000000E+00
  0.255956E+01 -0.287956E+00  0.176147E-01  0.000000E+00  0.000000E+00  0.000000E+00  0.000000E+00
  0.196903E+01  0.226769E+00 -0.116476E-01  0.000000E+00  0.000000E+00  0.000000E+00  0.000000E+00
  0.220360E+01  0.178596E-01  0.220892E+00  0.000000E+00  0.000000E+00  0.000000E+00  0.000000E+00
  0.193889E+01 -0.575844E-02  0.241966E+00  0.000000E+00  0.000000E+00  0.000000E+00  0.000000E+00
  0.165815E+01  0.325376E-02  0.176066E+00  0.000000E+00  0.000000E+00  0.000000E+00  0.000000E+00
  0.238679E+01  0.402372E-02 -0.357330E+00  0.000000E+00  0.000000E+00  0.000000E+00  0.000000E+00
  0.214228E+01  0.264257E+00  0.118544E-01  0.000000E+00  0.000000E+00  0.000000E+00  0.000000E+00
  0.188831E+01  0.617068E-02 -0.228550E+00  0.000000E+00  0.000000E+00  0.000000E+00  0.000000E+00
  0.197660E+01 -0.212057E+00 -0.142627E-01  0.000000E+00  0.000000E+00  0.000000E+00  0.000000E+00
  0.257927E+01  0.381589E+00  0.925614E-02  0.000000E+00  0.000000E+00  0.000000E+00  0.000000E+00
  0.241691E+01  0.369380E+00  0.100401E-02  0.000000E+00  0.000000E+00  0.000000E+00  0.000000E+00
  0.190431E+01  0.238989E+00  0.217304E-02  0.000000E+00  0.000000E+00  0.000000E+00  0.000000E+00
  0.222644E+01  0.262220E-02 -0.319681E+00  0.000000E+00  0.000000E+00  0.000000E+00  0.000000E+00
  0.248854E+01 -0.185232E-01  0.260448E+00  0.000000E+00  0.000000E+00  0.000000E+00  0.000000E+00
  0.268348E+01  0.613421E-02 -0.423801E+00  0.000000E+00  0.000000E+00  0.000000E+00  0.000000E+00
  0.277029E+01 -0.380553E+00  0.139875E-01  0.000000E+00  0.000000E+00  0.000000E+00  0.000000E+00
  0.198277E+01  0.259377E+00  0.136074E-02  0.000000E+00  0.000000E+00  0.000000E+00  0.000000E+00
  0.248673E+01 -0.185534E-01  0.259624E+00  0.000000E+00  0.000000E+00  0.000000E+00  0.000000E+00
  0.251934E+01  0.387409E+00  0.506334E-02  0.000000E+00  0.000000E+00  0.000000E+00  0.000000E+00
  0.217284E+01  0.230625E+00  0.165623E-01  0.000000E+00  0.000000E+00  0.000000E+00  0.000000E+00
  0.195561E+01 -0.242363E+00 -0.713679E-02  0.000000E+00  0.000000E+00  0.000000E+00  0.000000E+00
  0.222439E+01  0.130480E-01 -0.273755E+00  0.000000E+00  0.000000E+00  0.000000E+00  0.000000E+00
  0.222606E+01 -0.221261E+00  0.181304E-01  0.000000E+00  0.000000E+00  0.000000E+00  0.000000E+00
  0.197291E+01 -0.231567E+00  0.108915E-01  0.000000E+00  0.000000E+00  0.000000E+00  0.000000E+00
  0.168412E+01 -0.487952E-02 -0.180609E+00  0.000000E+00  0.000000E+00  0.000000E+00  0.000000E+00
  0.260953E+01  0.105232E-01  0.379567E+00  0.000000E+00  0.000000E+00  0.000000E+00  0.000000E+00
  0.254993E+01 -0.165744E-01 -0.301968E+00  0.000000E+00  0.000000E+00  0.000000E+00  0.000000E+00
  0.225485E+01 -0.116202E-01  0.290987E+00  0.000000E+00  0.000000E+00  0.000000E+00  0.000000E+00
  0.168531E+01 -0.901194E-02 -0.172052E+00  0.000000E+00  0.000000E+00  0.000000E+00  0.000000E+00
  0.213525E+01  0.219663E+00 -0.169186E-01  0.000000E+00  0.000000E+00  0.000000E+00  0.000000E+00
  0.260234E+01 -0.179546E-01  0.289908E+00  0.000000E+00  0.000000E+00  0.000000E+00  0.000000E+00
  0.246571E+01 -0.250686E+00 -0.188649E-01  0.000000E+00  0.000000E+00  0.000000E+00  0.000000E+00
  0.194842E+01  0.250938E+00  0.798866E-03  0.000000E+00  0.000000E+00  0.000000E+00  0.000000E+00
  0.268601E+01 -0.835886E-02  0.412609E+00  0.000000E+00  0.000000E+00  0.000000E+00  0.000000E+00
  0.188640E+01  0.703990E-02 -0.225839E+00  0.000000E+00  0.000000E+00  0.000000E+00  0.000000E+00
  0.228368E+01 -0.935566E-02 -0.311536E+00  0.000000E+00  0.000000E+00  0.000000E+00  0.000000E+00
  0.206704E+01  0.212193E+00 -0.163968E-01  0.000000E+00  0.000000E+00  0.000000E+00  0.000000E+00
  0.187795E+01 -0.422767E-02 -0.229864E+00  0.000000E+00  0.000000E+00  0.000000E+00  0.000000E+00
  0.276877E+01  0.270730E+00 -0.201826E-01  0.000000E+00  0.000000E+00  0.000000E+00  0.000000E+00
  0.283435E+01 -0.199849E-01  0.285599E+00  0.000000E+00  0.000000E+00  0.000000E+00  0.000000E+00
  0.214904E+01  0.261840E+00  0.124391E-01  0.000000E+00  0.000000E+00  0.000000E+00  0.000000E+00
  0.276346E+01  0.110007E-01 -0.410752E+00  0.000000E+00  0.000000E+00  0.000000E+00  0.000000E+00
  0.269713E+01 -0.115954E-01 -0.390362E+00  0.000000E+00  0.000000E+00  0.000000E+00  0.000000E+00
  0.174978E+01  0.567915E-02  0.195524E+00  0.000000E+00  0.000000E+00  0.000000E+00  0.000000E+00
  0.273507E+01  0.375438E+00 -0.137985E-01  0.000000E+00  0.000000E+00  0.000000E+00  0.000000E+00
  0.279918E+01  0.450592E+00  0.646479E-02  0.000000E+00  0.000000E+00  0.000000E+00  0.000000E+00
  0.259206E+01  0.189767E-01  0.269532E+00  0.000000E+00  0.000000E+00  0.000000E+00  0.000000E+00
  0.213113E+01 -0.240344E+00  0.147173E-01  0.000000E+00  0.000000E+00  0.000000E+00  0.000000E+00
  0.194265E+01 -0.249381E+00 -0.105597E-02  0.000000E+00  0.000000E+00  0.000000E+00  0.000000E+00
  0.248788E+01  0.655243E-02 -0.374092E+00  0.000000E+00  0.000000E+00  0.000000E+00  0.000000E+00
  0.186471E+01  0.204354E+00 -0.114482E-01  0.000000E+00  0.000000E+00  0.000000E+00  0.000000E+00
  0.167666E+01 -0.180475E+00  0.349220E-02  0.000000E+00  0.000000E+00  0.000000E+00  0.000000E+00
  0.281115E+01 -0.307525E+00 -0.188903E-01  0.000000E+00  0.000000E+00  0.000000E+00  0.000000E+00
  0.194123E+01 -0.730438E-02  0.238369E+00  0.000000E+00  0.000000E+00  0.000000E+00  0.000000E+00
  0.223112E+01  0.624691E-02 -0.312403E+00  0.000000E+00  0.000000E+00  0.000000E+00  0.000000E+00
  0.206043E+01  0.271619E+00  0.586799E-02  0.000000E+00  0.000000E+00  0.000000E+00  0.000000E+00
  0.237149E+01 -0.189484E-01 -0.233649E+00  0.000000E+00  0.000000E+00  0.000000E+00  0.000000E+00
  0.201443E+01  0.122222E-01  0.233595E+00  0.000000E+00  0.000000E+00  0.000000E+00  0.000000E+00
  0.237444E+01  0.939613E-02  0.332609E+00  0.000000E+00  0.000000E+00  0.000000E+00  0.000000E+00
  0.208200E+01  0.228897E+00  0.148837E-01  0.000000E+00  0.000000E+00  0.000000E+00  0.000000E+00
  0.177392E+01  0.206749E+00 -0.907238E-03  0.000000E+00  0.000000E+00  0.000000E+00  0.000000E+00
  0.167131E+01 -0.173884E+00 -0.689825E-02  0.000000E+00  0.000000E+00  0.000000E+00  0.000000E+00
  0.229916E+01 -0.873812E-02 -0.318429E+00  0.000000E+00  0.000000E+00  0.000000E+00  0.000000E+00
  0.169151E+01 -0.185948E+00 -0.704345E-03  0.000000E+00  0.000000E+00  0.000000E+00  0.000000E+00
  0.203356E+01  0.210543E+00  0.158817E-01  0.000000E+00  0.000000E+00  0.000000E+00  0.000000E+00
  0.207984E+01 -0.284332E+00  0.147628E-03  0.000000E+00  0.000000E+00  0.000000E+00  0.000000E+00
  0.246081E+01  0.169857E-01 -0.279403E+00  0.000000E+00  0.000000E+00  0.000000E+00  0.000000E+00
  0.270051E+01 -0.437666E+00  0.327769E-02  0.000000E+00  0.000000E+00  0.000000E+00  0.000000E+00
  0.208845E+01 -0.165422E-01 -0.214825E+00  0.000000E+00  0.000000E+00  0.000000E+00  0.000000E+00
  0.220773E+01  0.173739E-01  0.227736E+00  0.000000E+00  0.000000E+00  0.000000E+00  0.000000E+00
  0.196230E+01  0.152334E-01  0.201860E+00  0.000000E+00  0.000000E+00  0.000000E+00  0.000000E+00
  0.257390E+01 -0.288309E+00 -0.177505E-01  0.000000E+00  0.000000E+00  0.000000E+00  0.000000E+00
  0.268745E+01 -0.275363E+00  0.194465E-01  0.000000E+00  0.000000E+00  0.000000E+00  0.000000E+00
  0.205048E+01 -0.224840E+00 -0.145922E-01  0.000000E+00  0.000000E+00  0.000000E+00  0.000000E+00
  0.171323E+01 -0.231100E-02  0.190702E+00  0.000000E+00  0.000000E+00  0.000000E+00  0.000000E+00
  0.239581E+01 -0.240240E+00  0.187950E-01  0.000000E+00  0.000000E+00  0.000000E+00  0.000000E+00
  0.229347E+01  0.312787E+00  0.954511E-02  0.000000E+00  0.000000E+00  0.000000E+00  0.000000E+00
  0.221398E+01 -0.278081E+00  0.121638E-01  0.000000E+00  0.000000E+00  0.000000E+00  0.000000E+00
  0.213052E+01 -0.232957E+00  0.155216E-01  0.000000E+00  0.000000E+00  0.000000E+00  0.000000E+00
  0.240114E+01 -0.239703E+00  0.188801E-01  0.000000E+00  0.000000E+00  0.000000E+00  0.000000E+00
  0.223000E+01 -0.318415E+00  0.389647E-02  0.000000E+00  0.000000E+00  0.000000E+00  0.000000E+00
  0.173699E+01 -0.196784E+00  0.217973E-02  0.000000E+00  0.000000E+00  0.000000E+00  0.000000E+00
  0.211983E+01  0.162919E-02  0.293836E+00  0.000000E+00  0.000000E+00  0.000000E+00  0.000000E+00
  0.169193E+01 -0.186072E+00 -0.609888E-03  0.000000E+00  0.000000E+00  0.000000E+00  0.000000E+00
  0.271767E+01 -0.399790E+00 -0.110634E-01  0.000000E+00  0.000000E+00  0.000000E+00  0.000000E+00
  0.205254E+01 -0.153781E-01 -0.218731E+00  0.000000E+00  0.000000E+00  0.000000E+00  0.000000E+00
  0.206333E+01  0.258626E+00 -0.961122E-02  0.000000E+00  0.000000E+00  0.000000E+00  0.000000E+00
  0.252744E+01 -0.157094E-01 -0.309344E+00  0.000000E+00  0.000000E+00  0.000000E+00  0.000000E+00
  0.179030E+01 -0.203452E+00 -0.664011E-02  0.000000E+00  0.000000E+00  0.000000E+00  0.000000E+00
  0.195501E+01 -0.244586E+00  0.629706E-02  0.000000E+00  0.000000E+00  0.000000E+00  0.000000E+00
  0.195120E+01  0.860732E-02  0.236377E+00  0.000000E+00  0.000000E+00  0.000000E+00  0.000000E+00
  0.166441E+01  0.548169E-02  0.174800E+00  0.000000E+00  0.000000E+00  0.000000E+00  0.000000E+00
  0.277589E+01  0.117831E-02 -0.460051E+00  0.000000E+00  0.000000E+00  0.000000E+00  0.000000E+00
  0.273431E+01 -0.317844E+00 -0.176987E-01  0.000000E+00  0.000000E+00  0.000000E+00  0.000000E+00
  0.196029E+01 -0.234452E+00 -0.963315E-02  0.000000E+00  0.000000E+00  0.000000E+00  0.000000E+00
  0.190708E+01  0.240600E+00  0.175307E-04  0.000000E+00  0.000000E+00  0.000000E+00  0.000000E+00
  0.274131E+01  0.425603E+00  0.839035E-02  0.000000E+00  0.000000E+00  0.000000E+00  0.000000E+00
  0.226820E+01 -0.176390E-01 -0.235292E+00  0.000000E+00  0.000000E+00  0.000000E+00  0.000000E+00
  0.234502E+01  0.138914E-01 -0.292222E+00  0.000000E+00  0.000000E+00  0.000000E+00  0.000000E+00
  0.244655E+01  0.371920E+00  0.416073E-02  0.000000E+00  0.000000E+00  0.000000E+00  0.000000E+00
  0.252824E+01 -0.194246E-01  0.250462E+00  0.000000E+00  0.000000E+00  0.000000E+00  0.000000E+00
  0.197057E+01 -0.383088E-02 -0.253641E+00  0.000000E+00  0.000000E+00  0.000000E+00  0.000000E+00
  0.179113E+01  0.205745E+00 -0.566726E-02  0.000000E+00  0.000000E+00  0.000000E+00  0.000000E+00
  0.258242E+01  0.129098E-01 -0.352457E+00  0.000000E+00  0.000000E+00  0.000000E+00  0.000000E+00
  0.226815E+01  0.140387E-01 -0.274722E+00  0.000000E+00  0.000000E+00  0.000000E+00  0.000000E+00
  0.279217E+01  0.277417E-02 -0.461814E+00  0.000000E+00  0.000000E+00  0.000000E+00  0.000000E+00
  0.241866E+01 -0.293907E+00 -0.151952E-01  0.000000E+00  0.000000E+00  0.000000E+00  0.000000E+00
  0.250780E+01 -0.388380E+00  0.369305E-02  0.000000E+00  0.000000E+00  0.000000E+00  0.000000E+00
  0.162639E+01 -0.434633E-02  0.166954E+00  0.000000E+00  0.000000E+00  0.000000E+00  0.000000E+00
  0.180181E+01 -0.322734E-02  0.212157E+00  0.000000E+00  0.000000E+00  0.000000E+00  0.000000E+00
  0.198567E+01  0.110439E-02  0.260242E+00  0.000000E+00  0.000000E+00  0.000000E+00  0.000000E+00
  0.177980E+01 -0.195360E+00  0.869718E-02  0.000000E+00  0.000000E+00  0.000000E+00  0.000000E+00
  0.284082E+01 -0.735173E-01 -0.213926E+00  0.000000E+00  0.000000E+00  0.000000E+00  0.000000E+00
  0.284082E+01  0.787798E-02 -0.198266E-02  0.000000E+00  0.000000E+00  0.000000E+00  0.000000E+00
  0.284082E+01 -0.819984E-01 -0.206826E-01  0.000000E+00  0.000000E+00  0.000000E+00  0.000000E+00
  0.284082E+01 -0.100949E+00 -0.130680E+00  0.000000E+00  0.000000E+00  0.000000E+00  0.000000E+00
  0.284082E+01  0.142833E+00 -0.158248E-01  0.000000E+00  0.000000E+00  0.000000E+00  0.000000E+00
  0.284082E+01  0.421861E-01 -0.356025E-01  0.000000E+00  0.000000E+00  0.000000E+00  0.000000E+00
  0.284082E+01 -0.118232E-01  0.367237E-01  0.000000E+00  0.000000E+00  0.000000E+00  0.000000E+00
  0.284082E+01 -0.189460E+00  0.463685E-02  0.000000E+00  0.000000E+00  0.000000E+00  0.000000E+00
  0.284082E+01  0.817795E-01 -0.136049E+00  0.000000E+00  0.000000E+00  0.000000E+00  0.000000E+00
  0.284082E+01  0.147099E+00  0.515452E-02  0.000000E+00  0.000000E+00  0.000000E+00  0.000000E+00
  0.284082E+01  0.315304E-02 -0.270362E-02  0.000000E+00  0.000000E+00  0.000000E+00  0.000000E+00
  0.284082E+01 -0.583578E-01  0.241332E-01  0.000000E+00  0.000000E+00  0.000000E+00  0.000000E+00
  0.284082E+01  0.135777E+00 -0.188619E+00  0.000000E+00  0.000000E+00  0.000000E+00  0.000000E+00
  0.284082E+01  0.339186E-01  0.916816E-02  0.000000E+00  0.000000E+00  0.000000E+00  0.000000E+00
  0.284082E+01 -0.249379E-03  0.228775E-03  0.000000E+00  0.000000E+00  0.000000E+00  0.000000E+00
  0.284082E+01 -0.283106E-01  0.107704E+00  0.000000E+00  0.000000E+00  0.000000E+00  0.000000E+00
  0.284082E+01 -0.578506E-01  0.733944E-01  0.000000E+00  0.000000E+00  0.000000E+00  0.000000E+00
  0.284082E+01  0.131296E+00  0.968502E-01  0.000000E+00  0.000000E+00  0.000000E+00  0.000000E+00
  0.284082E+01 -0.711653E-01 -0.264525E-01  0.000000E+00  0.000000E+00  0.000000E+00  0.000000E+00
  0.284082E+01 -0.679272E-01 -0.218351E+00  0.000000E+00  0.000000E+00  0.000000E+00  0.000000E+00
  0.284082E+01  0.140423E+00 -0.809480E-01  0.000000E+00  0.000000E+00  0.000000E+00  0.000000E+00
  0.284082E+01  0.189653E-01 -0.327279E-01  0.000000E+00  0.000000E+00  0.000000E+00  0.000000E+00
  0.284082E+01  0.507871E-01  0.247420E-01  0.000000E+00  0.000000E+00  0.000000E+00  0.000000E+00
  0.284082E+01 -0.219251E+00  0.180607E-02  0.000000E+00  0.000000E+00  0.000000E+00  0.000000E+00
  0.284082E+01 -0.116671E+00 -0.315095E-02  0.000000E+00  0.000000E+00  0.000000E+00  0.000000E+00
  0.284082E+01 -0.877747E-01  0.964853E-01  0.000000E+00  0.000000E+00  0.000000E+00  0.000000E+00
  0.284082E+01 -0.125856E+00  0.408860E-01  0.000000E+00  0.000000E+00  0.000000E+00  0.000000E+00
  0.284082E+01  0.396736E-01 -0.304351E-01  0.000000E+00  0.000000E+00  0.000000E+00  0.000000E+00
  0.284082E+01 -0.282617E-01  0.114254E+00  0.000000E+00  0.000000E+00  0.000000E+00  0.000000E+00
  0.284082E+01 -0.797112E-02  0.129639E+00  0.000000E+00  0.000000E+00  0.000000E+00  0.000000E+00
  0.284082E+01  0.893927E-01 -0.150734E+00  0.000000E+00  0.000000E+00  0.000000E+00  0.000000E+00
  0.284082E+01 -0.127139E+00 -0.375810E-01  0.000000E+00  0.000000E+00  0.000000E+00  0.000000E+00
  0.284082E+01 -0.143997E-01  0.140192E-01  0.000000E+00  0.000000E+00  0.000000E+00  0.000000E+00
  0.284082E+01  0.197230E-02 -0.113637E-01  0.000000E+00  0.000000E+00  0.000000E+00  0.000000E+00
  0.284082E+01 -0.272371E-01  0.138795E+00  0.000000E+00  0.000000E+00  0.000000E+00  0.000000E+00
  0.284082E+01  0.223237E+00  0.319361E-01  0.000000E+00  0.000000E+00  0.000000E+00  0.000000E+00
  0.284082E+01 -0.312992E-02 -0.241235E+00  0.000000E+00  0.000000E+00  0.000000E+00  0.000000E+00
  0.284082E+01  0.128198E-02 -0.368167E-02  0.000000E+00  0.000000E+00  0.000000E+00  0.000000E+00
  0.284082E+01  0.269535E-01 -0.243458E+00  0.000000E+00  0.000000E+00  0.000000E+00  0.000000E+00
  0.284082E+01  0.209481E+00 -0.777342E-01  0.000000E+00  0.000000E+00  0.000000E+00  0.000000E+00
  0.284082E+01  0.351230E-02  0.166393E-01  0.000000E+00  0.000000E+00  0.000000E+00  0.000000E+00
  0.284082E+01  0.145358E-01 -0.101538E-01  0.000000E+00  0.000000E+00  0.000000E+00  0.000000E+00
  0.284082E+01 -0.578687E-01 -0.192376E+00  0.000000E+00  0.000000E+00  0.000000E+00  0.000000E+00
  0.284082E+01 -0.126900E-01  0.237822E-02  0.000000E+00  0.000000E+00  0.000000E+00  0.000000E+00
  0.284082E+01 -0.522407E-01 -0.409980E-01  0.000000E+00  0.000000E+00  0.000000E+00  0.000000E+00
  0.284082E+01 -0.591781E-01  0.358105E-01  0.000000E+00  0.000000E+00  0.000000E+00  0.000000E+00
  0.284082E+01  0.331063E-01  0.440698E-01  0.000000E+00  0.000000E+00  0.000000E+00  0.000000E+00
  0.284082E+01  0.798973E-02 -0.220235E-02  0.000000E+00  0.000000E+00  0.000000E+00  0.000000E+00
  0.284082E+01 -0.251278E-01  0.151126E+00  0.000000E+00  0.000000E+00  0.000000E+00  0.000000E+00
  0.284082E+01 -0.447635E-01  0.104509E+00  0.000000E+00  0.000000E+00  0.000000E+00  0.000000E+00
  0.284082E+01  0.232106E+00 -0.293081E-01  0.000000E+00  0.000000E+00  0.000000E+00  0.000000E+00
  0.284082E+01  0.211347E-01 -0.752688E-03  0.000000E+00  0.000000E+00  0.000000E+00  0.000000E+00
  0.284082E+01  0.747697E-01  0.234405E+00  0.000000E+00  0.000000E+00  0.000000E+00  0.000000E+00
  0.284082E+01  0.457518E-02 -0.121952E-02  0.000000E+00  0.000000E+00  0.000000E+00  0.000000E+00
  0.284082E+01 -0.944998E-02 -0.228321E-01  0.000000E+00  0.000000E+00  0.000000E+00  0.000000E+00
  0.284082E+01 -0.102499E+00 -0.185622E+00  0.000000E+00  0.000000E+00  0.000000E+00  0.000000E+00
  0.284082E+01  0.910612E-02 -0.137260E-01  0.000000E+00  0.000000E+00  0.000000E+00  0.000000E+00
  0.284082E+01 -0.268000E-01 -0.231326E-02  0.000000E+00  0.000000E+00  0.000000E+00  0.000000E+00
  0.284082E+01  0.917469E-01 -0.799591E-01  0.000000E+00  0.000000E+00  0.000000E+00  0.000000E+00
  0.284082E+01  0.444266E-02 -0.267900E-02  0.000000E+00  0.000000E+00  0.000000E+00  0.000000E+00
  0.284082E+01 -0.374773E-01  0.324305E-01  0.000000E+00  0.000000E+00  0.000000E+00  0.000000E+00
  0.284082E+01 -0.756519E-01  0.601098E-01  0.000000E+00  0.000000E+00  0.000000E+00  0.000000E+00
  0.284082E+01  0.189953E+00  0.290951E-01  0.000000E+00  0.000000E+00  0.000000E+00  0.000000E+00
  0.284082E+01  0.131460E+00 -0.106994E+00  0.000000E+00  0.000000E+00  0.000000E+00  0.000000E+00
  0.284082E+01  0.929741E-01 -0.933557E-01  0.000000E+00  0.000000E+00  0.000000E+00  0.000000E+00
  0.284082E+01  0.436486E-01 -0.114236E-01  0.000000E+00  0.000000E+00  0.000000E+00  0.000000E+00
  0.284082E+01  0.779602E-01 -0.453822E-01  0.000000E+00  0.000000E+00  0.000000E+00  0.000000E+00
  0.284082E+01  0.971626E-01  0.258527E-01  0.000000E+00  0.000000E+00  0.000000E+00  0.000000E+00
  0.284082E+01  0.168338E+00 -0.136339E-01  0.000000E+00  0.000000E+00  0.000000E+00  0.000000E+00
  0.284082E+01 -0.234821E-03 -0.224285E-01  0.000000E+00  0.000000E+00  0.000000E+00  0.000000E+00
  0.284082E+01  0.123264E+00  0.183802E+00  0.000000E+00  0.000000E+00  0.000000E+00  0.000000E+00
  0.284082E+01 -0.963691E-02 -0.180590E-01  0.000000E+00  0.000000E+00  0.000000E+00  0.000000E+00
  0.284082E+01  0.901356E-01  0.152992E+00  0.000000E+00  0.000000E+00  0.000000E+00  0.000000E+00
  0.284082E+01 -0.166007E+00  0.150575E+00  0.000000E+00  0.000000E+00  0.000000E+00  0.000000E+00
  0.284082E+01 -0.108504E+00 -0.142009E+00  0.000000E+00  0.000000E+00  0.000000E+00  0.000000E+00
  0.284082E+01 -0.909544E-01 -0.754922E-01  0.000000E+00  0.000000E+00  0.000000E+00  0.000000E+00
  0.284082E+01  0.972622E-01  0.329520E-01  0.000000E+00  0.000000E+00  0.000000E+00  0.000000E+00
  0.284082E+01  0.504868E-01 -0.489095E-02  0.000000E+00  0.000000E+00  0.000000E+00  0.000000E+00
  0.284082E+01  0.150036E+00  0.347568E-01  0.000000E+00  0.000000E+00  0.000000E+00  0.000000E+00
  0.284082E+01 -0.153874E+00  0.184620E-01  0.000000E+00  0.000000E+00  0.000000E+00  0.000000E+00
  0.284082E+01 -0.114537E+00  0.420270E-01  0.000000E+00  0.000000E+00  0.000000E+00  0.000000E+00
  0.284082E+01 -0.662140E-01 -0.213135E+00  0.000000E+00  0.000000E+00  0.000000E+00  0.000000E+00
  0.284082E+01 -0.231141E+00  0.523166E-01  0.000000E+00  0.000000E+00  0.000000E+00  0.000000E+00
  0.284082E+01  0.405365E-01 -0.778433E-01  0.000000E+00  0.000000E+00  0.000000E+00  0.000000E+00
  0.284082E+01  0.111181E+00  0.179037E+00  0.000000E+00  0.000000E+00  0.000000E+00  0.000000E+00
  0.284082E+01 -0.582142E-02 -0.851697E-03  0.000000E+00  0.000000E+00  0.000000E+00  0.000000E+00
  0.284082E+01  0.802167E-01  0.678881E-02  0.000000E+00  0.000000E+00  0.000000E+00  0.000000E+00
  0.284082E+01 -0.117449E+00  0.156882E-01  0.000000E+00  0.000000E+00  0.000000E+00  0.000000E+00
  0.284082E+01 -0.196062E-01 -0.107574E+00  0.000000E+00  0.000000E+00  0.000000E+00  0.000000E+00
  0.284082E+01 -0.667537E-01 -0.291236E-01  0.000000E+00  0.000000E+00  0.000000E+00  0.000000E+00
  0.284082E+01  0.560815E-01 -0.158293E+00  0.000000E+00  0.000000E+00  0.000000E+00  0.000000E+00
  0.284082E+01 -0.194020E-01  0.918377E-01  0.000000E+00  0.000000E+00  0.000000E+00  0.000000E+00
  0.284082E+01 -0.585738E-02  0.827153E-02  0.000000E+00  0.000000E+00  0.000000E+00  0.000000E+00
  0.284082E+01 -0.691173E-01  0.631984E-01  0.000000E+00  0.000000E+00  0.000000E+00  0.000000E+00
  0.284082E+01  0.188905E+00  0.943928E-01  0.000000E+00  0.000000E+00  0.000000E+00  0.000000E+00
  0.284082E+01 -0.417315E-01 -0.296754E-01  0.000000E+00  0.000000E+00  0.000000E+00  0.000000E+00
  0.284082E+01  0.178989E-02 -0.366431E-01  0.000000E+00  0.000000E+00  0.000000E+00  0.000000E+00
  0.284082E+01  0.168365E-01 -0.581115E-02  0.000000E+00  0.000000E+00  0.000000E+00  0.000000E+00
  0.284082E+01 -0.103701E+00 -0.123770E-01  0.000000E+00  0.000000E+00  0.000000E+00  0.000000E+00
  0.284082E+01 -0.857799E-01  0.202168E-01  0.000000E+00  0.000000E+00  0.000000E+00  0.000000E+00
