  0.175159E+01  0.182927E+00 -0.104179E-01  0.000000E+00  0.000000E+00  0.000000E+00  0.000000E+00
  0.251413E+01 -0.510064E-02 -0.385997E+00  0.000000E+00  0.000000E+00  0.000000E+00  0.000000E+00
  0.253338E+01  0.389282E+00 -0.552820E-02  0.000000E+00  0.000000E+00  0.000000E+00  0.000000E+00
  0.187692E+01 -0.193124E+00 -0.139818E-01  0.000000E+00  0.000000E+00  0.000000E+00  0.000000E+00
  0.204598E+01 -0.243469E+00 -0.117399E-01  0.000000E+00  0.000000E+00  0.000000E+00  0.000000E+00
  0.267784E+01  0.284453E-02 -0.432908E+00  0.000000E+00  0.000000E+00  0.000000E+00  0.000000E+00
  0.229007E+01  0.598004E-02  0.327763E+00  0.000000E+00  0.000000E+00  0.000000E+00  0.000000E+00
  0.242157E+01 -0.132616E-01  0.314378E+00  0.000000E+00  0.000000E+00  0.000000E+00  0.000000E+00
  0.207312E+01  0.151504E-01  0.224824E+00  0.000000E+00  0.000000E+00  0.000000E+00  0.000000E+00
  0.216805E+01 -0.173754E-02  0.305929E+00  0.000000E+00  0.000000E+00  0.000000E+00  0.000000E+00
  0.230589E+01  0.264232E-02 -0.339655E+00  0.000000E+00  0.000000E+00  0.000000E+00  0.000000E+00
  0.205489E+01  0.489141E-02  0.272648E+00  0.000000E+00  0.000000E+00  0.000000E+00  0.000000E+00
  0.268667E+01  0.150740E-01 -0.349403E+00  0.000000E+00  0.000000E+00  0.000000E+00  0.000000E+00
  0.207738E+01  0.274534E+00 -0.630871E-02  0.000000E+00  0.000000E+00  0.000000E+00  0.000000E+00
  0.212575E+01  0.287559E+00  0.591491E-02  0.000000E+00  0.000000E+00  0.000000E+00  0.000000E+00
  0.165978E+01  0.175120E+00 -0.446927E-02  0.000000E+00  0.000000E+00  0.000000E+00  0.000000E+00
  0.207351E+01 -0.120958E-01  0.247439E+00  0.000000E+00  0.000000E+00  0.000000E+00  0.000000E+00
  0.188595E+01 -0.214833E+00 -0.101873E-01  0.000000E+00  0.000000E+00  0.000000E+00  0.000000E+00
  0.208030E+01  0.218566E+00 -0.160001E-01  0.000000E+00  0.000000E+00  0.000000E+00  0.000000E+00
  0.225262E+01 -0.292682E+00  0.112959E-01  0.000000E+00  0.000000E+00  0.000000E+00  0.000000E+00
  0.183422E+01  0.220756E+00 -0.279907E-02  0.000000E+00  0.000000E+00  0.000000E+00  0.000000E+00
  0.256903E+01 -0.134161E-01 -0.344434E+00  0.000000E+00  0.000000E+00  0.000000E+00  0.000000E+00
  0.221496E+01  0.250950E+00 -0.153985E-01  0.000000E+00  0.000000E+00  0.000000E+00  0.000000E+00
  0.215800E+01  0.473636E-02 -0.298617E+00  0.000000E+00  0.000000E+00  0.000000E+00  0.000000E+00
  0.179748E+01 -0.209044E+00 -0.470667E-02  0.000000E+00  0.000000E+00  0.000000E+00  0.000000E+00
  0.190528E+01  0.190989E+00  0.151552E-01  0.000000E+00  0.000000E+00  0.000000E+00  0.000000E+00
  0.181024E+01  0.211348E+00  0.520405E-02  0.000000E+00  0.000000E+00  0.000000E+00  0.000000E+00
  0.244370E+01  0.969225E-02  0.347017E+00  0.000000E+00  0.000000E+00  0.000000E+00  0.000000E+00
  0.209563E+01 -0.217732E+00 -0.163893E-01  0.000000E+00  0.000000E+00  0.000000E+00  0.000000E+00
  0.265406E+01 -0.115040E-01  0.381520E+00  0.000000E+00  0.000000E+00  0.000000E+00  0.000000E+00
  0.213630E+01  0.174928E-01  0.213350E+00  0.000000E+00  0.000000E+00  0.000000E+00  0.000000E+00
  0.212053E+01  0.268104E+00 -0.103684E-01  0.000000E+00  0.000000E+00  0.000000E+00  0.000000E+00
  0.205964E+01 -0.266046E+00  0.758974E-02  0.000000E+00  0.000000E+00  0.000000E+00  0.000000E+00
  0.251200E+01  0.299068E+00  0.162616E-01  0.000000E+00  0.000000E+00  0.000000E+00  0.000000E+00
  0.224611E+01 -0.147205E-01  0.263845E+00  0.000000E+00  0.000000E+00  0.000000E+00  0.000000E+00
  0.192675E+01 -0.161564E-02 -0.245067E+00  0.000000E+00  0.000000E+00  0.000000E+00  0.000000E+00
  0.262987E+01 -0.181423E-01 -0.291440E+00  0.000000E+00  0.000000E+00  0.000000E+00  0.000000E+00
  0.269281E+01 -0.268208E+00  0.198058E-01  0.000000E+00  0.000000E+00  0.000000E+00  0.000000E+00
  0.216461E+01 -0.167231E-01  0.227310E+00  0.000000E+00  0.000000E+00  0.000000E+00  0.000000E+00
  0.232102E+01 -0.137088E-01 -0.288839E+00  0.000000E+00  0.000000E+00  0.000000E+00  0.000000E+00
  0.230750E+01 -0.183483E-01  0.232279E+00  0.000000E+00  0.000000E+00  0.000000E+00  0.000000E+00
  0.216360E+01 -0.150657E-01 -0.243831E+00  0.000000E+00  0.000000E+00  0.000000E+00  0.000000E+00
  0.190450E+01 -0.220513E+00 -0.985581E-02  0.000000E+00  0.000000E+00  0.000000E+00  0.000000E+00
  0.217075E+01  0.307351E+00 -0.114119E-03  0.000000E+00  0.000000E+00  0.000000E+00  0.000000E+00
  0.262169E+01 -0.285064E+00 -0.184162E-01  0.000000E+00  0.000000E+00  0.000000E+00  0.000000E+00
  0.263658E+01 -0.329281E+00 -0.158221E-01  0.000000E+00  0.000000E+00  0.000000E+00  0.000000E+00
  0.184367E+01  0.748138E-02 -0.214256E+00  0.000000E+00  0.000000E+00  0.000000E+00  0.000000E+00
  0.188859E+01  0.206656E+00  0.120595E-01  0.000000E+00  0.000000E+00  0.000000E+00  0.000000E+00
  0.251104E+01  0.246925E+00 -0.194655E-01  0.000000E+00  0.000000E+00  0.000000E+00  0.000000E+00
  0.259321E+01 -0.377367E+00 -0.103198E-01  0.000000E+00  0.000000E+00  0.000000E+00  0.000000E+00
  0.211800E+01  0.277024E+00 -0.837214E-02  0.000000E+00  0.000000E+00  0.000000E+00  0.000000E+00
  0.188202E+01 -0.225262E+00 -0.686033E-02  0.000000E+00  0.000000E+00  0.000000E+00  0.000000E+00
  0.245482E+01 -0.274442E+00  0.172557E-01  0.000000E+00  0.000000E+00  0.000000E+00  0.000000E+00
  0.191824E+01  0.196650E+00  0.147348E-01  0.000000E+00  0.000000E+00  0.000000E+00  0.000000E+00
  0.179190E+01  0.980382E-03 -0.211277E+00  0.000000E+00  0.000000E+00  0.000000E+00  0.000000E+00
  0.170895E+01  0.816187E-02 -0.180002E+00  0.000000E+00  0.000000E+00  0.000000E+00  0.000000E+00
  0.224873E+01  0.954557E-02 -0.302314E+00  0.000000E+00  0.000000E+00  0.000000E+00  0.000000E+00
  0.240806E+01 -0.190343E-01 -0.238216E+00  0.000000E+00  0.000000E+00  0.000000E+00  0.000000E+00
  0.269554E+01 -0.404350E+00  0.988439E-02  0.000000E+00  0.000000E+00  0.000000E+00  0.000000E+00
  0.247980E+01  0.385566E+00 -0.324671E-03  0.000000E+00  0.000000E+00  0.000000E+00  0.000000E+00
  0.221387E+01  0.279386E+00  0.119748E-01  0.000000E+00  0.000000E+00  0.000000E+00  0.000000E+00
  0.266722E+01  0.173254E-01 -0.312195E+00  0.000000E+00  0.000000E+00  0.000000E+00  0.000000E+00
  0.206194E+01  0.278135E+00  0.272920E-02  0.000000E+00  0.000000E+00  0.000000E+00  0.000000E+00
  0.237153E+01  0.181693E-01 -0.246031E+00  0.000000E+00  0.000000E+00  0.000000E+00  0.000000E+00
  0.197474E+01  0.201621E+00  0.155727E-01  0.000000E+00  0.000000E+00  0.000000E+00  0.000000E+00
  0.200345E+01  0.110244E-01  0.237841E+00  0.000000E+00  0.000000E+00  0.000000E+00  0.000000E+00
  0.255120E+01 -0.110691E-01 -0.361951E+00  0.000000E+00  0.000000E+00  0.000000E+00  0.000000E+00
  0.226747E+01  0.234238E+00  0.177085E-01  0.000000E+00  0.000000E+00  0.000000E+00  0.000000E+00
  0.192408E+01 -0.423351E-02 -0.241367E+00  0.000000E+00  0.000000E+00  0.000000E+00  0.000000E+00
  0.219983E+01  0.267584E+00 -0.131599E-01  0.000000E+00  0.000000E+00  0.000000E+00  0.000000E+00
  0.225612E+01 -0.747375E-02  0.313924E+00  0.000000E+00  0.000000E+00  0.000000E+00  0.000000E+00
  0.277302E+01 -0.367406E+00 -0.150335E-01  0.000000E+00  0.000000E+00  0.000000E+00  0.000000E+00
  0.197898E+01 -0.835071E-02  0.243938E+00  0.000000E+00  0.000000E+00  0.000000E+00  0.000000E+00
  0.279037E+01  0.272620E+00 -0.202351E-01  0.000000E+00  0.000000E+00  0.000000E+00  0.000000E+00
  0.179317E+01 -0.210861E+00  0.229949E-02  0.000000E+00  0.000000E+00  0.000000E+00  0.000000E+00
  0.190592E+01 -0.951914E-02 -0.222205E+00  0.000000E+00  0.000000E+00  0.000000E+00  0.000000E+00
  0.255150E+01 -0.162371E-01 -0.307003E+00  0.000000E+00  0.000000E+00  0.000000E+00  0.000000E+00
  0.227498E+01  0.243058E+00  0.171320E-01  0.000000E+00  0.000000E+00  0.000000E+00  0.000000E+00
  0.186311E+01  0.636528E-02 -0.221903E+00  0.000000E+00  0.000000E+00  0.000000E+00  0.000000E+00
  0.197625E+01  0.239506E-02 -0.256924E+00  0.000000E+00  0.000000E+00  0.000000E+00  0.000000E+00
  0.231529E+01 -0.657166E-02  0.331853E+00  0.000000E+00  0.000000E+00  0.000000E+00  0.000000E+00
  0.205976E+01 -0.274421E+00  0.463107E-02  0.000000E+00  0.000000E+00  0.000000E+00  0.000000E+00
  0.211356E+01  0.250291E+00 -0.129821E-01  0.000000E+00  0.000000E+00  0.000000E+00  0.000000E+00
  0.276816E+01  0.134231E-01 -0.386894E+00  0.000000E+00  0.000000E+00  0.000000E+00  0.000000E+00
  0.239141E+01  0.257448E+00 -0.176354E-01  0.000000E+00  0.000000E+00  0.000000E+00  0.000000E+00
  0.198595E+01 -0.204312E+00 -0.155157E-01  0.000000E+00  0.000000E+00  0.000000E+00  0.000000E+00
  0.232275E+01  0.345827E+00  0.188731E-03  0.000000E+00  0.000000E+00  0.000000E+00  0.000000E+00
  0.209597E+01 -0.478079E-02 -0.283099E+00  0.000000E+00  0.000000E+00  0.000000E+00  0.000000E+00
  0.216591E+01 -0.158764E-01  0.236474E+00  0.000000E+00  0.000000E+00  0.000000E+00  0.000000E+00
  0.191754E+01  0.206397E+00 -0.132297E-01  0.000000E+00  0.000000E+00  0.000000E+00  0.000000E+00
  0.246473E+01  0.601240E-02 -0.370579E+00  0.000000E+00  0.000000E+00  0.000000E+00  0.000000E+00
  0.207789E+01 -0.221540E+00  0.156288E-01  0.000000E+00  0.000000E+00  0.000000E+00  0.000000E+00
  0.247617E+01  0.352138E+00  0.100635E-01  0.000000E+00  0.000000E+00  0.000000E+00  0.000000E+00
  0.227826E+01 -0.339631E-02  0.331473E+00  0.000000E+00  0.000000E+00  0.000000E+00  0.000000E+00
  0.185559E+01 -0.110792E-01 -0.203997E+00  0.000000E+00  0.000000E+00  0.000000E+00  0.000000E+00
  0.211738E+01  0.273279E+00  0.918789E-02  0.000000E+00  0.000000E+00  0.000000E+00  0.000000E+00
  0.280133E+01 -0.111498E-01 -0.417985E+00  0.000000E+00  0.000000E+00  0.000000E+00  0.000000E+00
  0.268588E+01 -0.267825E+00  0.197756E-01  0.000000E+00  0.000000E+00  0.000000E+00  0.000000E+00
  0.244372E+01 -0.153491E-01  0.297157E+00  0.000000E+00  0.000000E+00  0.000000E+00  0.000000E+00
  0.262721E+01 -0.134600E-01  0.356389E+00  0.000000E+00  0.000000E+00  0.000000E+00  0.000000E+00
  0.208383E+01 -0.273243E+00  0.720441E-02  0.000000E+00  0.000000E+00  0.000000E+00  0.000000E+00
  0.257987E+01  0.121524E-01 -0.359118E+00  0.000000E+00  0.000000E+00  0.000000E+00  0.000000E+00
  0.182887E+01  0.818680E-02 -0.208624E+00  0.000000E+00  0.000000E+00  0.000000E+00  0.000000E+00
  0.270696E+01 -0.370254E+00 -0.137343E-01  0.000000E+00  0.000000E+00  0.000000E+00  0.000000E+00
  0.222972E+01 -0.144574E-01 -0.262929E+00  0.000000E+00  0.000000E+00  0.000000E+00  0.000000E+00
  0.184463E+01 -0.610808E-02 -0.217976E+00  0.000000E+00  0.000000E+00  0.000000E+00  0.000000E+00
  0.200609E+01  0.240820E+00 -0.105562E-01  0.000000E+00  0.000000E+00  0.000000E+00  0.000000E+00
  0.239865E+01 -0.311689E+00 -0.130144E-01  0.000000E+00  0.000000E+00  0.000000E+00  0.000000E+00
  0.239205E+01  0.175224E-01 -0.259187E+00  0.000000E+00  0.000000E+00  0.000000E+00  0.000000E+00
  0.264613E+01 -0.194463E-01 -0.268792E+00  0.000000E+00  0.000000E+00  0.000000E+00  0.000000E+00
  0.206467E+01 -0.258457E+00  0.971389E-02  0.000000E+00  0.000000E+00  0.000000E+00  0.000000E+00
  0.201418E+01 -0.161536E-01  0.204325E+00  0.000000E+00  0.000000E+00  0.000000E+00  0.000000E+00
  0.175149E+01  0.851487E-02 -0.189178E+00  0.000000E+00  0.000000E+00  0.000000E+00  0.000000E+00
  0.210543E+01 -0.278564E+00 -0.718039E-02  0.000000E+00  0.000000E+00  0.000000E+00  0.000000E+00
  0.280846E+01 -0.159174E-01  0.361505E+00  0.000000E+00  0.000000E+00  0.000000E+00  0.000000E+00
  0.190558E+01 -0.335097E-02 -0.238051E+00  0.000000E+00  0.000000E+00  0.000000E+00  0.000000E+00
  0.246160E+01  0.147715E-01 -0.307373E+00  0.000000E+00  0.000000E+00  0.000000E+00  0.000000E+00
  0.208681E+01 -0.241206E+00 -0.134448E-01  0.000000E+00  0.000000E+00  0.000000E+00  0.000000E+00
  0.187841E+01 -0.227803E+00  0.541374E-02  0.000000E+00  0.000000E+00  0.000000E+00  0.000000E+00
  0.225263E+01 -0.247621E+00 -0.164004E-01  0.000000E+00  0.000000E+00  0.000000E+00  0.000000E+00
  0.175217E+01 -0.340246E-03 -0.201361E+00  0.000000E+00  0.000000E+00  0.000000E+00  0.000000E+00
  0.202555E+01 -0.239829E+00 -0.115773E-01  0.000000E+00  0.000000E+00  0.000000E+00  0.000000E+00
  0.274355E+01  0.353235E+00 -0.156181E-01  0.000000E+00  0.000000E+00  0.000000E+00  0.000000E+00
  0.199006E+01 -0.198944E+00 -0.162344E-01  0.000000E+00  0.000000E+00  0.000000E+00  0.000000E+00
  0.169877E+01 -0.184352E+00 -0.480884E-02  0.000000E+00  0.000000E+00  0.000000E+00  0.000000E+00
  0.207348E+01 -0.252310E+00  0.112807E-01  0.000000E+00  0.000000E+00  0.000000E+00  0.000000E+00
  0.215091E+01  0.222587E+00 -0.169182E-01  0.000000E+00  0.000000E+00  0.000000E+00  0.000000E+00
  0.209905E+01 -0.909653E-02  0.269377E+00  0.000000E+00  0.000000E+00  0.000000E+00  0.000000E+00
  0.172413E+01 -0.890727E-02 -0.181530E+00  0.000000E+00  0.000000E+00  0.000000E+00  0.000000E+00
  0.241152E+01  0.316301E+00 -0.128083E-01  0.000000E+00  0.000000E+00  0.000000E+00  0.000000E+00
  0.246929E+01  0.820011E-02 -0.361753E+00  0.000000E+00  0.000000E+00  0.000000E+00  0.000000E+00
  0.204343E+01 -0.217892E+00 -0.152634E-01  0.000000E+00  0.000000E+00  0.000000E+00  0.000000E+00
  0.208899E+01  0.628769E-02  0.277440E+00  0.000000E+00  0.000000E+00  0.000000E+00  0.000000E+00
  0.218594E+01 -0.306682E+00  0.424497E-02  0.000000E+00  0.000000E+00  0.000000E+00  0.000000E+00
  0.244158E+01  0.107069E-01 -0.339702E+00  0.000000E+00  0.000000E+00  0.000000E+00  0.000000E+00
  0.233720E+01 -0.106214E-01  0.316384E+00  0.000000E+00  0.000000E+00  0.000000E+00  0.000000E+00
  0.221736E+01 -0.109502E-01 -0.286911E+00  0.000000E+00  0.000000E+00  0.000000E+00  0.000000E+00
  0.240165E+01 -0.164952E-01 -0.274885E+00  0.000000E+00  0.000000E+00  0.000000E+00  0.000000E+00
  0.226850E+01  0.955041E-02  0.306914E+00  0.000000E+00  0.000000E+00  0.000000E+00  0.000000E+00
  0.282159E+01 -0.141024E-01  0.389845E+00  0.000000E+00  0.000000E+00  0.000000E+00  0.000000E+00
  0.256555E+01 -0.258842E+00 -0.193027E-01  0.000000E+00  0.000000E+00  0.000000E+00  0.000000E+00
  0.280301E+01 -0.461413E+00  0.399747E-02  0.000000E+00  0.000000E+00  0.000000E+00  0.000000E+00
  0.277658E+01 -0.453444E+00 -0.443060E-02  0.000000E+00  0.000000E+00  0.000000E+00  0.000000E+00
  0.175092E+01 -0.816145E-02 -0.190048E+00  0.000000E+00  0.000000E+00  0.000000E+00  0.000000E+00
  0.167377E+01  0.125531E-02  0.181301E+00  0.000000E+00  0.000000E+00  0.000000E+00  0.000000E+00
  0.201045E+01 -0.215467E+00  0.147402E-01  0.000000E+00  0.000000E+00  0.000000E+00  0.000000E+00
  0.255054E+01 -0.131798E-01 -0.342880E+00  0.000000E+00  0.000000E+00  0.000000E+00  0.000000E+00
  0.198268E+01  0.127926E-01  0.223158E+00  0.000000E+00  0.000000E+00  0.000000E+00  0.000000E+00
  0.232409E+01 -0.561184E-02  0.337342E+00  0.000000E+00  0.000000E+00  0.000000E+00  0.000000E+00
  0.279763E+01 -0.327036E-02 -0.462061E+00  0.000000E+00  0.000000E+00  0.000000E+00  0.000000E+00
  0.253658E+01  0.367896E+00 -0.980978E-02  0.000000E+00  0.000000E+00  0.000000E+00  0.000000E+00
  0.212638E+01  0.458889E-02  0.291089E+00  0.000000E+00  0.000000E+00  0.000000E+00  0.000000E+00
  0.190332E+01  0.228988E+00 -0.737283E-02  0.000000E+00  0.000000E+00  0.000000E+00  0.000000E+00
  0.203519E+01 -0.164155E-01  0.205928E+00  0.000000E+00  0.000000E+00  0.000000E+00  0.000000E+00
  0.254112E+01 -0.286490E+00 -0.174981E-01  0.000000E+00  0.000000E+00  0.000000E+00  0.000000E+00
  0.161919E+01  0.165466E+00 -0.407724E-02  0.000000E+00  0.000000E+00  0.000000E+00  0.000000E+00
  0.187449E+01 -0.106600E-01 -0.210167E+00  0.000000E+00  0.000000E+00  0.000000E+00  0.000000E+00
  0.196425E+01  0.683602E-02  0.245351E+00  0.000000E+00  0.000000E+00  0.000000E+00  0.000000E+00
  0.165707E+01  0.171412E+00  0.638969E-02  0.000000E+00  0.000000E+00  0.000000E+00  0.000000E+00
  0.201719E+01 -0.148021E-02 -0.268007E+00  0.000000E+00  0.000000E+00  0.000000E+00  0.000000E+00
  0.186824E+01 -0.230639E+00 -0.833692E-03  0.000000E+00  0.000000E+00  0.000000E+00  0.000000E+00
  0.189865E+01  0.106581E-01 -0.215709E+00  0.000000E+00  0.000000E+00  0.000000E+00  0.000000E+00
  0.260314E+01 -0.406885E+00 -0.542727E-02  0.000000E+00  0.000000E+00  0.000000E+00  0.000000E+00
  0.279838E+01  0.783682E-02  0.442756E+00  0.000000E+00  0.000000E+00  0.000000E+00  0.000000E+00
  0.200387E+01  0.226794E+00 -0.129454E-01  0.000000E+00  0.000000E+00  0.000000E+00  0.000000E+00
  0.275566E+01  0.403891E+00 -0.115531E-01  0.000000E+00  0.000000E+00  0.000000E+00  0.000000E+00
  0.224863E+01  0.317684E+00 -0.594700E-02  0.000000E+00  0.000000E+00  0.000000E+00  0.000000E+00
  0.176534E+01 -0.433072E-02  0.201619E+00  0.000000E+00  0.000000E+00  0.000000E+00  0.000000E+00
  0.220921E+01 -0.153204E-01 -0.250574E+00  0.000000E+00  0.000000E+00  0.000000E+00  0.000000E+00
  0.197324E+01 -0.237714E+00  0.957765E-02  0.000000E+00  0.000000E+00  0.000000E+00  0.000000E+00
  0.179982E+01 -0.213434E+00 -0.245357E-03  0.000000E+00  0.000000E+00  0.000000E+00  0.000000E+00
  0.278482E+01  0.183987E-01  0.313348E+00  0.000000E+00  0.000000E+00  0.000000E+00  0.000000E+00
  0.204156E+01 -0.102380E-01 -0.250559E+00  0.000000E+00  0.000000E+00  0.000000E+00  0.000000E+00
  0.160272E+01  0.163531E+00  0.282824E-03  0.000000E+00  0.000000E+00  0.000000E+00  0.000000E+00
  0.240237E+01 -0.179313E-01  0.255031E+00  0.000000E+00  0.000000E+00  0.000000E+00  0.000000E+00
  0.208983E+01 -0.225170E+00 -0.154898E-01  0.000000E+00  0.000000E+00  0.000000E+00  0.000000E+00
  0.221575E+01 -0.156966E-01 -0.248089E+00  0.000000E+00  0.000000E+00  0.000000E+00  0.000000E+00
  0.194955E+01 -0.203740E+00  0.146407E-01  0.000000E+00  0.000000E+00  0.000000E+00  0.000000E+00
  0.181112E+01 -0.222288E-02  0.215447E+00  0.000000E+00  0.000000E+00  0.000000E+00  0.000000E+00
  0.267103E+01  0.315618E-02 -0.430541E+00  0.000000E+00  0.000000E+00  0.000000E+00  0.000000E+00
  0.195284E+01  0.207254E+00 -0.142431E-01  0.000000E+00  0.000000E+00  0.000000E+00  0.000000E+00
  0.251597E+01 -0.193674E-01  0.249617E+00  0.000000E+00  0.000000E+00  0.000000E+00  0.000000E+00
  0.245352E+01 -0.646780E-02  0.366044E+00  0.000000E+00  0.000000E+00  0.000000E+00  0.000000E+00
  0.174864E+01 -0.443260E-02 -0.197310E+00  0.000000E+00  0.000000E+00  0.000000E+00  0.000000E+00
  0.237689E+01 -0.354791E+00  0.405148E-02  0.000000E+00  0.000000E+00  0.000000E+00  0.000000E+00
  0.275372E+01 -0.445070E+00 -0.518138E-02  0.000000E+00  0.000000E+00  0.000000E+00  0.000000E+00
  0.210589E+01  0.225776E+00  0.157671E-01  0.000000E+00  0.000000E+00  0.000000E+00  0.000000E+00
  0.236722E+01  0.900299E-02 -0.333138E+00  0.000000E+00  0.000000E+00  0.000000E+00  0.000000E+00
  0.210559E+01 -0.109949E-01  0.261219E+00  0.000000E+00  0.000000E+00  0.000000E+00  0.000000E+00
  0.265570E+01 -0.349516E+00 -0.145713E-01  0.000000E+00  0.000000E+00  0.000000E+00  0.000000E+00
  0.213584E+01 -0.169390E-01 -0.219549E+00  0.000000E+00  0.000000E+00  0.000000E+00  0.000000E+00
  0.216356E+01  0.766248E-02 -0.290829E+00  0.000000E+00  0.000000E+00  0.000000E+00  0.000000E+00
  0.229683E+01  0.152250E-01 -0.269103E+00  0.000000E+00  0.000000E+00  0.000000E+00  0.000000E+00
  0.170780E+01  0.570659E-02 -0.185127E+00  0.000000E+00  0.000000E+00  0.000000E+00  0.000000E+00
  0.192980E+01  0.123326E-01 -0.214290E+00  0.000000E+00  0.000000E+00  0.000000E+00  0.000000E+00
  0.219149E+01  0.491661E-02 -0.306501E+00  0.000000E+00  0.000000E+00  0.000000E+00  0.000000E+00
  0.260719E+01  0.317803E+00  0.162316E-01  0.000000E+00  0.000000E+00  0.000000E+00  0.000000E+00
  0.191661E+01  0.379112E-02 -0.240202E+00  0.000000E+00  0.000000E+00  0.000000E+00  0.000000E+00
  0.172386E+01 -0.349348E-02  0.192307E+00  0.000000E+00  0.000000E+00  0.000000E+00  0.000000E+00
  0.169917E+01  0.503568E-02 -0.184109E+00  0.000000E+00  0.000000E+00  0.000000E+00  0.000000E+00
  0.248990E+01 -0.159269E-01 -0.299191E+00  0.000000E+00  0.000000E+00  0.000000E+00  0.000000E+00
  0.269931E+01  0.143324E-02 -0.440448E+00  0.000000E+00  0.000000E+00  0.000000E+00  0.000000E+00
  0.233049E+01  0.275771E+00  0.152336E-01  0.000000E+00  0.000000E+00  0.000000E+00  0.000000E+00
  0.264047E+01 -0.377426E+00  0.116206E-01  0.000000E+00  0.000000E+00  0.000000E+00  0.000000E+00
  0.175401E+01  0.289576E-02 -0.200488E+00  0.000000E+00  0.000000E+00  0.000000E+00  0.000000E+00
  0.208277E+01 -0.226343E+00 -0.151990E-01  0.000000E+00  0.000000E+00  0.000000E+00  0.000000E+00
  0.247041E+01  0.258462E+00 -0.184581E-01  0.000000E+00  0.000000E+00  0.000000E+00  0.000000E+00
  0.281382E+01 -0.386239E+00 -0.142553E-01  0.000000E+00  0.000000E+00  0.000000E+00  0.000000E+00
  0.282383E+01  0.944034E-02 -0.437702E+00  0.000000E+00  0.000000E+00  0.000000E+00  0.000000E+00
  0.250098E+01 -0.293078E+00  0.165462E-01  0.000000E+00  0.000000E+00  0.000000E+00  0.000000E+00
  0.242725E+01 -0.173548E-01  0.267974E+00  0.000000E+00  0.000000E+00  0.000000E+00  0.000000E+00
  0.282163E+01  0.152452E-01 -0.374196E+00  0.000000E+00  0.000000E+00  0.000000E+00  0.000000E+00
  0.217312E+01  0.111883E-01 -0.275393E+00  0.000000E+00  0.000000E+00  0.000000E+00  0.000000E+00
  0.214613E+01  0.163182E-01  0.228128E+00  0.000000E+00  0.000000E+00  0.000000E+00  0.000000E+00
  0.234169E+01 -0.298554E+00  0.131099E-01  0.000000E+00  0.000000E+00  0.000000E+00  0.000000E+00
  0.224678E+01  0.226385E+00  0.180198E-01  0.000000E+00  0.000000E+00  0.000000E+00  0.000000E+00
  0.266676E+01  0.147666E-01  0.349340E+00  0.000000E+00  0.000000E+00  0.000000E+00  0.000000E+00
  0.163218E+01  0.395107E-02  0.168853E+00  0.000000E+00  0.000000E+00  0.000000E+00  0.000000E+00
  0.254100E+01  0.382918E+00 -0.744051E-02  0.000000E+00  0.000000E+00  0.000000E+00  0.000000E+00
  0.183179E+01 -0.101026E-01 -0.202643E+00  0.000000E+00  0.000000E+00  0.000000E+00  0.000000E+00
  0.283952E+01 -0.475802E+00 -0.150922E-02  0.000000E+00  0.000000E+00  0.000000E+00  0.000000E+00
  0.282265E+01  0.776150E-02 -0.449057E+00  0.000000E+00  0.000000E+00  0.000000E+00  0.000000E+00
  0.262017E+01  0.193623E-01  0.266406E+00  0.000000E+00  0.000000E+00  0.000000E+00  0.000000E+00
  0.216153E+01  0.151154E-01 -0.242953E+00  0.000000E+00  0.000000E+00  0.000000E+00  0.000000E+00
  0.212137E+01  0.154442E-01  0.231860E+00  0.000000E+00  0.000000E+00  0.000000E+00  0.000000E+00
  0.246699E+01  0.376737E+00 -0.427068E-02  0.000000E+00  0.000000E+00  0.000000E+00  0.000000E+00
  0.177966E+01 -0.325436E-02  0.206567E+00  0.000000E+00  0.000000E+00  0.000000E+00  0.000000E+00
  0.189604E+01  0.355117E-02  0.235393E+00  0.000000E+00  0.000000E+00  0.000000E+00  0.000000E+00
  0.178883E+01  0.235616E-02  0.209723E+00  0.000000E+00  0.000000E+00  0.000000E+00  0.000000E+00
  0.256959E+01  0.814335E-02  0.386062E+00  0.000000E+00  0.000000E+00  0.000000E+00  0.000000E+00
  0.222825E+01  0.298306E+00  0.939683E-02  0.000000E+00  0.000000E+00  0.000000E+00  0.000000E+00
  0.246761E+01 -0.285551E+00 -0.166343E-01  0.000000E+00  0.000000E+00  0.000000E+00  0.000000E+00
  0.184968E+01 -0.226013E+00  0.551390E-03  0.000000E+00  0.000000E+00  0.000000E+00  0.000000E+00
  0.184464E+01 -0.220086E+00  0.508874E-02  0.000000E+00  0.000000E+00  0.000000E+00  0.000000E+00
  0.254322E+01 -0.195125E-01 -0.251097E+00  0.000000E+00  0.000000E+00  0.000000E+00  0.000000E+00
  0.175954E+01 -0.191134E+00  0.850066E-02  0.000000E+00  0.000000E+00  0.000000E+00  0.000000E+00
  0.278687E+01 -0.194354E-01  0.291436E+00  0.000000E+00  0.000000E+00  0.000000E+00  0.000000E+00
  0.241551E+01  0.318141E+00  0.126974E-01  0.000000E+00  0.000000E+00  0.000000E+00  0.000000E+00
  0.277668E+01 -0.432168E+00 -0.866988E-02  0.000000E+00  0.000000E+00  0.000000E+00  0.000000E+00
  0.236215E+01  0.346155E+00 -0.578488E-02  0.000000E+00  0.000000E+00  0.000000E+00  0.000000E+00
  0.228086E+01 -0.331792E+00  0.357172E-02  0.000000E+00  0.000000E+00  0.000000E+00  0.000000E+00
  0.195382E+01 -0.216536E+00  0.128497E-01  0.000000E+00  0.000000E+00  0.000000E+00  0.000000E+00
  0.280828E+01  0.196945E-01 -0.288738E+00  0.000000E+00  0.000000E+00  0.000000E+00  0.000000E+00
  0.237064E+01 -0.101688E-01 -0.327011E+00  0.000000E+00  0.000000E+00  0.000000E+00  0.000000E+00
  0.209177E+01  0.147896E-01  0.231682E+00  0.000000E+00  0.000000E+00  0.000000E+00  0.000000E+00
  0.217860E+01  0.284445E+00 -0.982650E-02  0.000000E+00  0.000000E+00  0.000000E+00  0.000000E+00
  0.193445E+01 -0.837018E-02 -0.233242E+00  0.000000E+00  0.000000E+00  0.000000E+00  0.000000E+00
  0.186803E+01 -0.190151E+00  0.141579E-01  0.000000E+00  0.000000E+00  0.000000E+00  0.000000E+00
  0.280574E+01 -0.549768E-02 -0.456659E+00  0.000000E+00  0.000000E+00  0.000000E+00  0.000000E+00
  0.172651E+01  0.181227E+00  0.919375E-02  0.000000E+00  0.000000E+00  0.000000E+00  0.000000E+00
  0.172432E+01  0.489351E-02 -0.190570E+00  0.000000E+00  0.000000E+00  0.000000E+00  0.000000E+00
  0.256192E+01 -0.271005E+00  0.186296E-01  0.000000E+00  0.000000E+00  0.000000E+00  0.000000E+00
  0.238217E+01  0.519811E-02 -0.352995E+00  0.000000E+00  0.000000E+00  0.000000E+00  0.000000E+00
  0.195200E+01 -0.112279E-01 -0.225130E+00  0.000000E+00  0.000000E+00  0.000000E+00  0.000000E+00
  0.198605E+01  0.258610E+00  0.307827E-02  0.000000E+00  0.000000E+00  0.000000E+00  0.000000E+00
  0.222332E+01  0.292837E+00 -0.101867E-01  0.000000E+00  0.000000E+00  0.000000E+00  0.000000E+00
  0.214955E+01  0.273015E+00  0.106852E-01  0.000000E+00  0.000000E+00  0.000000E+00  0.000000E+00
  0.259850E+01  0.324596E+00 -0.156154E-01  0.000000E+00  0.000000E+00  0.000000E+00  0.000000E+00
  0.196674E+01  0.344705E-02  0.253261E+00  0.000000E+00  0.000000E+00  0.000000E+00  0.000000E+00
  0.248931E+01  0.309142E+00  0.151079E-01  0.000000E+00  0.000000E+00  0.000000E+00  0.000000E+00
  0.257338E+01  0.313840E+00  0.160475E-01  0.000000E+00  0.000000E+00  0.000000E+00  0.000000E+00
  0.193346E+01  0.217096E+00  0.119692E-01  0.000000E+00  0.000000E+00  0.000000E+00  0.000000E+00
  0.274358E+01  0.403092E+00 -0.113481E-01  0.000000E+00  0.000000E+00  0.000000E+00  0.000000E+00
  0.263550E+01  0.312819E+00  0.169242E-01  0.000000E+00  0.000000E+00  0.000000E+00  0.000000E+00
  0.209842E+01 -0.222580E+00  0.159492E-01  0.000000E+00  0.000000E+00  0.000000E+00  0.000000E+00
  0.281373E+01 -0.381851E+00 -0.145844E-01  0.000000E+00  0.000000E+00  0.000000E+00  0.000000E+00
  0.193568E+01 -0.144874E-01 -0.201984E+00  0.000000E+00  0.000000E+00  0.000000E+00  0.000000E+00
  0.246027E+01  0.276382E+00 -0.171906E-01  0.000000E+00  0.000000E+00  0.000000E+00  0.000000E+00
  0.243391E+01  0.292155E+00 -0.156069E-01  0.000000E+00  0.000000E+00  0.000000E+00  0.000000E+00
  0.281030E+01  0.174712E-01 -0.335659E+00  0.000000E+00  0.000000E+00  0.000000E+00  0.000000E+00
  0.185847E+01  0.191498E+00  0.136099E-01  0.000000E+00  0.000000E+00  0.000000E+00  0.000000E+00
  0.228945E+01 -0.323509E+00  0.710154E-02  0.000000E+00  0.000000E+00  0.000000E+00  0.000000E+00
  0.269504E+01  0.164552E-01  0.331318E+00  0.000000E+00  0.000000E+00  0.000000E+00  0.000000E+00
  0.267352E+01 -0.922440E-02  0.403977E+00  0.000000E+00  0.000000E+00  0.000000E+00  0.000000E+00
  0.163017E+01 -0.619544E-03  0.170438E+00  0.000000E+00  0.000000E+00  0.000000E+00  0.000000E+00
  0.243378E+01  0.126355E-01 -0.322669E+00  0.000000E+00  0.000000E+00  0.000000E+00  0.000000E+00
  0.223587E+01 -0.495242E-02 -0.317423E+00  0.000000E+00  0.000000E+00  0.000000E+00  0.000000E+00
  0.202210E+01  0.267705E+00 -0.305048E-02  0.000000E+00  0.000000E+00  0.000000E+00  0.000000E+00
  0.277361E+01 -0.394875E+00 -0.128224E-01  0.000000E+00  0.000000E+00  0.000000E+00  0.000000E+00
  0.276622E+01 -0.356875E+00 -0.156753E-01  0.000000E+00  0.000000E+00  0.000000E+00  0.000000E+00
  0.178732E+01  0.117373E-01 -0.185662E+00  0.000000E+00  0.000000E+00  0.000000E+00  0.000000E+00
  0.213402E+01 -0.690576E-02  0.286458E+00  0.000000E+00  0.000000E+00  0.000000E+00  0.000000E+00
  0.250197E+01  0.189910E-01 -0.254424E+00  0.000000E+00  0.000000E+00  0.000000E+00  0.000000E+00
  0.203067E+01 -0.130926E-01  0.231623E+00  0.000000E+00  0.000000E+00  0.000000E+00  0.000000E+00
  0.276436E+01  0.387005E+00 -0.133436E-01  0.000000E+00  0.000000E+00  0.000000E+00  0.000000E+00
  0.168422E+01 -0.183080E+00 -0.272260E-02  0.000000E+00  0.000000E+00  0.000000E+00  0.000000E+00
  0.178096E+01 -0.101444E-01 -0.190718E+00  0.000000E+00  0.000000E+00  0.000000E+00  0.000000E+00
  0.239993E+01 -0.441029E-02 -0.359648E+00  0.000000E+00  0.000000E+00  0.000000E+00  0.000000E+00
  0.271646E+01  0.277999E+00 -0.195357E-01  0.000000E+00  0.000000E+00  0.000000E+00  0.000000E+00
  0.170566E+01 -0.729125E-02 -0.181362E+00  0.000000E+00  0.000000E+00  0.000000E+00  0.000000E+00
  0.243759E+01  0.337909E+00 -0.108298E-01  0.000000E+00  0.000000E+00  0.000000E+00  0.000000E+00
  0.242873E+01 -0.960502E-02 -0.344066E+00  0.000000E+00  0.000000E+00  0.000000E+00  0.000000E+00
  0.240881E+01 -0.340380E+00  0.944494E-02  0.000000E+00  0.000000E+00  0.000000E+00  0.000000E+00
  0.201639E+01  0.156632E-01 -0.209094E+00  0.000000E+00  0.000000E+00  0.000000E+00  0.000000E+00
  0.208976E+01  0.262063E+00 -0.101660E-01  0.000000E+00  0.000000E+00  0.000000E+00  0.000000E+00
  0.257247E+01  0.327955E+00  0.149423E-01  0.000000E+00  0.000000E+00  0.000000E+00  0.000000E+00
  0.234437E+01  0.349243E+00  0.270868E-02  0.000000E+00  0.000000E+00  0.000000E+00  0.000000E+00
  0.279248E+01 -0.387536E+00 -0.138004E-01  0.000000E+00  0.000000E+00  0.000000E+00  0.000000E+00
  0.245890E+01  0.265195E+00  0.179190E-01  0.000000E+00  0.000000E+00  0.000000E+00  0.000000E+00
  0.235608E+01  0.181108E-01 -0.244218E+00  0.000000E+00  0.000000E+00  0.000000E+00  0.000000E+00
  0.214017E+01  0.579918E-02 -0.291440E+00  0.000000E+00  0.000000E+00  0.000000E+00  0.000000E+00
  0.275030E+01 -0.178312E-01 -0.318273E+00  0.000000E+00  0.000000E+00  0.000000E+00  0.000000E+00
  0.249609E+01 -0.160226E-01 -0.299160E+00  0.000000E+00  0.000000E+00  0.000000E+00  0.000000E+00
  0.243242E+01 -0.162078E-01 -0.284453E+00  0.000000E+00  0.000000E+00  0.000000E+00  0.000000E+00
  0.201739E+01  0.254901E+00 -0.786237E-02  0.000000E+00  0.000000E+00  0.000000E+00  0.000000E+00
  0.167078E+01  0.176132E+00 -0.562822E-02  0.000000E+00  0.000000E+00  0.000000E+00  0.000000E+00
  0.184853E+01  0.997171E-02 -0.207037E+00  0.000000E+00  0.000000E+00  0.000000E+00  0.000000E+00
  0.164943E+01  0.167837E+00 -0.724742E-02  0.000000E+00  0.000000E+00  0.000000E+00  0.000000E+00
  0.244612E+01 -0.272562E+00  0.172754E-01  0.000000E+00  0.000000E+00  0.000000E+00  0.000000E+00
  0.267043E+01 -0.336022E+00 -0.158147E-01  0.000000E+00  0.000000E+00  0.000000E+00  0.000000E+00
  0.193512E+01  0.240453E+00 -0.600267E-02  0.000000E+00  0.000000E+00  0.000000E+00  0.000000E+00
  0.219811E+01 -0.148540E-01  0.252791E+00  0.000000E+00  0.000000E+00  0.000000E+00  0.000000E+00
  0.169625E+01 -0.674269E-02 -0.180283E+00  0.000000E+00  0.000000E+00  0.000000E+00  0.000000E+00
  0.166537E+01  0.168919E+00 -0.842100E-02  0.000000E+00  0.000000E+00  0.000000E+00  0.000000E+00
  0.195028E+01  0.151609E-01  0.200004E+00  0.000000E+00  0.000000E+00  0.000000E+00  0.000000E+00
  0.178821E+01 -0.200479E+00 -0.762370E-02  0.000000E+00  0.000000E+00  0.000000E+00  0.000000E+00
  0.197583E+01 -0.251497E+00  0.557946E-02  0.000000E+00  0.000000E+00  0.000000E+00  0.000000E+00
  0.247353E+01  0.735214E-02  0.367031E+00  0.000000E+00  0.000000E+00  0.000000E+00  0.000000E+00
  0.248581E+01 -0.361548E+00 -0.893557E-02  0.000000E+00  0.000000E+00  0.000000E+00  0.000000E+00
  0.227525E+01 -0.921849E-02  0.310288E+00  0.000000E+00  0.000000E+00  0.000000E+00  0.000000E+00
  0.168168E+01 -0.183491E+00 -0.527130E-03  0.000000E+00  0.000000E+00  0.000000E+00  0.000000E+00
  0.278015E+01  0.166138E-01  0.344957E+00  0.000000E+00  0.000000E+00  0.000000E+00  0.000000E+00
  0.277727E+01  0.187753E-01 -0.304335E+00  0.000000E+00  0.000000E+00  0.000000E+00  0.000000E+00
  0.282765E+01 -0.372391E+00  0.154497E-01  0.000000E+00  0.000000E+00  0.000000E+00  0.000000E+00
  0.178872E+01 -0.110325E-01 -0.189013E+00  0.000000E+00  0.000000E+00  0.000000E+00  0.000000E+00
  0.230459E+01 -0.340997E+00  0.942606E-03  0.000000E+00  0.000000E+00  0.000000E+00  0.000000E+00
  0.236318E+01 -0.339832E+00 -0.746421E-02  0.000000E+00  0.000000E+00  0.000000E+00  0.000000E+00
  0.214596E+01  0.301051E+00  0.338943E-03  0.000000E+00  0.000000E+00  0.000000E+00  0.000000E+00
  0.265215E+01 -0.290667E+00  0.183956E-01  0.000000E+00  0.000000E+00  0.000000E+00  0.000000E+00
  0.282486E+01  0.807480E-02 -0.447610E+00  0.000000E+00  0.000000E+00  0.000000E+00  0.000000E+00
  0.269540E+01  0.325469E+00  0.168319E-01  0.000000E+00  0.000000E+00  0.000000E+00  0.000000E+00
  0.204793E+01 -0.145668E-01 -0.224519E+00  0.000000E+00  0.000000E+00  0.000000E+00  0.000000E+00
  0.264864E+01 -0.452106E-02  0.421283E+00  0.000000E+00  0.000000E+00  0.000000E+00  0.000000E+00
  0.283376E+01 -0.348924E+00 -0.169721E-01  0.000000E+00  0.000000E+00  0.000000E+00  0.000000E+00
  0.196244E+01 -0.222298E+00 -0.121896E-01  0.000000E+00  0.000000E+00  0.000000E+00  0.000000E+00
  0.228534E+01  0.154200E-01  0.264760E+00  0.000000E+00  0.000000E+00  0.000000E+00  0.000000E+00
  0.192768E+01  0.128665E-01  0.210759E+00  0.000000E+00  0.000000E+00  0.000000E+00  0.000000E+00
  0.265035E+01 -0.192485E-01  0.273612E+00  0.000000E+00  0.000000E+00  0.000000E+00  0.000000E+00
  0.182098E+01 -0.185774E+00 -0.132076E-01  0.000000E+00  0.000000E+00  0.000000E+00  0.000000E+00
  0.253042E+01 -0.102631E-01  0.363295E+00  0.000000E+00  0.000000E+00  0.000000E+00  0.000000E+00
  0.282152E+01  0.145276E-01  0.384220E+00  0.000000E+00  0.000000E+00  0.000000E+00  0.000000E+00
  0.186183E+01  0.322815E-02  0.227224E+00  0.000000E+00  0.000000E+00  0.000000E+00  0.000000E+00
  0.208884E+01  0.826713E-02  0.270493E+00  0.000000E+00  0.000000E+00  0.000000E+00  0.000000E+00
  0.218585E+01 -0.232762E+00  0.165924E-01  0.000000E+00  0.000000E+00  0.000000E+00  0.000000E+00
  0.269180E+01  0.394755E+00  0.109663E-01  0.000000E+00  0.000000E+00  0.000000E+00  0.000000E+00
  0.226233E+01 -0.162351E-01 -0.251357E+00  0.000000E+00  0.000000E+00  0.000000E+00  0.000000E+00
  0.178396E+01 -0.857808E-02  0.196713E+00  0.000000E+00  0.000000E+00  0.000000E+00  0.000000E+00
  0.212729E+01 -0.649909E-02 -0.286161E+00  0.000000E+00  0.000000E+00  0.000000E+00  0.000000E+00
  0.168290E+01  0.183786E+00 -0.611237E-03  0.000000E+00  0.000000E+00  0.000000E+00  0.000000E+00
  0.230265E+01 -0.847459E-02  0.320575E+00  0.000000E+00  0.000000E+00  0.000000E+00  0.000000E+00
  0.227682E+01 -0.328633E+00  0.454797E-02  0.000000E+00  0.000000E+00  0.000000E+00  0.000000E+00
  0.200206E+01  0.262585E+00  0.311416E-02  0.000000E+00  0.000000E+00  0.000000E+00  0.000000E+00
  0.187765E+01 -0.223997E+00  0.693528E-02  0.000000E+00  0.000000E+00  0.000000E+00  0.000000E+00
  0.187205E+01  0.118097E-02  0.231472E+00  0.000000E+00  0.000000E+00  0.000000E+00  0.000000E+00
  0.206870E+01 -0.272152E+00 -0.639463E-02  0.000000E+00  0.000000E+00  0.000000E+00  0.000000E+00
  0.270480E+01 -0.129420E-01 -0.378648E+00  0.000000E+00  0.000000E+00  0.000000E+00  0.000000E+00
  0.174939E+01 -0.200650E+00  0.401880E-03  0.000000E+00  0.000000E+00  0.000000E+00  0.000000E+00
  0.266515E+01 -0.289143E+00  0.185928E-01  0.000000E+00  0.000000E+00  0.000000E+00  0.000000E+00
  0.233435E+01 -0.283442E+00  0.145677E-01  0.000000E+00  0.000000E+00  0.000000E+00  0.000000E+00
  0.198546E+01 -0.259414E+00  0.221978E-02  0.000000E+00  0.000000E+00  0.000000E+00  0.000000E+00
  0.183035E+01  0.114732E-01 -0.196507E+00  0.000000E+00  0.000000E+00  0.000000E+00  0.000000E+00
  0.203917E+01 -0.273622E+00 -0.138378E-02  0.000000E+00  0.000000E+00  0.000000E+00  0.000000E+00
  0.182976E+01  0.869661E-03 -0.220889E+00  0.000000E+00  0.000000E+00  0.000000E+00  0.000000E+00
  0.164869E+01 -0.174560E+00  0.210183E-02  0.000000E+00  0.000000E+00  0.000000E+00  0.000000E+00
  0.219733E+01  0.307177E+00  0.521383E-02  0.000000E+00  0.000000E+00  0.000000E+00  0.000000E+00
  0.191661E+01  0.205848E+00 -0.132870E-01  0.000000E+00  0.000000E+00  0.000000E+00  0.000000E+00
  0.181957E+01  0.183974E+00  0.134791E-01  0.000000E+00  0.000000E+00  0.000000E+00  0.000000E+00
  0.264736E+01 -0.177093E-01  0.302113E+00  0.000000E+00  0.000000E+00  0.000000E+00  0.000000E+00
  0.234118E+01  0.350463E+00  0.376586E-03  0.000000E+00  0.000000E+00  0.000000E+00  0.000000E+00
  0.235274E+01  0.238517E+00  0.184486E-01  0.000000E+00  0.000000E+00  0.000000E+00  0.000000E+00
  0.242264E+01  0.240882E+00 -0.190185E-01  0.000000E+00  0.000000E+00  0.000000E+00  0.000000E+00
  0.205167E+01 -0.443897E-02 -0.272802E+00  0.000000E+00  0.000000E+00  0.000000E+00  0.000000E+00
  0.201353E+01 -0.240803E+00 -0.108957E-01  0.000000E+00  0.000000E+00  0.000000E+00  0.000000E+00
  0.198339E+01  0.259514E+00 -0.139449E-02  0.000000E+00  0.000000E+00  0.000000E+00  0.000000E+00
  0.224910E+01  0.133477E-02 -0.326723E+00  0.000000E+00  0.000000E+00  0.000000E+00  0.000000E+00
  0.255468E+01  0.399525E+00 -0.393039E-02  0.000000E+00  0.000000E+00  0.000000E+00  0.000000E+00
  0.216923E+01  0.302321E+00 -0.433444E-02  0.000000E+00  0.000000E+00  0.000000E+00  0.000000E+00
  0.226439E+01  0.293483E+00 -0.115689E-01  0.000000E+00  0.000000E+00  0.000000E+00  0.000000E+00
  0.182436E+01 -0.199028E+00 -0.105770E-01  0.000000E+00  0.000000E+00  0.000000E+00  0.000000E+00
  0.233027E+01 -0.335664E+00 -0.653163E-02  0.000000E+00  0.000000E+00  0.000000E+00  0.000000E+00
  0.188325E+01 -0.200837E+00 -0.129157E-01  0.000000E+00  0.000000E+00  0.000000E+00  0.000000E+00
  0.279815E+01  0.699711E-02 -0.447567E+00  0.000000E+00  0.000000E+00  0.000000E+00  0.000000E+00
  0.220979E+01  0.145030E-01  0.258400E+00  0.000000E+00  0.000000E+00  0.000000E+00  0.000000E+00
  0.280344E+01  0.408260E+00 -0.121834E-01  0.000000E+00  0.000000E+00  0.000000E+00  0.000000E+00
  0.257098E+01  0.328202E+00 -0.148972E-01  0.000000E+00  0.000000E+00  0.000000E+00  0.000000E+00
  0.240673E+01 -0.159939E-01 -0.282144E+00  0.000000E+00  0.000000E+00  0.000000E+00  0.000000E+00
  0.252980E+01 -0.276369E+00 -0.180007E-01  0.000000E+00  0.000000E+00  0.000000E+00  0.000000E+00
  0.191062E+01  0.234302E+00  0.605678E-02  0.000000E+00  0.000000E+00  0.000000E+00  0.000000E+00
  0.188933E+01 -0.117855E-01  0.208224E+00  0.000000E+00  0.000000E+00  0.000000E+00  0.000000E+00
  0.221829E+01 -0.279302E+00 -0.121264E-01  0.000000E+00  0.000000E+00  0.000000E+00  0.000000E+00
  0.276651E+01  0.180295E-01 -0.317408E+00  0.000000E+00  0.000000E+00  0.000000E+00  0.000000E+00
  0.274760E+01  0.419651E+00 -0.946472E-02  0.000000E+00  0.000000E+00  0.000000E+00  0.000000E+00
  0.187766E+01 -0.806440E-02 -0.220687E+00  0.000000E+00  0.000000E+00  0.000000E+00  0.000000E+00
  0.229775E+01 -0.326859E+00 -0.676048E-02  0.000000E+00  0.000000E+00  0.000000E+00  0.000000E+00
  0.281617E+01 -0.125079E-01  0.407604E+00  0.000000E+00  0.000000E+00  0.000000E+00  0.000000E+00
  0.267735E+01 -0.128666E-01 -0.373492E+00  0.000000E+00  0.000000E+00  0.000000E+00  0.000000E+00
  0.173322E+01 -0.212028E-02 -0.195874E+00  0.000000E+00  0.000000E+00  0.000000E+00  0.000000E+00
  0.214040E+01  0.255497E+00 -0.130643E-01  0.000000E+00  0.000000E+00  0.000000E+00  0.000000E+00
  0.165992E+01 -0.302555E-02  0.176716E+00  0.000000E+00  0.000000E+00  0.000000E+00  0.000000E+00
  0.192480E+01  0.230038E+00  0.862523E-02  0.000000E+00  0.000000E+00  0.000000E+00  0.000000E+00
  0.270831E+01 -0.357521E+00  0.147903E-01  0.000000E+00  0.000000E+00  0.000000E+00  0.000000E+00
  0.268373E+01 -0.430217E+00  0.445961E-02  0.000000E+00  0.000000E+00  0.000000E+00  0.000000E+00
  0.254619E+01  0.255161E+00  0.193316E-01  0.000000E+00  0.000000E+00  0.000000E+00  0.000000E+00
  0.255635E+01 -0.330430E+00  0.144542E-01  0.000000E+00  0.000000E+00  0.000000E+00  0.000000E+00
  0.245221E+01  0.262215E+00  0.180339E-01  0.000000E+00  0.000000E+00  0.000000E+00  0.000000E+00
  0.203783E+01 -0.160030E-02  0.273142E+00  0.000000E+00  0.000000E+00  0.000000E+00  0.000000E+00
  0.258584E+01  0.333361E+00  0.147209E-01  0.000000E+00  0.000000E+00  0.000000E+00  0.000000E+00
  0.236697E+01 -0.108547E-01  0.321624E+00  0.000000E+00  0.000000E+00  0.000000E+00  0.000000E+00
  0.200418E+01 -0.114499E-01 -0.235736E+00  0.000000E+00  0.000000E+00  0.000000E+00  0.000000E+00
  0.202624E+01  0.234087E+00 -0.125645E-01  0.000000E+00  0.000000E+00  0.000000E+00  0.000000E+00
  0.256062E+01  0.161401E-01  0.310097E+00  0.000000E+00  0.000000E+00  0.000000E+00  0.000000E+00
  0.262492E+01 -0.417801E+00 -0.365575E-02  0.000000E+00  0.000000E+00  0.000000E+00  0.000000E+00
  0.280053E+01 -0.195945E-01 -0.289901E+00  0.000000E+00  0.000000E+00  0.000000E+00  0.000000E+00
  0.243502E+01 -0.247162E+00 -0.187729E-01  0.000000E+00  0.000000E+00  0.000000E+00  0.000000E+00
  0.172041E+01 -0.175066E+00  0.106094E-01  0.000000E+00  0.000000E+00  0.000000E+00  0.000000E+00
  0.193768E+01 -0.401515E-02 -0.245123E+00  0.000000E+00  0.000000E+00  0.000000E+00  0.000000E+00
  0.225478E+01 -0.169741E-01 -0.241270E+00  0.000000E+00  0.000000E+00  0.000000E+00  0.000000E+00
  0.198715E+01 -0.226097E+00 -0.124708E-01  0.000000E+00  0.000000E+00  0.000000E+00  0.000000E+00
  0.212074E+01 -0.369382E-02 -0.291459E+00  0.000000E+00  0.000000E+00  0.000000E+00  0.000000E+00
  0.269841E+01 -0.195298E-01  0.275279E+00  0.000000E+00  0.000000E+00  0.000000E+00  0.000000E+00
  0.221661E+01  0.248668E+00 -0.156565E-01  0.000000E+00  0.000000E+00  0.000000E+00  0.000000E+00
  0.284082E+01 -0.105325E-01  0.912639E-01  0.000000E+00  0.000000E+00  0.000000E+00  0.000000E+00
  0.284082E+01 -0.520716E-01  0.144007E-01  0.000000E+00  0.000000E+00  0.000000E+00  0.000000E+00
  0.284082E+01 -0.100907E-01  0.429709E-02  0.000000E+00  0.000000E+00  0.000000E+00  0.000000E+00
  0.284082E+01 -0.316516E-01  0.174542E+00  0.000000E+00  0.000000E+00  0.000000E+00  0.000000E+00
  0.284082E+01 -0.250849E-01 -0.604725E-02  0.000000E+00  0.000000E+00  0.000000E+00  0.000000E+00
  0.284082E+01 -0.187803E+00  0.691651E-01  0.000000E+00  0.000000E+00  0.000000E+00  0.000000E+00
  0.284082E+01 -0.405296E-01 -0.227806E+00  0.000000E+00  0.000000E+00  0.000000E+00  0.000000E+00
  0.284082E+01  0.182967E-01 -0.390792E-01  0.000000E+00  0.000000E+00  0.000000E+00  0.000000E+00
  0.284082E+01 -0.105755E+00  0.404312E-01  0.000000E+00  0.000000E+00  0.000000E+00  0.000000E+00
  0.284082E+01 -0.690008E-02  0.632552E-01  0.000000E+00  0.000000E+00  0.000000E+00  0.000000E+00
  0.284082E+01 -0.662847E-01 -0.227567E+00  0.000000E+00  0.000000E+00  0.000000E+00  0.000000E+00
  0.284082E+01 -0.111573E+00  0.110222E+00  0.000000E+00  0.000000E+00  0.000000E+00  0.000000E+00
  0.284082E+01 -0.339014E-01  0.184138E+00  0.000000E+00  0.000000E+00  0.000000E+00  0.000000E+00
  0.284082E+01 -0.469693E-01 -0.128698E-01  0.000000E+00  0.000000E+00  0.000000E+00  0.000000E+00
  0.284082E+01  0.129326E+00 -0.102186E+00  0.000000E+00  0.000000E+00  0.000000E+00  0.000000E+00
  0.284082E+01 -0.123389E+00  0.211721E+00  0.000000E+00  0.000000E+00  0.000000E+00  0.000000E+00
  0.284082E+01  0.147602E+00 -0.111389E+00  0.000000E+00  0.000000E+00  0.000000E+00  0.000000E+00
  0.284082E+01  0.121196E+00  0.189122E+00  0.000000E+00  0.000000E+00  0.000000E+00  0.000000E+00
  0.284082E+01  0.411596E-01  0.178602E+00  0.000000E+00  0.000000E+00  0.000000E+00  0.000000E+00
  0.284082E+01 -0.120993E-01  0.148477E+00  0.000000E+00  0.000000E+00  0.000000E+00  0.000000E+00
  0.284082E+01  0.242176E+00 -0.770639E-02  0.000000E+00  0.000000E+00  0.000000E+00  0.000000E+00
  0.284082E+01  0.423173E-01  0.243209E+00  0.000000E+00  0.000000E+00  0.000000E+00  0.000000E+00
  0.284082E+01  0.710968E-01 -0.563768E-01  0.000000E+00  0.000000E+00  0.000000E+00  0.000000E+00
  0.284082E+01  0.235027E-01  0.492486E-01  0.000000E+00  0.000000E+00  0.000000E+00  0.000000E+00
  0.284082E+01  0.579085E-01  0.744605E-01  0.000000E+00  0.000000E+00  0.000000E+00  0.000000E+00
  0.284082E+01 -0.133598E+00 -0.130420E+00  0.000000E+00  0.000000E+00  0.000000E+00  0.000000E+00
  0.284082E+01  0.165361E+00 -0.194545E-01  0.000000E+00  0.000000E+00  0.000000E+00  0.000000E+00
  0.284082E+01  0.411484E-01 -0.232412E+00  0.000000E+00  0.000000E+00  0.000000E+00  0.000000E+00
  0.284082E+01  0.209700E+00  0.244592E-01  0.000000E+00  0.000000E+00  0.000000E+00  0.000000E+00
  0.284082E+01 -0.642585E-01  0.106577E-02  0.000000E+00  0.000000E+00  0.000000E+00  0.000000E+00
  0.284082E+01 -0.227267E-01 -0.441063E-01  0.000000E+00  0.000000E+00  0.000000E+00  0.000000E+00
  0.284082E+01 -0.109395E+00  0.295901E-01  0.000000E+00  0.000000E+00  0.000000E+00  0.000000E+00
  0.284082E+01  0.229839E-01 -0.276638E-01  0.000000E+00  0.000000E+00  0.000000E+00  0.000000E+00
  0.284082E+01 -0.598656E-01 -0.180474E-01  0.000000E+00  0.000000E+00  0.000000E+00  0.000000E+00
  0.284082E+01 -0.370400E-01  0.295823E-02  0.000000E+00  0.000000E+00  0.000000E+00  0.000000E+00
  0.284082E+01  0.100241E+00  0.115362E-01  0.000000E+00  0.000000E+00  0.000000E+00  0.000000E+00
  0.284082E+01 -0.135359E+00  0.649973E-01  0.000000E+00  0.000000E+00  0.000000E+00  0.000000E+00
  0.284082E+01  0.387598E-01 -0.548203E-02  0.000000E+00  0.000000E+00  0.000000E+00  0.000000E+00
  0.284082E+01  0.100026E-01  0.229330E-03  0.000000E+00  0.000000E+00  0.000000E+00  0.000000E+00
  0.284082E+01 -0.317506E-01  0.942922E-01  0.000000E+00  0.000000E+00  0.000000E+00  0.000000E+00
  0.284082E+01  0.506867E-02 -0.116856E-01  0.000000E+00  0.000000E+00  0.000000E+00  0.000000E+00
  0.284082E+01  0.127899E+00  0.206996E+00  0.000000E+00  0.000000E+00  0.000000E+00  0.000000E+00
  0.284082E+01  0.108908E+00 -0.883336E-01  0.000000E+00  0.000000E+00  0.000000E+00  0.000000E+00
  0.284082E+01 -0.980500E-01  0.840189E-01  0.000000E+00  0.000000E+00  0.000000E+00  0.000000E+00
  0.284082E+01 -0.308828E-01  0.824660E-01  0.000000E+00  0.000000E+00  0.000000E+00  0.000000E+00
  0.284082E+01 -0.172405E+00  0.359076E-01  0.000000E+00  0.000000E+00  0.000000E+00  0.000000E+00
  0.284082E+01 -0.118641E+00  0.780266E-01  0.000000E+00  0.000000E+00  0.000000E+00  0.000000E+00
  0.284082E+01 -0.579051E-01  0.275012E-02  0.000000E+00  0.000000E+00  0.000000E+00  0.000000E+00
  0.284082E+01  0.234118E-01 -0.197554E-01  0.000000E+00  0.000000E+00  0.000000E+00  0.000000E+00
  0.284082E+01  0.346513E-01  0.229313E+00  0.000000E+00  0.000000E+00  0.000000E+00  0.000000E+00
  0.284082E+01  0.262886E-01  0.177143E-01  0.000000E+00  0.000000E+00  0.000000E+00  0.000000E+00
  0.284082E+01 -0.667211E-01 -0.553154E-01  0.000000E+00  0.000000E+00  0.000000E+00  0.000000E+00
  0.284082E+01 -0.125708E+00  0.571136E-02  0.000000E+00  0.000000E+00  0.000000E+00  0.000000E+00
  0.284082E+01  0.120979E+00  0.739023E-01  0.000000E+00  0.000000E+00  0.000000E+00  0.000000E+00
  0.284082E+01  0.596404E-01 -0.217169E+00  0.000000E+00  0.000000E+00  0.000000E+00  0.000000E+00
  0.284082E+01  0.317595E-01 -0.167137E-01  0.000000E+00  0.000000E+00  0.000000E+00  0.000000E+00
  0.284082E+01  0.123105E+00  0.162831E+00  0.000000E+00  0.000000E+00  0.000000E+00  0.000000E+00
  0.284082E+01  0.594271E-01  0.134223E-01  0.000000E+00  0.000000E+00  0.000000E+00  0.000000E+00
  0.284082E+01  0.895575E-01  0.156210E+00  0.000000E+00  0.000000E+00  0.000000E+00  0.000000E+00
  0.284082E+01  0.107414E+00  0.653482E-01  0.000000E+00  0.000000E+00  0.000000E+00  0.000000E+00
  0.284082E+01 -0.125297E-01 -0.193189E+00  0.000000E+00  0.000000E+00  0.000000E+00  0.000000E+00
  0.284082E+01 -0.111599E+00  0.742855E-01  0.000000E+00  0.000000E+00  0.000000E+00  0.000000E+00
  0.284082E+01  0.103310E+00  0.789224E-01  0.000000E+00  0.000000E+00  0.000000E+00  0.000000E+00
  0.284082E+01  0.413432E-01  0.167764E-02  0.000000E+00  0.000000E+00  0.000000E+00  0.000000E+00
  0.284082E+01  0.283343E-01  0.487467E-01  0.000000E+00  0.000000E+00  0.000000E+00  0.000000E+00
  0.284082E+01 -0.368208E-01 -0.147674E+00  0.000000E+00  0.000000E+00  0.000000E+00  0.000000E+00
  0.284082E+01 -0.665864E-01 -0.188509E+00  0.000000E+00  0.000000E+00  0.000000E+00  0.000000E+00
  0.284082E+01  0.116452E+00  0.813184E-01  0.000000E+00  0.000000E+00  0.000000E+00  0.000000E+00
  0.284082E+01 -0.103136E+00 -0.354995E-01  0.000000E+00  0.000000E+00  0.000000E+00  0.000000E+00
  0.284082E+01  0.139361E-01  0.257380E-01  0.000000E+00  0.000000E+00  0.000000E+00  0.000000E+00
  0.284082E+01 -0.107826E+00 -0.109686E+00  0.000000E+00  0.000000E+00  0.000000E+00  0.000000E+00
  0.284082E+01 -0.215666E-02 -0.151465E+00  0.000000E+00  0.000000E+00  0.000000E+00  0.000000E+00
  0.284082E+01 -0.179214E+00  0.831841E-01  0.000000E+00  0.000000E+00  0.000000E+00  0.000000E+00
  0.284082E+01 -0.724359E-03  0.148047E-02  0.000000E+00  0.000000E+00  0.000000E+00  0.000000E+00
  0.284082E+01 -0.845411E-01  0.205927E+00  0.000000E+00  0.000000E+00  0.000000E+00  0.000000E+00
  0.284082E+01 -0.686668E-01  0.174992E+00  0.000000E+00  0.000000E+00  0.000000E+00  0.000000E+00
  0.284082E+01 -0.236650E+00  0.407373E-01  0.000000E+00  0.000000E+00  0.000000E+00  0.000000E+00
  0.284082E+01 -0.966254E-01  0.191916E+00  0.000000E+00  0.000000E+00  0.000000E+00  0.000000E+00
  0.284082E+01 -0.182588E+00  0.845941E-01  0.000000E+00  0.000000E+00  0.000000E+00  0.000000E+00
  0.284082E+01 -0.739766E-01 -0.134671E+00  0.000000E+00  0.000000E+00  0.000000E+00  0.000000E+00
  0.284082E+01 -0.502379E-01 -0.189851E+00  0.000000E+00  0.000000E+00  0.000000E+00  0.000000E+00
  0.284082E+01  0.826700E-01  0.205369E+00  0.000000E+00  0.000000E+00  0.000000E+00  0.000000E+00
  0.284082E+01 -0.181291E+00 -0.144824E+00  0.000000E+00  0.000000E+00  0.000000E+00  0.000000E+00
  0.284082E+01  0.157759E-01  0.900674E-03  0.000000E+00  0.000000E+00  0.000000E+00  0.000000E+00
  0.284082E+01  0.810081E-01  0.270407E-02  0.000000E+00  0.000000E+00  0.000000E+00  0.000000E+00
  0.284082E+01 -0.505102E-01 -0.254234E-01  0.000000E+00  0.000000E+00  0.000000E+00  0.000000E+00
  0.284082E+01 -0.171324E+00  0.148976E+00  0.000000E+00  0.000000E+00  0.000000E+00  0.000000E+00
  0.284082E+01 -0.718441E-01 -0.101351E-01  0.000000E+00  0.000000E+00  0.000000E+00  0.000000E+00
  0.284082E+01 -0.115422E+00 -0.213854E-01  0.000000E+00  0.000000E+00  0.000000E+00  0.000000E+00
  0.284082E+01 -0.153183E+00 -0.133805E+00  0.000000E+00  0.000000E+00  0.000000E+00  0.000000E+00
  0.284082E+01  0.719063E-01  0.135988E+00  0.000000E+00  0.000000E+00  0.000000E+00  0.000000E+00
  0.284082E+01  0.142740E+00 -0.902673E-01  0.000000E+00  0.000000E+00  0.000000E+00  0.000000E+00
  0.284082E+01  0.188886E-01 -0.492249E-01  0.000000E+00  0.000000E+00  0.000000E+00  0.000000E+00
  0.284082E+01  0.175655E+00 -0.132510E+00  0.000000E+00  0.000000E+00  0.000000E+00  0.000000E+00
  0.284082E+01  0.457059E-01  0.829935E-01  0.000000E+00  0.000000E+00  0.000000E+00  0.000000E+00
  0.284082E+01 -0.420448E-02 -0.246358E-02  0.000000E+00  0.000000E+00  0.000000E+00  0.000000E+00
  0.284082E+01  0.126237E+00  0.117050E+00  0.000000E+00  0.000000E+00  0.000000E+00  0.000000E+00
  0.284082E+01  0.302962E-01  0.203083E-01  0.000000E+00  0.000000E+00  0.000000E+00  0.000000E+00
  0.284082E+01 -0.126430E+00  0.406269E-01  0.000000E+00  0.000000E+00  0.000000E+00  0.000000E+00
  0.284082E+01  0.364124E-01  0.223336E+00  0.000000E+00  0.000000E+00  0.000000E+00  0.000000E+00
