  0.233980E+01 -0.278294E+00  0.151725E-01  0.000000E+00  0.000000E+00  0.000000E+00  0.000000E+00
  0.195493E+01 -0.284332E-02  0.251073E+00  0.000000E+00  0.000000E+00  0.000000E+00  0.000000E+00
  0.207978E+01  0.250780E+00  0.117801E-01  0.000000E+00  0.000000E+00  0.000000E+00  0.000000E+00
  0.184040E+01 -0.198357E+00 -0.115613E-01  0.000000E+00  0.000000E+00  0.000000E+00  0.000000E+00
  0.250883E+01 -0.339130E+00  0.126285E-01  0.000000E+00  0.000000E+00  0.000000E+00  0.000000E+00
  0.211364E+01  0.215810E+00  0.169023E-01  0.000000E+00  0.000000E+00  0.000000E+00  0.000000E+00
  0.237032E+01 -0.114239E-01  0.318331E+00  0.000000E+00  0.000000E+00  0.000000E+00  0.000000E+00
  0.270765E+01  0.441800E+00  0.204565E-02  0.000000E+00  0.000000E+00  0.000000E+00  0.000000E+00
  0.216711E+01 -0.157196E-01  0.238276E+00  0.000000E+00  0.000000E+00  0.000000E+00  0.000000E+00
  0.234233E+01 -0.179499E-01  0.244171E+00  0.000000E+00  0.000000E+00  0.000000E+00  0.000000E+00
  0.258189E+01 -0.382210E+00  0.925548E-02  0.000000E+00  0.000000E+00  0.000000E+00  0.000000E+00
  0.166665E+01 -0.176100E+00  0.499734E-02  0.000000E+00  0.000000E+00  0.000000E+00  0.000000E+00
  0.255128E+01 -0.167911E-01  0.299087E+00  0.000000E+00  0.000000E+00  0.000000E+00  0.000000E+00
  0.233192E+01  0.175227E-01 -0.248326E+00  0.000000E+00  0.000000E+00  0.000000E+00  0.000000E+00
  0.236029E+01  0.123829E-01  0.308691E+00  0.000000E+00  0.000000E+00  0.000000E+00  0.000000E+00
  0.166488E+01 -0.177155E+00 -0.383783E-02  0.000000E+00  0.000000E+00  0.000000E+00  0.000000E+00
  0.172956E+01 -0.194640E+00  0.254369E-02  0.000000E+00  0.000000E+00  0.000000E+00  0.000000E+00
  0.263609E+01 -0.748215E-02  0.405681E+00  0.000000E+00  0.000000E+00  0.000000E+00  0.000000E+00
  0.186287E+01 -0.664489E-02  0.221153E+00  0.000000E+00  0.000000E+00  0.000000E+00  0.000000E+00
  0.176724E+01 -0.205095E+00  0.774816E-03  0.000000E+00  0.000000E+00  0.000000E+00  0.000000E+00
  0.241710E+01  0.320608E+00 -0.124511E-01  0.000000E+00  0.000000E+00  0.000000E+00  0.000000E+00
  0.263912E+01  0.352259E+00 -0.140541E-01  0.000000E+00  0.000000E+00  0.000000E+00  0.000000E+00
  0.174276E+01 -0.106356E-02 -0.198817E+00  0.000000E+00  0.000000E+00  0.000000E+00  0.000000E+00
  0.208024E+01  0.268778E+00  0.818126E-02  0.000000E+00  0.000000E+00  0.000000E+00  0.000000E+00
  0.276626E+01  0.188046E-01  0.301883E+00  0.000000E+00  0.000000E+00  0.000000E+00  0.000000E+00
  0.280201E+01  0.305160E+00 -0.189296E-01  0.000000E+00  0.000000E+00  0.000000E+00  0.000000E+00
  0.224051E+01  0.256493E+00 -0.153543E-01  0.000000E+00  0.000000E+00  0.000000E+00  0.000000E+00
  0.280681E+01  0.417587E+00 -0.113237E-01  0.000000E+00  0.000000E+00  0.000000E+00  0.000000E+00
  0.273591E+01 -0.293087E+00  0.189840E-01  0.000000E+00  0.000000E+00  0.000000E+00  0.000000E+00
  0.175104E+01  0.832968E-02 -0.189602E+00  0.000000E+00  0.000000E+00  0.000000E+00  0.000000E+00
  0.189647E+01  0.117644E-01  0.209925E+00  0.000000E+00  0.000000E+00  0.000000E+00  0.000000E+00
  0.203600E+01  0.252159E+00  0.962890E-02  0.000000E+00  0.000000E+00  0.000000E+00  0.000000E+00
  0.183818E+01 -0.857771E-02 -0.209608E+00  0.000000E+00  0.000000E+00  0.000000E+00  0.000000E+00
  0.190188E+01 -0.380031E-02  0.236501E+00  0.000000E+00  0.000000E+00  0.000000E+00  0.000000E+00
  0.239975E+01 -0.180606E-01  0.252610E+00  0.000000E+00  0.000000E+00  0.000000E+00  0.000000E+00
  0.258647E+01  0.160600E-01  0.316209E+00  0.000000E+00  0.000000E+00  0.000000E+00  0.000000E+00
  0.199893E+01 -0.163747E-01  0.199378E+00  0.000000E+00  0.000000E+00  0.000000E+00  0.000000E+00
  0.264565E+01  0.343776E+00 -0.148661E-01  0.000000E+00  0.000000E+00  0.000000E+00  0.000000E+00
  0.195570E+01  0.235725E+00  0.905784E-02  0.000000E+00  0.000000E+00  0.000000E+00  0.000000E+00
  0.177925E+01  0.184482E+00 -0.115953E-01  0.000000E+00  0.000000E+00  0.000000E+00  0.000000E+00
  0.183143E+01 -0.121162E-01  0.193701E+00  0.000000E+00  0.000000E+00  0.000000E+00  0.000000E+00
  0.269480E+01  0.284958E+00  0.190498E-01  0.000000E+00  0.000000E+00  0.000000E+00  0.000000E+00
  0.215745E+01  0.300066E+00 -0.400211E-02  0.000000E+00  0.000000E+00  0.000000E+00  0.000000E+00
  0.212930E+01  0.295892E+00 -0.201639E-02  0.000000E+00  0.000000E+00  0.000000E+00  0.000000E+00
  0.170188E+01 -0.182109E+00 -0.652533E-02  0.000000E+00  0.000000E+00  0.000000E+00  0.000000E+00
  0.263466E+01  0.175036E-01  0.303312E+00  0.000000E+00  0.000000E+00  0.000000E+00  0.000000E+00
  0.272109E+01  0.167123E-01  0.332210E+00  0.000000E+00  0.000000E+00  0.000000E+00  0.000000E+00
  0.275314E+01  0.179198E-01 -0.317128E+00  0.000000E+00  0.000000E+00  0.000000E+00  0.000000E+00
  0.222810E+01  0.110521E-01 -0.288713E+00  0.000000E+00  0.000000E+00  0.000000E+00  0.000000E+00
  0.262519E+01 -0.327018E+00 -0.158242E-01  0.000000E+00  0.000000E+00  0.000000E+00  0.000000E+00
  0.276086E+01 -0.368475E+00 -0.147733E-01  0.000000E+00  0.000000E+00  0.000000E+00  0.000000E+00
  0.251419E+01 -0.360507E+00 -0.101269E-01  0.000000E+00  0.000000E+00  0.000000E+00  0.000000E+00
  0.233256E+01  0.246055E+00  0.176953E-01  0.000000E+00  0.000000E+00  0.000000E+00  0.000000E+00
  0.260563E+01  0.260583E+00 -0.195313E-01  0.000000E+00  0.000000E+00  0.000000E+00  0.000000E+00
  0.206419E+01  0.240975E+00 -0.127795E-01  0.000000E+00  0.000000E+00  0.000000E+00  0.000000E+00
  0.271813E+01  0.415076E+00  0.913872E-02  0.000000E+00  0.000000E+00  0.000000E+00  0.000000E+00
  0.281452E+01 -0.772138E-02 -0.447346E+00  0.000000E+00  0.000000E+00  0.000000E+00  0.000000E+00
  0.251349E+01 -0.683197E-02 -0.379126E+00  0.000000E+00  0.000000E+00  0.000000E+00  0.000000E+00
  0.223549E+01 -0.659499E-02  0.312277E+00  0.000000E+00  0.000000E+00  0.000000E+00  0.000000E+00
  0.262749E+01 -0.272786E+00  0.191067E-01  0.000000E+00  0.000000E+00  0.000000E+00  0.000000E+00
  0.216590E+01 -0.176337E-01 -0.217002E+00  0.000000E+00  0.000000E+00  0.000000E+00  0.000000E+00
  0.240562E+01 -0.310809E+00 -0.132775E-01  0.000000E+00  0.000000E+00  0.000000E+00  0.000000E+00
  0.282593E+01 -0.781922E-02 -0.449488E+00  0.000000E+00  0.000000E+00  0.000000E+00  0.000000E+00
  0.257895E+01 -0.237362E-02  0.408847E+00  0.000000E+00  0.000000E+00  0.000000E+00  0.000000E+00
  0.232572E+01  0.178930E-01  0.242054E+00  0.000000E+00  0.000000E+00  0.000000E+00  0.000000E+00
  0.168337E+01 -0.178952E+00 -0.579461E-02  0.000000E+00  0.000000E+00  0.000000E+00  0.000000E+00
  0.247146E+01  0.261836E+00  0.182657E-01  0.000000E+00  0.000000E+00  0.000000E+00  0.000000E+00
  0.234832E+01  0.303178E+00  0.127346E-01  0.000000E+00  0.000000E+00  0.000000E+00  0.000000E+00
  0.189888E+01 -0.561658E-02 -0.232425E+00  0.000000E+00  0.000000E+00  0.000000E+00  0.000000E+00
  0.177008E+01  0.181701E+00 -0.117621E-01  0.000000E+00  0.000000E+00  0.000000E+00  0.000000E+00
  0.247462E+01  0.381198E+00 -0.316348E-02  0.000000E+00  0.000000E+00  0.000000E+00  0.000000E+00
  0.274231E+01 -0.171492E-01 -0.328934E+00  0.000000E+00  0.000000E+00  0.000000E+00  0.000000E+00
  0.263711E+01  0.311038E+00 -0.170561E-01  0.000000E+00  0.000000E+00  0.000000E+00  0.000000E+00
  0.258438E+01  0.182245E-01 -0.282080E+00  0.000000E+00  0.000000E+00  0.000000E+00  0.000000E+00
  0.220693E+01  0.315922E+00  0.152950E-02  0.000000E+00  0.000000E+00  0.000000E+00  0.000000E+00
  0.177055E+01  0.122867E-01 -0.179434E+00  0.000000E+00  0.000000E+00  0.000000E+00  0.000000E+00
  0.264643E+01  0.130998E-01 -0.364357E+00  0.000000E+00  0.000000E+00  0.000000E+00  0.000000E+00
  0.229074E+01 -0.808404E-02 -0.319589E+00  0.000000E+00  0.000000E+00  0.000000E+00  0.000000E+00
  0.281714E+01 -0.742654E-02  0.449744E+00  0.000000E+00  0.000000E+00  0.000000E+00  0.000000E+00
  0.188522E+01  0.196381E+00  0.137398E-01  0.000000E+00  0.000000E+00  0.000000E+00  0.000000E+00
  0.263736E+01  0.423846E+00  0.219587E-02  0.000000E+00  0.000000E+00  0.000000E+00  0.000000E+00
  0.182153E+01  0.212738E+00  0.590829E-02  0.000000E+00  0.000000E+00  0.000000E+00  0.000000E+00
  0.223308E+01  0.657670E-02  0.311752E+00  0.000000E+00  0.000000E+00  0.000000E+00  0.000000E+00
  0.237607E+01 -0.133730E-01 -0.303604E+00  0.000000E+00  0.000000E+00  0.000000E+00  0.000000E+00
  0.283281E+01 -0.174007E-01  0.341038E+00  0.000000E+00  0.000000E+00  0.000000E+00  0.000000E+00
  0.203234E+01  0.227122E+00  0.137922E-01  0.000000E+00  0.000000E+00  0.000000E+00  0.000000E+00
  0.201041E+01  0.632991E-02 -0.258069E+00  0.000000E+00  0.000000E+00  0.000000E+00  0.000000E+00
  0.214863E+01  0.173751E-01 -0.216963E+00  0.000000E+00  0.000000E+00  0.000000E+00  0.000000E+00
  0.226154E+01  0.330249E+00  0.591521E-03  0.000000E+00  0.000000E+00  0.000000E+00  0.000000E+00
  0.253083E+01 -0.286703E+00  0.173643E-01  0.000000E+00  0.000000E+00  0.000000E+00  0.000000E+00
  0.267113E+01 -0.291207E+00  0.185381E-01  0.000000E+00  0.000000E+00  0.000000E+00  0.000000E+00
  0.228938E+01 -0.306494E+00 -0.104509E-01  0.000000E+00  0.000000E+00  0.000000E+00  0.000000E+00
  0.188631E+01  0.231013E+00  0.477252E-02  0.000000E+00  0.000000E+00  0.000000E+00  0.000000E+00
  0.242958E+01 -0.106727E-01 -0.337197E+00  0.000000E+00  0.000000E+00  0.000000E+00  0.000000E+00
  0.246921E+01 -0.167606E-01  0.284117E+00  0.000000E+00  0.000000E+00  0.000000E+00  0.000000E+00
  0.225823E+01 -0.183554E-01  0.223704E+00  0.000000E+00  0.000000E+00  0.000000E+00  0.000000E+00
  0.241682E+01  0.182049E-01  0.253350E+00  0.000000E+00  0.000000E+00  0.000000E+00  0.000000E+00
  0.183446E+01 -0.220313E+00  0.326138E-02  0.000000E+00  0.000000E+00  0.000000E+00  0.000000E+00
  0.242159E+01 -0.149468E-01  0.297281E+00  0.000000E+00  0.000000E+00  0.000000E+00  0.000000E+00
  0.166989E+01 -0.155011E-02 -0.180201E+00  0.000000E+00  0.000000E+00  0.000000E+00  0.000000E+00
  0.236603E+01  0.834956E-02  0.336307E+00  0.000000E+00  0.000000E+00  0.000000E+00  0.000000E+00
  0.239974E+01  0.583940E-02  0.355223E+00  0.000000E+00  0.000000E+00  0.000000E+00  0.000000E+00
  0.269618E+01 -0.439030E+00  0.195746E-02  0.000000E+00  0.000000E+00  0.000000E+00  0.000000E+00
  0.189711E+01  0.199839E+00 -0.135882E-01  0.000000E+00  0.000000E+00  0.000000E+00  0.000000E+00
  0.258251E+01  0.124860E-01  0.356592E+00  0.000000E+00  0.000000E+00  0.000000E+00  0.000000E+00
  0.206202E+01 -0.143642E-01  0.229025E+00  0.000000E+00  0.000000E+00  0.000000E+00  0.000000E+00
  0.280371E+01  0.444904E+00 -0.769493E-02  0.000000E+00  0.000000E+00  0.000000E+00  0.000000E+00
  0.265645E+01 -0.578662E-02 -0.418637E+00  0.000000E+00  0.000000E+00  0.000000E+00  0.000000E+00
  0.214670E+01  0.130406E-01 -0.257033E+00  0.000000E+00  0.000000E+00  0.000000E+00  0.000000E+00
  0.212506E+01  0.113048E-01  0.263818E+00  0.000000E+00  0.000000E+00  0.000000E+00  0.000000E+00
  0.217467E+01 -0.303922E+00  0.422025E-02  0.000000E+00  0.000000E+00  0.000000E+00  0.000000E+00
  0.196367E+01 -0.245711E+00 -0.666138E-02  0.000000E+00  0.000000E+00  0.000000E+00  0.000000E+00
  0.268801E+01  0.400594E+00  0.101460E-01  0.000000E+00  0.000000E+00  0.000000E+00  0.000000E+00
  0.232359E+01  0.141582E-01  0.285207E+00  0.000000E+00  0.000000E+00  0.000000E+00  0.000000E+00
  0.279329E+01 -0.360653E+00  0.157791E-01  0.000000E+00  0.000000E+00  0.000000E+00  0.000000E+00
  0.221981E+01 -0.302477E+00 -0.811123E-02  0.000000E+00  0.000000E+00  0.000000E+00  0.000000E+00
  0.262828E+01 -0.416016E+00  0.458377E-02  0.000000E+00  0.000000E+00  0.000000E+00  0.000000E+00
  0.186881E+01 -0.187912E+00  0.145289E-01  0.000000E+00  0.000000E+00  0.000000E+00  0.000000E+00
  0.234854E+01  0.164245E-01  0.265652E+00  0.000000E+00  0.000000E+00  0.000000E+00  0.000000E+00
  0.216662E+01 -0.178156E-01  0.214889E+00  0.000000E+00  0.000000E+00  0.000000E+00  0.000000E+00
  0.215061E+01 -0.152545E-01  0.239466E+00  0.000000E+00  0.000000E+00  0.000000E+00  0.000000E+00
  0.267020E+01  0.431105E+00  0.278438E-02  0.000000E+00  0.000000E+00  0.000000E+00  0.000000E+00
  0.197655E+01  0.229118E+00  0.115248E-01  0.000000E+00  0.000000E+00  0.000000E+00  0.000000E+00
  0.274640E+01 -0.332426E+00  0.169875E-01  0.000000E+00  0.000000E+00  0.000000E+00  0.000000E+00
  0.230486E+01 -0.718855E-02 -0.326895E+00  0.000000E+00  0.000000E+00  0.000000E+00  0.000000E+00
  0.250727E+01 -0.160147E-01  0.301437E+00  0.000000E+00  0.000000E+00  0.000000E+00  0.000000E+00
  0.279854E+01  0.466027E+00  0.849357E-03  0.000000E+00  0.000000E+00  0.000000E+00  0.000000E+00
  0.263875E+01  0.283546E+00 -0.186522E-01  0.000000E+00  0.000000E+00  0.000000E+00  0.000000E+00
  0.268269E+01  0.306024E+00  0.178453E-01  0.000000E+00  0.000000E+00  0.000000E+00  0.000000E+00
  0.222571E+01 -0.128256E-01  0.275770E+00  0.000000E+00  0.000000E+00  0.000000E+00  0.000000E+00
  0.281610E+01  0.178147E-01 -0.330265E+00  0.000000E+00  0.000000E+00  0.000000E+00  0.000000E+00
  0.181779E+01  0.430482E-02  0.214738E+00  0.000000E+00  0.000000E+00  0.000000E+00  0.000000E+00
  0.278396E+01 -0.160757E-02  0.461649E+00  0.000000E+00  0.000000E+00  0.000000E+00  0.000000E+00
  0.180502E+01  0.913144E-02  0.199921E+00  0.000000E+00  0.000000E+00  0.000000E+00  0.000000E+00
  0.225462E+01  0.294266E+00  0.111242E-01  0.000000E+00  0.000000E+00  0.000000E+00  0.000000E+00
  0.231122E+01 -0.340877E+00 -0.272358E-02  0.000000E+00  0.000000E+00  0.000000E+00  0.000000E+00
  0.276328E+01  0.164077E-01  0.345083E+00  0.000000E+00  0.000000E+00  0.000000E+00  0.000000E+00
  0.195936E+01 -0.252282E+00  0.276162E-02  0.000000E+00  0.000000E+00  0.000000E+00  0.000000E+00
  0.264824E+01  0.894069E-02  0.399922E+00  0.000000E+00  0.000000E+00  0.000000E+00  0.000000E+00
  0.218987E+01  0.307817E+00 -0.417273E-02  0.000000E+00  0.000000E+00  0.000000E+00  0.000000E+00
  0.265381E+01 -0.533883E-02 -0.419742E+00  0.000000E+00  0.000000E+00  0.000000E+00  0.000000E+00
  0.178432E+01 -0.120439E-01  0.183603E+00  0.000000E+00  0.000000E+00  0.000000E+00  0.000000E+00
  0.232562E+01 -0.279665E+00  0.147651E-01  0.000000E+00  0.000000E+00  0.000000E+00  0.000000E+00
  0.214459E+01  0.278479E+00  0.943761E-02  0.000000E+00  0.000000E+00  0.000000E+00  0.000000E+00
  0.185401E+01 -0.205026E+00  0.107648E-01  0.000000E+00  0.000000E+00  0.000000E+00  0.000000E+00
  0.177857E+01 -0.192943E+00  0.935616E-02  0.000000E+00  0.000000E+00  0.000000E+00  0.000000E+00
  0.237758E+01  0.503177E-03  0.359645E+00  0.000000E+00  0.000000E+00  0.000000E+00  0.000000E+00
  0.265359E+01  0.398677E+00 -0.931301E-02  0.000000E+00  0.000000E+00  0.000000E+00  0.000000E+00
  0.256458E+01 -0.190875E-01  0.262885E+00  0.000000E+00  0.000000E+00  0.000000E+00  0.000000E+00
  0.272453E+01  0.381380E+00  0.130831E-01  0.000000E+00  0.000000E+00  0.000000E+00  0.000000E+00
  0.197378E+01 -0.315343E-02 -0.255430E+00  0.000000E+00  0.000000E+00  0.000000E+00  0.000000E+00
  0.177181E+01 -0.200022E+00  0.614476E-02  0.000000E+00  0.000000E+00  0.000000E+00  0.000000E+00
  0.255563E+01 -0.167707E-01 -0.300202E+00  0.000000E+00  0.000000E+00  0.000000E+00  0.000000E+00
  0.212480E+01 -0.143810E-01  0.241896E+00  0.000000E+00  0.000000E+00  0.000000E+00  0.000000E+00
  0.262363E+01  0.332878E+00  0.153668E-01  0.000000E+00  0.000000E+00  0.000000E+00  0.000000E+00
  0.268611E+01 -0.179439E-01  0.304860E+00  0.000000E+00  0.000000E+00  0.000000E+00  0.000000E+00
  0.231572E+01 -0.956487E-02  0.317880E+00  0.000000E+00  0.000000E+00  0.000000E+00  0.000000E+00
  0.219812E+01  0.221362E+00 -0.177467E-01  0.000000E+00  0.000000E+00  0.000000E+00  0.000000E+00
  0.198769E+01  0.536447E-02 -0.254927E+00  0.000000E+00  0.000000E+00  0.000000E+00  0.000000E+00
  0.212333E+01  0.261214E+00  0.116670E-01  0.000000E+00  0.000000E+00  0.000000E+00  0.000000E+00
  0.185191E+01  0.226559E+00 -0.635003E-03  0.000000E+00  0.000000E+00  0.000000E+00  0.000000E+00
  0.277775E+01  0.333130E-02  0.456921E+00  0.000000E+00  0.000000E+00  0.000000E+00  0.000000E+00
  0.188339E+01 -0.548011E-02 -0.228895E+00  0.000000E+00  0.000000E+00  0.000000E+00  0.000000E+00
  0.201731E+01 -0.134380E-01  0.226420E+00  0.000000E+00  0.000000E+00  0.000000E+00  0.000000E+00
  0.242923E+01 -0.124820E-01 -0.323006E+00  0.000000E+00  0.000000E+00  0.000000E+00  0.000000E+00
  0.197600E+01  0.763915E-02 -0.245706E+00  0.000000E+00  0.000000E+00  0.000000E+00  0.000000E+00
  0.177875E+01 -0.197500E+00 -0.787998E-02  0.000000E+00  0.000000E+00  0.000000E+00  0.000000E+00
  0.227566E+01  0.857496E-02  0.313659E+00  0.000000E+00  0.000000E+00  0.000000E+00  0.000000E+00
  0.283031E+01  0.395494E+00 -0.138025E-01  0.000000E+00  0.000000E+00  0.000000E+00  0.000000E+00
  0.273785E+01  0.186318E-01  0.300664E+00  0.000000E+00  0.000000E+00  0.000000E+00  0.000000E+00
  0.167038E+01  0.178574E+00  0.379925E-02  0.000000E+00  0.000000E+00  0.000000E+00  0.000000E+00
  0.232098E+01 -0.265915E+00 -0.159542E-01  0.000000E+00  0.000000E+00  0.000000E+00  0.000000E+00
  0.169564E+01 -0.186499E+00  0.194616E-02  0.000000E+00  0.000000E+00  0.000000E+00  0.000000E+00
  0.171369E+01 -0.191575E+00 -0.631952E-03  0.000000E+00  0.000000E+00  0.000000E+00  0.000000E+00
  0.177092E+01 -0.191784E+00  0.916239E-02  0.000000E+00  0.000000E+00  0.000000E+00  0.000000E+00
  0.218608E+01  0.158634E-01 -0.240552E+00  0.000000E+00  0.000000E+00  0.000000E+00  0.000000E+00
  0.259500E+01 -0.153045E-01 -0.327963E+00  0.000000E+00  0.000000E+00  0.000000E+00  0.000000E+00
  0.206270E+01  0.221536E+00 -0.152887E-01  0.000000E+00  0.000000E+00  0.000000E+00  0.000000E+00
  0.202665E+01 -0.202200E+00 -0.166352E-01  0.000000E+00  0.000000E+00  0.000000E+00  0.000000E+00
  0.175225E+01  0.193753E+00 -0.682290E-02  0.000000E+00  0.000000E+00  0.000000E+00  0.000000E+00
  0.243090E+01  0.133568E-01  0.315487E+00  0.000000E+00  0.000000E+00  0.000000E+00  0.000000E+00
  0.215437E+01 -0.797590E-02 -0.287362E+00  0.000000E+00  0.000000E+00  0.000000E+00  0.000000E+00
  0.239172E+01  0.343642E+00  0.811177E-02  0.000000E+00  0.000000E+00  0.000000E+00  0.000000E+00
  0.177974E+01 -0.202827E+00 -0.572236E-02  0.000000E+00  0.000000E+00  0.000000E+00  0.000000E+00
  0.240476E+01  0.644659E-02 -0.354203E+00  0.000000E+00  0.000000E+00  0.000000E+00  0.000000E+00
  0.217941E+01 -0.302280E+00 -0.538524E-02  0.000000E+00  0.000000E+00  0.000000E+00  0.000000E+00
  0.199946E+01  0.259123E+00 -0.477663E-02  0.000000E+00  0.000000E+00  0.000000E+00  0.000000E+00
  0.218513E+01  0.284556E+00 -0.100872E-01  0.000000E+00  0.000000E+00  0.000000E+00  0.000000E+00
  0.194635E+01  0.250540E+00 -0.107642E-03  0.000000E+00  0.000000E+00  0.000000E+00  0.000000E+00
  0.207293E+01 -0.273351E+00  0.633984E-02  0.000000E+00  0.000000E+00  0.000000E+00  0.000000E+00
  0.263759E+01 -0.320437E+00 -0.164506E-01  0.000000E+00  0.000000E+00  0.000000E+00  0.000000E+00
  0.176380E+01  0.692885E-02  0.196319E+00  0.000000E+00  0.000000E+00  0.000000E+00  0.000000E+00
  0.271668E+01 -0.396438E+00 -0.114122E-01  0.000000E+00  0.000000E+00  0.000000E+00  0.000000E+00
  0.216598E+01 -0.146700E-01  0.247897E+00  0.000000E+00  0.000000E+00  0.000000E+00  0.000000E+00
  0.274772E+01  0.192591E-01 -0.289109E+00  0.000000E+00  0.000000E+00  0.000000E+00  0.000000E+00
  0.228835E+01  0.160385E-01 -0.258607E+00  0.000000E+00  0.000000E+00  0.000000E+00  0.000000E+00
  0.216495E+01  0.303036E+00 -0.340516E-02  0.000000E+00  0.000000E+00  0.000000E+00  0.000000E+00
  0.204249E+01 -0.228934E+00  0.138376E-01  0.000000E+00  0.000000E+00  0.000000E+00  0.000000E+00
  0.186309E+01  0.136423E-01 -0.192286E+00  0.000000E+00  0.000000E+00  0.000000E+00  0.000000E+00
  0.269929E+01  0.438748E+00 -0.261563E-02  0.000000E+00  0.000000E+00  0.000000E+00  0.000000E+00
  0.191003E+01  0.137576E-01  0.201516E+00  0.000000E+00  0.000000E+00  0.000000E+00  0.000000E+00
  0.182460E+01  0.219061E+00  0.193283E-02  0.000000E+00  0.000000E+00  0.000000E+00  0.000000E+00
  0.166710E+01  0.176563E+00  0.475168E-02  0.000000E+00  0.000000E+00  0.000000E+00  0.000000E+00
  0.212546E+01  0.172593E-01 -0.214060E+00  0.000000E+00  0.000000E+00  0.000000E+00  0.000000E+00
  0.163589E+01 -0.509776E-02 -0.168328E+00  0.000000E+00  0.000000E+00  0.000000E+00  0.000000E+00
  0.214955E+01 -0.441200E-02 -0.297246E+00  0.000000E+00  0.000000E+00  0.000000E+00  0.000000E+00
  0.271531E+01  0.444512E+00 -0.141496E-02  0.000000E+00  0.000000E+00  0.000000E+00  0.000000E+00
  0.195722E+01 -0.253256E+00 -0.427313E-03  0.000000E+00  0.000000E+00  0.000000E+00  0.000000E+00
  0.229975E+01 -0.279824E+00 -0.142018E-01  0.000000E+00  0.000000E+00  0.000000E+00  0.000000E+00
  0.213459E+01 -0.296919E+00 -0.231526E-02  0.000000E+00  0.000000E+00  0.000000E+00  0.000000E+00
  0.199046E+01 -0.154152E-01 -0.206036E+00  0.000000E+00  0.000000E+00  0.000000E+00  0.000000E+00
  0.242622E+01  0.326630E+00  0.119684E-01  0.000000E+00  0.000000E+00  0.000000E+00  0.000000E+00
  0.211045E+01  0.238066E+00  0.144847E-01  0.000000E+00  0.000000E+00  0.000000E+00  0.000000E+00
  0.241864E+01 -0.121910E-01  0.323127E+00  0.000000E+00  0.000000E+00  0.000000E+00  0.000000E+00
  0.245377E+01 -0.255139E-02  0.377029E+00  0.000000E+00  0.000000E+00  0.000000E+00  0.000000E+00
  0.252918E+01  0.382787E+00  0.686756E-02  0.000000E+00  0.000000E+00  0.000000E+00  0.000000E+00
  0.276367E+01  0.201611E-01  0.270506E+00  0.000000E+00  0.000000E+00  0.000000E+00  0.000000E+00
  0.230816E+01 -0.487320E-02 -0.335580E+00  0.000000E+00  0.000000E+00  0.000000E+00  0.000000E+00
  0.167356E+01  0.172082E+00 -0.793988E-02  0.000000E+00  0.000000E+00  0.000000E+00  0.000000E+00
  0.236095E+01 -0.132657E-01  0.301332E+00  0.000000E+00  0.000000E+00  0.000000E+00  0.000000E+00
  0.244384E+01 -0.370969E+00  0.426733E-02  0.000000E+00  0.000000E+00  0.000000E+00  0.000000E+00
  0.275477E+01 -0.345785E+00  0.162595E-01  0.000000E+00  0.000000E+00  0.000000E+00  0.000000E+00
  0.196851E+01 -0.255090E+00  0.227502E-02  0.000000E+00  0.000000E+00  0.000000E+00  0.000000E+00
  0.250138E+01  0.144514E-01  0.319106E+00  0.000000E+00  0.000000E+00  0.000000E+00  0.000000E+00
  0.234635E+01 -0.139186E-01  0.292245E+00  0.000000E+00  0.000000E+00  0.000000E+00  0.000000E+00
  0.248972E+01 -0.383626E+00 -0.378977E-02  0.000000E+00  0.000000E+00  0.000000E+00  0.000000E+00
  0.251287E+01 -0.300777E+00  0.161467E-01  0.000000E+00  0.000000E+00  0.000000E+00  0.000000E+00
  0.271951E+01  0.108324E-01  0.402217E+00  0.000000E+00  0.000000E+00  0.000000E+00  0.000000E+00
  0.255666E+01  0.820167E-02 -0.382640E+00  0.000000E+00  0.000000E+00  0.000000E+00  0.000000E+00
  0.260207E+01 -0.273915E+00 -0.188348E-01  0.000000E+00  0.000000E+00  0.000000E+00  0.000000E+00
  0.231673E+01  0.302728E+00  0.119104E-01  0.000000E+00  0.000000E+00  0.000000E+00  0.000000E+00
  0.226791E+01 -0.177838E-01  0.233309E+00  0.000000E+00  0.000000E+00  0.000000E+00  0.000000E+00
  0.221599E+01 -0.268592E+00 -0.134680E-01  0.000000E+00  0.000000E+00  0.000000E+00  0.000000E+00
  0.209660E+01  0.333512E-02  0.286002E+00  0.000000E+00  0.000000E+00  0.000000E+00  0.000000E+00
  0.226946E+01 -0.327104E+00  0.442290E-02  0.000000E+00  0.000000E+00  0.000000E+00  0.000000E+00
  0.243764E+01 -0.104742E-01 -0.340431E+00  0.000000E+00  0.000000E+00  0.000000E+00  0.000000E+00
  0.208934E+01  0.152942E-01  0.226824E+00  0.000000E+00  0.000000E+00  0.000000E+00  0.000000E+00
  0.232522E+01 -0.345051E+00  0.225555E-02  0.000000E+00  0.000000E+00  0.000000E+00  0.000000E+00
  0.209702E+01  0.226419E+00  0.155094E-01  0.000000E+00  0.000000E+00  0.000000E+00  0.000000E+00
  0.229640E+01 -0.182150E-01 -0.232308E+00  0.000000E+00  0.000000E+00  0.000000E+00  0.000000E+00
  0.242738E+01  0.246547E+00 -0.187337E-01  0.000000E+00  0.000000E+00  0.000000E+00  0.000000E+00
  0.272273E+01 -0.278455E+00  0.195596E-01  0.000000E+00  0.000000E+00  0.000000E+00  0.000000E+00
  0.162652E+01 -0.167149E+00 -0.420730E-02  0.000000E+00  0.000000E+00  0.000000E+00  0.000000E+00
  0.242181E+01  0.251746E+00 -0.183601E-01  0.000000E+00  0.000000E+00  0.000000E+00  0.000000E+00
  0.236914E+01 -0.291519E+00 -0.144779E-01  0.000000E+00  0.000000E+00  0.000000E+00  0.000000E+00
  0.205723E+01 -0.968909E-02 -0.256839E+00  0.000000E+00  0.000000E+00  0.000000E+00  0.000000E+00
  0.259612E+01  0.313524E+00  0.163818E-01  0.000000E+00  0.000000E+00  0.000000E+00  0.000000E+00
  0.201042E+01 -0.159888E-01  0.205074E+00  0.000000E+00  0.000000E+00  0.000000E+00  0.000000E+00
  0.229697E+01 -0.181112E-01  0.233897E+00  0.000000E+00  0.000000E+00  0.000000E+00  0.000000E+00
  0.234216E+01 -0.240433E+00  0.182023E-01  0.000000E+00  0.000000E+00  0.000000E+00  0.000000E+00
  0.210826E+01 -0.954891E-03  0.291321E+00  0.000000E+00  0.000000E+00  0.000000E+00  0.000000E+00
  0.234232E+01  0.308783E+00  0.118631E-01  0.000000E+00  0.000000E+00  0.000000E+00  0.000000E+00
  0.252371E+01  0.382361E+00  0.666455E-02  0.000000E+00  0.000000E+00  0.000000E+00  0.000000E+00
  0.246882E+01 -0.330088E+00 -0.126619E-01  0.000000E+00  0.000000E+00  0.000000E+00  0.000000E+00
  0.262742E+01 -0.191619E-01 -0.271664E+00  0.000000E+00  0.000000E+00  0.000000E+00  0.000000E+00
  0.269328E+01 -0.254137E-02 -0.437369E+00  0.000000E+00  0.000000E+00  0.000000E+00  0.000000E+00
  0.245915E+01  0.182787E-01  0.259496E+00  0.000000E+00  0.000000E+00  0.000000E+00  0.000000E+00
  0.257250E+01 -0.264631E-02  0.406771E+00  0.000000E+00  0.000000E+00  0.000000E+00  0.000000E+00
  0.223042E+01  0.549639E-02  0.314571E+00  0.000000E+00  0.000000E+00  0.000000E+00  0.000000E+00
  0.269301E+01 -0.125504E-01 -0.380174E+00  0.000000E+00  0.000000E+00  0.000000E+00  0.000000E+00
  0.263108E+01  0.159209E-01 -0.326826E+00  0.000000E+00  0.000000E+00  0.000000E+00  0.000000E+00
  0.172223E+01 -0.193278E+00  0.183322E-02  0.000000E+00  0.000000E+00  0.000000E+00  0.000000E+00
  0.230390E+01  0.136113E-01  0.286082E+00  0.000000E+00  0.000000E+00  0.000000E+00  0.000000E+00
  0.254176E+01 -0.279221E+00 -0.179556E-01  0.000000E+00  0.000000E+00  0.000000E+00  0.000000E+00
  0.235685E+01  0.354467E+00 -0.114622E-03  0.000000E+00  0.000000E+00  0.000000E+00  0.000000E+00
  0.224121E+01 -0.307003E+00  0.824438E-02  0.000000E+00  0.000000E+00  0.000000E+00  0.000000E+00
  0.181096E+01 -0.470980E-02 -0.212392E+00  0.000000E+00  0.000000E+00  0.000000E+00  0.000000E+00
  0.224475E+01 -0.114094E-01  0.290151E+00  0.000000E+00  0.000000E+00  0.000000E+00  0.000000E+00
  0.200778E+01 -0.395485E-02  0.262743E+00  0.000000E+00  0.000000E+00  0.000000E+00  0.000000E+00
  0.169177E+01 -0.179970E+00  0.635693E-02  0.000000E+00  0.000000E+00  0.000000E+00  0.000000E+00
  0.258552E+01 -0.341927E+00  0.139743E-01  0.000000E+00  0.000000E+00  0.000000E+00  0.000000E+00
  0.192826E+01  0.199274E+00  0.146546E-01  0.000000E+00  0.000000E+00  0.000000E+00  0.000000E+00
  0.206206E+01  0.261571E+00  0.888438E-02  0.000000E+00  0.000000E+00  0.000000E+00  0.000000E+00
  0.212664E+01 -0.281580E+00  0.775385E-02  0.000000E+00  0.000000E+00  0.000000E+00  0.000000E+00
  0.230551E+01  0.111065E-01  0.305924E+00  0.000000E+00  0.000000E+00  0.000000E+00  0.000000E+00
  0.187007E+01 -0.199985E+00  0.125495E-01  0.000000E+00  0.000000E+00  0.000000E+00  0.000000E+00
  0.281484E+01 -0.289861E+00  0.196903E-01  0.000000E+00  0.000000E+00  0.000000E+00  0.000000E+00
  0.254524E+01 -0.164102E-01  0.303398E+00  0.000000E+00  0.000000E+00  0.000000E+00  0.000000E+00
  0.195137E+01  0.359194E-02 -0.249200E+00  0.000000E+00  0.000000E+00  0.000000E+00  0.000000E+00
  0.252202E+01  0.325321E+00 -0.142761E-01  0.000000E+00  0.000000E+00  0.000000E+00  0.000000E+00
  0.219645E+01  0.307444E+00 -0.502964E-02  0.000000E+00  0.000000E+00  0.000000E+00  0.000000E+00
  0.276945E+01 -0.634801E-03 -0.458785E+00  0.000000E+00  0.000000E+00  0.000000E+00  0.000000E+00
  0.182678E+01  0.216177E+00  0.479705E-02  0.000000E+00  0.000000E+00  0.000000E+00  0.000000E+00
  0.193695E+01  0.245605E+00 -0.357943E-02  0.000000E+00  0.000000E+00  0.000000E+00  0.000000E+00
  0.276112E+01  0.354656E+00 -0.157575E-01  0.000000E+00  0.000000E+00  0.000000E+00  0.000000E+00
  0.212455E+01  0.238459E+00  0.147797E-01  0.000000E+00  0.000000E+00  0.000000E+00  0.000000E+00
  0.161797E+01  0.167309E+00 -0.835079E-03  0.000000E+00  0.000000E+00  0.000000E+00  0.000000E+00
  0.271256E+01  0.427403E+00  0.687253E-02  0.000000E+00  0.000000E+00  0.000000E+00  0.000000E+00
  0.209231E+01  0.249178E+00 -0.124697E-01  0.000000E+00  0.000000E+00  0.000000E+00  0.000000E+00
  0.244263E+01  0.371933E+00  0.374941E-02  0.000000E+00  0.000000E+00  0.000000E+00  0.000000E+00
  0.185600E+01  0.613152E-02  0.220713E+00  0.000000E+00  0.000000E+00  0.000000E+00  0.000000E+00
  0.187007E+01 -0.526119E-02  0.226051E+00  0.000000E+00  0.000000E+00  0.000000E+00  0.000000E+00
  0.222891E+01  0.322074E+00 -0.137223E-03  0.000000E+00  0.000000E+00  0.000000E+00  0.000000E+00
  0.247509E+01  0.140774E-01 -0.317671E+00  0.000000E+00  0.000000E+00  0.000000E+00  0.000000E+00
  0.264768E+01  0.153174E-02 -0.427299E+00  0.000000E+00  0.000000E+00  0.000000E+00  0.000000E+00
  0.172122E+01  0.865634E-02  0.181570E+00  0.000000E+00  0.000000E+00  0.000000E+00  0.000000E+00
  0.266814E+01  0.321150E+00  0.167820E-01  0.000000E+00  0.000000E+00  0.000000E+00  0.000000E+00
  0.212523E+01  0.283093E+00 -0.725678E-02  0.000000E+00  0.000000E+00  0.000000E+00  0.000000E+00
  0.195806E+01  0.206715E+00 -0.144714E-01  0.000000E+00  0.000000E+00  0.000000E+00  0.000000E+00
  0.235065E+01 -0.239892E+00  0.183355E-01  0.000000E+00  0.000000E+00  0.000000E+00  0.000000E+00
  0.223248E+01 -0.100397E-01  0.295794E+00  0.000000E+00  0.000000E+00  0.000000E+00  0.000000E+00
  0.250111E+01  0.311594E+00  0.151019E-01  0.000000E+00  0.000000E+00  0.000000E+00  0.000000E+00
  0.228569E+01  0.312456E+00 -0.927270E-02  0.000000E+00  0.000000E+00  0.000000E+00  0.000000E+00
  0.247173E+01  0.133748E-03 -0.383549E+00  0.000000E+00  0.000000E+00  0.000000E+00  0.000000E+00
  0.203774E+01 -0.368777E-02  0.270686E+00  0.000000E+00  0.000000E+00  0.000000E+00  0.000000E+00
  0.276606E+01 -0.171509E-01  0.333281E+00  0.000000E+00  0.000000E+00  0.000000E+00  0.000000E+00
  0.210252E+01  0.288817E+00 -0.233052E-02  0.000000E+00  0.000000E+00  0.000000E+00  0.000000E+00
  0.170274E+01 -0.182737E+00 -0.631612E-02  0.000000E+00  0.000000E+00  0.000000E+00  0.000000E+00
  0.218408E+01  0.297542E-02 -0.308522E+00  0.000000E+00  0.000000E+00  0.000000E+00  0.000000E+00
  0.254090E+01 -0.323311E+00  0.147937E-01  0.000000E+00  0.000000E+00  0.000000E+00  0.000000E+00
  0.233607E+01  0.346556E+00  0.307692E-02  0.000000E+00  0.000000E+00  0.000000E+00  0.000000E+00
  0.225990E+01  0.295485E+00 -0.111209E-01  0.000000E+00  0.000000E+00  0.000000E+00  0.000000E+00
  0.175229E+01 -0.981812E-02  0.185228E+00  0.000000E+00  0.000000E+00  0.000000E+00  0.000000E+00
  0.240259E+01 -0.355788E+00 -0.587834E-02  0.000000E+00  0.000000E+00  0.000000E+00  0.000000E+00
  0.195579E+01 -0.129438E-01  0.216391E+00  0.000000E+00  0.000000E+00  0.000000E+00  0.000000E+00
  0.226795E+01  0.111755E-01 -0.296950E+00  0.000000E+00  0.000000E+00  0.000000E+00  0.000000E+00
  0.171077E+01 -0.180407E+00 -0.817314E-02  0.000000E+00  0.000000E+00  0.000000E+00  0.000000E+00
  0.282792E+01  0.393893E+00 -0.138896E-01  0.000000E+00  0.000000E+00  0.000000E+00  0.000000E+00
  0.163728E+01  0.590213E-02  0.167422E+00  0.000000E+00  0.000000E+00  0.000000E+00  0.000000E+00
  0.244007E+01 -0.791144E-02  0.356239E+00  0.000000E+00  0.000000E+00  0.000000E+00  0.000000E+00
  0.254136E+01 -0.161737E-01  0.305918E+00  0.000000E+00  0.000000E+00  0.000000E+00  0.000000E+00
  0.264236E+01  0.622844E-02  0.413300E+00  0.000000E+00  0.000000E+00  0.000000E+00  0.000000E+00
  0.242549E+01  0.278110E+00 -0.165950E-01  0.000000E+00  0.000000E+00  0.000000E+00  0.000000E+00
  0.192512E+01 -0.119081E-01  0.215568E+00  0.000000E+00  0.000000E+00  0.000000E+00  0.000000E+00
  0.252420E+01 -0.391626E+00 -0.403912E-02  0.000000E+00  0.000000E+00  0.000000E+00  0.000000E+00
  0.261290E+01 -0.414583E+00 -0.373810E-02  0.000000E+00  0.000000E+00  0.000000E+00  0.000000E+00
  0.259985E+01 -0.387768E+00  0.905177E-02  0.000000E+00  0.000000E+00  0.000000E+00  0.000000E+00
  0.262322E+01  0.310891E+00 -0.169009E-01  0.000000E+00  0.000000E+00  0.000000E+00  0.000000E+00
  0.224957E+01 -0.226873E+00  0.180200E-01  0.000000E+00  0.000000E+00  0.000000E+00  0.000000E+00
  0.247884E+01 -0.247292E+00  0.191734E-01  0.000000E+00  0.000000E+00  0.000000E+00  0.000000E+00
  0.267918E+01 -0.344848E+00 -0.153020E-01  0.000000E+00  0.000000E+00  0.000000E+00  0.000000E+00
  0.225548E+01 -0.728967E-02  0.314517E+00  0.000000E+00  0.000000E+00  0.000000E+00  0.000000E+00
  0.282087E+01 -0.459679E+00 -0.566355E-02  0.000000E+00  0.000000E+00  0.000000E+00  0.000000E+00
  0.198371E+01  0.108020E-01  0.234477E+00  0.000000E+00  0.000000E+00  0.000000E+00  0.000000E+00
  0.167236E+01  0.170650E+00 -0.839622E-02  0.000000E+00  0.000000E+00  0.000000E+00  0.000000E+00
  0.246612E+01 -0.130670E-01 -0.325781E+00  0.000000E+00  0.000000E+00  0.000000E+00  0.000000E+00
  0.176513E+01 -0.189147E+00  0.954781E-02  0.000000E+00  0.000000E+00  0.000000E+00  0.000000E+00
  0.199537E+01  0.161621E-01 -0.200614E+00  0.000000E+00  0.000000E+00  0.000000E+00  0.000000E+00
  0.275424E+01 -0.412776E+00  0.105260E-01  0.000000E+00  0.000000E+00  0.000000E+00  0.000000E+00
  0.243963E+01 -0.134568E-01 -0.316401E+00  0.000000E+00  0.000000E+00  0.000000E+00  0.000000E+00
  0.195304E+01 -0.588111E-02 -0.245157E+00  0.000000E+00  0.000000E+00  0.000000E+00  0.000000E+00
  0.172532E+01 -0.192152E+00 -0.393926E-02  0.000000E+00  0.000000E+00  0.000000E+00  0.000000E+00
  0.198773E+01 -0.224331E+00  0.127805E-01  0.000000E+00  0.000000E+00  0.000000E+00  0.000000E+00
  0.221874E+01 -0.314010E+00  0.461688E-02  0.000000E+00  0.000000E+00  0.000000E+00  0.000000E+00
  0.257113E+01 -0.148584E-01  0.328700E+00  0.000000E+00  0.000000E+00  0.000000E+00  0.000000E+00
  0.267173E+01 -0.137324E-01 -0.362823E+00  0.000000E+00  0.000000E+00  0.000000E+00  0.000000E+00
  0.204699E+01  0.232297E+00 -0.135027E-01  0.000000E+00  0.000000E+00  0.000000E+00  0.000000E+00
  0.211985E+01 -0.293932E+00  0.150731E-02  0.000000E+00  0.000000E+00  0.000000E+00  0.000000E+00
  0.178988E+01  0.210087E+00 -0.222925E-02  0.000000E+00  0.000000E+00  0.000000E+00  0.000000E+00
  0.169040E+01  0.175971E+00  0.800071E-02  0.000000E+00  0.000000E+00  0.000000E+00  0.000000E+00
  0.243980E+01 -0.164549E-01  0.282674E+00  0.000000E+00  0.000000E+00  0.000000E+00  0.000000E+00
  0.208900E+01  0.221648E+00 -0.158535E-01  0.000000E+00  0.000000E+00  0.000000E+00  0.000000E+00
  0.161886E+01 -0.926467E-03  0.167514E+00  0.000000E+00  0.000000E+00  0.000000E+00  0.000000E+00
  0.213095E+01 -0.287130E+00 -0.647606E-02  0.000000E+00  0.000000E+00  0.000000E+00  0.000000E+00
  0.257760E+01  0.149735E-01 -0.328615E+00  0.000000E+00  0.000000E+00  0.000000E+00  0.000000E+00
  0.176792E+01  0.205272E+00 -0.756616E-03  0.000000E+00  0.000000E+00  0.000000E+00  0.000000E+00
  0.163254E+01  0.168063E+00 -0.468372E-02  0.000000E+00  0.000000E+00  0.000000E+00  0.000000E+00
  0.280475E+01  0.172493E-01 -0.338661E+00  0.000000E+00  0.000000E+00  0.000000E+00  0.000000E+00
  0.274575E+01  0.144264E-01 -0.369911E+00  0.000000E+00  0.000000E+00  0.000000E+00  0.000000E+00
  0.207773E+01 -0.281268E+00  0.333454E-02  0.000000E+00  0.000000E+00  0.000000E+00  0.000000E+00
  0.205336E+01 -0.260723E+00  0.859200E-02  0.000000E+00  0.000000E+00  0.000000E+00  0.000000E+00
  0.264627E+01 -0.831848E-02  0.403372E+00  0.000000E+00  0.000000E+00  0.000000E+00  0.000000E+00
  0.256014E+01  0.262256E+00 -0.190824E-01  0.000000E+00  0.000000E+00  0.000000E+00  0.000000E+00
  0.191790E+01  0.706513E-02 -0.233418E+00  0.000000E+00  0.000000E+00  0.000000E+00  0.000000E+00
  0.196326E+01 -0.231444E+00  0.104606E-01  0.000000E+00  0.000000E+00  0.000000E+00  0.000000E+00
  0.235235E+01  0.313166E+00 -0.115768E-01  0.000000E+00  0.000000E+00  0.000000E+00  0.000000E+00
  0.270699E+01 -0.294802E+00 -0.186647E-01  0.000000E+00  0.000000E+00  0.000000E+00  0.000000E+00
  0.248626E+01  0.548427E-02  0.377802E+00  0.000000E+00  0.000000E+00  0.000000E+00  0.000000E+00
  0.216093E+01  0.700273E-02  0.292663E+00  0.000000E+00  0.000000E+00  0.000000E+00  0.000000E+00
  0.229217E+01  0.413769E-02  0.333432E+00  0.000000E+00  0.000000E+00  0.000000E+00  0.000000E+00
  0.259069E+01 -0.403293E+00 -0.556557E-02  0.000000E+00  0.000000E+00  0.000000E+00  0.000000E+00
  0.279899E+01  0.839867E-02  0.439303E+00  0.000000E+00  0.000000E+00  0.000000E+00  0.000000E+00
  0.197015E+01 -0.252779E+00  0.428060E-02  0.000000E+00  0.000000E+00  0.000000E+00  0.000000E+00
  0.224890E+01  0.224962E+00  0.181508E-01  0.000000E+00  0.000000E+00  0.000000E+00  0.000000E+00
  0.182437E+01  0.864561E-02 -0.206106E+00  0.000000E+00  0.000000E+00  0.000000E+00  0.000000E+00
  0.272617E+01  0.109309E-01 -0.402884E+00  0.000000E+00  0.000000E+00  0.000000E+00  0.000000E+00
  0.238639E+01  0.257848E-02  0.360019E+00  0.000000E+00  0.000000E+00  0.000000E+00  0.000000E+00
  0.224249E+01 -0.277846E+00  0.130252E-01  0.000000E+00  0.000000E+00  0.000000E+00  0.000000E+00
  0.188048E+01  0.921135E-02 -0.217411E+00  0.000000E+00  0.000000E+00  0.000000E+00  0.000000E+00
  0.281946E+01  0.180607E-01  0.326082E+00  0.000000E+00  0.000000E+00  0.000000E+00  0.000000E+00
  0.281230E+01 -0.202846E-01  0.274595E+00  0.000000E+00  0.000000E+00  0.000000E+00  0.000000E+00
  0.195705E+01 -0.684108E-02 -0.243584E+00  0.000000E+00  0.000000E+00  0.000000E+00  0.000000E+00
  0.278311E+01 -0.284456E+00  0.197096E-01  0.000000E+00  0.000000E+00  0.000000E+00  0.000000E+00
  0.268195E+01 -0.264737E+00  0.198845E-01  0.000000E+00  0.000000E+00  0.000000E+00  0.000000E+00
  0.273563E+01  0.555070E-02  0.439127E+00  0.000000E+00  0.000000E+00  0.000000E+00  0.000000E+00
  0.241537E+01  0.344490E+00  0.900640E-02  0.000000E+00  0.000000E+00  0.000000E+00  0.000000E+00
  0.264187E+01  0.995594E-02  0.391343E+00  0.000000E+00  0.000000E+00  0.000000E+00  0.000000E+00
  0.215048E+01  0.299362E+00  0.343167E-02  0.000000E+00  0.000000E+00  0.000000E+00  0.000000E+00
  0.264794E+01 -0.315460E+00  0.169037E-01  0.000000E+00  0.000000E+00  0.000000E+00  0.000000E+00
  0.218224E+01 -0.244719E+00  0.153680E-01  0.000000E+00  0.000000E+00  0.000000E+00  0.000000E+00
  0.216755E+01  0.163655E-01  0.231735E+00  0.000000E+00  0.000000E+00  0.000000E+00  0.000000E+00
  0.212399E+01  0.822543E-02  0.279063E+00  0.000000E+00  0.000000E+00  0.000000E+00  0.000000E+00
  0.205982E+01 -0.219535E+00 -0.154524E-01  0.000000E+00  0.000000E+00  0.000000E+00  0.000000E+00
  0.282749E+01  0.429978E+00 -0.104828E-01  0.000000E+00  0.000000E+00  0.000000E+00  0.000000E+00
  0.195189E+01 -0.225337E+00  0.111823E-01  0.000000E+00  0.000000E+00  0.000000E+00  0.000000E+00
  0.196850E+01  0.131002E-01  0.218166E+00  0.000000E+00  0.000000E+00  0.000000E+00  0.000000E+00
  0.260340E+01  0.179944E-01  0.289409E+00  0.000000E+00  0.000000E+00  0.000000E+00  0.000000E+00
  0.211676E+01 -0.216548E+00 -0.168878E-01  0.000000E+00  0.000000E+00  0.000000E+00  0.000000E+00
  0.234524E+01 -0.294781E+00  0.136202E-01  0.000000E+00  0.000000E+00  0.000000E+00  0.000000E+00
  0.247254E+01  0.340163E+00 -0.115734E-01  0.000000E+00  0.000000E+00  0.000000E+00  0.000000E+00
  0.230789E+01  0.170163E-01  0.250605E+00  0.000000E+00  0.000000E+00  0.000000E+00  0.000000E+00
  0.233606E+01  0.297340E+00 -0.131099E-01  0.000000E+00  0.000000E+00  0.000000E+00  0.000000E+00
  0.218549E+01  0.299459E+00  0.677090E-02  0.000000E+00  0.000000E+00  0.000000E+00  0.000000E+00
  0.217566E+01  0.308000E+00  0.155389E-02  0.000000E+00  0.000000E+00  0.000000E+00  0.000000E+00
  0.185387E+01 -0.207472E+00 -0.101736E-01  0.000000E+00  0.000000E+00  0.000000E+00  0.000000E+00
  0.265888E+01  0.260081E+00  0.199337E-01  0.000000E+00  0.000000E+00  0.000000E+00  0.000000E+00
  0.184692E+01 -0.126210E-02 -0.225079E+00  0.000000E+00  0.000000E+00  0.000000E+00  0.000000E+00
  0.181714E+01  0.213114E+00 -0.517268E-02  0.000000E+00  0.000000E+00  0.000000E+00  0.000000E+00
  0.199128E+01  0.116859E-01 -0.231541E+00  0.000000E+00  0.000000E+00  0.000000E+00  0.000000E+00
  0.209879E+01  0.285946E+00  0.370367E-02  0.000000E+00  0.000000E+00  0.000000E+00  0.000000E+00
  0.215107E+01 -0.154550E-01  0.237671E+00  0.000000E+00  0.000000E+00  0.000000E+00  0.000000E+00
  0.186747E+01 -0.207799E+00  0.108333E-01  0.000000E+00  0.000000E+00  0.000000E+00  0.000000E+00
  0.236764E+01 -0.291342E+00 -0.144647E-01  0.000000E+00  0.000000E+00  0.000000E+00  0.000000E+00
  0.181493E+01 -0.915772E-02  0.202166E+00  0.000000E+00  0.000000E+00  0.000000E+00  0.000000E+00
  0.170844E+01  0.481660E-02  0.186743E+00  0.000000E+00  0.000000E+00  0.000000E+00  0.000000E+00
  0.257526E+01  0.465264E-02  0.402610E+00  0.000000E+00  0.000000E+00  0.000000E+00  0.000000E+00
  0.165310E+01  0.175911E+00  0.165197E-02  0.000000E+00  0.000000E+00  0.000000E+00  0.000000E+00
  0.173162E+01  0.112648E-01 -0.175132E+00  0.000000E+00  0.000000E+00  0.000000E+00  0.000000E+00
  0.189370E+01  0.212520E-02 -0.236352E+00  0.000000E+00  0.000000E+00  0.000000E+00  0.000000E+00
  0.198982E+01 -0.260610E+00  0.211492E-02  0.000000E+00  0.000000E+00  0.000000E+00  0.000000E+00
  0.170780E+01 -0.187149E+00 -0.442164E-02  0.000000E+00  0.000000E+00  0.000000E+00  0.000000E+00
  0.259977E+01 -0.540201E-02  0.406146E+00  0.000000E+00  0.000000E+00  0.000000E+00  0.000000E+00
  0.272765E+01  0.320945E+00  0.174566E-01  0.000000E+00  0.000000E+00  0.000000E+00  0.000000E+00
  0.179030E+01 -0.203011E+00  0.682763E-02  0.000000E+00  0.000000E+00  0.000000E+00  0.000000E+00
  0.232909E+01 -0.178520E-01  0.243232E+00  0.000000E+00  0.000000E+00  0.000000E+00  0.000000E+00
  0.178165E+01  0.633999E-02 -0.202015E+00  0.000000E+00  0.000000E+00  0.000000E+00  0.000000E+00
  0.220768E+01 -0.181359E-02  0.315869E+00  0.000000E+00  0.000000E+00  0.000000E+00  0.000000E+00
  0.244397E+01  0.243512E+00 -0.190680E-01  0.000000E+00  0.000000E+00  0.000000E+00  0.000000E+00
  0.204890E+01  0.133598E-01  0.233712E+00  0.000000E+00  0.000000E+00  0.000000E+00  0.000000E+00
  0.256344E+01 -0.170626E-01 -0.297305E+00  0.000000E+00  0.000000E+00  0.000000E+00  0.000000E+00
  0.222983E+01  0.173960E-01 -0.231483E+00  0.000000E+00  0.000000E+00  0.000000E+00  0.000000E+00
  0.237441E+01 -0.275691E+00  0.160076E-01  0.000000E+00  0.000000E+00  0.000000E+00  0.000000E+00
  0.233129E+01  0.427141E-02 -0.342882E+00  0.000000E+00  0.000000E+00  0.000000E+00  0.000000E+00
  0.192259E+01 -0.196739E+00 -0.148463E-01  0.000000E+00  0.000000E+00  0.000000E+00  0.000000E+00
  0.230295E+01  0.319261E+00  0.875107E-02  0.000000E+00  0.000000E+00  0.000000E+00  0.000000E+00
  0.268831E+01 -0.176857E-01 -0.309846E+00  0.000000E+00  0.000000E+00  0.000000E+00  0.000000E+00
  0.207101E+01  0.129089E-01 -0.241585E+00  0.000000E+00  0.000000E+00  0.000000E+00  0.000000E+00
  0.274442E+01 -0.400243E+00 -0.116717E-01  0.000000E+00  0.000000E+00  0.000000E+00  0.000000E+00
  0.192740E+01  0.120997E-01 -0.215043E+00  0.000000E+00  0.000000E+00  0.000000E+00  0.000000E+00
  0.218794E+01 -0.927140E-02  0.289480E+00  0.000000E+00  0.000000E+00  0.000000E+00  0.000000E+00
  0.186453E+01  0.117669E-01  0.202778E+00  0.000000E+00  0.000000E+00  0.000000E+00  0.000000E+00
  0.228131E+01 -0.177356E-01  0.236346E+00  0.000000E+00  0.000000E+00  0.000000E+00  0.000000E+00
  0.252389E+01  0.755114E-02  0.378231E+00  0.000000E+00  0.000000E+00  0.000000E+00  0.000000E+00
  0.229850E+01 -0.924705E-03  0.339465E+00  0.000000E+00  0.000000E+00  0.000000E+00  0.000000E+00
  0.239384E+01 -0.982123E-02 -0.334585E+00  0.000000E+00  0.000000E+00  0.000000E+00  0.000000E+00
  0.242857E+01  0.585967E-02  0.362248E+00  0.000000E+00  0.000000E+00  0.000000E+00  0.000000E+00
  0.195304E+01 -0.148418E-01  0.202975E+00  0.000000E+00  0.000000E+00  0.000000E+00  0.000000E+00
  0.215327E+01 -0.302700E+00 -0.969272E-03  0.000000E+00  0.000000E+00  0.000000E+00  0.000000E+00
  0.277210E+01  0.182998E-01  0.313133E+00  0.000000E+00  0.000000E+00  0.000000E+00  0.000000E+00
  0.223124E+01 -0.299272E+00 -0.934615E-02  0.000000E+00  0.000000E+00  0.000000E+00  0.000000E+00
  0.226425E+01  0.624178E-02 -0.320544E+00  0.000000E+00  0.000000E+00  0.000000E+00  0.000000E+00
  0.280788E+01  0.107218E-01  0.423372E+00  0.000000E+00  0.000000E+00  0.000000E+00  0.000000E+00
  0.239989E+01  0.465285E-02 -0.358984E+00  0.000000E+00  0.000000E+00  0.000000E+00  0.000000E+00
  0.284082E+01 -0.163028E+00  0.115543E-01  0.000000E+00  0.000000E+00  0.000000E+00  0.000000E+00
  0.284082E+01 -0.213748E+00 -0.551287E-01  0.000000E+00  0.000000E+00  0.000000E+00  0.000000E+00
  0.284082E+01  0.241934E-01  0.825333E-01  0.000000E+00  0.000000E+00  0.000000E+00  0.000000E+00
  0.284082E+01  0.422426E-01 -0.333327E-01  0.000000E+00  0.000000E+00  0.000000E+00  0.000000E+00
  0.284082E+01 -0.892910E-02 -0.232976E-02  0.000000E+00  0.000000E+00  0.000000E+00  0.000000E+00
  0.284082E+01  0.992388E-01  0.166970E+00  0.000000E+00  0.000000E+00  0.000000E+00  0.000000E+00
  0.284082E+01 -0.392329E-01  0.291972E-01  0.000000E+00  0.000000E+00  0.000000E+00  0.000000E+00
  0.284082E+01 -0.857772E-01 -0.194326E+00  0.000000E+00  0.000000E+00  0.000000E+00  0.000000E+00
  0.284082E+01  0.134437E+00  0.922544E-01  0.000000E+00  0.000000E+00  0.000000E+00  0.000000E+00
  0.284082E+01 -0.361127E-01 -0.289032E-01  0.000000E+00  0.000000E+00  0.000000E+00  0.000000E+00
  0.284082E+01 -0.620721E-01  0.154882E+00  0.000000E+00  0.000000E+00  0.000000E+00  0.000000E+00
  0.284082E+01  0.143971E+00 -0.149875E+00  0.000000E+00  0.000000E+00  0.000000E+00  0.000000E+00
  0.284082E+01 -0.233990E-01  0.107210E+00  0.000000E+00  0.000000E+00  0.000000E+00  0.000000E+00
  0.284082E+01  0.165970E+00  0.257299E-01  0.000000E+00  0.000000E+00  0.000000E+00  0.000000E+00
  0.284082E+01 -0.711548E-02  0.381399E-01  0.000000E+00  0.000000E+00  0.000000E+00  0.000000E+00
  0.284082E+01  0.160764E+00  0.109753E+00  0.000000E+00  0.000000E+00  0.000000E+00  0.000000E+00
  0.284082E+01  0.166177E+00 -0.151569E+00  0.000000E+00  0.000000E+00  0.000000E+00  0.000000E+00
  0.284082E+01 -0.117322E+00 -0.113143E+00  0.000000E+00  0.000000E+00  0.000000E+00  0.000000E+00
  0.284082E+01  0.516316E-01  0.566461E-01  0.000000E+00  0.000000E+00  0.000000E+00  0.000000E+00
  0.284082E+01  0.251001E-02  0.345115E-02  0.000000E+00  0.000000E+00  0.000000E+00  0.000000E+00
  0.284082E+01  0.154462E+00 -0.844361E-01  0.000000E+00  0.000000E+00  0.000000E+00  0.000000E+00
  0.284082E+01  0.435420E-03  0.298272E-02  0.000000E+00  0.000000E+00  0.000000E+00  0.000000E+00
  0.284082E+01  0.318915E-01 -0.179175E+00  0.000000E+00  0.000000E+00  0.000000E+00  0.000000E+00
  0.284082E+01  0.306589E-01 -0.644872E-01  0.000000E+00  0.000000E+00  0.000000E+00  0.000000E+00
  0.284082E+01 -0.603716E-01  0.630889E-03  0.000000E+00  0.000000E+00  0.000000E+00  0.000000E+00
  0.284082E+01 -0.107102E-01 -0.225978E+00  0.000000E+00  0.000000E+00  0.000000E+00  0.000000E+00
  0.284082E+01 -0.106528E+00  0.330163E-01  0.000000E+00  0.000000E+00  0.000000E+00  0.000000E+00
  0.284082E+01 -0.129780E+00  0.352902E-01  0.000000E+00  0.000000E+00  0.000000E+00  0.000000E+00
  0.284082E+01 -0.580389E-01  0.855887E-01  0.000000E+00  0.000000E+00  0.000000E+00  0.000000E+00
  0.284082E+01  0.157850E-01 -0.212531E+00  0.000000E+00  0.000000E+00  0.000000E+00  0.000000E+00
  0.284082E+01 -0.399310E-01 -0.242258E+00  0.000000E+00  0.000000E+00  0.000000E+00  0.000000E+00
  0.284082E+01  0.168360E+00 -0.435069E-01  0.000000E+00  0.000000E+00  0.000000E+00  0.000000E+00
  0.284082E+01 -0.218710E-01 -0.705429E-02  0.000000E+00  0.000000E+00  0.000000E+00  0.000000E+00
  0.284082E+01  0.856815E-01 -0.371290E-01  0.000000E+00  0.000000E+00  0.000000E+00  0.000000E+00
  0.284082E+01 -0.125851E+00  0.677287E-01  0.000000E+00  0.000000E+00  0.000000E+00  0.000000E+00
  0.284082E+01 -0.130932E+00  0.113034E+00  0.000000E+00  0.000000E+00  0.000000E+00  0.000000E+00
  0.284082E+01  0.127886E+00 -0.632745E-01  0.000000E+00  0.000000E+00  0.000000E+00  0.000000E+00
  0.284082E+01 -0.732549E-02  0.303796E-02  0.000000E+00  0.000000E+00  0.000000E+00  0.000000E+00
  0.284082E+01  0.114961E+00  0.183130E+00  0.000000E+00  0.000000E+00  0.000000E+00  0.000000E+00
  0.284082E+01  0.249441E-01  0.258767E-01  0.000000E+00  0.000000E+00  0.000000E+00  0.000000E+00
  0.284082E+01 -0.197649E+00 -0.275711E-01  0.000000E+00  0.000000E+00  0.000000E+00  0.000000E+00
  0.284082E+01 -0.153301E+00  0.230055E-01  0.000000E+00  0.000000E+00  0.000000E+00  0.000000E+00
  0.284082E+01  0.563305E-01  0.100383E+00  0.000000E+00  0.000000E+00  0.000000E+00  0.000000E+00
  0.284082E+01 -0.886984E-01 -0.541896E-01  0.000000E+00  0.000000E+00  0.000000E+00  0.000000E+00
  0.284082E+01 -0.132934E-02 -0.219415E-01  0.000000E+00  0.000000E+00  0.000000E+00  0.000000E+00
  0.284082E+01 -0.366950E-01  0.323284E-01  0.000000E+00  0.000000E+00  0.000000E+00  0.000000E+00
  0.284082E+01  0.159010E+00 -0.127600E+00  0.000000E+00  0.000000E+00  0.000000E+00  0.000000E+00
  0.284082E+01 -0.852668E-01  0.116046E+00  0.000000E+00  0.000000E+00  0.000000E+00  0.000000E+00
  0.284082E+01  0.753039E-01  0.138005E+00  0.000000E+00  0.000000E+00  0.000000E+00  0.000000E+00
  0.284082E+01 -0.104838E+00  0.784161E-01  0.000000E+00  0.000000E+00  0.000000E+00  0.000000E+00
  0.284082E+01 -0.226710E-01 -0.498167E-01  0.000000E+00  0.000000E+00  0.000000E+00  0.000000E+00
  0.284082E+01  0.165803E-01 -0.210941E-01  0.000000E+00  0.000000E+00  0.000000E+00  0.000000E+00
  0.284082E+01 -0.147332E+00  0.113456E+00  0.000000E+00  0.000000E+00  0.000000E+00  0.000000E+00
  0.284082E+01 -0.133687E+00 -0.113470E+00  0.000000E+00  0.000000E+00  0.000000E+00  0.000000E+00
  0.284082E+01 -0.939610E-01 -0.171023E-01  0.000000E+00  0.000000E+00  0.000000E+00  0.000000E+00
  0.284082E+01  0.148521E+00  0.135739E+00  0.000000E+00  0.000000E+00  0.000000E+00  0.000000E+00
  0.284082E+01 -0.813685E-01  0.234375E-01  0.000000E+00  0.000000E+00  0.000000E+00  0.000000E+00
  0.284082E+01  0.111409E+00  0.386949E-01  0.000000E+00  0.000000E+00  0.000000E+00  0.000000E+00
  0.284082E+01  0.288083E-01  0.101346E-01  0.000000E+00  0.000000E+00  0.000000E+00  0.000000E+00
  0.284082E+01  0.197576E+00 -0.234758E-01  0.000000E+00  0.000000E+00  0.000000E+00  0.000000E+00
  0.284082E+01 -0.161909E+00 -0.391264E-01  0.000000E+00  0.000000E+00  0.000000E+00  0.000000E+00
  0.284082E+01 -0.229442E-01 -0.176526E+00  0.000000E+00  0.000000E+00  0.000000E+00  0.000000E+00
  0.284082E+01  0.172614E+00 -0.110616E+00  0.000000E+00  0.000000E+00  0.000000E+00  0.000000E+00
  0.284082E+01 -0.348864E-01  0.128042E+00  0.000000E+00  0.000000E+00  0.000000E+00  0.000000E+00
  0.284082E+01  0.727302E-02  0.105190E-01  0.000000E+00  0.000000E+00  0.000000E+00  0.000000E+00
  0.284082E+01 -0.174887E+00 -0.108409E+00  0.000000E+00  0.000000E+00  0.000000E+00  0.000000E+00
  0.284082E+01  0.104083E+00  0.111481E+00  0.000000E+00  0.000000E+00  0.000000E+00  0.000000E+00
  0.284082E+01  0.666478E-01  0.203824E+00  0.000000E+00  0.000000E+00  0.000000E+00  0.000000E+00
  0.284082E+01 -0.188127E+00  0.642225E-01  0.000000E+00  0.000000E+00  0.000000E+00  0.000000E+00
  0.284082E+01 -0.495836E-01 -0.935147E-01  0.000000E+00  0.000000E+00  0.000000E+00  0.000000E+00
  0.284082E+01  0.114596E+00  0.157473E+00  0.000000E+00  0.000000E+00  0.000000E+00  0.000000E+00
  0.284082E+01 -0.325383E-01  0.328712E-01  0.000000E+00  0.000000E+00  0.000000E+00  0.000000E+00
  0.284082E+01 -0.177937E+00 -0.800994E-01  0.000000E+00  0.000000E+00  0.000000E+00  0.000000E+00
  0.284082E+01  0.535712E-02  0.109387E+00  0.000000E+00  0.000000E+00  0.000000E+00  0.000000E+00
  0.284082E+01  0.297180E-01 -0.231947E+00  0.000000E+00  0.000000E+00  0.000000E+00  0.000000E+00
  0.284082E+01 -0.132277E-01  0.142805E+00  0.000000E+00  0.000000E+00  0.000000E+00  0.000000E+00
  0.284082E+01  0.119943E+00  0.166022E+00  0.000000E+00  0.000000E+00  0.000000E+00  0.000000E+00
  0.284082E+01 -0.930299E-01 -0.100306E+00  0.000000E+00  0.000000E+00  0.000000E+00  0.000000E+00
  0.284082E+01 -0.848286E-01 -0.121585E+00  0.000000E+00  0.000000E+00  0.000000E+00  0.000000E+00
  0.284082E+01  0.850579E-01  0.110724E+00  0.000000E+00  0.000000E+00  0.000000E+00  0.000000E+00
  0.284082E+01  0.109475E-01 -0.906066E-03  0.000000E+00  0.000000E+00  0.000000E+00  0.000000E+00
  0.284082E+01 -0.109405E+00  0.300714E-02  0.000000E+00  0.000000E+00  0.000000E+00  0.000000E+00
  0.284082E+01 -0.139444E+00 -0.418843E-01  0.000000E+00  0.000000E+00  0.000000E+00  0.000000E+00
  0.284082E+01  0.556532E-01 -0.150394E+00  0.000000E+00  0.000000E+00  0.000000E+00  0.000000E+00
  0.284082E+01  0.643243E-01 -0.337533E-01  0.000000E+00  0.000000E+00  0.000000E+00  0.000000E+00
  0.284082E+01 -0.189895E+00 -0.293047E-01  0.000000E+00  0.000000E+00  0.000000E+00  0.000000E+00
  0.284082E+01  0.184929E+00  0.151649E+00  0.000000E+00  0.000000E+00  0.000000E+00  0.000000E+00
  0.284082E+01  0.172577E+00  0.646369E-01  0.000000E+00  0.000000E+00  0.000000E+00  0.000000E+00
  0.284082E+01  0.253463E-01 -0.790378E-01  0.000000E+00  0.000000E+00  0.000000E+00  0.000000E+00
  0.284082E+01  0.737993E-01 -0.786104E-01  0.000000E+00  0.000000E+00  0.000000E+00  0.000000E+00
  0.284082E+01  0.126812E-02  0.127049E+00  0.000000E+00  0.000000E+00  0.000000E+00  0.000000E+00
  0.284082E+01  0.551201E-03 -0.807540E-03  0.000000E+00  0.000000E+00  0.000000E+00  0.000000E+00
  0.284082E+01  0.112829E+00  0.150628E+00  0.000000E+00  0.000000E+00  0.000000E+00  0.000000E+00
  0.284082E+01  0.690827E-01  0.158949E+00  0.000000E+00  0.000000E+00  0.000000E+00  0.000000E+00
  0.284082E+01  0.201279E+00 -0.211106E-01  0.000000E+00  0.000000E+00  0.000000E+00  0.000000E+00
  0.284082E+01  0.316814E-02  0.383799E-01  0.000000E+00  0.000000E+00  0.000000E+00  0.000000E+00
  0.284082E+01  0.150437E+00 -0.118795E+00  0.000000E+00  0.000000E+00  0.000000E+00  0.000000E+00
  0.284082E+01  0.422943E-01 -0.106878E+00  0.000000E+00  0.000000E+00  0.000000E+00  0.000000E+00
  0.284082E+01  0.895320E-01 -0.264479E-01  0.000000E+00  0.000000E+00  0.000000E+00  0.000000E+00
  0.284082E+01 -0.549612E-01  0.531879E-01  0.000000E+00  0.000000E+00  0.000000E+00  0.000000E+00
