  0.209123E+01 -0.162565E-01 -0.218206E+00  0.000000E+00  0.000000E+00  0.000000E+00  0.000000E+00
  0.205956E+01  0.247650E+00 -0.115447E-01  0.000000E+00  0.000000E+00  0.000000E+00  0.000000E+00
  0.206145E+01  0.151237E-01 -0.222701E+00  0.000000E+00  0.000000E+00  0.000000E+00  0.000000E+00
  0.173482E+01  0.637336E-02 -0.190478E+00  0.000000E+00  0.000000E+00  0.000000E+00  0.000000E+00
  0.194303E+01  0.242151E+00 -0.610110E-02  0.000000E+00  0.000000E+00  0.000000E+00  0.000000E+00
  0.184324E+01 -0.204237E+00 -0.103651E-01  0.000000E+00  0.000000E+00  0.000000E+00  0.000000E+00
  0.188960E+01  0.816235E-02 -0.223232E+00  0.000000E+00  0.000000E+00  0.000000E+00  0.000000E+00
  0.254111E+01  0.173369E-01 -0.289000E+00  0.000000E+00  0.000000E+00  0.000000E+00  0.000000E+00
  0.230598E+01  0.271245E+00 -0.151960E-01  0.000000E+00  0.000000E+00  0.000000E+00  0.000000E+00
  0.265315E+01  0.405301E+00 -0.827123E-02  0.000000E+00  0.000000E+00  0.000000E+00  0.000000E+00
  0.167568E+01 -0.181942E+00 -0.700225E-03  0.000000E+00  0.000000E+00  0.000000E+00  0.000000E+00
  0.183597E+01 -0.221598E+00 -0.236564E-02  0.000000E+00  0.000000E+00  0.000000E+00  0.000000E+00
  0.167714E+01 -0.180668E+00 -0.342059E-02  0.000000E+00  0.000000E+00  0.000000E+00  0.000000E+00
  0.165760E+01  0.381219E-02 -0.175362E+00  0.000000E+00  0.000000E+00  0.000000E+00  0.000000E+00
  0.256937E+01  0.331301E+00 -0.146101E-01  0.000000E+00  0.000000E+00  0.000000E+00  0.000000E+00
  0.184788E+01  0.138388E-01 -0.187891E+00  0.000000E+00  0.000000E+00  0.000000E+00  0.000000E+00
  0.182934E+01  0.976930E-02 -0.203351E+00  0.000000E+00  0.000000E+00  0.000000E+00  0.000000E+00
  0.165583E+01  0.176875E+00 -0.891624E-03  0.000000E+00  0.000000E+00  0.000000E+00  0.000000E+00
  0.278035E+01  0.275153E+00 -0.200752E-01  0.000000E+00  0.000000E+00  0.000000E+00  0.000000E+00
  0.282336E+01 -0.299653E+00 -0.193317E-01  0.000000E+00  0.000000E+00  0.000000E+00  0.000000E+00
  0.226757E+01  0.167763E-01 -0.246051E+00  0.000000E+00  0.000000E+00  0.000000E+00  0.000000E+00
  0.233846E+01 -0.261895E+00 -0.165736E-01  0.000000E+00  0.000000E+00  0.000000E+00  0.000000E+00
  0.257029E+01  0.265020E+00 -0.190251E-01  0.000000E+00  0.000000E+00  0.000000E+00  0.000000E+00
  0.251115E+01  0.172104E-01 -0.285438E+00  0.000000E+00  0.000000E+00  0.000000E+00  0.000000E+00
  0.281216E+01 -0.158730E-01 -0.362914E+00  0.000000E+00  0.000000E+00  0.000000E+00  0.000000E+00
  0.167099E+01  0.674630E-02 -0.174119E+00  0.000000E+00  0.000000E+00  0.000000E+00  0.000000E+00
  0.192583E+01 -0.194612E+00 -0.152236E-01  0.000000E+00  0.000000E+00  0.000000E+00  0.000000E+00
  0.186429E+01 -0.137837E-01 -0.191689E+00  0.000000E+00  0.000000E+00  0.000000E+00  0.000000E+00
  0.195429E+01 -0.246727E+00 -0.533841E-02  0.000000E+00  0.000000E+00  0.000000E+00  0.000000E+00
  0.237740E+01 -0.328054E-02 -0.356563E+00  0.000000E+00  0.000000E+00  0.000000E+00  0.000000E+00
  0.195162E+01  0.339612E-02 -0.249541E+00  0.000000E+00  0.000000E+00  0.000000E+00  0.000000E+00
  0.232682E+01  0.237040E+00 -0.182517E-01  0.000000E+00  0.000000E+00  0.000000E+00  0.000000E+00
  0.171013E+01  0.165273E-02 -0.190318E+00  0.000000E+00  0.000000E+00  0.000000E+00  0.000000E+00
  0.206636E+01 -0.206608E+00 -0.169394E-01  0.000000E+00  0.000000E+00  0.000000E+00  0.000000E+00
  0.202293E+01 -0.269930E+00 -0.610937E-04  0.000000E+00  0.000000E+00  0.000000E+00  0.000000E+00
  0.163156E+01 -0.571844E-02 -0.166314E+00  0.000000E+00  0.000000E+00  0.000000E+00  0.000000E+00
  0.222637E+01  0.221182E+00 -0.181403E-01  0.000000E+00  0.000000E+00  0.000000E+00  0.000000E+00
  0.254485E+01  0.369307E+00 -0.988445E-02  0.000000E+00  0.000000E+00  0.000000E+00  0.000000E+00
  0.198474E+01  0.250974E+00 -0.661856E-02  0.000000E+00  0.000000E+00  0.000000E+00  0.000000E+00
  0.211680E+01 -0.115544E-01 -0.260444E+00  0.000000E+00  0.000000E+00  0.000000E+00  0.000000E+00
  0.204463E+01  0.537885E-02 -0.268973E+00  0.000000E+00  0.000000E+00  0.000000E+00  0.000000E+00
  0.231314E+01 -0.309104E+00 -0.108913E-01  0.000000E+00  0.000000E+00  0.000000E+00  0.000000E+00
  0.231948E+01 -0.344935E+00 -0.520528E-03  0.000000E+00  0.000000E+00  0.000000E+00  0.000000E+00
  0.188493E+01 -0.226654E+00 -0.659992E-02  0.000000E+00  0.000000E+00  0.000000E+00  0.000000E+00
  0.189353E+01  0.393359E-03 -0.237139E+00  0.000000E+00  0.000000E+00  0.000000E+00  0.000000E+00
  0.206780E+01 -0.685058E-02 -0.270524E+00  0.000000E+00  0.000000E+00  0.000000E+00  0.000000E+00
  0.188189E+01  0.267787E-02 -0.232875E+00  0.000000E+00  0.000000E+00  0.000000E+00  0.000000E+00
  0.201279E+01  0.255261E+00 -0.743636E-02  0.000000E+00  0.000000E+00  0.000000E+00  0.000000E+00
  0.165034E+01  0.174675E+00 -0.256045E-02  0.000000E+00  0.000000E+00  0.000000E+00  0.000000E+00
  0.182789E+01 -0.198688E+00 -0.108522E-01  0.000000E+00  0.000000E+00  0.000000E+00  0.000000E+00
  0.263390E+01 -0.320981E+00 -0.163662E-01  0.000000E+00  0.000000E+00  0.000000E+00  0.000000E+00
  0.244067E+01 -0.173805E-01 -0.270046E+00  0.000000E+00  0.000000E+00  0.000000E+00  0.000000E+00
  0.188362E+01  0.329804E-02 -0.232610E+00  0.000000E+00  0.000000E+00  0.000000E+00  0.000000E+00
  0.208124E+01 -0.122987E-01 -0.247860E+00  0.000000E+00  0.000000E+00  0.000000E+00  0.000000E+00
  0.186399E+01  0.227783E+00 -0.321354E-02  0.000000E+00  0.000000E+00  0.000000E+00  0.000000E+00
  0.170223E+01 -0.394000E-02 -0.186377E+00  0.000000E+00  0.000000E+00  0.000000E+00  0.000000E+00
  0.164444E+01 -0.168566E+00 -0.625560E-02  0.000000E+00  0.000000E+00  0.000000E+00  0.000000E+00
  0.195920E+01  0.930704E-02 -0.235553E+00  0.000000E+00  0.000000E+00  0.000000E+00  0.000000E+00
  0.190663E+01 -0.223974E+00 -0.910379E-02  0.000000E+00  0.000000E+00  0.000000E+00  0.000000E+00
  0.242371E+01  0.331349E+00 -0.112926E-01  0.000000E+00  0.000000E+00  0.000000E+00  0.000000E+00
  0.168554E+01  0.866064E-02 -0.173085E+00  0.000000E+00  0.000000E+00  0.000000E+00  0.000000E+00
  0.188786E+01 -0.143290E-01 -0.193169E+00  0.000000E+00  0.000000E+00  0.000000E+00  0.000000E+00
  0.230669E+01 -0.150642E-02 -0.341150E+00  0.000000E+00  0.000000E+00  0.000000E+00  0.000000E+00
  0.265542E+01  0.420049E+00 -0.536304E-02  0.000000E+00  0.000000E+00  0.000000E+00  0.000000E+00
  0.247961E+01  0.337530E+00 -0.120827E-01  0.000000E+00  0.000000E+00  0.000000E+00  0.000000E+00
  0.194922E+01  0.251138E+00 -0.808235E-03  0.000000E+00  0.000000E+00  0.000000E+00  0.000000E+00
  0.240100E+01 -0.348764E+00 -0.750933E-02  0.000000E+00  0.000000E+00  0.000000E+00  0.000000E+00
  0.208006E+01  0.210273E+00 -0.168324E-01  0.000000E+00  0.000000E+00  0.000000E+00  0.000000E+00
  0.165238E+01  0.170201E+00 -0.642434E-02  0.000000E+00  0.000000E+00  0.000000E+00  0.000000E+00
  0.168878E+01 -0.319115E-02 -0.183814E+00  0.000000E+00  0.000000E+00  0.000000E+00  0.000000E+00
  0.174377E+01 -0.197700E+00 -0.311540E-02  0.000000E+00  0.000000E+00  0.000000E+00  0.000000E+00
  0.233029E+01  0.117284E-01 -0.307103E+00  0.000000E+00  0.000000E+00  0.000000E+00  0.000000E+00
  0.245006E+01  0.375934E+00 -0.265408E-02  0.000000E+00  0.000000E+00  0.000000E+00  0.000000E+00
  0.216281E+01 -0.839128E-02 -0.287631E+00  0.000000E+00  0.000000E+00  0.000000E+00  0.000000E+00
  0.276052E+01  0.618814E-02 -0.442460E+00  0.000000E+00  0.000000E+00  0.000000E+00  0.000000E+00
  0.210190E+01 -0.212844E+00 -0.169750E-01  0.000000E+00  0.000000E+00  0.000000E+00  0.000000E+00
  0.194386E+01  0.157247E-01 -0.194285E+00  0.000000E+00  0.000000E+00  0.000000E+00  0.000000E+00
  0.210366E+01 -0.220619E+00 -0.162542E-01  0.000000E+00  0.000000E+00  0.000000E+00  0.000000E+00
  0.276235E+01 -0.449391E+00 -0.458193E-02  0.000000E+00  0.000000E+00  0.000000E+00  0.000000E+00
  0.236849E+01 -0.111888E-01 -0.319623E+00  0.000000E+00  0.000000E+00  0.000000E+00  0.000000E+00
  0.197220E+01  0.103834E-01 -0.233864E+00  0.000000E+00  0.000000E+00  0.000000E+00  0.000000E+00
  0.171549E+01  0.723820E-02 -0.183866E+00  0.000000E+00  0.000000E+00  0.000000E+00  0.000000E+00
  0.173430E+01  0.184028E+00 -0.887670E-02  0.000000E+00  0.000000E+00  0.000000E+00  0.000000E+00
  0.244440E+01 -0.108598E-01 -0.339246E+00  0.000000E+00  0.000000E+00  0.000000E+00  0.000000E+00
  0.179992E+01  0.557479E-02 -0.208093E+00  0.000000E+00  0.000000E+00  0.000000E+00  0.000000E+00
  0.202614E+01  0.212975E+00 -0.154354E-01  0.000000E+00  0.000000E+00  0.000000E+00  0.000000E+00
  0.208257E+01 -0.161909E-02 -0.284430E+00  0.000000E+00  0.000000E+00  0.000000E+00  0.000000E+00
  0.267398E+01  0.283051E+00 -0.189758E-01  0.000000E+00  0.000000E+00  0.000000E+00  0.000000E+00
  0.187452E+01  0.107003E-01 -0.209997E+00  0.000000E+00  0.000000E+00  0.000000E+00  0.000000E+00
  0.246251E+01 -0.328898E+00 -0.126409E-01  0.000000E+00  0.000000E+00  0.000000E+00  0.000000E+00
  0.192038E+01 -0.211465E+00 -0.124672E-01  0.000000E+00  0.000000E+00  0.000000E+00  0.000000E+00
  0.178234E+01  0.532919E-02 -0.204214E+00  0.000000E+00  0.000000E+00  0.000000E+00  0.000000E+00
  0.195331E+01  0.219456E+00 -0.123345E-01  0.000000E+00  0.000000E+00  0.000000E+00  0.000000E+00
  0.178136E+01  0.206119E+00 -0.397226E-02  0.000000E+00  0.000000E+00  0.000000E+00  0.000000E+00
  0.212588E+01 -0.206777E-03 -0.295985E+00  0.000000E+00  0.000000E+00  0.000000E+00  0.000000E+00
  0.254881E+01  0.256795E+00 -0.192696E-01  0.000000E+00  0.000000E+00  0.000000E+00  0.000000E+00
  0.204931E+01  0.239241E+00 -0.125482E-01  0.000000E+00  0.000000E+00  0.000000E+00  0.000000E+00
  0.246439E+01  0.186944E-01 -0.253428E+00  0.000000E+00  0.000000E+00  0.000000E+00  0.000000E+00
  0.191606E+01  0.242730E+00 -0.855981E-03  0.000000E+00  0.000000E+00  0.000000E+00  0.000000E+00
  0.168292E+01 -0.846659E-02 -0.172983E+00  0.000000E+00  0.000000E+00  0.000000E+00  0.000000E+00
  0.173077E+01  0.190184E+00 -0.602593E-02  0.000000E+00  0.000000E+00  0.000000E+00  0.000000E+00
  0.233991E+01  0.114830E-01 -0.311055E+00  0.000000E+00  0.000000E+00  0.000000E+00  0.000000E+00
  0.230895E+01  0.575745E-02 -0.333141E+00  0.000000E+00  0.000000E+00  0.000000E+00  0.000000E+00
  0.261018E+01  0.307310E+00 -0.169754E-01  0.000000E+00  0.000000E+00  0.000000E+00  0.000000E+00
  0.192854E+01 -0.473861E-02 -0.241572E+00  0.000000E+00  0.000000E+00  0.000000E+00  0.000000E+00
  0.244930E+01 -0.136035E-01 -0.317037E+00  0.000000E+00  0.000000E+00  0.000000E+00  0.000000E+00
  0.231434E+01  0.669074E-02 -0.331170E+00  0.000000E+00  0.000000E+00  0.000000E+00  0.000000E+00
  0.174306E+01  0.162599E-03 -0.199068E+00  0.000000E+00  0.000000E+00  0.000000E+00  0.000000E+00
  0.208361E+01  0.272859E+00 -0.729994E-02  0.000000E+00  0.000000E+00  0.000000E+00  0.000000E+00
  0.231105E+01 -0.107254E-01 -0.309717E+00  0.000000E+00  0.000000E+00  0.000000E+00  0.000000E+00
  0.181961E+01 -0.211641E+00 -0.619501E-02  0.000000E+00  0.000000E+00  0.000000E+00  0.000000E+00
  0.267319E+01 -0.124089E-01 -0.377251E+00  0.000000E+00  0.000000E+00  0.000000E+00  0.000000E+00
  0.265832E+01 -0.190511E-01 -0.278952E+00  0.000000E+00  0.000000E+00  0.000000E+00  0.000000E+00
  0.205369E+01 -0.892373E-02 -0.259422E+00  0.000000E+00  0.000000E+00  0.000000E+00  0.000000E+00
  0.172042E+01  0.193304E+00 -0.497078E-03  0.000000E+00  0.000000E+00  0.000000E+00  0.000000E+00
  0.242781E+01 -0.323198E+00 -0.124230E-01  0.000000E+00  0.000000E+00  0.000000E+00  0.000000E+00
  0.201913E+01  0.261231E+00 -0.595273E-02  0.000000E+00  0.000000E+00  0.000000E+00  0.000000E+00
  0.241200E+01 -0.368218E+00 -0.853784E-03  0.000000E+00  0.000000E+00  0.000000E+00  0.000000E+00
  0.232839E+01  0.178096E-01 -0.243708E+00  0.000000E+00  0.000000E+00  0.000000E+00  0.000000E+00
  0.196363E+01 -0.130770E-01 -0.217261E+00  0.000000E+00  0.000000E+00  0.000000E+00  0.000000E+00
  0.183293E+01 -0.213902E+00 -0.662215E-02  0.000000E+00  0.000000E+00  0.000000E+00  0.000000E+00
  0.272737E+01  0.969391E-02 -0.413207E+00  0.000000E+00  0.000000E+00  0.000000E+00  0.000000E+00
  0.227277E+01 -0.230232E+00 -0.180712E-01  0.000000E+00  0.000000E+00  0.000000E+00  0.000000E+00
  0.281129E+01  0.444500E+00 -0.805272E-02  0.000000E+00  0.000000E+00  0.000000E+00  0.000000E+00
  0.217252E+01 -0.961818E-02 -0.284110E+00  0.000000E+00  0.000000E+00  0.000000E+00  0.000000E+00
  0.179740E+01 -0.189221E+00 -0.114446E-01  0.000000E+00  0.000000E+00  0.000000E+00  0.000000E+00
  0.214554E+01  0.229132E+00 -0.162098E-01  0.000000E+00  0.000000E+00  0.000000E+00  0.000000E+00
  0.242820E+01  0.318569E+00 -0.129600E-01  0.000000E+00  0.000000E+00  0.000000E+00  0.000000E+00
  0.202668E+01 -0.145062E-01 -0.220615E+00  0.000000E+00  0.000000E+00  0.000000E+00  0.000000E+00
  0.221091E+01  0.520257E-02 -0.310570E+00  0.000000E+00  0.000000E+00  0.000000E+00  0.000000E+00
  0.274655E+01  0.398297E+00 -0.119214E-01  0.000000E+00  0.000000E+00  0.000000E+00  0.000000E+00
  0.180003E+01 -0.211795E+00 -0.315019E-02  0.000000E+00  0.000000E+00  0.000000E+00  0.000000E+00
  0.229978E+01  0.164036E-01 -0.256593E+00  0.000000E+00  0.000000E+00  0.000000E+00  0.000000E+00
  0.216285E+01  0.277825E+00 -0.103737E-01  0.000000E+00  0.000000E+00  0.000000E+00  0.000000E+00
  0.255312E+01 -0.169689E-01 -0.296802E+00  0.000000E+00  0.000000E+00  0.000000E+00  0.000000E+00
  0.255782E+01 -0.329664E+00 -0.145470E-01  0.000000E+00  0.000000E+00  0.000000E+00  0.000000E+00
  0.212468E+01 -0.161935E-01 -0.225275E+00  0.000000E+00  0.000000E+00  0.000000E+00  0.000000E+00
  0.191607E+01  0.136519E-01 -0.203465E+00  0.000000E+00  0.000000E+00  0.000000E+00  0.000000E+00
  0.274091E+01  0.394212E+00 -0.122056E-01  0.000000E+00  0.000000E+00  0.000000E+00  0.000000E+00
  0.254279E+01 -0.254045E-02 -0.399468E+00  0.000000E+00  0.000000E+00  0.000000E+00  0.000000E+00
  0.255443E+01 -0.258136E+00 -0.192473E-01  0.000000E+00  0.000000E+00  0.000000E+00  0.000000E+00
  0.259202E+01  0.189513E-01 -0.270015E+00  0.000000E+00  0.000000E+00  0.000000E+00  0.000000E+00
  0.267165E+01 -0.195106E-01 -0.271466E+00  0.000000E+00  0.000000E+00  0.000000E+00  0.000000E+00
  0.209499E+01 -0.710818E-03 -0.288056E+00  0.000000E+00  0.000000E+00  0.000000E+00  0.000000E+00
  0.181055E+01 -0.792376E-02 -0.205015E+00  0.000000E+00  0.000000E+00  0.000000E+00  0.000000E+00
  0.181601E+01 -0.198930E+00 -0.101183E-01  0.000000E+00  0.000000E+00  0.000000E+00  0.000000E+00
  0.253849E+01 -0.340845E+00 -0.131234E-01  0.000000E+00  0.000000E+00  0.000000E+00  0.000000E+00
  0.256282E+01 -0.178980E-01 -0.283893E+00  0.000000E+00  0.000000E+00  0.000000E+00  0.000000E+00
  0.230482E+01 -0.209384E-03 -0.341286E+00  0.000000E+00  0.000000E+00  0.000000E+00  0.000000E+00
  0.187129E+01 -0.221414E+00 -0.731166E-02  0.000000E+00  0.000000E+00  0.000000E+00  0.000000E+00
  0.161295E+01 -0.164161E+00 -0.383849E-02  0.000000E+00  0.000000E+00  0.000000E+00  0.000000E+00
  0.185082E+01  0.226343E+00 -0.243952E-03  0.000000E+00  0.000000E+00  0.000000E+00  0.000000E+00
  0.214452E+01 -0.286887E+00 -0.749362E-02  0.000000E+00  0.000000E+00  0.000000E+00  0.000000E+00
  0.190625E+01 -0.237096E+00 -0.412352E-02  0.000000E+00  0.000000E+00  0.000000E+00  0.000000E+00
  0.186492E+01 -0.968223E-02 -0.211981E+00  0.000000E+00  0.000000E+00  0.000000E+00  0.000000E+00
  0.232841E+01  0.328414E+00 -0.812608E-02  0.000000E+00  0.000000E+00  0.000000E+00  0.000000E+00
  0.204059E+01  0.214064E+00 -0.156409E-01  0.000000E+00  0.000000E+00  0.000000E+00  0.000000E+00
  0.216370E+01 -0.180081E-02 -0.304777E+00  0.000000E+00  0.000000E+00  0.000000E+00  0.000000E+00
  0.226133E+01  0.268427E+00 -0.145667E-01  0.000000E+00  0.000000E+00  0.000000E+00  0.000000E+00
  0.196326E+01 -0.232400E+00 -0.102542E-01  0.000000E+00  0.000000E+00  0.000000E+00  0.000000E+00
  0.229189E+01  0.403582E-03 -0.337979E+00  0.000000E+00  0.000000E+00  0.000000E+00  0.000000E+00
  0.171417E+01 -0.179647E+00 -0.874406E-02  0.000000E+00  0.000000E+00  0.000000E+00  0.000000E+00
  0.191801E+01 -0.240580E+00 -0.377181E-02  0.000000E+00  0.000000E+00  0.000000E+00  0.000000E+00
  0.165971E+01 -0.175239E+00 -0.436425E-02  0.000000E+00  0.000000E+00  0.000000E+00  0.000000E+00
  0.266258E+01  0.386357E+00 -0.111715E-01  0.000000E+00  0.000000E+00  0.000000E+00  0.000000E+00
  0.192988E+01  0.244212E+00 -0.330353E-02  0.000000E+00  0.000000E+00  0.000000E+00  0.000000E+00
  0.197446E+01  0.224991E+00 -0.121835E-01  0.000000E+00  0.000000E+00  0.000000E+00  0.000000E+00
  0.216638E+01 -0.224325E+00 -0.170193E-01  0.000000E+00  0.000000E+00  0.000000E+00  0.000000E+00
  0.260626E+01  0.198087E-01 -0.254776E+00  0.000000E+00  0.000000E+00  0.000000E+00  0.000000E+00
  0.216688E+01  0.305885E+00 -0.141092E-02  0.000000E+00  0.000000E+00  0.000000E+00  0.000000E+00
  0.220161E+01 -0.378711E-02 -0.311531E+00  0.000000E+00  0.000000E+00  0.000000E+00  0.000000E+00
  0.204075E+01 -0.156578E-01 -0.213946E+00  0.000000E+00  0.000000E+00  0.000000E+00  0.000000E+00
  0.209817E+01  0.109186E-01 -0.259960E+00  0.000000E+00  0.000000E+00  0.000000E+00  0.000000E+00
  0.183518E+01  0.132273E-01 -0.188717E+00  0.000000E+00  0.000000E+00  0.000000E+00  0.000000E+00
  0.219392E+01 -0.306136E+00 -0.528695E-02  0.000000E+00  0.000000E+00  0.000000E+00  0.000000E+00
  0.243733E+01  0.162516E-01 -0.284838E+00  0.000000E+00  0.000000E+00  0.000000E+00  0.000000E+00
  0.228708E+01  0.112446E-01 -0.300814E+00  0.000000E+00  0.000000E+00  0.000000E+00  0.000000E+00
  0.219438E+01 -0.148667E-01 -0.251915E+00  0.000000E+00  0.000000E+00  0.000000E+00  0.000000E+00
  0.191466E+01  0.140367E-01 -0.200684E+00  0.000000E+00  0.000000E+00  0.000000E+00  0.000000E+00
  0.201021E+01 -0.226919E+00 -0.131369E-01  0.000000E+00  0.000000E+00  0.000000E+00  0.000000E+00
  0.280434E+01 -0.173120E-01 -0.337463E+00  0.000000E+00  0.000000E+00  0.000000E+00  0.000000E+00
  0.266856E+01  0.388474E+00 -0.110829E-01  0.000000E+00  0.000000E+00  0.000000E+00  0.000000E+00
  0.258236E+01  0.376438E+00 -0.101061E-01  0.000000E+00  0.000000E+00  0.000000E+00  0.000000E+00
  0.248142E+01 -0.185262E-01 -0.259186E+00  0.000000E+00  0.000000E+00  0.000000E+00  0.000000E+00
  0.170099E+01 -0.183599E+00 -0.561955E-02  0.000000E+00  0.000000E+00  0.000000E+00  0.000000E+00
  0.229090E+01  0.112759E-01 -0.301465E+00  0.000000E+00  0.000000E+00  0.000000E+00  0.000000E+00
  0.204466E+01 -0.805776E-02 -0.260732E+00  0.000000E+00  0.000000E+00  0.000000E+00  0.000000E+00
  0.229524E+01 -0.262952E+00 -0.157696E-01  0.000000E+00  0.000000E+00  0.000000E+00  0.000000E+00
  0.241718E+01  0.369648E+00 -0.571474E-03  0.000000E+00  0.000000E+00  0.000000E+00  0.000000E+00
  0.176646E+01 -0.347992E-02 -0.203001E+00  0.000000E+00  0.000000E+00  0.000000E+00  0.000000E+00
  0.206553E+01 -0.361038E-02 -0.277772E+00  0.000000E+00  0.000000E+00  0.000000E+00  0.000000E+00
  0.187827E+01 -0.218106E+00 -0.887610E-02  0.000000E+00  0.000000E+00  0.000000E+00  0.000000E+00
  0.219768E+01 -0.641731E-02 -0.303646E+00  0.000000E+00  0.000000E+00  0.000000E+00  0.000000E+00
  0.223653E+01  0.160536E-01 -0.248379E+00  0.000000E+00  0.000000E+00  0.000000E+00  0.000000E+00
  0.192347E+01  0.239526E+00 -0.513701E-02  0.000000E+00  0.000000E+00  0.000000E+00  0.000000E+00
  0.262329E+01 -0.158222E-01 -0.326676E+00  0.000000E+00  0.000000E+00  0.000000E+00  0.000000E+00
  0.284082E+01  0.221840E+00 -0.433981E-01  0.000000E+00  0.000000E+00  0.000000E+00  0.000000E+00
  0.284082E+01 -0.126146E+00 -0.167559E-01  0.000000E+00  0.000000E+00  0.000000E+00  0.000000E+00
  0.284082E+01 -0.300907E-01 -0.162002E+00  0.000000E+00  0.000000E+00  0.000000E+00  0.000000E+00
  0.284082E+01  0.136318E+00 -0.301263E-01  0.000000E+00  0.000000E+00  0.000000E+00  0.000000E+00
  0.284082E+01 -0.674394E-01 -0.140373E+00  0.000000E+00  0.000000E+00  0.000000E+00  0.000000E+00
  0.284082E+01  0.260056E-01  0.117370E+00  0.000000E+00  0.000000E+00  0.000000E+00  0.000000E+00
  0.284082E+01  0.176586E+00  0.497192E-01  0.000000E+00  0.000000E+00  0.000000E+00  0.000000E+00
  0.284082E+01 -0.179682E-01  0.167752E-01  0.000000E+00  0.000000E+00  0.000000E+00  0.000000E+00
  0.284082E+01  0.102069E+00  0.126014E+00  0.000000E+00  0.000000E+00  0.000000E+00  0.000000E+00
  0.284082E+01 -0.179439E-01  0.594650E-01  0.000000E+00  0.000000E+00  0.000000E+00  0.000000E+00
  0.284082E+01  0.174551E+00  0.673827E-01  0.000000E+00  0.000000E+00  0.000000E+00  0.000000E+00
  0.284082E+01 -0.147561E-01 -0.857915E-01  0.000000E+00  0.000000E+00  0.000000E+00  0.000000E+00
  0.284082E+01  0.345486E-02  0.166344E+00  0.000000E+00  0.000000E+00  0.000000E+00  0.000000E+00
  0.284082E+01 -0.114227E+00  0.483425E-01  0.000000E+00  0.000000E+00  0.000000E+00  0.000000E+00
  0.284082E+01  0.173071E-01 -0.197031E-01  0.000000E+00  0.000000E+00  0.000000E+00  0.000000E+00
  0.284082E+01 -0.133760E-01 -0.152695E+00  0.000000E+00  0.000000E+00  0.000000E+00  0.000000E+00
  0.284082E+01  0.197594E-01  0.116040E+00  0.000000E+00  0.000000E+00  0.000000E+00  0.000000E+00
  0.284082E+01  0.234366E-01  0.113289E+00  0.000000E+00  0.000000E+00  0.000000E+00  0.000000E+00
  0.284082E+01  0.103145E+00 -0.692817E-01  0.000000E+00  0.000000E+00  0.000000E+00  0.000000E+00
  0.284082E+01 -0.108147E-01 -0.122454E+00  0.000000E+00  0.000000E+00  0.000000E+00  0.000000E+00
  0.284082E+01 -0.493961E-01 -0.111572E+00  0.000000E+00  0.000000E+00  0.000000E+00  0.000000E+00
  0.284082E+01 -0.139320E-01  0.124982E+00  0.000000E+00  0.000000E+00  0.000000E+00  0.000000E+00
  0.284082E+01 -0.143824E+00 -0.149573E+00  0.000000E+00  0.000000E+00  0.000000E+00  0.000000E+00
  0.284082E+01 -0.152432E+00  0.133539E+00  0.000000E+00  0.000000E+00  0.000000E+00  0.000000E+00
  0.284082E+01 -0.752640E-01  0.102487E+00  0.000000E+00  0.000000E+00  0.000000E+00  0.000000E+00
  0.284082E+01  0.175731E+00  0.150579E+00  0.000000E+00  0.000000E+00  0.000000E+00  0.000000E+00
  0.284082E+01 -0.425445E-01 -0.612238E-01  0.000000E+00  0.000000E+00  0.000000E+00  0.000000E+00
  0.284082E+01  0.167064E+00  0.178798E+00  0.000000E+00  0.000000E+00  0.000000E+00  0.000000E+00
  0.284082E+01 -0.227188E+00  0.696278E-01  0.000000E+00  0.000000E+00  0.000000E+00  0.000000E+00
  0.284082E+01  0.202421E+00 -0.248690E-02  0.000000E+00  0.000000E+00  0.000000E+00  0.000000E+00
  0.284082E+01  0.381427E-01  0.148224E-01  0.000000E+00  0.000000E+00  0.000000E+00  0.000000E+00
  0.284082E+01  0.807163E-01 -0.426608E-01  0.000000E+00  0.000000E+00  0.000000E+00  0.000000E+00
  0.284082E+01 -0.224548E-01 -0.421853E-01  0.000000E+00  0.000000E+00  0.000000E+00  0.000000E+00
  0.284082E+01  0.128735E+00 -0.118915E+00  0.000000E+00  0.000000E+00  0.000000E+00  0.000000E+00
  0.284082E+01  0.262471E-01  0.710379E-01  0.000000E+00  0.000000E+00  0.000000E+00  0.000000E+00
  0.284082E+01 -0.225028E+00 -0.372196E-01  0.000000E+00  0.000000E+00  0.000000E+00  0.000000E+00
  0.284082E+01  0.209006E+00 -0.933057E-02  0.000000E+00  0.000000E+00  0.000000E+00  0.000000E+00
  0.284082E+01 -0.423068E-01 -0.537836E-01  0.000000E+00  0.000000E+00  0.000000E+00  0.000000E+00
  0.284082E+01  0.493235E-01 -0.175340E-01  0.000000E+00  0.000000E+00  0.000000E+00  0.000000E+00
  0.284082E+01  0.145344E+00  0.339377E-01  0.000000E+00  0.000000E+00  0.000000E+00  0.000000E+00
  0.284082E+01  0.533012E-01  0.270195E-01  0.000000E+00  0.000000E+00  0.000000E+00  0.000000E+00
  0.284082E+01  0.155643E+00 -0.174677E+00  0.000000E+00  0.000000E+00  0.000000E+00  0.000000E+00
  0.284082E+01  0.245729E-01  0.141732E+00  0.000000E+00  0.000000E+00  0.000000E+00  0.000000E+00
  0.284082E+01 -0.882790E-02  0.568170E-01  0.000000E+00  0.000000E+00  0.000000E+00  0.000000E+00
  0.284082E+01 -0.439648E-01 -0.347960E-01  0.000000E+00  0.000000E+00  0.000000E+00  0.000000E+00
  0.284082E+01  0.373904E-01  0.446892E-01  0.000000E+00  0.000000E+00  0.000000E+00  0.000000E+00
  0.284082E+01 -0.202168E+00  0.463560E-01  0.000000E+00  0.000000E+00  0.000000E+00  0.000000E+00
  0.284082E+01  0.215096E+00  0.588878E-01  0.000000E+00  0.000000E+00  0.000000E+00  0.000000E+00
  0.284082E+01  0.311901E-01 -0.143271E+00  0.000000E+00  0.000000E+00  0.000000E+00  0.000000E+00
  0.284082E+01 -0.181781E-03 -0.403711E-04  0.000000E+00  0.000000E+00  0.000000E+00  0.000000E+00
  0.284082E+01 -0.173712E+00  0.158424E+00  0.000000E+00  0.000000E+00  0.000000E+00  0.000000E+00
  0.284082E+01  0.907608E-01  0.485095E-01  0.000000E+00  0.000000E+00  0.000000E+00  0.000000E+00
  0.284082E+01 -0.112609E+00 -0.121525E+00  0.000000E+00  0.000000E+00  0.000000E+00  0.000000E+00
  0.284082E+01  0.119897E+00  0.799333E-01  0.000000E+00  0.000000E+00  0.000000E+00  0.000000E+00
  0.284082E+01 -0.183592E-01 -0.171206E-01  0.000000E+00  0.000000E+00  0.000000E+00  0.000000E+00
  0.284082E+01  0.144815E+00 -0.591607E-01  0.000000E+00  0.000000E+00  0.000000E+00  0.000000E+00
  0.284082E+01  0.174955E+00 -0.135446E+00  0.000000E+00  0.000000E+00  0.000000E+00  0.000000E+00
  0.284082E+01  0.130828E+00 -0.133192E-01  0.000000E+00  0.000000E+00  0.000000E+00  0.000000E+00
  0.284082E+01 -0.686768E-01 -0.202994E-01  0.000000E+00  0.000000E+00  0.000000E+00  0.000000E+00
  0.284082E+01  0.261989E-01 -0.541123E-01  0.000000E+00  0.000000E+00  0.000000E+00  0.000000E+00
  0.284082E+01  0.313810E-01  0.877559E-01  0.000000E+00  0.000000E+00  0.000000E+00  0.000000E+00
  0.284082E+01 -0.106521E-02  0.422368E-02  0.000000E+00  0.000000E+00  0.000000E+00  0.000000E+00
  0.284082E+01  0.130293E+00 -0.187656E+00  0.000000E+00  0.000000E+00  0.000000E+00  0.000000E+00
  0.284082E+01 -0.246327E-01 -0.638805E-01  0.000000E+00  0.000000E+00  0.000000E+00  0.000000E+00
  0.284082E+01  0.106420E+00 -0.810279E-03  0.000000E+00  0.000000E+00  0.000000E+00  0.000000E+00
  0.284082E+01  0.229680E+00 -0.886798E-01  0.000000E+00  0.000000E+00  0.000000E+00  0.000000E+00
  0.284082E+01 -0.378791E-01 -0.640648E-01  0.000000E+00  0.000000E+00  0.000000E+00  0.000000E+00
  0.284082E+01 -0.141806E+00  0.467138E-02  0.000000E+00  0.000000E+00  0.000000E+00  0.000000E+00
  0.284082E+01 -0.228479E+00  0.375013E-01  0.000000E+00  0.000000E+00  0.000000E+00  0.000000E+00
  0.284082E+01  0.809948E-01 -0.320745E-01  0.000000E+00  0.000000E+00  0.000000E+00  0.000000E+00
  0.284082E+01  0.837120E-02 -0.162970E+00  0.000000E+00  0.000000E+00  0.000000E+00  0.000000E+00
  0.284082E+01 -0.111369E+00  0.844298E-01  0.000000E+00  0.000000E+00  0.000000E+00  0.000000E+00
  0.284082E+01 -0.149193E+00  0.995106E-02  0.000000E+00  0.000000E+00  0.000000E+00  0.000000E+00
  0.284082E+01  0.151641E+00  0.280527E-01  0.000000E+00  0.000000E+00  0.000000E+00  0.000000E+00
  0.284082E+01  0.644734E-01 -0.107759E+00  0.000000E+00  0.000000E+00  0.000000E+00  0.000000E+00
  0.284082E+01 -0.136659E+00 -0.205606E+00  0.000000E+00  0.000000E+00  0.000000E+00  0.000000E+00
  0.284082E+01  0.501535E-01 -0.897104E-02  0.000000E+00  0.000000E+00  0.000000E+00  0.000000E+00
  0.284082E+01 -0.161774E-01 -0.531520E-02  0.000000E+00  0.000000E+00  0.000000E+00  0.000000E+00
  0.284082E+01 -0.176086E+00 -0.770995E-01  0.000000E+00  0.000000E+00  0.000000E+00  0.000000E+00
  0.284082E+01  0.382122E-02  0.708141E-01  0.000000E+00  0.000000E+00  0.000000E+00  0.000000E+00
  0.284082E+01 -0.543993E-01  0.920137E-01  0.000000E+00  0.000000E+00  0.000000E+00  0.000000E+00
  0.284082E+01 -0.262281E-01 -0.212738E+00  0.000000E+00  0.000000E+00  0.000000E+00  0.000000E+00
  0.284082E+01 -0.143115E+00  0.153846E+00  0.000000E+00  0.000000E+00  0.000000E+00  0.000000E+00
  0.284082E+01 -0.162030E+00  0.146867E+00  0.000000E+00  0.000000E+00  0.000000E+00  0.000000E+00
  0.284082E+01  0.668593E-02 -0.774128E-01  0.000000E+00  0.000000E+00  0.000000E+00  0.000000E+00
  0.284082E+01  0.128901E+00  0.115250E+00  0.000000E+00  0.000000E+00  0.000000E+00  0.000000E+00
  0.284082E+01 -0.209386E+00  0.881272E-01  0.000000E+00  0.000000E+00  0.000000E+00  0.000000E+00
  0.284082E+01  0.790115E-01 -0.145327E+00  0.000000E+00  0.000000E+00  0.000000E+00  0.000000E+00
  0.284082E+01  0.210514E+00  0.668341E-01  0.000000E+00  0.000000E+00  0.000000E+00  0.000000E+00
  0.284082E+01  0.198177E-01  0.431352E-01  0.000000E+00  0.000000E+00  0.000000E+00  0.000000E+00
  0.284082E+01  0.354049E-02 -0.846217E-01  0.000000E+00  0.000000E+00  0.000000E+00  0.000000E+00
  0.284082E+01 -0.168521E-02 -0.406397E-02  0.000000E+00  0.000000E+00  0.000000E+00  0.000000E+00
  0.284082E+01 -0.173481E+00  0.171310E+00  0.000000E+00  0.000000E+00  0.000000E+00  0.000000E+00
  0.284082E+01 -0.536981E-03  0.151861E-02  0.000000E+00  0.000000E+00  0.000000E+00  0.000000E+00
  0.284082E+01 -0.156296E-02  0.345120E-01  0.000000E+00  0.000000E+00  0.000000E+00  0.000000E+00
  0.284082E+01 -0.159950E-01 -0.225317E+00  0.000000E+00  0.000000E+00  0.000000E+00  0.000000E+00
  0.284082E+01 -0.959249E-01 -0.756673E-02  0.000000E+00  0.000000E+00  0.000000E+00  0.000000E+00
  0.284082E+01  0.181892E+00  0.677895E-01  0.000000E+00  0.000000E+00  0.000000E+00  0.000000E+00
  0.284082E+01  0.342497E-01 -0.530366E-01  0.000000E+00  0.000000E+00  0.000000E+00  0.000000E+00
  0.284082E+01 -0.137558E+00 -0.178876E-01  0.000000E+00  0.000000E+00  0.000000E+00  0.000000E+00
