  0.247188E+01 -0.155897E-01 -0.299876E+00  0.000000E+00  0.000000E+00  0.000000E+00  0.000000E+00
  0.257407E+01 -0.289067E+00 -0.177063E-01  0.000000E+00  0.000000E+00  0.000000E+00  0.000000E+00
  0.269312E+01  0.391567E+00 -0.113637E-01  0.000000E+00  0.000000E+00  0.000000E+00  0.000000E+00
  0.211114E+01  0.229852E+00 -0.154411E-01  0.000000E+00  0.000000E+00  0.000000E+00  0.000000E+00
  0.281969E+01  0.383761E+00 -0.145338E-01  0.000000E+00  0.000000E+00  0.000000E+00  0.000000E+00
  0.215252E+01  0.216760E+00 -0.174526E-01  0.000000E+00  0.000000E+00  0.000000E+00  0.000000E+00
  0.247882E+01 -0.372828E+00 -0.632150E-02  0.000000E+00  0.000000E+00  0.000000E+00  0.000000E+00
  0.188309E+01 -0.201284E+00 -0.128302E-01  0.000000E+00  0.000000E+00  0.000000E+00  0.000000E+00
  0.246498E+01  0.313791E+00 -0.142453E-01  0.000000E+00  0.000000E+00  0.000000E+00  0.000000E+00
  0.209136E+01  0.109645E-01 -0.258153E+00  0.000000E+00  0.000000E+00  0.000000E+00  0.000000E+00
  0.170625E+01  0.184980E+00 -0.557270E-02  0.000000E+00  0.000000E+00  0.000000E+00  0.000000E+00
  0.274375E+01  0.452355E+00 -0.437974E-03  0.000000E+00  0.000000E+00  0.000000E+00  0.000000E+00
  0.280761E+01  0.169830E-01 -0.343873E+00  0.000000E+00  0.000000E+00  0.000000E+00  0.000000E+00
  0.271462E+01  0.146414E-01 -0.360740E+00  0.000000E+00  0.000000E+00  0.000000E+00  0.000000E+00
  0.243898E+01  0.340271E+00 -0.105416E-01  0.000000E+00  0.000000E+00  0.000000E+00  0.000000E+00
  0.163321E+01 -0.503503E-02 -0.167751E+00  0.000000E+00  0.000000E+00  0.000000E+00  0.000000E+00
  0.240462E+01 -0.171001E-01 -0.267402E+00  0.000000E+00  0.000000E+00  0.000000E+00  0.000000E+00
  0.283966E+01 -0.777397E-02 -0.453073E+00  0.000000E+00  0.000000E+00  0.000000E+00  0.000000E+00
  0.221808E+01 -0.308002E+00 -0.660164E-02  0.000000E+00  0.000000E+00  0.000000E+00  0.000000E+00
  0.282625E+01 -0.157898E-01 -0.366959E+00  0.000000E+00  0.000000E+00  0.000000E+00  0.000000E+00
  0.180905E+01  0.203994E+00 -0.814925E-02  0.000000E+00  0.000000E+00  0.000000E+00  0.000000E+00
  0.251650E+01 -0.157545E-01 -0.306611E+00  0.000000E+00  0.000000E+00  0.000000E+00  0.000000E+00
  0.240305E+01  0.272936E+00 -0.166658E-01  0.000000E+00  0.000000E+00  0.000000E+00  0.000000E+00
  0.275487E+01  0.429978E+00 -0.821217E-02  0.000000E+00  0.000000E+00  0.000000E+00  0.000000E+00
  0.200790E+01 -0.250143E+00 -0.853298E-02  0.000000E+00  0.000000E+00  0.000000E+00  0.000000E+00
  0.211659E+01  0.124714E-01 -0.254494E+00  0.000000E+00  0.000000E+00  0.000000E+00  0.000000E+00
  0.248516E+01  0.367400E+00 -0.784701E-02  0.000000E+00  0.000000E+00  0.000000E+00  0.000000E+00
  0.191764E+01  0.479239E-02 -0.238762E+00  0.000000E+00  0.000000E+00  0.000000E+00  0.000000E+00
  0.230101E+01  0.230888E+00 -0.183670E-01  0.000000E+00  0.000000E+00  0.000000E+00  0.000000E+00
  0.210998E+01  0.141160E-01 -0.240972E+00  0.000000E+00  0.000000E+00  0.000000E+00  0.000000E+00
  0.283594E+01  0.276110E+00 -0.203592E-01  0.000000E+00  0.000000E+00  0.000000E+00  0.000000E+00
  0.218253E+01 -0.309972E+00 -0.121070E-02  0.000000E+00  0.000000E+00  0.000000E+00  0.000000E+00
  0.246856E+01  0.242708E+00 -0.193310E-01  0.000000E+00  0.000000E+00  0.000000E+00  0.000000E+00
  0.214870E+01 -0.159295E-01 -0.232579E+00  0.000000E+00  0.000000E+00  0.000000E+00  0.000000E+00
  0.215716E+01  0.903592E-02 -0.283368E+00  0.000000E+00  0.000000E+00  0.000000E+00  0.000000E+00
  0.283533E+01 -0.309661E+00 -0.189752E-01  0.000000E+00  0.000000E+00  0.000000E+00  0.000000E+00
  0.200092E+01 -0.152494E-01 -0.209482E+00  0.000000E+00  0.000000E+00  0.000000E+00  0.000000E+00
  0.238442E+01 -0.173120E-01 -0.260764E+00  0.000000E+00  0.000000E+00  0.000000E+00  0.000000E+00
  0.236801E+01 -0.273158E-02 -0.355157E+00  0.000000E+00  0.000000E+00  0.000000E+00  0.000000E+00
  0.183369E+01  0.192194E+00 -0.125156E-01  0.000000E+00  0.000000E+00  0.000000E+00  0.000000E+00
  0.282898E+01  0.180621E-01 -0.327720E+00  0.000000E+00  0.000000E+00  0.000000E+00  0.000000E+00
  0.254707E+01 -0.147947E-01 -0.324559E+00  0.000000E+00  0.000000E+00  0.000000E+00  0.000000E+00
  0.262359E+01 -0.179984E-01 -0.292888E+00  0.000000E+00  0.000000E+00  0.000000E+00  0.000000E+00
  0.264964E+01 -0.306149E+00 -0.174960E-01  0.000000E+00  0.000000E+00  0.000000E+00  0.000000E+00
  0.186942E+01 -0.228682E+00 -0.358177E-02  0.000000E+00  0.000000E+00  0.000000E+00  0.000000E+00
  0.268287E+01  0.407957E+00 -0.896336E-02  0.000000E+00  0.000000E+00  0.000000E+00  0.000000E+00
  0.202120E+01 -0.610532E-02 -0.261332E+00  0.000000E+00  0.000000E+00  0.000000E+00  0.000000E+00
  0.210780E+01  0.107682E-01 -0.262998E+00  0.000000E+00  0.000000E+00  0.000000E+00  0.000000E+00
  0.185678E+01  0.196850E+00 -0.125922E-01  0.000000E+00  0.000000E+00  0.000000E+00  0.000000E+00
  0.258043E+01 -0.176101E-01 -0.291782E+00  0.000000E+00  0.000000E+00  0.000000E+00  0.000000E+00
  0.204282E+01  0.268811E+00 -0.526022E-02  0.000000E+00  0.000000E+00  0.000000E+00  0.000000E+00
  0.188311E+01 -0.234016E+00 -0.165703E-02  0.000000E+00  0.000000E+00  0.000000E+00  0.000000E+00
  0.225762E+01 -0.811949E-02 -0.311494E+00  0.000000E+00  0.000000E+00  0.000000E+00  0.000000E+00
  0.281041E+01 -0.126889E-01 -0.404358E+00  0.000000E+00  0.000000E+00  0.000000E+00  0.000000E+00
  0.264657E+01  0.417614E+00 -0.542835E-02  0.000000E+00  0.000000E+00  0.000000E+00  0.000000E+00
  0.185132E+01  0.139654E-01 -0.187851E+00  0.000000E+00  0.000000E+00  0.000000E+00  0.000000E+00
  0.244012E+01 -0.163652E-01 -0.283905E+00  0.000000E+00  0.000000E+00  0.000000E+00  0.000000E+00
  0.183599E+01  0.222550E+00 -0.534847E-03  0.000000E+00  0.000000E+00  0.000000E+00  0.000000E+00
  0.268320E+01  0.313620E+00 -0.174137E-01  0.000000E+00  0.000000E+00  0.000000E+00  0.000000E+00
  0.256753E+01  0.386120E-02 -0.402918E+00  0.000000E+00  0.000000E+00  0.000000E+00  0.000000E+00
  0.240359E+01  0.142492E-01 -0.300980E+00  0.000000E+00  0.000000E+00  0.000000E+00  0.000000E+00
  0.207248E+01  0.971090E-02 -0.260293E+00  0.000000E+00  0.000000E+00  0.000000E+00  0.000000E+00
  0.168209E+01  0.179329E+00 -0.538271E-02  0.000000E+00  0.000000E+00  0.000000E+00  0.000000E+00
  0.208698E+01 -0.270773E+00 -0.808383E-02  0.000000E+00  0.000000E+00  0.000000E+00  0.000000E+00
  0.173586E+01 -0.185235E+00 -0.859232E-02  0.000000E+00  0.000000E+00  0.000000E+00  0.000000E+00
  0.272410E+01 -0.594187E-02 -0.434629E+00  0.000000E+00  0.000000E+00  0.000000E+00  0.000000E+00
  0.171256E+01  0.181390E+00 -0.796061E-02  0.000000E+00  0.000000E+00  0.000000E+00  0.000000E+00
  0.263380E+01 -0.126241E-01 -0.366478E+00  0.000000E+00  0.000000E+00  0.000000E+00  0.000000E+00
  0.216422E+01  0.302602E+00 -0.355067E-02  0.000000E+00  0.000000E+00  0.000000E+00  0.000000E+00
  0.217804E+01 -0.307853E+00 -0.233119E-02  0.000000E+00  0.000000E+00  0.000000E+00  0.000000E+00
  0.165501E+01 -0.171636E+00 -0.598696E-02  0.000000E+00  0.000000E+00  0.000000E+00  0.000000E+00
  0.235368E+01 -0.152596E-01 -0.280142E+00  0.000000E+00  0.000000E+00  0.000000E+00  0.000000E+00
  0.237184E+01 -0.129436E-01 -0.306508E+00  0.000000E+00  0.000000E+00  0.000000E+00  0.000000E+00
  0.231594E+01 -0.131633E-01 -0.292549E+00  0.000000E+00  0.000000E+00  0.000000E+00  0.000000E+00
  0.267547E+01  0.167552E-01 -0.322949E+00  0.000000E+00  0.000000E+00  0.000000E+00  0.000000E+00
  0.204428E+01  0.220145E+00 -0.150148E-01  0.000000E+00  0.000000E+00  0.000000E+00  0.000000E+00
  0.226902E+01  0.178449E-01 -0.232682E+00  0.000000E+00  0.000000E+00  0.000000E+00  0.000000E+00
  0.230121E+01  0.280140E+00 -0.142006E-01  0.000000E+00  0.000000E+00  0.000000E+00  0.000000E+00
  0.209481E+01  0.258983E+00 -0.109565E-01  0.000000E+00  0.000000E+00  0.000000E+00  0.000000E+00
  0.233402E+01 -0.334199E+00 -0.713226E-02  0.000000E+00  0.000000E+00  0.000000E+00  0.000000E+00
  0.208039E+01  0.153582E-01 -0.224467E+00  0.000000E+00  0.000000E+00  0.000000E+00  0.000000E+00
  0.162307E+01  0.165733E+00 -0.466430E-02  0.000000E+00  0.000000E+00  0.000000E+00  0.000000E+00
  0.224302E+01  0.250328E+00 -0.159902E-01  0.000000E+00  0.000000E+00  0.000000E+00  0.000000E+00
  0.167423E+01 -0.454652E-04 -0.181647E+00  0.000000E+00  0.000000E+00  0.000000E+00  0.000000E+00
  0.272654E+01 -0.421865E+00 -0.842384E-02  0.000000E+00  0.000000E+00  0.000000E+00  0.000000E+00
  0.171035E+01 -0.180304E+00 -0.817461E-02  0.000000E+00  0.000000E+00  0.000000E+00  0.000000E+00
  0.174609E+01 -0.180963E+00 -0.106066E-01  0.000000E+00  0.000000E+00  0.000000E+00  0.000000E+00
  0.225759E+01  0.311285E+00 -0.816363E-02  0.000000E+00  0.000000E+00  0.000000E+00  0.000000E+00
  0.196549E+01 -0.244862E+00 -0.710342E-02  0.000000E+00  0.000000E+00  0.000000E+00  0.000000E+00
  0.190969E+01 -0.347299E-02 -0.238920E+00  0.000000E+00  0.000000E+00  0.000000E+00  0.000000E+00
  0.239089E+01 -0.168173E-01 -0.268657E+00  0.000000E+00  0.000000E+00  0.000000E+00  0.000000E+00
  0.171630E+01  0.721253E-02 -0.184120E+00  0.000000E+00  0.000000E+00  0.000000E+00  0.000000E+00
  0.281165E+01 -0.275297E-02 -0.466760E+00  0.000000E+00  0.000000E+00  0.000000E+00  0.000000E+00
  0.190552E+01  0.117272E-01 -0.212137E+00  0.000000E+00  0.000000E+00  0.000000E+00  0.000000E+00
  0.281706E+01  0.324725E+00 -0.181081E-01  0.000000E+00  0.000000E+00  0.000000E+00  0.000000E+00
  0.264169E+01 -0.187932E-01 -0.281321E+00  0.000000E+00  0.000000E+00  0.000000E+00  0.000000E+00
  0.220341E+01  0.326177E-02 -0.312925E+00  0.000000E+00  0.000000E+00  0.000000E+00  0.000000E+00
  0.275189E+01 -0.269909E+00 -0.201139E-01  0.000000E+00  0.000000E+00  0.000000E+00  0.000000E+00
  0.271794E+01 -0.450368E-02 -0.438596E+00  0.000000E+00  0.000000E+00  0.000000E+00  0.000000E+00
  0.248714E+01 -0.568720E-02 -0.377298E+00  0.000000E+00  0.000000E+00  0.000000E+00  0.000000E+00
  0.247191E+01  0.146105E-01 -0.311274E+00  0.000000E+00  0.000000E+00  0.000000E+00  0.000000E+00
  0.219820E+01  0.698207E-02 -0.301797E+00  0.000000E+00  0.000000E+00  0.000000E+00  0.000000E+00
  0.280587E+01  0.139223E-01 -0.388840E+00  0.000000E+00  0.000000E+00  0.000000E+00  0.000000E+00
  0.280207E+01  0.322950E+00 -0.180652E-01  0.000000E+00  0.000000E+00  0.000000E+00  0.000000E+00
  0.225568E+01  0.946906E-03 -0.328621E+00  0.000000E+00  0.000000E+00  0.000000E+00  0.000000E+00
  0.257129E+01  0.361890E+00 -0.116241E-01  0.000000E+00  0.000000E+00  0.000000E+00  0.000000E+00
  0.195861E+01 -0.947912E-02 -0.234706E+00  0.000000E+00  0.000000E+00  0.000000E+00  0.000000E+00
  0.199640E+01 -0.159458E-01 -0.202720E+00  0.000000E+00  0.000000E+00  0.000000E+00  0.000000E+00
  0.282382E+01 -0.451323E+00 -0.743265E-02  0.000000E+00  0.000000E+00  0.000000E+00  0.000000E+00
  0.176730E+01 -0.198504E+00 -0.633904E-02  0.000000E+00  0.000000E+00  0.000000E+00  0.000000E+00
  0.166689E+01  0.106847E-02 -0.179625E+00  0.000000E+00  0.000000E+00  0.000000E+00  0.000000E+00
  0.273977E+01  0.285098E+00 -0.193832E-01  0.000000E+00  0.000000E+00  0.000000E+00  0.000000E+00
  0.215324E+01  0.177251E-01 -0.213621E+00  0.000000E+00  0.000000E+00  0.000000E+00  0.000000E+00
  0.265248E+01 -0.301126E+00 -0.178190E-01  0.000000E+00  0.000000E+00  0.000000E+00  0.000000E+00
  0.229299E+01  0.150154E-01 -0.270486E+00  0.000000E+00  0.000000E+00  0.000000E+00  0.000000E+00
  0.233188E+01 -0.159730E-01 -0.267821E+00  0.000000E+00  0.000000E+00  0.000000E+00  0.000000E+00
  0.251951E+01  0.287706E+00 -0.171615E-01  0.000000E+00  0.000000E+00  0.000000E+00  0.000000E+00
  0.250482E+01 -0.101497E-01 -0.358179E+00  0.000000E+00  0.000000E+00  0.000000E+00  0.000000E+00
  0.224466E+01  0.301883E+00 -0.944846E-02  0.000000E+00  0.000000E+00  0.000000E+00  0.000000E+00
  0.165238E+01  0.555471E-02 -0.171713E+00  0.000000E+00  0.000000E+00  0.000000E+00  0.000000E+00
  0.202425E+01 -0.903360E-02 -0.252002E+00  0.000000E+00  0.000000E+00  0.000000E+00  0.000000E+00
  0.242378E+01  0.170410E-01 -0.271760E+00  0.000000E+00  0.000000E+00  0.000000E+00  0.000000E+00
  0.274148E+01  0.451846E+00 -0.119591E-03  0.000000E+00  0.000000E+00  0.000000E+00  0.000000E+00
  0.235277E+01  0.125979E-01 -0.305282E+00  0.000000E+00  0.000000E+00  0.000000E+00  0.000000E+00
  0.283608E+01 -0.132487E-01 -0.403493E+00  0.000000E+00  0.000000E+00  0.000000E+00  0.000000E+00
  0.201239E+01 -0.434386E-03 -0.267220E+00  0.000000E+00  0.000000E+00  0.000000E+00  0.000000E+00
  0.228068E+01 -0.320799E+00 -0.724579E-02  0.000000E+00  0.000000E+00  0.000000E+00  0.000000E+00
  0.184664E+01 -0.729830E-02 -0.215482E+00  0.000000E+00  0.000000E+00  0.000000E+00  0.000000E+00
  0.264664E+01 -0.420421E+00 -0.463524E-02  0.000000E+00  0.000000E+00  0.000000E+00  0.000000E+00
  0.230690E+01 -0.341800E+00 -0.294906E-03  0.000000E+00  0.000000E+00  0.000000E+00  0.000000E+00
  0.179879E+01 -0.208785E+00 -0.505211E-02  0.000000E+00  0.000000E+00  0.000000E+00  0.000000E+00
  0.167874E+01 -0.181021E+00 -0.346836E-02  0.000000E+00  0.000000E+00  0.000000E+00  0.000000E+00
  0.162455E+01 -0.764064E-03 -0.168990E+00  0.000000E+00  0.000000E+00  0.000000E+00  0.000000E+00
  0.275437E+01  0.228162E-02 -0.453215E+00  0.000000E+00  0.000000E+00  0.000000E+00  0.000000E+00
  0.170969E+01 -0.592243E-02 -0.185197E+00  0.000000E+00  0.000000E+00  0.000000E+00  0.000000E+00
  0.191855E+01 -0.195852E+00 -0.148552E-01  0.000000E+00  0.000000E+00  0.000000E+00  0.000000E+00
  0.215440E+01 -0.247244E+00 -0.144722E-01  0.000000E+00  0.000000E+00  0.000000E+00  0.000000E+00
  0.173387E+01 -0.921916E-02 -0.182880E+00  0.000000E+00  0.000000E+00  0.000000E+00  0.000000E+00
  0.256898E+01 -0.303261E+00 -0.167333E-01  0.000000E+00  0.000000E+00  0.000000E+00  0.000000E+00
  0.267494E+01  0.101909E-01 -0.397222E+00  0.000000E+00  0.000000E+00  0.000000E+00  0.000000E+00
  0.233636E+01 -0.267394E+00 -0.160844E-01  0.000000E+00  0.000000E+00  0.000000E+00  0.000000E+00
  0.243747E+01 -0.277791E-02 -0.372561E+00  0.000000E+00  0.000000E+00  0.000000E+00  0.000000E+00
  0.224686E+01  0.637202E-02 -0.315837E+00  0.000000E+00  0.000000E+00  0.000000E+00  0.000000E+00
  0.283247E+01  0.332646E+00 -0.178420E-01  0.000000E+00  0.000000E+00  0.000000E+00  0.000000E+00
  0.246214E+01  0.174283E-01 -0.273246E+00  0.000000E+00  0.000000E+00  0.000000E+00  0.000000E+00
  0.193765E+01 -0.150467E-01 -0.198322E+00  0.000000E+00  0.000000E+00  0.000000E+00  0.000000E+00
  0.198393E+01 -0.259999E+00 -0.518453E-03  0.000000E+00  0.000000E+00  0.000000E+00  0.000000E+00
  0.222013E+01 -0.388871E-02 -0.315963E+00  0.000000E+00  0.000000E+00  0.000000E+00  0.000000E+00
  0.262442E+01  0.353372E+00 -0.136820E-01  0.000000E+00  0.000000E+00  0.000000E+00  0.000000E+00
  0.241427E+01  0.365523E+00 -0.342817E-02  0.000000E+00  0.000000E+00  0.000000E+00  0.000000E+00
  0.272890E+01 -0.404031E-02 -0.442768E+00  0.000000E+00  0.000000E+00  0.000000E+00  0.000000E+00
  0.248518E+01  0.122034E-01 -0.337728E+00  0.000000E+00  0.000000E+00  0.000000E+00  0.000000E+00
  0.281239E+01 -0.343624E+00 -0.170482E-01  0.000000E+00  0.000000E+00  0.000000E+00  0.000000E+00
  0.258928E+01 -0.182979E-01 -0.281632E+00  0.000000E+00  0.000000E+00  0.000000E+00  0.000000E+00
  0.241351E+01  0.324184E+00 -0.119212E-01  0.000000E+00  0.000000E+00  0.000000E+00  0.000000E+00
  0.209440E+01  0.284270E+00 -0.402321E-02  0.000000E+00  0.000000E+00  0.000000E+00  0.000000E+00
  0.193509E+01 -0.242445E+00 -0.511790E-02  0.000000E+00  0.000000E+00  0.000000E+00  0.000000E+00
  0.265089E+01 -0.205355E-02 -0.427465E+00  0.000000E+00  0.000000E+00  0.000000E+00  0.000000E+00
  0.188056E+01  0.144708E-01 -0.190720E+00  0.000000E+00  0.000000E+00  0.000000E+00  0.000000E+00
  0.201396E+01  0.226278E+00 -0.133533E-01  0.000000E+00  0.000000E+00  0.000000E+00  0.000000E+00
  0.178599E+01 -0.209900E+00 -0.499876E-03  0.000000E+00  0.000000E+00  0.000000E+00  0.000000E+00
  0.165270E+01  0.611058E-02 -0.170852E+00  0.000000E+00  0.000000E+00  0.000000E+00  0.000000E+00
  0.267778E+01  0.344339E+00 -0.153189E-01  0.000000E+00  0.000000E+00  0.000000E+00  0.000000E+00
  0.219033E+01  0.217449E+00 -0.179447E-01  0.000000E+00  0.000000E+00  0.000000E+00  0.000000E+00
  0.221834E+01  0.181692E-01 -0.219394E+00  0.000000E+00  0.000000E+00  0.000000E+00  0.000000E+00
  0.264012E+01  0.213103E-02 -0.424637E+00  0.000000E+00  0.000000E+00  0.000000E+00  0.000000E+00
  0.271767E+01 -0.122603E-01 -0.388530E+00  0.000000E+00  0.000000E+00  0.000000E+00  0.000000E+00
  0.240123E+01  0.361025E+00 -0.398772E-02  0.000000E+00  0.000000E+00  0.000000E+00  0.000000E+00
  0.227287E+01 -0.277222E+00 -0.138703E-01  0.000000E+00  0.000000E+00  0.000000E+00  0.000000E+00
  0.243768E+01  0.171915E-01 -0.272215E+00  0.000000E+00  0.000000E+00  0.000000E+00  0.000000E+00
  0.243641E+01  0.172534E-01 -0.271100E+00  0.000000E+00  0.000000E+00  0.000000E+00  0.000000E+00
  0.244181E+01 -0.868735E-02 -0.352550E+00  0.000000E+00  0.000000E+00  0.000000E+00  0.000000E+00
  0.219995E+01  0.307351E+00 -0.538740E-02  0.000000E+00  0.000000E+00  0.000000E+00  0.000000E+00
  0.247307E+01  0.125943E-01 -0.331622E+00  0.000000E+00  0.000000E+00  0.000000E+00  0.000000E+00
  0.218033E+01  0.162400E-01 -0.235518E+00  0.000000E+00  0.000000E+00  0.000000E+00  0.000000E+00
  0.220176E+01 -0.350423E-02 -0.312095E+00  0.000000E+00  0.000000E+00  0.000000E+00  0.000000E+00
  0.244148E+01  0.292407E+00 -0.157100E-01  0.000000E+00  0.000000E+00  0.000000E+00  0.000000E+00
  0.265625E+01  0.262547E+00 -0.198064E-01  0.000000E+00  0.000000E+00  0.000000E+00  0.000000E+00
  0.259604E+01  0.409976E+00 -0.388935E-02  0.000000E+00  0.000000E+00  0.000000E+00  0.000000E+00
  0.248499E+01 -0.268677E+00 -0.179895E-01  0.000000E+00  0.000000E+00  0.000000E+00  0.000000E+00
  0.232177E+01 -0.170650E-01 -0.252555E+00  0.000000E+00  0.000000E+00  0.000000E+00  0.000000E+00
  0.191980E+01 -0.201854E+00 -0.140226E-01  0.000000E+00  0.000000E+00  0.000000E+00  0.000000E+00
  0.173025E+01  0.498492E-02 -0.191897E+00  0.000000E+00  0.000000E+00  0.000000E+00  0.000000E+00
  0.199182E+01  0.217669E+00 -0.139207E-01  0.000000E+00  0.000000E+00  0.000000E+00  0.000000E+00
  0.214758E+01 -0.254890E+00 -0.133519E-01  0.000000E+00  0.000000E+00  0.000000E+00  0.000000E+00
  0.272309E+01 -0.444557E+00 -0.271128E-02  0.000000E+00  0.000000E+00  0.000000E+00  0.000000E+00
  0.242913E+01 -0.107927E-01 -0.336245E+00  0.000000E+00  0.000000E+00  0.000000E+00  0.000000E+00
  0.236124E+01 -0.153343E-01 -0.280836E+00  0.000000E+00  0.000000E+00  0.000000E+00  0.000000E+00
  0.238303E+01 -0.361095E+00 -0.131231E-03  0.000000E+00  0.000000E+00  0.000000E+00  0.000000E+00
  0.275424E+01 -0.454120E+00 -0.162393E-02  0.000000E+00  0.000000E+00  0.000000E+00  0.000000E+00
  0.266177E+01 -0.134418E-01 -0.363965E+00  0.000000E+00  0.000000E+00  0.000000E+00  0.000000E+00
  0.181511E+01 -0.637963E-02 -0.210119E+00  0.000000E+00  0.000000E+00  0.000000E+00  0.000000E+00
  0.263282E+01  0.374138E+00 -0.117955E-01  0.000000E+00  0.000000E+00  0.000000E+00  0.000000E+00
  0.184525E+01  0.195099E+00 -0.124439E-01  0.000000E+00  0.000000E+00  0.000000E+00  0.000000E+00
  0.264394E+01 -0.133530E-01 -0.361122E+00  0.000000E+00  0.000000E+00  0.000000E+00  0.000000E+00
  0.257104E+01 -0.272759E+00 -0.186178E-01  0.000000E+00  0.000000E+00  0.000000E+00  0.000000E+00
  0.214731E+01  0.176140E-01 -0.213901E+00  0.000000E+00  0.000000E+00  0.000000E+00  0.000000E+00
  0.174870E+01 -0.196545E+00 -0.494104E-02  0.000000E+00  0.000000E+00  0.000000E+00  0.000000E+00
  0.254521E+01  0.284706E+00 -0.176567E-01  0.000000E+00  0.000000E+00  0.000000E+00  0.000000E+00
  0.222270E+01  0.318031E+00 -0.310107E-02  0.000000E+00  0.000000E+00  0.000000E+00  0.000000E+00
  0.229260E+01  0.267709E+00 -0.152774E-01  0.000000E+00  0.000000E+00  0.000000E+00  0.000000E+00
  0.264313E+01 -0.161406E-01 -0.326044E+00  0.000000E+00  0.000000E+00  0.000000E+00  0.000000E+00
  0.281032E+01 -0.182987E-01 -0.319749E+00  0.000000E+00  0.000000E+00  0.000000E+00  0.000000E+00
  0.258266E+01  0.282320E+00 -0.181938E-01  0.000000E+00  0.000000E+00  0.000000E+00  0.000000E+00
  0.183828E+01 -0.120750E-01 -0.195423E+00  0.000000E+00  0.000000E+00  0.000000E+00  0.000000E+00
  0.263531E+01  0.155465E-01 -0.332807E+00  0.000000E+00  0.000000E+00  0.000000E+00  0.000000E+00
  0.170841E+01 -0.189810E+00 -0.179183E-02  0.000000E+00  0.000000E+00  0.000000E+00  0.000000E+00
  0.221345E+01  0.393932E-02 -0.314190E+00  0.000000E+00  0.000000E+00  0.000000E+00  0.000000E+00
  0.203971E+01  0.254217E+00 -0.936458E-02  0.000000E+00  0.000000E+00  0.000000E+00  0.000000E+00
  0.190246E+01  0.194792E+00 -0.145366E-01  0.000000E+00  0.000000E+00  0.000000E+00  0.000000E+00
  0.270128E+01 -0.134442E-01 -0.372370E+00  0.000000E+00  0.000000E+00  0.000000E+00  0.000000E+00
  0.248852E+01  0.143754E-02 -0.387164E+00  0.000000E+00  0.000000E+00  0.000000E+00  0.000000E+00
  0.218236E+01 -0.306090E+00 -0.410072E-02  0.000000E+00  0.000000E+00  0.000000E+00  0.000000E+00
  0.268214E+01  0.396357E+00 -0.105090E-01  0.000000E+00  0.000000E+00  0.000000E+00  0.000000E+00
  0.261571E+01  0.157355E-01 -0.326373E+00  0.000000E+00  0.000000E+00  0.000000E+00  0.000000E+00
  0.176391E+01  0.203438E+00 -0.236118E-02  0.000000E+00  0.000000E+00  0.000000E+00  0.000000E+00
  0.222650E+01 -0.304798E+00 -0.794623E-02  0.000000E+00  0.000000E+00  0.000000E+00  0.000000E+00
  0.224376E+01 -0.801834E-02 -0.308624E+00  0.000000E+00  0.000000E+00  0.000000E+00  0.000000E+00
  0.277721E+01 -0.453914E+00 -0.433500E-02  0.000000E+00  0.000000E+00  0.000000E+00  0.000000E+00
  0.284082E+01  0.701566E-01 -0.980567E-01  0.000000E+00  0.000000E+00  0.000000E+00  0.000000E+00
  0.284082E+01 -0.555777E-01 -0.104046E+00  0.000000E+00  0.000000E+00  0.000000E+00  0.000000E+00
  0.284082E+01 -0.107215E+00  0.189790E+00  0.000000E+00  0.000000E+00  0.000000E+00  0.000000E+00
  0.284082E+01 -0.131970E-01  0.117050E+00  0.000000E+00  0.000000E+00  0.000000E+00  0.000000E+00
  0.284082E+01 -0.270998E-03  0.232437E+00  0.000000E+00  0.000000E+00  0.000000E+00  0.000000E+00
  0.284082E+01 -0.529849E-02 -0.298856E-02  0.000000E+00  0.000000E+00  0.000000E+00  0.000000E+00
  0.284082E+01 -0.575484E-01  0.181428E+00  0.000000E+00  0.000000E+00  0.000000E+00  0.000000E+00
  0.284082E+01  0.597158E-01 -0.338978E-01  0.000000E+00  0.000000E+00  0.000000E+00  0.000000E+00
  0.284082E+01  0.155942E-01 -0.552367E-01  0.000000E+00  0.000000E+00  0.000000E+00  0.000000E+00
  0.284082E+01 -0.108868E+00 -0.537522E-01  0.000000E+00  0.000000E+00  0.000000E+00  0.000000E+00
  0.284082E+01 -0.557332E-02 -0.105431E-01  0.000000E+00  0.000000E+00  0.000000E+00  0.000000E+00
  0.284082E+01  0.188364E+00 -0.111258E+00  0.000000E+00  0.000000E+00  0.000000E+00  0.000000E+00
  0.284082E+01 -0.789043E-01 -0.771143E-01  0.000000E+00  0.000000E+00  0.000000E+00  0.000000E+00
  0.284082E+01  0.153406E+00  0.192429E+00  0.000000E+00  0.000000E+00  0.000000E+00  0.000000E+00
  0.284082E+01 -0.125573E-01  0.155866E+00  0.000000E+00  0.000000E+00  0.000000E+00  0.000000E+00
  0.284082E+01  0.746725E-01  0.297367E-01  0.000000E+00  0.000000E+00  0.000000E+00  0.000000E+00
  0.284082E+01 -0.685591E-02 -0.109705E+00  0.000000E+00  0.000000E+00  0.000000E+00  0.000000E+00
  0.284082E+01 -0.386160E-02 -0.746284E-02  0.000000E+00  0.000000E+00  0.000000E+00  0.000000E+00
  0.284082E+01  0.122398E+00  0.773107E-01  0.000000E+00  0.000000E+00  0.000000E+00  0.000000E+00
  0.284082E+01  0.938666E-01  0.416025E-01  0.000000E+00  0.000000E+00  0.000000E+00  0.000000E+00
  0.284082E+01 -0.133418E+00  0.345306E-01  0.000000E+00  0.000000E+00  0.000000E+00  0.000000E+00
  0.284082E+01 -0.579675E-01  0.504687E-01  0.000000E+00  0.000000E+00  0.000000E+00  0.000000E+00
  0.284082E+01  0.886962E-01  0.162282E+00  0.000000E+00  0.000000E+00  0.000000E+00  0.000000E+00
  0.284082E+01 -0.645727E-01  0.111467E+00  0.000000E+00  0.000000E+00  0.000000E+00  0.000000E+00
  0.284082E+01 -0.115772E+00 -0.313965E-01  0.000000E+00  0.000000E+00  0.000000E+00  0.000000E+00
  0.284082E+01  0.425503E-01 -0.679309E-01  0.000000E+00  0.000000E+00  0.000000E+00  0.000000E+00
  0.284082E+01 -0.846996E-01  0.109210E-01  0.000000E+00  0.000000E+00  0.000000E+00  0.000000E+00
  0.284082E+01  0.215703E+00  0.101477E+00  0.000000E+00  0.000000E+00  0.000000E+00  0.000000E+00
  0.284082E+01 -0.107884E-01 -0.761167E-01  0.000000E+00  0.000000E+00  0.000000E+00  0.000000E+00
  0.284082E+01 -0.751904E-02  0.954238E-01  0.000000E+00  0.000000E+00  0.000000E+00  0.000000E+00
  0.284082E+01  0.252546E-01 -0.231824E+00  0.000000E+00  0.000000E+00  0.000000E+00  0.000000E+00
  0.284082E+01 -0.615071E-01 -0.950844E-02  0.000000E+00  0.000000E+00  0.000000E+00  0.000000E+00
  0.284082E+01  0.478035E-01 -0.128276E+00  0.000000E+00  0.000000E+00  0.000000E+00  0.000000E+00
  0.284082E+01 -0.274487E-01 -0.102931E+00  0.000000E+00  0.000000E+00  0.000000E+00  0.000000E+00
  0.284082E+01 -0.710478E-02 -0.226026E+00  0.000000E+00  0.000000E+00  0.000000E+00  0.000000E+00
  0.284082E+01 -0.124140E-01 -0.523574E-02  0.000000E+00  0.000000E+00  0.000000E+00  0.000000E+00
  0.284082E+01 -0.497553E-01  0.208794E-01  0.000000E+00  0.000000E+00  0.000000E+00  0.000000E+00
  0.284082E+01 -0.134165E-01 -0.640880E-01  0.000000E+00  0.000000E+00  0.000000E+00  0.000000E+00
  0.284082E+01  0.462383E-01  0.111069E-01  0.000000E+00  0.000000E+00  0.000000E+00  0.000000E+00
  0.284082E+01 -0.152610E+00 -0.140688E-01  0.000000E+00  0.000000E+00  0.000000E+00  0.000000E+00
  0.284082E+01 -0.577398E-01  0.198341E+00  0.000000E+00  0.000000E+00  0.000000E+00  0.000000E+00
  0.284082E+01  0.373641E-01  0.324618E-01  0.000000E+00  0.000000E+00  0.000000E+00  0.000000E+00
  0.284082E+01  0.391247E-01  0.775890E-01  0.000000E+00  0.000000E+00  0.000000E+00  0.000000E+00
  0.284082E+01 -0.421318E-01  0.832807E-01  0.000000E+00  0.000000E+00  0.000000E+00  0.000000E+00
  0.284082E+01 -0.983297E-01 -0.208274E+00  0.000000E+00  0.000000E+00  0.000000E+00  0.000000E+00
  0.284082E+01  0.967775E-01  0.827419E-01  0.000000E+00  0.000000E+00  0.000000E+00  0.000000E+00
  0.284082E+01  0.749204E-01  0.104152E+00  0.000000E+00  0.000000E+00  0.000000E+00  0.000000E+00
  0.284082E+01  0.111050E+00 -0.649723E-01  0.000000E+00  0.000000E+00  0.000000E+00  0.000000E+00
  0.284082E+01  0.194085E+00  0.865641E-01  0.000000E+00  0.000000E+00  0.000000E+00  0.000000E+00
  0.284082E+01  0.645703E-01 -0.223695E+00  0.000000E+00  0.000000E+00  0.000000E+00  0.000000E+00
  0.284082E+01  0.100802E+00 -0.107170E-01  0.000000E+00  0.000000E+00  0.000000E+00  0.000000E+00
  0.284082E+01  0.856487E-02  0.222715E-02  0.000000E+00  0.000000E+00  0.000000E+00  0.000000E+00
  0.284082E+01 -0.835121E-01  0.190577E-01  0.000000E+00  0.000000E+00  0.000000E+00  0.000000E+00
  0.284082E+01  0.480243E-01 -0.105911E+00  0.000000E+00  0.000000E+00  0.000000E+00  0.000000E+00
  0.284082E+01  0.272995E-01  0.138645E-01  0.000000E+00  0.000000E+00  0.000000E+00  0.000000E+00
  0.284082E+01  0.364958E-01  0.246366E+00  0.000000E+00  0.000000E+00  0.000000E+00  0.000000E+00
  0.284082E+01 -0.286630E-01 -0.403180E-01  0.000000E+00  0.000000E+00  0.000000E+00  0.000000E+00
  0.284082E+01 -0.111943E+00  0.457081E-01  0.000000E+00  0.000000E+00  0.000000E+00  0.000000E+00
  0.284082E+01  0.622998E-01  0.192307E+00  0.000000E+00  0.000000E+00  0.000000E+00  0.000000E+00
  0.284082E+01  0.106757E-01 -0.265077E-01  0.000000E+00  0.000000E+00  0.000000E+00  0.000000E+00
  0.284082E+01 -0.187173E+00  0.754433E-01  0.000000E+00  0.000000E+00  0.000000E+00  0.000000E+00
  0.284082E+01  0.678717E-01 -0.185863E+00  0.000000E+00  0.000000E+00  0.000000E+00  0.000000E+00
  0.284082E+01  0.771178E-01  0.283226E-01  0.000000E+00  0.000000E+00  0.000000E+00  0.000000E+00
  0.284082E+01 -0.111594E+00 -0.859048E-01  0.000000E+00  0.000000E+00  0.000000E+00  0.000000E+00
  0.284082E+01  0.115806E+00 -0.157755E-01  0.000000E+00  0.000000E+00  0.000000E+00  0.000000E+00
  0.284082E+01  0.829220E-01  0.125916E+00  0.000000E+00  0.000000E+00  0.000000E+00  0.000000E+00
  0.284082E+01 -0.719500E-01 -0.125618E+00  0.000000E+00  0.000000E+00  0.000000E+00  0.000000E+00
  0.284082E+01 -0.351834E-01  0.130722E-01  0.000000E+00  0.000000E+00  0.000000E+00  0.000000E+00
  0.284082E+01 -0.225555E-01  0.100743E+00  0.000000E+00  0.000000E+00  0.000000E+00  0.000000E+00
  0.284082E+01  0.544639E-01  0.775981E-01  0.000000E+00  0.000000E+00  0.000000E+00  0.000000E+00
  0.284082E+01 -0.194284E+00 -0.131899E+00  0.000000E+00  0.000000E+00  0.000000E+00  0.000000E+00
  0.284082E+01 -0.218318E+00 -0.710619E-01  0.000000E+00  0.000000E+00  0.000000E+00  0.000000E+00
  0.284082E+01  0.107562E+00  0.624913E-01  0.000000E+00  0.000000E+00  0.000000E+00  0.000000E+00
  0.284082E+01 -0.100042E+00  0.163999E+00  0.000000E+00  0.000000E+00  0.000000E+00  0.000000E+00
  0.284082E+01 -0.100256E-01 -0.542423E-01  0.000000E+00  0.000000E+00  0.000000E+00  0.000000E+00
  0.284082E+01 -0.315480E-01 -0.414244E-01  0.000000E+00  0.000000E+00  0.000000E+00  0.000000E+00
  0.284082E+01 -0.102529E+00  0.207735E+00  0.000000E+00  0.000000E+00  0.000000E+00  0.000000E+00
  0.284082E+01  0.653235E-02 -0.210451E-01  0.000000E+00  0.000000E+00  0.000000E+00  0.000000E+00
  0.284082E+01 -0.100615E+00 -0.184981E-01  0.000000E+00  0.000000E+00  0.000000E+00  0.000000E+00
  0.284082E+01 -0.101147E+00 -0.935296E-01  0.000000E+00  0.000000E+00  0.000000E+00  0.000000E+00
  0.284082E+01 -0.735731E-02 -0.163254E+00  0.000000E+00  0.000000E+00  0.000000E+00  0.000000E+00
  0.284082E+01  0.170392E+00 -0.232200E-01  0.000000E+00  0.000000E+00  0.000000E+00  0.000000E+00
  0.284082E+01  0.170020E+00  0.106851E+00  0.000000E+00  0.000000E+00  0.000000E+00  0.000000E+00
  0.284082E+01 -0.135520E+00 -0.175631E+00  0.000000E+00  0.000000E+00  0.000000E+00  0.000000E+00
  0.284082E+01 -0.739628E-01 -0.210118E+00  0.000000E+00  0.000000E+00  0.000000E+00  0.000000E+00
  0.284082E+01 -0.122876E-01  0.266684E-01  0.000000E+00  0.000000E+00  0.000000E+00  0.000000E+00
  0.284082E+01 -0.190032E+00  0.126010E+00  0.000000E+00  0.000000E+00  0.000000E+00  0.000000E+00
  0.284082E+01 -0.572860E-01  0.104563E+00  0.000000E+00  0.000000E+00  0.000000E+00  0.000000E+00
  0.284082E+01  0.119355E-01  0.126520E+00  0.000000E+00  0.000000E+00  0.000000E+00  0.000000E+00
  0.284082E+01  0.138103E+00  0.903641E-01  0.000000E+00  0.000000E+00  0.000000E+00  0.000000E+00
  0.284082E+01  0.330837E-02  0.561227E-02  0.000000E+00  0.000000E+00  0.000000E+00  0.000000E+00
  0.284082E+01 -0.447657E-01 -0.154026E-01  0.000000E+00  0.000000E+00  0.000000E+00  0.000000E+00
  0.284082E+01 -0.214148E+00 -0.124479E+00  0.000000E+00  0.000000E+00  0.000000E+00  0.000000E+00
  0.284082E+01 -0.423524E-01  0.495948E-01  0.000000E+00  0.000000E+00  0.000000E+00  0.000000E+00
  0.284082E+01 -0.958546E-01 -0.272440E-01  0.000000E+00  0.000000E+00  0.000000E+00  0.000000E+00
  0.284082E+01 -0.587846E-01 -0.168317E+00  0.000000E+00  0.000000E+00  0.000000E+00  0.000000E+00
  0.284082E+01 -0.319841E-01 -0.563950E-02  0.000000E+00  0.000000E+00  0.000000E+00  0.000000E+00
  0.284082E+01 -0.372891E-01  0.164404E-01  0.000000E+00  0.000000E+00  0.000000E+00  0.000000E+00
  0.284082E+01  0.166146E+00 -0.177548E+00  0.000000E+00  0.000000E+00  0.000000E+00  0.000000E+00
  0.284082E+01 -0.832290E-01  0.230349E+00  0.000000E+00  0.000000E+00  0.000000E+00  0.000000E+00
