  0.276132E+01 -0.307613E+00  0.184843E-01  0.000000E+00  0.000000E+00  0.000000E+00  0.000000E+00
  0.264588E+01 -0.369942E+00  0.125415E-01  0.000000E+00  0.000000E+00  0.000000E+00  0.000000E+00
  0.278754E+01  0.277241E+00  0.200349E-01  0.000000E+00  0.000000E+00  0.000000E+00  0.000000E+00
  0.209476E+01 -0.110047E-01 -0.258700E+00  0.000000E+00  0.000000E+00  0.000000E+00  0.000000E+00
  0.225165E+01 -0.230596E+00  0.177702E-01  0.000000E+00  0.000000E+00  0.000000E+00  0.000000E+00
  0.209006E+01 -0.275993E+00  0.683526E-02  0.000000E+00  0.000000E+00  0.000000E+00  0.000000E+00
  0.205871E+01 -0.100064E-01 -0.255665E+00  0.000000E+00  0.000000E+00  0.000000E+00  0.000000E+00
  0.238877E+01 -0.157876E-01  0.281112E+00  0.000000E+00  0.000000E+00  0.000000E+00  0.000000E+00
  0.268839E+01  0.107775E-01  0.395579E+00  0.000000E+00  0.000000E+00  0.000000E+00  0.000000E+00
  0.162578E+01  0.214551E-02  0.168755E+00  0.000000E+00  0.000000E+00  0.000000E+00  0.000000E+00
  0.260506E+01  0.346421E+00  0.139395E-01  0.000000E+00  0.000000E+00  0.000000E+00  0.000000E+00
  0.210404E+01 -0.783687E-02  0.275825E+00  0.000000E+00  0.000000E+00  0.000000E+00  0.000000E+00
  0.177476E+01 -0.198063E+00 -0.730437E-02  0.000000E+00  0.000000E+00  0.000000E+00  0.000000E+00
  0.230684E+01 -0.340609E+00  0.209327E-02  0.000000E+00  0.000000E+00  0.000000E+00  0.000000E+00
  0.198349E+01 -0.162449E-01  0.197586E+00  0.000000E+00  0.000000E+00  0.000000E+00  0.000000E+00
  0.171197E+01  0.181444E+00 -0.788474E-02  0.000000E+00  0.000000E+00  0.000000E+00  0.000000E+00
  0.234412E+01 -0.169386E-01  0.258337E+00  0.000000E+00  0.000000E+00  0.000000E+00  0.000000E+00
  0.238150E+01  0.164455E-01 -0.271680E+00  0.000000E+00  0.000000E+00  0.000000E+00  0.000000E+00
  0.188929E+01  0.753663E-03  0.235989E+00  0.000000E+00  0.000000E+00  0.000000E+00  0.000000E+00
  0.227932E+01  0.111999E-01  0.299361E+00  0.000000E+00  0.000000E+00  0.000000E+00  0.000000E+00
  0.227044E+01 -0.160242E-01  0.255288E+00  0.000000E+00  0.000000E+00  0.000000E+00  0.000000E+00
  0.196930E+01 -0.226075E+00  0.117862E-01  0.000000E+00  0.000000E+00  0.000000E+00  0.000000E+00
  0.235866E+01  0.837346E-02 -0.334428E+00  0.000000E+00  0.000000E+00  0.000000E+00  0.000000E+00
  0.258977E+01  0.146529E-01 -0.334981E+00  0.000000E+00  0.000000E+00  0.000000E+00  0.000000E+00
  0.183080E+01  0.856457E-02 -0.207897E+00  0.000000E+00  0.000000E+00  0.000000E+00  0.000000E+00
  0.220353E+01  0.304871E+00  0.647879E-02  0.000000E+00  0.000000E+00  0.000000E+00  0.000000E+00
  0.240198E+01 -0.283218E+00 -0.158285E-01  0.000000E+00  0.000000E+00  0.000000E+00  0.000000E+00
  0.214475E+01 -0.181819E-02 -0.299976E+00  0.000000E+00  0.000000E+00  0.000000E+00  0.000000E+00
  0.170240E+01  0.179872E+00 -0.758813E-02  0.000000E+00  0.000000E+00  0.000000E+00  0.000000E+00
  0.263334E+01 -0.326102E+00  0.160036E-01  0.000000E+00  0.000000E+00  0.000000E+00  0.000000E+00
  0.227530E+01  0.240361E+00  0.173488E-01  0.000000E+00  0.000000E+00  0.000000E+00  0.000000E+00
  0.214313E+01 -0.147157E-01  0.242813E+00  0.000000E+00  0.000000E+00  0.000000E+00  0.000000E+00
  0.236135E+01  0.237110E+00  0.186316E-01  0.000000E+00  0.000000E+00  0.000000E+00  0.000000E+00
  0.252209E+01  0.135140E-01 -0.333415E+00  0.000000E+00  0.000000E+00  0.000000E+00  0.000000E+00
  0.172225E+01 -0.757003E-02  0.184706E+00  0.000000E+00  0.000000E+00  0.000000E+00  0.000000E+00
  0.167644E+01  0.180249E+00 -0.365456E-02  0.000000E+00  0.000000E+00  0.000000E+00  0.000000E+00
  0.237252E+01  0.339173E+00  0.808586E-02  0.000000E+00  0.000000E+00  0.000000E+00  0.000000E+00
  0.230202E+01 -0.280008E+00 -0.142326E-01  0.000000E+00  0.000000E+00  0.000000E+00  0.000000E+00
  0.212331E+01  0.272983E+00  0.954246E-02  0.000000E+00  0.000000E+00  0.000000E+00  0.000000E+00
  0.237914E+01  0.113405E-01 -0.320933E+00  0.000000E+00  0.000000E+00  0.000000E+00  0.000000E+00
  0.231738E+01  0.769834E-03 -0.344315E+00  0.000000E+00  0.000000E+00  0.000000E+00  0.000000E+00
  0.249157E+01 -0.169579E-01  0.285515E+00  0.000000E+00  0.000000E+00  0.000000E+00  0.000000E+00
  0.217000E+01 -0.737740E-02 -0.293486E+00  0.000000E+00  0.000000E+00  0.000000E+00  0.000000E+00
  0.263720E+01 -0.776913E-03  0.425244E+00  0.000000E+00  0.000000E+00  0.000000E+00  0.000000E+00
  0.220624E+01  0.118020E-01  0.278872E+00  0.000000E+00  0.000000E+00  0.000000E+00  0.000000E+00
  0.177366E+01  0.191938E+00 -0.931222E-02  0.000000E+00  0.000000E+00  0.000000E+00  0.000000E+00
  0.171084E+01 -0.483854E-02 -0.187307E+00  0.000000E+00  0.000000E+00  0.000000E+00  0.000000E+00
  0.265867E+01 -0.147488E-01  0.347912E+00  0.000000E+00  0.000000E+00  0.000000E+00  0.000000E+00
  0.216052E+01 -0.241306E+00 -0.152703E-01  0.000000E+00  0.000000E+00  0.000000E+00  0.000000E+00
  0.198991E+01 -0.248957E+00  0.767002E-02  0.000000E+00  0.000000E+00  0.000000E+00  0.000000E+00
  0.273223E+01  0.173922E-01  0.322902E+00  0.000000E+00  0.000000E+00  0.000000E+00  0.000000E+00
  0.258845E+01 -0.157262E-01 -0.321135E+00  0.000000E+00  0.000000E+00  0.000000E+00  0.000000E+00
  0.232629E+01 -0.236374E+00  0.182904E-01  0.000000E+00  0.000000E+00  0.000000E+00  0.000000E+00
  0.279318E+01 -0.461741E+00  0.292718E-02  0.000000E+00  0.000000E+00  0.000000E+00  0.000000E+00
  0.193367E+01  0.213704E+00  0.125857E-01  0.000000E+00  0.000000E+00  0.000000E+00  0.000000E+00
  0.229732E+01  0.269432E+00  0.152028E-01  0.000000E+00  0.000000E+00  0.000000E+00  0.000000E+00
  0.236511E+01  0.138654E-01 -0.296698E+00  0.000000E+00  0.000000E+00  0.000000E+00  0.000000E+00
  0.280549E+01  0.338542E-02  0.463744E+00  0.000000E+00  0.000000E+00  0.000000E+00  0.000000E+00
  0.279971E+01 -0.781025E-02  0.443240E+00  0.000000E+00  0.000000E+00  0.000000E+00  0.000000E+00
  0.239256E+01  0.272230E+00  0.165674E-01  0.000000E+00  0.000000E+00  0.000000E+00  0.000000E+00
  0.238986E+01  0.184414E-01  0.244974E+00  0.000000E+00  0.000000E+00  0.000000E+00  0.000000E+00
  0.226745E+01 -0.950464E-02 -0.306920E+00  0.000000E+00  0.000000E+00  0.000000E+00  0.000000E+00
  0.282604E+01  0.456656E-02  0.465296E+00  0.000000E+00  0.000000E+00  0.000000E+00  0.000000E+00
  0.263362E+01 -0.364116E+00  0.128552E-01  0.000000E+00  0.000000E+00  0.000000E+00  0.000000E+00
  0.177793E+01 -0.268298E-02 -0.206701E+00  0.000000E+00  0.000000E+00  0.000000E+00  0.000000E+00
  0.224681E+01 -0.234217E+00  0.174239E-01  0.000000E+00  0.000000E+00  0.000000E+00  0.000000E+00
  0.200650E+01 -0.631812E-02 -0.257142E+00  0.000000E+00  0.000000E+00  0.000000E+00  0.000000E+00
  0.198314E+01 -0.220601E+00  0.132125E-01  0.000000E+00  0.000000E+00  0.000000E+00  0.000000E+00
  0.253106E+01  0.164465E-01 -0.300184E+00  0.000000E+00  0.000000E+00  0.000000E+00  0.000000E+00
  0.271661E+01 -0.105218E-01  0.404170E+00  0.000000E+00  0.000000E+00  0.000000E+00  0.000000E+00
  0.214308E+01  0.287884E+00 -0.712751E-02  0.000000E+00  0.000000E+00  0.000000E+00  0.000000E+00
  0.179284E+01  0.241283E-02 -0.210688E+00  0.000000E+00  0.000000E+00  0.000000E+00  0.000000E+00
  0.178910E+01 -0.186021E+00  0.117460E-01  0.000000E+00  0.000000E+00  0.000000E+00  0.000000E+00
  0.252767E+01 -0.307598E+00 -0.158477E-01  0.000000E+00  0.000000E+00  0.000000E+00  0.000000E+00
  0.199866E+01  0.263336E+00  0.145650E-02  0.000000E+00  0.000000E+00  0.000000E+00  0.000000E+00
  0.206712E+01  0.263939E+00 -0.860532E-02  0.000000E+00  0.000000E+00  0.000000E+00  0.000000E+00
  0.261854E+01  0.193712E-01  0.265960E+00  0.000000E+00  0.000000E+00  0.000000E+00  0.000000E+00
  0.256540E+01 -0.176176E-01  0.288960E+00  0.000000E+00  0.000000E+00  0.000000E+00  0.000000E+00
  0.205327E+01 -0.263031E+00 -0.799538E-02  0.000000E+00  0.000000E+00  0.000000E+00  0.000000E+00
  0.242040E+01 -0.306923E+00  0.140084E-01  0.000000E+00  0.000000E+00  0.000000E+00  0.000000E+00
  0.179147E+01  0.767827E-02  0.201114E+00  0.000000E+00  0.000000E+00  0.000000E+00  0.000000E+00
  0.253767E+01  0.356336E+00  0.113851E-01  0.000000E+00  0.000000E+00  0.000000E+00  0.000000E+00
  0.251196E+01 -0.392798E+00  0.172858E-02  0.000000E+00  0.000000E+00  0.000000E+00  0.000000E+00
  0.270447E+01  0.829226E-02  0.417431E+00  0.000000E+00  0.000000E+00  0.000000E+00  0.000000E+00
  0.243875E+01 -0.248487E+00 -0.187317E-01  0.000000E+00  0.000000E+00  0.000000E+00  0.000000E+00
  0.208165E+01  0.240444E+00 -0.133982E-01  0.000000E+00  0.000000E+00  0.000000E+00  0.000000E+00
  0.217035E+01 -0.219084E+00  0.175282E-01  0.000000E+00  0.000000E+00  0.000000E+00  0.000000E+00
  0.187028E+01  0.941264E-02  0.214263E+00  0.000000E+00  0.000000E+00  0.000000E+00  0.000000E+00
  0.233272E+01 -0.187194E-01 -0.230902E+00  0.000000E+00  0.000000E+00  0.000000E+00  0.000000E+00
  0.186051E+01  0.195174E+00 -0.130478E-01  0.000000E+00  0.000000E+00  0.000000E+00  0.000000E+00
  0.194280E+01  0.108645E-01  0.224838E+00  0.000000E+00  0.000000E+00  0.000000E+00  0.000000E+00
  0.200608E+01  0.482241E-02  0.260675E+00  0.000000E+00  0.000000E+00  0.000000E+00  0.000000E+00
  0.231335E+01 -0.143676E-01  0.281073E+00  0.000000E+00  0.000000E+00  0.000000E+00  0.000000E+00
  0.238073E+01  0.287237E+00 -0.151081E-01  0.000000E+00  0.000000E+00  0.000000E+00  0.000000E+00
  0.186986E+01 -0.120462E-01 -0.202568E+00  0.000000E+00  0.000000E+00  0.000000E+00  0.000000E+00
  0.185500E+01 -0.204133E+00 -0.110190E-01  0.000000E+00  0.000000E+00  0.000000E+00  0.000000E+00
  0.167711E+01  0.375686E-02  0.180306E+00  0.000000E+00  0.000000E+00  0.000000E+00  0.000000E+00
  0.221216E+01 -0.719914E-02  0.304374E+00  0.000000E+00  0.000000E+00  0.000000E+00  0.000000E+00
  0.263229E+01 -0.947911E-02  0.392530E+00  0.000000E+00  0.000000E+00  0.000000E+00  0.000000E+00
  0.234397E+01  0.341496E+00 -0.583907E-02  0.000000E+00  0.000000E+00  0.000000E+00  0.000000E+00
  0.253256E+01  0.100376E-01 -0.365386E+00  0.000000E+00  0.000000E+00  0.000000E+00  0.000000E+00
  0.205496E+01  0.953060E-02 -0.257042E+00  0.000000E+00  0.000000E+00  0.000000E+00  0.000000E+00
  0.242027E+01 -0.364076E+00 -0.464534E-02  0.000000E+00  0.000000E+00  0.000000E+00  0.000000E+00
  0.196322E+01  0.222159E+00 -0.122444E-01  0.000000E+00  0.000000E+00  0.000000E+00  0.000000E+00
  0.182633E+01 -0.212570E-02 -0.219357E+00  0.000000E+00  0.000000E+00  0.000000E+00  0.000000E+00
  0.165488E+01  0.229728E-02  0.176000E+00  0.000000E+00  0.000000E+00  0.000000E+00  0.000000E+00
  0.174482E+01  0.638863E-02 -0.192894E+00  0.000000E+00  0.000000E+00  0.000000E+00  0.000000E+00
  0.175355E+01  0.180864E+00 -0.110724E-01  0.000000E+00  0.000000E+00  0.000000E+00  0.000000E+00
  0.219006E+01 -0.163107E-01  0.236633E+00  0.000000E+00  0.000000E+00  0.000000E+00  0.000000E+00
  0.260405E+01 -0.753792E-02  0.397647E+00  0.000000E+00  0.000000E+00  0.000000E+00  0.000000E+00
  0.176816E+01 -0.517040E-05 -0.205427E+00  0.000000E+00  0.000000E+00  0.000000E+00  0.000000E+00
  0.281466E+01 -0.302707E+00  0.191353E-01  0.000000E+00  0.000000E+00  0.000000E+00  0.000000E+00
  0.162562E+01  0.169312E+00 -0.448884E-03  0.000000E+00  0.000000E+00  0.000000E+00  0.000000E+00
  0.270231E+01  0.435904E+00  0.411541E-02  0.000000E+00  0.000000E+00  0.000000E+00  0.000000E+00
  0.202555E+01 -0.268363E+00  0.320305E-02  0.000000E+00  0.000000E+00  0.000000E+00  0.000000E+00
  0.196106E+01 -0.114289E-02 -0.254001E+00  0.000000E+00  0.000000E+00  0.000000E+00  0.000000E+00
  0.271451E+01 -0.619304E-02  0.431152E+00  0.000000E+00  0.000000E+00  0.000000E+00  0.000000E+00
  0.203324E+01  0.236084E+00  0.124909E-01  0.000000E+00  0.000000E+00  0.000000E+00  0.000000E+00
  0.280800E+01  0.347909E+00 -0.167518E-01  0.000000E+00  0.000000E+00  0.000000E+00  0.000000E+00
  0.268702E+01 -0.333839E+00  0.161870E-01  0.000000E+00  0.000000E+00  0.000000E+00  0.000000E+00
  0.213520E+01  0.294120E+00  0.419722E-02  0.000000E+00  0.000000E+00  0.000000E+00  0.000000E+00
  0.211075E+01  0.103546E-01  0.265925E+00  0.000000E+00  0.000000E+00  0.000000E+00  0.000000E+00
  0.263572E+01 -0.275017E+00  0.190625E-01  0.000000E+00  0.000000E+00  0.000000E+00  0.000000E+00
  0.185955E+01  0.211639E+00  0.944135E-02  0.000000E+00  0.000000E+00  0.000000E+00  0.000000E+00
  0.270362E+01 -0.400957E-02 -0.436540E+00  0.000000E+00  0.000000E+00  0.000000E+00  0.000000E+00
  0.200838E+01 -0.147701E-01  0.214812E+00  0.000000E+00  0.000000E+00  0.000000E+00  0.000000E+00
  0.196344E+01 -0.139756E-01  0.211324E+00  0.000000E+00  0.000000E+00  0.000000E+00  0.000000E+00
  0.200710E+01 -0.258481E+00 -0.587291E-02  0.000000E+00  0.000000E+00  0.000000E+00  0.000000E+00
  0.195965E+01 -0.246239E+00 -0.609794E-02  0.000000E+00  0.000000E+00  0.000000E+00  0.000000E+00
  0.180102E+01 -0.201493E+00  0.834348E-02  0.000000E+00  0.000000E+00  0.000000E+00  0.000000E+00
  0.202073E+01  0.528381E-02  0.263286E+00  0.000000E+00  0.000000E+00  0.000000E+00  0.000000E+00
  0.207515E+01  0.332519E-02 -0.280635E+00  0.000000E+00  0.000000E+00  0.000000E+00  0.000000E+00
  0.227795E+01  0.319001E+00  0.752062E-02  0.000000E+00  0.000000E+00  0.000000E+00  0.000000E+00
  0.268542E+01  0.103014E-01  0.398774E+00  0.000000E+00  0.000000E+00  0.000000E+00  0.000000E+00
  0.227379E+01 -0.274562E+00  0.141859E-01  0.000000E+00  0.000000E+00  0.000000E+00  0.000000E+00
  0.252488E+01  0.371752E+00 -0.877503E-02  0.000000E+00  0.000000E+00  0.000000E+00  0.000000E+00
  0.228704E+01  0.431865E-02  0.331732E+00  0.000000E+00  0.000000E+00  0.000000E+00  0.000000E+00
  0.200211E+01  0.248305E+00  0.865193E-02  0.000000E+00  0.000000E+00  0.000000E+00  0.000000E+00
  0.229684E+01 -0.330542E+00  0.563655E-02  0.000000E+00  0.000000E+00  0.000000E+00  0.000000E+00
  0.270871E+01  0.168735E-01 -0.327286E+00  0.000000E+00  0.000000E+00  0.000000E+00  0.000000E+00
  0.280015E+01 -0.180343E-01 -0.323215E+00  0.000000E+00  0.000000E+00  0.000000E+00  0.000000E+00
  0.237208E+01 -0.272665E+00  0.162205E-01  0.000000E+00  0.000000E+00  0.000000E+00  0.000000E+00
  0.200416E+01 -0.222218E+00  0.136418E-01  0.000000E+00  0.000000E+00  0.000000E+00  0.000000E+00
  0.244396E+01 -0.174044E-01 -0.270295E+00  0.000000E+00  0.000000E+00  0.000000E+00  0.000000E+00
  0.208913E+01 -0.708358E-02  0.274942E+00  0.000000E+00  0.000000E+00  0.000000E+00  0.000000E+00
  0.231887E+01 -0.311785E+00 -0.106830E-01  0.000000E+00  0.000000E+00  0.000000E+00  0.000000E+00
  0.188275E+01 -0.176508E-02 -0.233853E+00  0.000000E+00  0.000000E+00  0.000000E+00  0.000000E+00
  0.241995E+01 -0.949470E-02 -0.342691E+00  0.000000E+00  0.000000E+00  0.000000E+00  0.000000E+00
  0.233408E+01  0.177749E-01 -0.245208E+00  0.000000E+00  0.000000E+00  0.000000E+00  0.000000E+00
  0.210947E+01 -0.158686E-01  0.225511E+00  0.000000E+00  0.000000E+00  0.000000E+00  0.000000E+00
  0.256866E+01 -0.192198E-01 -0.260976E+00  0.000000E+00  0.000000E+00  0.000000E+00  0.000000E+00
  0.283618E+01  0.197099E-01 -0.292715E+00  0.000000E+00  0.000000E+00  0.000000E+00  0.000000E+00
  0.215000E+01 -0.170761E-01  0.220649E+00  0.000000E+00  0.000000E+00  0.000000E+00  0.000000E+00
  0.196540E+01  0.254739E+00 -0.174970E-02  0.000000E+00  0.000000E+00  0.000000E+00  0.000000E+00
  0.249701E+01 -0.110712E-01  0.349633E+00  0.000000E+00  0.000000E+00  0.000000E+00  0.000000E+00
  0.169598E+01  0.182255E+00  0.568272E-02  0.000000E+00  0.000000E+00  0.000000E+00  0.000000E+00
  0.254334E+01 -0.255607E+00 -0.192853E-01  0.000000E+00  0.000000E+00  0.000000E+00  0.000000E+00
  0.279488E+01  0.162353E-01 -0.353885E+00  0.000000E+00  0.000000E+00  0.000000E+00  0.000000E+00
  0.263755E+01 -0.189213E-01 -0.278126E+00  0.000000E+00  0.000000E+00  0.000000E+00  0.000000E+00
  0.204679E+01  0.270989E+00 -0.472833E-02  0.000000E+00  0.000000E+00  0.000000E+00  0.000000E+00
  0.244976E+01  0.347938E+00 -0.976938E-02  0.000000E+00  0.000000E+00  0.000000E+00  0.000000E+00
  0.222003E+01 -0.288070E-02 -0.317700E+00  0.000000E+00  0.000000E+00  0.000000E+00  0.000000E+00
  0.212227E+01 -0.112482E-01 -0.263525E+00  0.000000E+00  0.000000E+00  0.000000E+00  0.000000E+00
  0.167541E+01 -0.114518E-02 -0.181754E+00  0.000000E+00  0.000000E+00  0.000000E+00  0.000000E+00
  0.258266E+01 -0.274913E+00  0.186075E-01  0.000000E+00  0.000000E+00  0.000000E+00  0.000000E+00
  0.272142E+01 -0.180797E-01 -0.308563E+00  0.000000E+00  0.000000E+00  0.000000E+00  0.000000E+00
  0.180885E+01  0.742424E-02  0.205998E+00  0.000000E+00  0.000000E+00  0.000000E+00  0.000000E+00
  0.216349E+01  0.125647E-01 -0.264127E+00  0.000000E+00  0.000000E+00  0.000000E+00  0.000000E+00
  0.177325E+01  0.106891E-01 -0.186869E+00  0.000000E+00  0.000000E+00  0.000000E+00  0.000000E+00
  0.258972E+01 -0.165430E-01 -0.309967E+00  0.000000E+00  0.000000E+00  0.000000E+00  0.000000E+00
  0.189603E+01  0.236988E+00  0.206647E-02  0.000000E+00  0.000000E+00  0.000000E+00  0.000000E+00
  0.231601E+01 -0.155461E-01  0.269503E+00  0.000000E+00  0.000000E+00  0.000000E+00  0.000000E+00
  0.235344E+01 -0.575719E-02 -0.344103E+00  0.000000E+00  0.000000E+00  0.000000E+00  0.000000E+00
  0.256925E+01  0.154469E-01 -0.320995E+00  0.000000E+00  0.000000E+00  0.000000E+00  0.000000E+00
  0.252969E+01  0.342648E+00  0.127395E-01  0.000000E+00  0.000000E+00  0.000000E+00  0.000000E+00
  0.268120E+01  0.860873E-02  0.409889E+00  0.000000E+00  0.000000E+00  0.000000E+00  0.000000E+00
  0.210169E+01 -0.285131E+00  0.450224E-02  0.000000E+00  0.000000E+00  0.000000E+00  0.000000E+00
  0.241434E+01 -0.168705E-01  0.272334E+00  0.000000E+00  0.000000E+00  0.000000E+00  0.000000E+00
  0.243724E+01 -0.105427E-01  0.339865E+00  0.000000E+00  0.000000E+00  0.000000E+00  0.000000E+00
  0.219479E+01  0.873677E-02 -0.293677E+00  0.000000E+00  0.000000E+00  0.000000E+00  0.000000E+00
  0.181480E+01 -0.293945E-02 -0.215728E+00  0.000000E+00  0.000000E+00  0.000000E+00  0.000000E+00
  0.166059E+01  0.489275E-03  0.178160E+00  0.000000E+00  0.000000E+00  0.000000E+00  0.000000E+00
  0.276817E+01  0.163444E-01  0.347025E+00  0.000000E+00  0.000000E+00  0.000000E+00  0.000000E+00
  0.168458E+01  0.126668E-02 -0.184030E+00  0.000000E+00  0.000000E+00  0.000000E+00  0.000000E+00
  0.249187E+01 -0.384197E+00  0.377603E-02  0.000000E+00  0.000000E+00  0.000000E+00  0.000000E+00
  0.239145E+01  0.523925E-02 -0.355165E+00  0.000000E+00  0.000000E+00  0.000000E+00  0.000000E+00
  0.228810E+01 -0.336909E+00  0.763138E-03  0.000000E+00  0.000000E+00  0.000000E+00  0.000000E+00
  0.202878E+01 -0.760181E-02  0.258558E+00  0.000000E+00  0.000000E+00  0.000000E+00  0.000000E+00
  0.265490E+01 -0.363170E+00 -0.133803E-01  0.000000E+00  0.000000E+00  0.000000E+00  0.000000E+00
  0.262484E+01  0.157604E-01  0.327829E+00  0.000000E+00  0.000000E+00  0.000000E+00  0.000000E+00
  0.163329E+01  0.170289E+00 -0.268817E-02  0.000000E+00  0.000000E+00  0.000000E+00  0.000000E+00
  0.225427E+01  0.153240E-01 -0.259553E+00  0.000000E+00  0.000000E+00  0.000000E+00  0.000000E+00
  0.231272E+01 -0.232159E+00 -0.184166E-01  0.000000E+00  0.000000E+00  0.000000E+00  0.000000E+00
  0.198475E+01  0.943299E-02 -0.241026E+00  0.000000E+00  0.000000E+00  0.000000E+00  0.000000E+00
  0.173929E+01 -0.109493E-01 -0.178107E+00  0.000000E+00  0.000000E+00  0.000000E+00  0.000000E+00
  0.202553E+01 -0.110986E-01 -0.242463E+00  0.000000E+00  0.000000E+00  0.000000E+00  0.000000E+00
  0.199638E+01  0.346807E-02  0.260664E+00  0.000000E+00  0.000000E+00  0.000000E+00  0.000000E+00
  0.183308E+01  0.106965E-01  0.200532E+00  0.000000E+00  0.000000E+00  0.000000E+00  0.000000E+00
  0.244969E+01 -0.244817E+00  0.190472E-01  0.000000E+00  0.000000E+00  0.000000E+00  0.000000E+00
  0.171661E+01  0.793959E-02 -0.182417E+00  0.000000E+00  0.000000E+00  0.000000E+00  0.000000E+00
  0.275305E+01 -0.374373E+00 -0.141939E-01  0.000000E+00  0.000000E+00  0.000000E+00  0.000000E+00
  0.218522E+01 -0.129657E-01 -0.265921E+00  0.000000E+00  0.000000E+00  0.000000E+00  0.000000E+00
  0.252608E+01 -0.270728E+00 -0.182980E-01  0.000000E+00  0.000000E+00  0.000000E+00  0.000000E+00
  0.278188E+01 -0.368617E+00  0.150752E-01  0.000000E+00  0.000000E+00  0.000000E+00  0.000000E+00
  0.276294E+01 -0.452604E+00 -0.356732E-02  0.000000E+00  0.000000E+00  0.000000E+00  0.000000E+00
  0.260714E+01  0.187169E-01  0.277000E+00  0.000000E+00  0.000000E+00  0.000000E+00  0.000000E+00
  0.188773E+01 -0.224530E+00  0.760465E-02  0.000000E+00  0.000000E+00  0.000000E+00  0.000000E+00
  0.272104E+01  0.221793E-02  0.444914E+00  0.000000E+00  0.000000E+00  0.000000E+00  0.000000E+00
  0.179187E+01 -0.139433E-02 -0.211102E+00  0.000000E+00  0.000000E+00  0.000000E+00  0.000000E+00
  0.276081E+01  0.292897E+00  0.191828E-01  0.000000E+00  0.000000E+00  0.000000E+00  0.000000E+00
  0.198488E+01 -0.260134E+00 -0.882858E-03  0.000000E+00  0.000000E+00  0.000000E+00  0.000000E+00
  0.198224E+01 -0.228525E+00 -0.118650E-01  0.000000E+00  0.000000E+00  0.000000E+00  0.000000E+00
  0.208927E+01 -0.283075E+00  0.397586E-02  0.000000E+00  0.000000E+00  0.000000E+00  0.000000E+00
  0.209510E+01  0.124333E-01 -0.250032E+00  0.000000E+00  0.000000E+00  0.000000E+00  0.000000E+00
  0.261023E+01 -0.399883E+00 -0.739566E-02  0.000000E+00  0.000000E+00  0.000000E+00  0.000000E+00
  0.208804E+01  0.491869E-02 -0.280815E+00  0.000000E+00  0.000000E+00  0.000000E+00  0.000000E+00
  0.179789E+01 -0.207582E+00 -0.558070E-02  0.000000E+00  0.000000E+00  0.000000E+00  0.000000E+00
  0.239202E+01  0.186109E-01 -0.242624E+00  0.000000E+00  0.000000E+00  0.000000E+00  0.000000E+00
  0.275808E+01  0.207912E-02  0.454472E+00  0.000000E+00  0.000000E+00  0.000000E+00  0.000000E+00
  0.171375E+01  0.189867E+00 -0.340392E-02  0.000000E+00  0.000000E+00  0.000000E+00  0.000000E+00
  0.232571E+01 -0.315643E+00  0.103257E-01  0.000000E+00  0.000000E+00  0.000000E+00  0.000000E+00
  0.227969E+01  0.822861E-02  0.316272E+00  0.000000E+00  0.000000E+00  0.000000E+00  0.000000E+00
  0.274187E+01 -0.342738E+00  0.162961E-01  0.000000E+00  0.000000E+00  0.000000E+00  0.000000E+00
  0.242571E+01  0.153509E-01  0.293537E+00  0.000000E+00  0.000000E+00  0.000000E+00  0.000000E+00
  0.188698E+01  0.226260E+00 -0.693742E-02  0.000000E+00  0.000000E+00  0.000000E+00  0.000000E+00
  0.236422E+01  0.350983E+00  0.431722E-02  0.000000E+00  0.000000E+00  0.000000E+00  0.000000E+00
  0.261908E+01 -0.173981E-01 -0.302228E+00  0.000000E+00  0.000000E+00  0.000000E+00  0.000000E+00
  0.210743E+01  0.792257E-02  0.276308E+00  0.000000E+00  0.000000E+00  0.000000E+00  0.000000E+00
  0.191476E+01  0.213156E+00  0.119281E-01  0.000000E+00  0.000000E+00  0.000000E+00  0.000000E+00
  0.217654E+01  0.265379E+00  0.127855E-01  0.000000E+00  0.000000E+00  0.000000E+00  0.000000E+00
  0.230249E+01 -0.179594E-01 -0.237016E+00  0.000000E+00  0.000000E+00  0.000000E+00  0.000000E+00
  0.204164E+01  0.274226E+00  0.141836E-02  0.000000E+00  0.000000E+00  0.000000E+00  0.000000E+00
  0.277237E+01 -0.303300E+00 -0.187856E-01  0.000000E+00  0.000000E+00  0.000000E+00  0.000000E+00
  0.249004E+01 -0.192258E-01  0.248135E+00  0.000000E+00  0.000000E+00  0.000000E+00  0.000000E+00
  0.209726E+01 -0.996492E-02 -0.264818E+00  0.000000E+00  0.000000E+00  0.000000E+00  0.000000E+00
  0.237982E+01 -0.316123E+00 -0.119931E-01  0.000000E+00  0.000000E+00  0.000000E+00  0.000000E+00
  0.244912E+01 -0.354678E+00 -0.861710E-02  0.000000E+00  0.000000E+00  0.000000E+00  0.000000E+00
  0.183250E+01 -0.126151E-01  0.191419E+00  0.000000E+00  0.000000E+00  0.000000E+00  0.000000E+00
  0.170231E+01 -0.311490E-02  0.187286E+00  0.000000E+00  0.000000E+00  0.000000E+00  0.000000E+00
  0.238930E+01  0.309730E+00  0.130072E-01  0.000000E+00  0.000000E+00  0.000000E+00  0.000000E+00
  0.236085E+01 -0.501359E-02 -0.348263E+00  0.000000E+00  0.000000E+00  0.000000E+00  0.000000E+00
  0.188785E+01  0.199494E+00 -0.133187E-01  0.000000E+00  0.000000E+00  0.000000E+00  0.000000E+00
  0.201368E+01 -0.369161E-02  0.264654E+00  0.000000E+00  0.000000E+00  0.000000E+00  0.000000E+00
  0.263389E+01  0.588622E-02  0.412675E+00  0.000000E+00  0.000000E+00  0.000000E+00  0.000000E+00
  0.242849E+01 -0.285979E+00  0.160262E-01  0.000000E+00  0.000000E+00  0.000000E+00  0.000000E+00
  0.200771E+01 -0.262609E+00  0.402286E-02  0.000000E+00  0.000000E+00  0.000000E+00  0.000000E+00
  0.183789E+01  0.222904E+00  0.998110E-03  0.000000E+00  0.000000E+00  0.000000E+00  0.000000E+00
  0.255633E+01 -0.103757E-01 -0.368451E+00  0.000000E+00  0.000000E+00  0.000000E+00  0.000000E+00
  0.165974E+01 -0.173979E+00 -0.526992E-02  0.000000E+00  0.000000E+00  0.000000E+00  0.000000E+00
  0.197571E+01  0.215659E+00 -0.137195E-01  0.000000E+00  0.000000E+00  0.000000E+00  0.000000E+00
  0.250689E+01 -0.173048E-01 -0.283241E+00  0.000000E+00  0.000000E+00  0.000000E+00  0.000000E+00
  0.193441E+01  0.655673E-02 -0.238853E+00  0.000000E+00  0.000000E+00  0.000000E+00  0.000000E+00
  0.217722E+01  0.161659E-01 -0.235698E+00  0.000000E+00  0.000000E+00  0.000000E+00  0.000000E+00
  0.218788E+01 -0.307754E+00 -0.396102E-02  0.000000E+00  0.000000E+00  0.000000E+00  0.000000E+00
  0.181288E+01 -0.126983E-01 -0.186708E+00  0.000000E+00  0.000000E+00  0.000000E+00  0.000000E+00
  0.264659E+01 -0.278487E+00 -0.189783E-01  0.000000E+00  0.000000E+00  0.000000E+00  0.000000E+00
  0.260949E+01 -0.150274E-01  0.334403E+00  0.000000E+00  0.000000E+00  0.000000E+00  0.000000E+00
  0.282361E+01 -0.437384E+00 -0.947489E-02  0.000000E+00  0.000000E+00  0.000000E+00  0.000000E+00
  0.180250E+01 -0.213907E+00  0.112228E-02  0.000000E+00  0.000000E+00  0.000000E+00  0.000000E+00
  0.248383E+01  0.135832E-01 -0.324575E+00  0.000000E+00  0.000000E+00  0.000000E+00  0.000000E+00
  0.248253E+01  0.123181E-02 -0.385821E+00  0.000000E+00  0.000000E+00  0.000000E+00  0.000000E+00
  0.189153E+01 -0.954356E-02  0.218740E+00  0.000000E+00  0.000000E+00  0.000000E+00  0.000000E+00
  0.281273E+01  0.110535E-01  0.421465E+00  0.000000E+00  0.000000E+00  0.000000E+00  0.000000E+00
  0.223724E+01  0.144346E-01  0.264692E+00  0.000000E+00  0.000000E+00  0.000000E+00  0.000000E+00
  0.254194E+01  0.114339E-01 -0.356896E+00  0.000000E+00  0.000000E+00  0.000000E+00  0.000000E+00
  0.259006E+01  0.409355E+00  0.353674E-02  0.000000E+00  0.000000E+00  0.000000E+00  0.000000E+00
  0.208930E+01  0.160696E-01 -0.219651E+00  0.000000E+00  0.000000E+00  0.000000E+00  0.000000E+00
  0.269920E+01  0.158166E-01  0.341636E+00  0.000000E+00  0.000000E+00  0.000000E+00  0.000000E+00
  0.164732E+01 -0.357637E-02 -0.173036E+00  0.000000E+00  0.000000E+00  0.000000E+00  0.000000E+00
  0.268116E+01 -0.154885E-01 -0.342700E+00  0.000000E+00  0.000000E+00  0.000000E+00  0.000000E+00
  0.175853E+01 -0.201814E+00 -0.268716E-02  0.000000E+00  0.000000E+00  0.000000E+00  0.000000E+00
  0.163942E+01 -0.242506E-02 -0.172017E+00  0.000000E+00  0.000000E+00  0.000000E+00  0.000000E+00
  0.192068E+01  0.240589E+00  0.419109E-02  0.000000E+00  0.000000E+00  0.000000E+00  0.000000E+00
  0.199066E+01  0.109760E-01  0.235184E+00  0.000000E+00  0.000000E+00  0.000000E+00  0.000000E+00
  0.228257E+01  0.754317E-02 -0.320020E+00  0.000000E+00  0.000000E+00  0.000000E+00  0.000000E+00
  0.190433E+01  0.747369E-02  0.228932E+00  0.000000E+00  0.000000E+00  0.000000E+00  0.000000E+00
  0.164346E+01 -0.167467E+00  0.671563E-02  0.000000E+00  0.000000E+00  0.000000E+00  0.000000E+00
  0.220296E+01  0.134652E-01  0.265834E+00  0.000000E+00  0.000000E+00  0.000000E+00  0.000000E+00
  0.208665E+01  0.169535E-01  0.210236E+00  0.000000E+00  0.000000E+00  0.000000E+00  0.000000E+00
  0.278561E+01  0.187977E-01 -0.305256E+00  0.000000E+00  0.000000E+00  0.000000E+00  0.000000E+00
  0.215955E+01 -0.438256E-02  0.299803E+00  0.000000E+00  0.000000E+00  0.000000E+00  0.000000E+00
  0.217201E+01 -0.130156E-01  0.262688E+00  0.000000E+00  0.000000E+00  0.000000E+00  0.000000E+00
  0.235179E+01  0.526868E-03  0.353112E+00  0.000000E+00  0.000000E+00  0.000000E+00  0.000000E+00
  0.195226E+01 -0.202487E+00  0.148860E-01  0.000000E+00  0.000000E+00  0.000000E+00  0.000000E+00
  0.251741E+01  0.264770E+00 -0.185568E-01  0.000000E+00  0.000000E+00  0.000000E+00  0.000000E+00
  0.193664E+01  0.230174E+00  0.932625E-02  0.000000E+00  0.000000E+00  0.000000E+00  0.000000E+00
  0.259967E+01 -0.638642E-02 -0.402146E+00  0.000000E+00  0.000000E+00  0.000000E+00  0.000000E+00
  0.246831E+01 -0.268569E+00  0.178095E-01  0.000000E+00  0.000000E+00  0.000000E+00  0.000000E+00
  0.268421E+01 -0.116654E-01  0.386819E+00  0.000000E+00  0.000000E+00  0.000000E+00  0.000000E+00
  0.256921E+01 -0.405594E+00 -0.283907E-02  0.000000E+00  0.000000E+00  0.000000E+00  0.000000E+00
  0.227070E+01 -0.116316E-01 -0.294460E+00  0.000000E+00  0.000000E+00  0.000000E+00  0.000000E+00
  0.170893E+01  0.182405E+00 -0.718194E-02  0.000000E+00  0.000000E+00  0.000000E+00  0.000000E+00
  0.183755E+01  0.461999E-02 -0.219155E+00  0.000000E+00  0.000000E+00  0.000000E+00  0.000000E+00
  0.247481E+01 -0.349907E+00  0.103420E-01  0.000000E+00  0.000000E+00  0.000000E+00  0.000000E+00
  0.202504E+01  0.270242E+00  0.101109E-02  0.000000E+00  0.000000E+00  0.000000E+00  0.000000E+00
  0.164647E+01  0.474808E-02 -0.171441E+00  0.000000E+00  0.000000E+00  0.000000E+00  0.000000E+00
  0.273523E+01 -0.429515E+00  0.750219E-02  0.000000E+00  0.000000E+00  0.000000E+00  0.000000E+00
  0.277533E+01 -0.451843E+00 -0.480294E-02  0.000000E+00  0.000000E+00  0.000000E+00  0.000000E+00
  0.215096E+01  0.294633E+00  0.561040E-02  0.000000E+00  0.000000E+00  0.000000E+00  0.000000E+00
  0.229300E+01  0.321028E+00 -0.788751E-02  0.000000E+00  0.000000E+00  0.000000E+00  0.000000E+00
  0.198288E+01  0.146750E-01 -0.210322E+00  0.000000E+00  0.000000E+00  0.000000E+00  0.000000E+00
  0.240957E+01 -0.189239E-01 -0.240357E+00  0.000000E+00  0.000000E+00  0.000000E+00  0.000000E+00
  0.248476E+01  0.110103E-01  0.347317E+00  0.000000E+00  0.000000E+00  0.000000E+00  0.000000E+00
  0.267696E+01  0.122988E-01 -0.379171E+00  0.000000E+00  0.000000E+00  0.000000E+00  0.000000E+00
  0.202577E+01 -0.735840E-02  0.258660E+00  0.000000E+00  0.000000E+00  0.000000E+00  0.000000E+00
  0.251444E+01 -0.368067E+00 -0.897725E-02  0.000000E+00  0.000000E+00  0.000000E+00  0.000000E+00
  0.213559E+01 -0.294262E+00  0.417493E-02  0.000000E+00  0.000000E+00  0.000000E+00  0.000000E+00
  0.235265E+01 -0.341053E-02  0.350104E+00  0.000000E+00  0.000000E+00  0.000000E+00  0.000000E+00
  0.231734E+01 -0.298760E+00  0.124442E-01  0.000000E+00  0.000000E+00  0.000000E+00  0.000000E+00
  0.269200E+01  0.894638E-02  0.410231E+00  0.000000E+00  0.000000E+00  0.000000E+00  0.000000E+00
  0.260804E+01  0.155954E-01  0.326750E+00  0.000000E+00  0.000000E+00  0.000000E+00  0.000000E+00
  0.238528E+01 -0.119699E-01  0.317519E+00  0.000000E+00  0.000000E+00  0.000000E+00  0.000000E+00
  0.229319E+01 -0.256469E+00  0.163066E-01  0.000000E+00  0.000000E+00  0.000000E+00  0.000000E+00
  0.196870E+01 -0.106966E-01  0.231564E+00  0.000000E+00  0.000000E+00  0.000000E+00  0.000000E+00
  0.213103E+01 -0.146330E-01 -0.241050E+00  0.000000E+00  0.000000E+00  0.000000E+00  0.000000E+00
  0.166569E+01 -0.170874E+00  0.765073E-02  0.000000E+00  0.000000E+00  0.000000E+00  0.000000E+00
  0.198342E+01  0.140762E-03 -0.259923E+00  0.000000E+00  0.000000E+00  0.000000E+00  0.000000E+00
  0.277154E+01 -0.280000E+00  0.198214E-01  0.000000E+00  0.000000E+00  0.000000E+00  0.000000E+00
  0.199623E+01  0.249902E+00  0.783781E-02  0.000000E+00  0.000000E+00  0.000000E+00  0.000000E+00
  0.215582E+01 -0.300570E+00 -0.350922E-02  0.000000E+00  0.000000E+00  0.000000E+00  0.000000E+00
  0.183830E+01 -0.604254E-02  0.216568E+00  0.000000E+00  0.000000E+00  0.000000E+00  0.000000E+00
  0.259948E+01  0.260188E+00  0.195036E-01  0.000000E+00  0.000000E+00  0.000000E+00  0.000000E+00
  0.257611E+01  0.143585E-01  0.335618E+00  0.000000E+00  0.000000E+00  0.000000E+00  0.000000E+00
  0.167483E+01  0.487574E-02 -0.178307E+00  0.000000E+00  0.000000E+00  0.000000E+00  0.000000E+00
  0.238870E+01  0.129165E-01  0.310398E+00  0.000000E+00  0.000000E+00  0.000000E+00  0.000000E+00
  0.270661E+01 -0.408208E+00 -0.971428E-02  0.000000E+00  0.000000E+00  0.000000E+00  0.000000E+00
  0.274678E+01 -0.195541E-01  0.282373E+00  0.000000E+00  0.000000E+00  0.000000E+00  0.000000E+00
  0.272830E+01  0.430450E+00  0.702333E-02  0.000000E+00  0.000000E+00  0.000000E+00  0.000000E+00
  0.265787E+01 -0.356131E+00 -0.140588E-01  0.000000E+00  0.000000E+00  0.000000E+00  0.000000E+00
  0.172954E+01  0.176445E+00  0.108016E-01  0.000000E+00  0.000000E+00  0.000000E+00  0.000000E+00
  0.232883E+01  0.437099E-02 -0.342025E+00  0.000000E+00  0.000000E+00  0.000000E+00  0.000000E+00
  0.211257E+01  0.142717E-01  0.240257E+00  0.000000E+00  0.000000E+00  0.000000E+00  0.000000E+00
  0.236902E+01 -0.168682E-01 -0.263898E+00  0.000000E+00  0.000000E+00  0.000000E+00  0.000000E+00
  0.267633E+01  0.147963E-01 -0.350917E+00  0.000000E+00  0.000000E+00  0.000000E+00  0.000000E+00
  0.213660E+01 -0.295050E+00 -0.390056E-02  0.000000E+00  0.000000E+00  0.000000E+00  0.000000E+00
  0.274430E+01  0.164609E-01  0.340618E+00  0.000000E+00  0.000000E+00  0.000000E+00  0.000000E+00
  0.266956E+01 -0.288715E-02  0.430741E+00  0.000000E+00  0.000000E+00  0.000000E+00  0.000000E+00
  0.250075E+01 -0.383744E+00 -0.476244E-02  0.000000E+00  0.000000E+00  0.000000E+00  0.000000E+00
  0.278173E+01 -0.196530E-01 -0.285575E+00  0.000000E+00  0.000000E+00  0.000000E+00  0.000000E+00
  0.180339E+01  0.117726E-01  0.189093E+00  0.000000E+00  0.000000E+00  0.000000E+00  0.000000E+00
  0.240771E+01  0.120354E-01  0.321976E+00  0.000000E+00  0.000000E+00  0.000000E+00  0.000000E+00
  0.250457E+01  0.194878E-01  0.245464E+00  0.000000E+00  0.000000E+00  0.000000E+00  0.000000E+00
  0.201903E+01 -0.262766E+00  0.532650E-02  0.000000E+00  0.000000E+00  0.000000E+00  0.000000E+00
  0.180648E+01 -0.422160E-04 -0.215128E+00  0.000000E+00  0.000000E+00  0.000000E+00  0.000000E+00
  0.258293E+01  0.191955E-02  0.410494E+00  0.000000E+00  0.000000E+00  0.000000E+00  0.000000E+00
  0.227261E+01  0.108500E-01 -0.300133E+00  0.000000E+00  0.000000E+00  0.000000E+00  0.000000E+00
  0.233194E+01 -0.392264E-02  0.343851E+00  0.000000E+00  0.000000E+00  0.000000E+00  0.000000E+00
  0.253955E+01  0.177339E-01 -0.282453E+00  0.000000E+00  0.000000E+00  0.000000E+00  0.000000E+00
  0.226916E+01 -0.671162E-02 -0.320072E+00  0.000000E+00  0.000000E+00  0.000000E+00  0.000000E+00
  0.186447E+01 -0.104167E-01 -0.208912E+00  0.000000E+00  0.000000E+00  0.000000E+00  0.000000E+00
  0.256799E+01 -0.284108E+00 -0.179397E-01  0.000000E+00  0.000000E+00  0.000000E+00  0.000000E+00
  0.192632E+01  0.833564E-02  0.231424E+00  0.000000E+00  0.000000E+00  0.000000E+00  0.000000E+00
  0.192025E+01 -0.113015E-01  0.217585E+00  0.000000E+00  0.000000E+00  0.000000E+00  0.000000E+00
  0.276507E+01  0.170411E-01  0.334981E+00  0.000000E+00  0.000000E+00  0.000000E+00  0.000000E+00
  0.240746E+01 -0.160679E-01  0.281378E+00  0.000000E+00  0.000000E+00  0.000000E+00  0.000000E+00
  0.233524E+01 -0.276374E+00  0.152661E-01  0.000000E+00  0.000000E+00  0.000000E+00  0.000000E+00
  0.249755E+01 -0.361202E+00  0.944191E-02  0.000000E+00  0.000000E+00  0.000000E+00  0.000000E+00
  0.271805E+01 -0.144567E-01 -0.363801E+00  0.000000E+00  0.000000E+00  0.000000E+00  0.000000E+00
  0.262401E+01  0.175294E-01 -0.300960E+00  0.000000E+00  0.000000E+00  0.000000E+00  0.000000E+00
  0.242934E+01 -0.258552E-02  0.370825E+00  0.000000E+00  0.000000E+00  0.000000E+00  0.000000E+00
  0.187061E+01  0.804754E-02  0.219052E+00  0.000000E+00  0.000000E+00  0.000000E+00  0.000000E+00
  0.182296E+01  0.837033E-02  0.206645E+00  0.000000E+00  0.000000E+00  0.000000E+00  0.000000E+00
  0.263552E+01  0.101974E-02 -0.424671E+00  0.000000E+00  0.000000E+00  0.000000E+00  0.000000E+00
  0.207480E+01  0.167897E-01 -0.209728E+00  0.000000E+00  0.000000E+00  0.000000E+00  0.000000E+00
  0.167201E+01 -0.820645E-02  0.171050E+00  0.000000E+00  0.000000E+00  0.000000E+00  0.000000E+00
  0.187528E+01  0.100749E-01 -0.212829E+00  0.000000E+00  0.000000E+00  0.000000E+00  0.000000E+00
  0.240466E+01  0.330397E+00  0.108294E-01  0.000000E+00  0.000000E+00  0.000000E+00  0.000000E+00
  0.203245E+01  0.639816E-02  0.263270E+00  0.000000E+00  0.000000E+00  0.000000E+00  0.000000E+00
  0.234338E+01  0.134639E-01  0.295801E+00  0.000000E+00  0.000000E+00  0.000000E+00  0.000000E+00
  0.264252E+01  0.550227E-02 -0.416331E+00  0.000000E+00  0.000000E+00  0.000000E+00  0.000000E+00
  0.188763E+01  0.219109E+00 -0.920727E-02  0.000000E+00  0.000000E+00  0.000000E+00  0.000000E+00
  0.258133E+01  0.169079E-01 -0.302972E+00  0.000000E+00  0.000000E+00  0.000000E+00  0.000000E+00
  0.259744E+01 -0.177521E-01 -0.292478E+00  0.000000E+00  0.000000E+00  0.000000E+00  0.000000E+00
  0.197049E+01 -0.233494E+00  0.103781E-01  0.000000E+00  0.000000E+00  0.000000E+00  0.000000E+00
  0.233880E+01 -0.292947E+00 -0.136714E-01  0.000000E+00  0.000000E+00  0.000000E+00  0.000000E+00
  0.247059E+01  0.295537E+00 -0.159179E-01  0.000000E+00  0.000000E+00  0.000000E+00  0.000000E+00
  0.224200E+01 -0.252550E+00 -0.157642E-01  0.000000E+00  0.000000E+00  0.000000E+00  0.000000E+00
  0.186110E+01 -0.733526E-02 -0.218880E+00  0.000000E+00  0.000000E+00  0.000000E+00  0.000000E+00
  0.268806E+01 -0.418486E+00  0.743609E-02  0.000000E+00  0.000000E+00  0.000000E+00  0.000000E+00
  0.251727E+01 -0.155432E-01 -0.309444E+00  0.000000E+00  0.000000E+00  0.000000E+00  0.000000E+00
  0.221716E+01 -0.306531E+00  0.694837E-02  0.000000E+00  0.000000E+00  0.000000E+00  0.000000E+00
  0.223140E+01 -0.734782E-02 -0.308457E+00  0.000000E+00  0.000000E+00  0.000000E+00  0.000000E+00
  0.199358E+01 -0.256970E+00  0.510445E-02  0.000000E+00  0.000000E+00  0.000000E+00  0.000000E+00
  0.193501E+01 -0.130352E-01  0.211339E+00  0.000000E+00  0.000000E+00  0.000000E+00  0.000000E+00
  0.276355E+01 -0.432077E+00  0.820849E-02  0.000000E+00  0.000000E+00  0.000000E+00  0.000000E+00
  0.254471E+01  0.380463E+00  0.807879E-02  0.000000E+00  0.000000E+00  0.000000E+00  0.000000E+00
  0.266653E+01 -0.121950E-01  0.377881E+00  0.000000E+00  0.000000E+00  0.000000E+00  0.000000E+00
  0.252207E+01  0.392183E+00 -0.359489E-02  0.000000E+00  0.000000E+00  0.000000E+00  0.000000E+00
  0.180487E+01 -0.958688E-02 -0.198307E+00  0.000000E+00  0.000000E+00  0.000000E+00  0.000000E+00
  0.178200E+01  0.571152E-02 -0.203406E+00  0.000000E+00  0.000000E+00  0.000000E+00  0.000000E+00
  0.267038E+01 -0.332024E+00 -0.160919E-01  0.000000E+00  0.000000E+00  0.000000E+00  0.000000E+00
  0.259949E+01  0.414894E+00 -0.173902E-02  0.000000E+00  0.000000E+00  0.000000E+00  0.000000E+00
  0.250899E+01 -0.103832E-01 -0.357490E+00  0.000000E+00  0.000000E+00  0.000000E+00  0.000000E+00
  0.232260E+01  0.917913E-02 -0.321648E+00  0.000000E+00  0.000000E+00  0.000000E+00  0.000000E+00
  0.223622E+01 -0.162762E-01 -0.245875E+00  0.000000E+00  0.000000E+00  0.000000E+00  0.000000E+00
  0.172626E+01  0.738365E-03 -0.194734E+00  0.000000E+00  0.000000E+00  0.000000E+00  0.000000E+00
  0.265366E+01 -0.283757E+00  0.187709E-01  0.000000E+00  0.000000E+00  0.000000E+00  0.000000E+00
  0.219138E+01 -0.295677E+00 -0.810929E-02  0.000000E+00  0.000000E+00  0.000000E+00  0.000000E+00
  0.206437E+01  0.278616E+00  0.283206E-02  0.000000E+00  0.000000E+00  0.000000E+00  0.000000E+00
  0.230609E+01  0.253219E+00 -0.167813E-01  0.000000E+00  0.000000E+00  0.000000E+00  0.000000E+00
  0.244996E+01  0.127584E-01 -0.325110E+00  0.000000E+00  0.000000E+00  0.000000E+00  0.000000E+00
  0.213525E+01  0.283814E+00 -0.771248E-02  0.000000E+00  0.000000E+00  0.000000E+00  0.000000E+00
  0.210695E+01  0.272364E+00 -0.884552E-02  0.000000E+00  0.000000E+00  0.000000E+00  0.000000E+00
  0.271418E+01  0.158613E-01  0.343922E+00  0.000000E+00  0.000000E+00  0.000000E+00  0.000000E+00
  0.271229E+01  0.131806E-01 -0.377670E+00  0.000000E+00  0.000000E+00  0.000000E+00  0.000000E+00
  0.256653E+01 -0.275610E+00 -0.184168E-01  0.000000E+00  0.000000E+00  0.000000E+00  0.000000E+00
  0.254505E+01  0.309186E+00 -0.159845E-01  0.000000E+00  0.000000E+00  0.000000E+00  0.000000E+00
  0.283491E+01  0.428558E+00 -0.108314E-01  0.000000E+00  0.000000E+00  0.000000E+00  0.000000E+00
  0.258542E+01  0.196595E-01 -0.254718E+00  0.000000E+00  0.000000E+00  0.000000E+00  0.000000E+00
  0.185830E+01  0.214909E+00 -0.842174E-02  0.000000E+00  0.000000E+00  0.000000E+00  0.000000E+00
  0.282189E+01  0.135805E-02  0.471511E+00  0.000000E+00  0.000000E+00  0.000000E+00  0.000000E+00
  0.241397E+01  0.174810E-01  0.263745E+00  0.000000E+00  0.000000E+00  0.000000E+00  0.000000E+00
  0.228657E+01 -0.176438E-01  0.238522E+00  0.000000E+00  0.000000E+00  0.000000E+00  0.000000E+00
  0.280378E+01  0.200357E-01 -0.279681E+00  0.000000E+00  0.000000E+00  0.000000E+00  0.000000E+00
  0.249323E+01  0.140269E-01 -0.321999E+00  0.000000E+00  0.000000E+00  0.000000E+00  0.000000E+00
  0.217119E+01 -0.229021E+00  0.166804E-01  0.000000E+00  0.000000E+00  0.000000E+00  0.000000E+00
  0.217990E+01  0.269731E+00 -0.122809E-01  0.000000E+00  0.000000E+00  0.000000E+00  0.000000E+00
  0.206529E+01  0.211580E+00 -0.164253E-01  0.000000E+00  0.000000E+00  0.000000E+00  0.000000E+00
  0.185788E+01  0.227103E+00 -0.238296E-02  0.000000E+00  0.000000E+00  0.000000E+00  0.000000E+00
  0.256211E+01  0.262918E+00 -0.190647E-01  0.000000E+00  0.000000E+00  0.000000E+00  0.000000E+00
  0.222414E+01  0.920713E-02 -0.298319E+00  0.000000E+00  0.000000E+00  0.000000E+00  0.000000E+00
  0.201549E+01  0.116996E-01 -0.236882E+00  0.000000E+00  0.000000E+00  0.000000E+00  0.000000E+00
  0.260714E+01 -0.185745E-01  0.279665E+00  0.000000E+00  0.000000E+00  0.000000E+00  0.000000E+00
  0.226321E+01  0.279856E+00  0.133259E-01  0.000000E+00  0.000000E+00  0.000000E+00  0.000000E+00
  0.175251E+01  0.116613E-01  0.178207E+00  0.000000E+00  0.000000E+00  0.000000E+00  0.000000E+00
  0.244399E+01  0.177534E-01 -0.265104E+00  0.000000E+00  0.000000E+00  0.000000E+00  0.000000E+00
  0.234054E+01 -0.613976E-02  0.339611E+00  0.000000E+00  0.000000E+00  0.000000E+00  0.000000E+00
  0.233488E+01  0.175044E-01 -0.249111E+00  0.000000E+00  0.000000E+00  0.000000E+00  0.000000E+00
  0.184696E+01  0.223647E+00  0.309307E-02  0.000000E+00  0.000000E+00  0.000000E+00  0.000000E+00
  0.228102E+01 -0.150157E-01  0.268061E+00  0.000000E+00  0.000000E+00  0.000000E+00  0.000000E+00
  0.172443E+01  0.176810E+00  0.103804E-01  0.000000E+00  0.000000E+00  0.000000E+00  0.000000E+00
  0.281607E+01 -0.201242E-02 -0.469208E+00  0.000000E+00  0.000000E+00  0.000000E+00  0.000000E+00
  0.185818E+01 -0.219267E+00  0.693310E-02  0.000000E+00  0.000000E+00  0.000000E+00  0.000000E+00
  0.267130E+01  0.189432E-01 -0.283269E+00  0.000000E+00  0.000000E+00  0.000000E+00  0.000000E+00
  0.199887E+01 -0.869313E-02 -0.247373E+00  0.000000E+00  0.000000E+00  0.000000E+00  0.000000E+00
  0.278263E+01  0.135965E-01 -0.387925E+00  0.000000E+00  0.000000E+00  0.000000E+00  0.000000E+00
  0.241590E+01  0.339371E+00 -0.987630E-02  0.000000E+00  0.000000E+00  0.000000E+00  0.000000E+00
  0.250895E+01 -0.170952E-01 -0.286742E+00  0.000000E+00  0.000000E+00  0.000000E+00  0.000000E+00
  0.188401E+01  0.296516E-02  0.233101E+00  0.000000E+00  0.000000E+00  0.000000E+00  0.000000E+00
  0.167132E+01 -0.179920E+00  0.261168E-02  0.000000E+00  0.000000E+00  0.000000E+00  0.000000E+00
  0.172588E+01  0.916204E-02  0.181176E+00  0.000000E+00  0.000000E+00  0.000000E+00  0.000000E+00
  0.197959E+01 -0.215718E+00  0.138308E-01  0.000000E+00  0.000000E+00  0.000000E+00  0.000000E+00
  0.278694E+01 -0.432206E+00  0.901208E-02  0.000000E+00  0.000000E+00  0.000000E+00  0.000000E+00
  0.191232E+01 -0.405882E-03 -0.241893E+00  0.000000E+00  0.000000E+00  0.000000E+00  0.000000E+00
  0.178054E+01 -0.939362E-02  0.193279E+00  0.000000E+00  0.000000E+00  0.000000E+00  0.000000E+00
  0.180442E+01 -0.608201E-02 -0.208161E+00  0.000000E+00  0.000000E+00  0.000000E+00  0.000000E+00
  0.207337E+01  0.130885E-01  0.240860E+00  0.000000E+00  0.000000E+00  0.000000E+00  0.000000E+00
  0.233393E+01  0.327349E-02 -0.345666E+00  0.000000E+00  0.000000E+00  0.000000E+00  0.000000E+00
  0.274575E+01 -0.295772E+00 -0.189336E-01  0.000000E+00  0.000000E+00  0.000000E+00  0.000000E+00
  0.182053E+01 -0.218499E+00  0.103782E-02  0.000000E+00  0.000000E+00  0.000000E+00  0.000000E+00
  0.225269E+01 -0.146453E-02 -0.327537E+00  0.000000E+00  0.000000E+00  0.000000E+00  0.000000E+00
  0.223534E+01 -0.283898E+00  0.120113E-01  0.000000E+00  0.000000E+00  0.000000E+00  0.000000E+00
  0.180778E+01 -0.930250E-03  0.215309E+00  0.000000E+00  0.000000E+00  0.000000E+00  0.000000E+00
  0.248735E+01  0.360910E+00  0.910281E-02  0.000000E+00  0.000000E+00  0.000000E+00  0.000000E+00
  0.201993E+01  0.140459E-01 -0.222670E+00  0.000000E+00  0.000000E+00  0.000000E+00  0.000000E+00
  0.245325E+01 -0.718043E-03 -0.378720E+00  0.000000E+00  0.000000E+00  0.000000E+00  0.000000E+00
  0.264681E+01  0.364923E+00 -0.130534E-01  0.000000E+00  0.000000E+00  0.000000E+00  0.000000E+00
  0.212716E+01  0.259868E+00 -0.120128E-01  0.000000E+00  0.000000E+00  0.000000E+00  0.000000E+00
  0.185572E+01  0.413073E-02  0.224468E+00  0.000000E+00  0.000000E+00  0.000000E+00  0.000000E+00
  0.260142E+01  0.345367E+00 -0.139652E-01  0.000000E+00  0.000000E+00  0.000000E+00  0.000000E+00
  0.277607E+01 -0.303623E+00  0.187996E-01  0.000000E+00  0.000000E+00  0.000000E+00  0.000000E+00
  0.175461E+01 -0.197155E+00  0.544161E-02  0.000000E+00  0.000000E+00  0.000000E+00  0.000000E+00
  0.186529E+01  0.143386E-01 -0.188426E+00  0.000000E+00  0.000000E+00  0.000000E+00  0.000000E+00
  0.249936E+01 -0.190988E-01  0.252011E+00  0.000000E+00  0.000000E+00  0.000000E+00  0.000000E+00
  0.211515E+01 -0.247904E+00 -0.133579E-01  0.000000E+00  0.000000E+00  0.000000E+00  0.000000E+00
  0.186669E+01 -0.230106E+00 -0.120344E-02  0.000000E+00  0.000000E+00  0.000000E+00  0.000000E+00
  0.226950E+01  0.732565E-02 -0.317767E+00  0.000000E+00  0.000000E+00  0.000000E+00  0.000000E+00
  0.190541E+01  0.195956E+00  0.144553E-01  0.000000E+00  0.000000E+00  0.000000E+00  0.000000E+00
  0.209182E+01  0.170570E-01  0.210093E+00  0.000000E+00  0.000000E+00  0.000000E+00  0.000000E+00
  0.212096E+01 -0.151869E-01  0.234131E+00  0.000000E+00  0.000000E+00  0.000000E+00  0.000000E+00
  0.188051E+01  0.137800E-01 -0.195138E+00  0.000000E+00  0.000000E+00  0.000000E+00  0.000000E+00
  0.190877E+01  0.191516E+00 -0.151789E-01  0.000000E+00  0.000000E+00  0.000000E+00  0.000000E+00
  0.188704E+01 -0.218897E+00  0.922726E-02  0.000000E+00  0.000000E+00  0.000000E+00  0.000000E+00
  0.174080E+01 -0.195424E+00  0.438417E-02  0.000000E+00  0.000000E+00  0.000000E+00  0.000000E+00
  0.256878E+01  0.923777E-02  0.379241E+00  0.000000E+00  0.000000E+00  0.000000E+00  0.000000E+00
  0.247358E+01 -0.298461E+00 -0.157316E-01  0.000000E+00  0.000000E+00  0.000000E+00  0.000000E+00
  0.274843E+01  0.186342E-01 -0.302401E+00  0.000000E+00  0.000000E+00  0.000000E+00  0.000000E+00
  0.257164E+01 -0.457815E-02  0.401937E+00  0.000000E+00  0.000000E+00  0.000000E+00  0.000000E+00
  0.281955E+01  0.124003E-01 -0.409511E+00  0.000000E+00  0.000000E+00  0.000000E+00  0.000000E+00
  0.257093E+01  0.156574E-01  0.318595E+00  0.000000E+00  0.000000E+00  0.000000E+00  0.000000E+00
  0.190713E+01 -0.234368E+00  0.565788E-02  0.000000E+00  0.000000E+00  0.000000E+00  0.000000E+00
  0.275558E+01 -0.630473E-02  0.440701E+00  0.000000E+00  0.000000E+00  0.000000E+00  0.000000E+00
  0.242522E+01  0.370953E+00 -0.166829E-02  0.000000E+00  0.000000E+00  0.000000E+00  0.000000E+00
  0.244302E+01 -0.363526E+00  0.645548E-02  0.000000E+00  0.000000E+00  0.000000E+00  0.000000E+00
  0.179470E+01 -0.212127E+00  0.346701E-03  0.000000E+00  0.000000E+00  0.000000E+00  0.000000E+00
  0.284082E+01 -0.982730E-01  0.395071E-01  0.000000E+00  0.000000E+00  0.000000E+00  0.000000E+00
  0.284082E+01 -0.136867E+00  0.791840E-01  0.000000E+00  0.000000E+00  0.000000E+00  0.000000E+00
  0.284082E+01 -0.672862E-01 -0.449279E-01  0.000000E+00  0.000000E+00  0.000000E+00  0.000000E+00
  0.284082E+01  0.115480E+00  0.716637E-02  0.000000E+00  0.000000E+00  0.000000E+00  0.000000E+00
  0.284082E+01  0.583937E-02 -0.117127E+00  0.000000E+00  0.000000E+00  0.000000E+00  0.000000E+00
  0.284082E+01 -0.608211E-01  0.102912E+00  0.000000E+00  0.000000E+00  0.000000E+00  0.000000E+00
  0.284082E+01  0.214391E-01  0.288940E-01  0.000000E+00  0.000000E+00  0.000000E+00  0.000000E+00
  0.284082E+01 -0.103309E-01 -0.545989E-02  0.000000E+00  0.000000E+00  0.000000E+00  0.000000E+00
  0.284082E+01 -0.130785E+00 -0.776730E-01  0.000000E+00  0.000000E+00  0.000000E+00  0.000000E+00
  0.284082E+01 -0.216630E-01 -0.104822E+00  0.000000E+00  0.000000E+00  0.000000E+00  0.000000E+00
  0.284082E+01 -0.243208E+00 -0.450027E-01  0.000000E+00  0.000000E+00  0.000000E+00  0.000000E+00
  0.284082E+01 -0.963936E-01  0.205482E+00  0.000000E+00  0.000000E+00  0.000000E+00  0.000000E+00
  0.284082E+01  0.620832E-01  0.214464E+00  0.000000E+00  0.000000E+00  0.000000E+00  0.000000E+00
  0.284082E+01  0.134140E-01 -0.169296E-01  0.000000E+00  0.000000E+00  0.000000E+00  0.000000E+00
  0.284082E+01  0.986980E-01 -0.319500E-01  0.000000E+00  0.000000E+00  0.000000E+00  0.000000E+00
  0.284082E+01 -0.917924E-01 -0.121790E+00  0.000000E+00  0.000000E+00  0.000000E+00  0.000000E+00
  0.284082E+01 -0.138002E-02 -0.428119E-02  0.000000E+00  0.000000E+00  0.000000E+00  0.000000E+00
  0.284082E+01 -0.551388E-01 -0.925967E-01  0.000000E+00  0.000000E+00  0.000000E+00  0.000000E+00
  0.284082E+01  0.474039E-01 -0.500904E-01  0.000000E+00  0.000000E+00  0.000000E+00  0.000000E+00
  0.284082E+01  0.616671E-01  0.376670E-01  0.000000E+00  0.000000E+00  0.000000E+00  0.000000E+00
  0.284082E+01  0.150732E+00 -0.629697E-01  0.000000E+00  0.000000E+00  0.000000E+00  0.000000E+00
  0.284082E+01 -0.615040E-01  0.132851E+00  0.000000E+00  0.000000E+00  0.000000E+00  0.000000E+00
  0.284082E+01  0.448438E-01 -0.245349E-01  0.000000E+00  0.000000E+00  0.000000E+00  0.000000E+00
  0.284082E+01  0.360712E-01 -0.159563E+00  0.000000E+00  0.000000E+00  0.000000E+00  0.000000E+00
  0.284082E+01 -0.327366E-01 -0.691671E-01  0.000000E+00  0.000000E+00  0.000000E+00  0.000000E+00
  0.284082E+01 -0.118370E+00 -0.294473E-01  0.000000E+00  0.000000E+00  0.000000E+00  0.000000E+00
  0.284082E+01 -0.894763E-01 -0.818771E-01  0.000000E+00  0.000000E+00  0.000000E+00  0.000000E+00
  0.284082E+01  0.370597E-01  0.317522E-01  0.000000E+00  0.000000E+00  0.000000E+00  0.000000E+00
  0.284082E+01  0.756491E-01  0.194138E-01  0.000000E+00  0.000000E+00  0.000000E+00  0.000000E+00
  0.284082E+01  0.328464E-01  0.153476E+00  0.000000E+00  0.000000E+00  0.000000E+00  0.000000E+00
  0.284082E+01  0.900980E-01  0.402120E-01  0.000000E+00  0.000000E+00  0.000000E+00  0.000000E+00
  0.284082E+01 -0.195062E-01  0.457238E-01  0.000000E+00  0.000000E+00  0.000000E+00  0.000000E+00
  0.284082E+01 -0.118563E-01 -0.124813E-01  0.000000E+00  0.000000E+00  0.000000E+00  0.000000E+00
  0.284082E+01 -0.213419E+00  0.695347E-01  0.000000E+00  0.000000E+00  0.000000E+00  0.000000E+00
  0.284082E+01  0.208074E+00  0.135361E-01  0.000000E+00  0.000000E+00  0.000000E+00  0.000000E+00
  0.284082E+01 -0.137473E+00 -0.508436E-01  0.000000E+00  0.000000E+00  0.000000E+00  0.000000E+00
  0.284082E+01 -0.156447E+00  0.481008E-01  0.000000E+00  0.000000E+00  0.000000E+00  0.000000E+00
  0.284082E+01 -0.470731E-01 -0.306360E-01  0.000000E+00  0.000000E+00  0.000000E+00  0.000000E+00
  0.284082E+01  0.466513E-01 -0.184169E+00  0.000000E+00  0.000000E+00  0.000000E+00  0.000000E+00
  0.284082E+01 -0.653142E-01 -0.147320E+00  0.000000E+00  0.000000E+00  0.000000E+00  0.000000E+00
  0.284082E+01  0.179732E+00 -0.580783E-01  0.000000E+00  0.000000E+00  0.000000E+00  0.000000E+00
  0.284082E+01  0.666472E-01  0.205492E+00  0.000000E+00  0.000000E+00  0.000000E+00  0.000000E+00
  0.284082E+01  0.311908E-01  0.207345E+00  0.000000E+00  0.000000E+00  0.000000E+00  0.000000E+00
  0.284082E+01 -0.362635E-01 -0.162414E+00  0.000000E+00  0.000000E+00  0.000000E+00  0.000000E+00
  0.284082E+01  0.111581E-01  0.671100E-01  0.000000E+00  0.000000E+00  0.000000E+00  0.000000E+00
  0.284082E+01 -0.943410E-01 -0.205476E+00  0.000000E+00  0.000000E+00  0.000000E+00  0.000000E+00
  0.284082E+01  0.419599E-01  0.679496E-02  0.000000E+00  0.000000E+00  0.000000E+00  0.000000E+00
  0.284082E+01  0.138319E-01 -0.188280E+00  0.000000E+00  0.000000E+00  0.000000E+00  0.000000E+00
  0.284082E+01  0.248405E-01 -0.117387E+00  0.000000E+00  0.000000E+00  0.000000E+00  0.000000E+00
  0.284082E+01 -0.159484E-01  0.960883E-01  0.000000E+00  0.000000E+00  0.000000E+00  0.000000E+00
  0.284082E+01 -0.163191E+00 -0.521174E-01  0.000000E+00  0.000000E+00  0.000000E+00  0.000000E+00
  0.284082E+01 -0.564263E-01  0.684610E-01  0.000000E+00  0.000000E+00  0.000000E+00  0.000000E+00
  0.284082E+01  0.513190E-01 -0.754443E-02  0.000000E+00  0.000000E+00  0.000000E+00  0.000000E+00
  0.284082E+01 -0.146263E+00 -0.182638E+00  0.000000E+00  0.000000E+00  0.000000E+00  0.000000E+00
  0.284082E+01  0.248571E-01  0.523091E-02  0.000000E+00  0.000000E+00  0.000000E+00  0.000000E+00
  0.284082E+01  0.194806E+00 -0.812325E-01  0.000000E+00  0.000000E+00  0.000000E+00  0.000000E+00
  0.284082E+01 -0.159402E+00 -0.148843E-01  0.000000E+00  0.000000E+00  0.000000E+00  0.000000E+00
  0.284082E+01  0.211187E+00 -0.459726E-01  0.000000E+00  0.000000E+00  0.000000E+00  0.000000E+00
  0.284082E+01 -0.399544E-01  0.210073E+00  0.000000E+00  0.000000E+00  0.000000E+00  0.000000E+00
  0.284082E+01  0.200298E-01  0.276112E-01  0.000000E+00  0.000000E+00  0.000000E+00  0.000000E+00
  0.284082E+01  0.296396E-01 -0.377541E-01  0.000000E+00  0.000000E+00  0.000000E+00  0.000000E+00
  0.284082E+01 -0.116217E+00 -0.110274E+00  0.000000E+00  0.000000E+00  0.000000E+00  0.000000E+00
  0.284082E+01 -0.736913E-01 -0.296119E-01  0.000000E+00  0.000000E+00  0.000000E+00  0.000000E+00
  0.284082E+01  0.298005E-01 -0.140288E+00  0.000000E+00  0.000000E+00  0.000000E+00  0.000000E+00
  0.284082E+01  0.147988E+00  0.146665E+00  0.000000E+00  0.000000E+00  0.000000E+00  0.000000E+00
  0.284082E+01  0.801568E-01  0.102787E+00  0.000000E+00  0.000000E+00  0.000000E+00  0.000000E+00
  0.284082E+01  0.933917E-01  0.159945E+00  0.000000E+00  0.000000E+00  0.000000E+00  0.000000E+00
  0.284082E+01 -0.201368E+00 -0.681686E-01  0.000000E+00  0.000000E+00  0.000000E+00  0.000000E+00
  0.284082E+01 -0.199893E+00  0.639015E-01  0.000000E+00  0.000000E+00  0.000000E+00  0.000000E+00
  0.284082E+01  0.923226E-01  0.972451E-02  0.000000E+00  0.000000E+00  0.000000E+00  0.000000E+00
  0.284082E+01 -0.366749E-01  0.381150E-01  0.000000E+00  0.000000E+00  0.000000E+00  0.000000E+00
  0.284082E+01  0.406896E-01  0.126525E-01  0.000000E+00  0.000000E+00  0.000000E+00  0.000000E+00
  0.284082E+01 -0.146635E+00 -0.411546E-01  0.000000E+00  0.000000E+00  0.000000E+00  0.000000E+00
  0.284082E+01 -0.694796E-01 -0.965866E-01  0.000000E+00  0.000000E+00  0.000000E+00  0.000000E+00
  0.284082E+01 -0.339492E-01  0.367760E-01  0.000000E+00  0.000000E+00  0.000000E+00  0.000000E+00
  0.284082E+01 -0.193286E-01  0.196356E+00  0.000000E+00  0.000000E+00  0.000000E+00  0.000000E+00
  0.284082E+01 -0.805395E-01 -0.155198E+00  0.000000E+00  0.000000E+00  0.000000E+00  0.000000E+00
  0.284082E+01  0.205093E+00 -0.307849E-02  0.000000E+00  0.000000E+00  0.000000E+00  0.000000E+00
  0.284082E+01  0.132153E+00  0.446081E-02  0.000000E+00  0.000000E+00  0.000000E+00  0.000000E+00
  0.284082E+01  0.138206E-01 -0.635486E-02  0.000000E+00  0.000000E+00  0.000000E+00  0.000000E+00
  0.284082E+01  0.154409E-01 -0.347646E-01  0.000000E+00  0.000000E+00  0.000000E+00  0.000000E+00
  0.284082E+01 -0.943207E-03 -0.119606E-02  0.000000E+00  0.000000E+00  0.000000E+00  0.000000E+00
  0.284082E+01  0.435261E-01  0.200731E-01  0.000000E+00  0.000000E+00  0.000000E+00  0.000000E+00
  0.284082E+01 -0.966009E-02 -0.531795E-02  0.000000E+00  0.000000E+00  0.000000E+00  0.000000E+00
  0.284082E+01 -0.147160E-01 -0.231430E-01  0.000000E+00  0.000000E+00  0.000000E+00  0.000000E+00
  0.284082E+01 -0.140169E+00 -0.155238E-01  0.000000E+00  0.000000E+00  0.000000E+00  0.000000E+00
  0.284082E+01 -0.112764E-01  0.118850E-01  0.000000E+00  0.000000E+00  0.000000E+00  0.000000E+00
  0.284082E+01  0.187296E+00  0.143704E+00  0.000000E+00  0.000000E+00  0.000000E+00  0.000000E+00
  0.284082E+01  0.148130E+00 -0.722794E-02  0.000000E+00  0.000000E+00  0.000000E+00  0.000000E+00
  0.284082E+01 -0.121326E+00 -0.773937E-01  0.000000E+00  0.000000E+00  0.000000E+00  0.000000E+00
  0.284082E+01 -0.107116E+00 -0.608078E-01  0.000000E+00  0.000000E+00  0.000000E+00  0.000000E+00
  0.284082E+01  0.962208E-02  0.241775E-01  0.000000E+00  0.000000E+00  0.000000E+00  0.000000E+00
  0.284082E+01  0.927821E-01  0.660982E-01  0.000000E+00  0.000000E+00  0.000000E+00  0.000000E+00
  0.284082E+01 -0.132394E-01 -0.160425E-01  0.000000E+00  0.000000E+00  0.000000E+00  0.000000E+00
  0.284082E+01  0.403717E-02 -0.500810E-01  0.000000E+00  0.000000E+00  0.000000E+00  0.000000E+00
  0.284082E+01 -0.154472E+00  0.159516E+00  0.000000E+00  0.000000E+00  0.000000E+00  0.000000E+00
  0.284082E+01 -0.116907E-01  0.111249E+00  0.000000E+00  0.000000E+00  0.000000E+00  0.000000E+00
  0.284082E+01  0.151946E-01  0.717976E-02  0.000000E+00  0.000000E+00  0.000000E+00  0.000000E+00
  0.284082E+01  0.146489E+00 -0.961260E-01  0.000000E+00  0.000000E+00  0.000000E+00  0.000000E+00
  0.284082E+01  0.396491E-01  0.170429E-01  0.000000E+00  0.000000E+00  0.000000E+00  0.000000E+00
