  0.174006E+01  0.100695E-01 -0.181515E+00  0.000000E+00  0.000000E+00  0.000000E+00  0.000000E+00
  0.202327E+01  0.264958E+00 -0.481575E-02  0.000000E+00  0.000000E+00  0.000000E+00  0.000000E+00
  0.196057E+01 -0.633305E-02 -0.245851E+00  0.000000E+00  0.000000E+00  0.000000E+00  0.000000E+00
  0.224034E+01 -0.143723E-01 -0.265901E+00  0.000000E+00  0.000000E+00  0.000000E+00  0.000000E+00
  0.233733E+01  0.172197E-01 -0.253395E+00  0.000000E+00  0.000000E+00  0.000000E+00  0.000000E+00
  0.174586E+01  0.101859E-01 -0.182448E+00  0.000000E+00  0.000000E+00  0.000000E+00  0.000000E+00
  0.255093E+01 -0.820261E-02 -0.381265E+00  0.000000E+00  0.000000E+00  0.000000E+00  0.000000E+00
  0.280386E+01 -0.131804E-01 -0.397371E+00  0.000000E+00  0.000000E+00  0.000000E+00  0.000000E+00
  0.194888E+01 -0.917365E-02 -0.233660E+00  0.000000E+00  0.000000E+00  0.000000E+00  0.000000E+00
  0.185185E+01  0.873541E-02 -0.212332E+00  0.000000E+00  0.000000E+00  0.000000E+00  0.000000E+00
  0.247284E+01  0.329856E+00 -0.127841E-01  0.000000E+00  0.000000E+00  0.000000E+00  0.000000E+00
  0.234792E+01  0.145284E-01 -0.286630E+00  0.000000E+00  0.000000E+00  0.000000E+00  0.000000E+00
  0.217704E+01  0.945866E-02 -0.285981E+00  0.000000E+00  0.000000E+00  0.000000E+00  0.000000E+00
  0.177127E+01 -0.619351E-02 -0.199788E+00  0.000000E+00  0.000000E+00  0.000000E+00  0.000000E+00
  0.223262E+01  0.319344E+00 -0.375982E-02  0.000000E+00  0.000000E+00  0.000000E+00  0.000000E+00
  0.281259E+01  0.413692E+00 -0.118527E-01  0.000000E+00  0.000000E+00  0.000000E+00  0.000000E+00
  0.280425E+01 -0.304074E+00 -0.189965E-01  0.000000E+00  0.000000E+00  0.000000E+00  0.000000E+00
  0.217567E+01 -0.111726E-01 -0.276068E+00  0.000000E+00  0.000000E+00  0.000000E+00  0.000000E+00
  0.206904E+01 -0.214884E+00 -0.161579E-01  0.000000E+00  0.000000E+00  0.000000E+00  0.000000E+00
  0.245845E+01 -0.294658E+00 -0.157983E-01  0.000000E+00  0.000000E+00  0.000000E+00  0.000000E+00
  0.280851E+01 -0.200432E-01 -0.280209E+00  0.000000E+00  0.000000E+00  0.000000E+00  0.000000E+00
  0.209119E+01  0.228485E+00 -0.151479E-01  0.000000E+00  0.000000E+00  0.000000E+00  0.000000E+00
  0.215366E+01  0.138629E-01 -0.252171E+00  0.000000E+00  0.000000E+00  0.000000E+00  0.000000E+00
  0.169483E+01  0.694344E-02 -0.179510E+00  0.000000E+00  0.000000E+00  0.000000E+00  0.000000E+00
  0.162705E+01 -0.151905E-02 -0.169388E+00  0.000000E+00  0.000000E+00  0.000000E+00  0.000000E+00
  0.278106E+01  0.303767E+00 -0.188323E-01  0.000000E+00  0.000000E+00  0.000000E+00  0.000000E+00
  0.170582E+01 -0.188623E+00 -0.259234E-02  0.000000E+00  0.000000E+00  0.000000E+00  0.000000E+00
  0.200907E+01 -0.103972E-01 -0.242287E+00  0.000000E+00  0.000000E+00  0.000000E+00  0.000000E+00
  0.240925E+01  0.365024E+00 -0.303123E-02  0.000000E+00  0.000000E+00  0.000000E+00  0.000000E+00
  0.256640E+01  0.254388E+00 -0.195311E-01  0.000000E+00  0.000000E+00  0.000000E+00  0.000000E+00
  0.279796E+01 -0.132328E-01 -0.395494E+00  0.000000E+00  0.000000E+00  0.000000E+00  0.000000E+00
  0.173510E+01 -0.876943E-02 -0.184536E+00  0.000000E+00  0.000000E+00  0.000000E+00  0.000000E+00
  0.241068E+01 -0.140051E-01 -0.304918E+00  0.000000E+00  0.000000E+00  0.000000E+00  0.000000E+00
  0.275648E+01 -0.453957E+00 -0.215143E-02  0.000000E+00  0.000000E+00  0.000000E+00  0.000000E+00
  0.231673E+01 -0.263006E+00 -0.161346E-01  0.000000E+00  0.000000E+00  0.000000E+00  0.000000E+00
  0.246320E+01 -0.178628E-01 -0.266833E+00  0.000000E+00  0.000000E+00  0.000000E+00  0.000000E+00
  0.213864E+01  0.228288E+00 -0.161620E-01  0.000000E+00  0.000000E+00  0.000000E+00  0.000000E+00
  0.281133E+01 -0.106546E-01 -0.424758E+00  0.000000E+00  0.000000E+00  0.000000E+00  0.000000E+00
  0.180196E+01  0.196056E+00 -0.100172E-01  0.000000E+00  0.000000E+00  0.000000E+00  0.000000E+00
  0.241931E+01  0.149347E-01 -0.296950E+00  0.000000E+00  0.000000E+00  0.000000E+00  0.000000E+00
  0.258131E+01  0.323778E+00 -0.154171E-01  0.000000E+00  0.000000E+00  0.000000E+00  0.000000E+00
  0.200310E+01  0.230436E+00 -0.123321E-01  0.000000E+00  0.000000E+00  0.000000E+00  0.000000E+00
  0.164729E+01 -0.533099E-02 -0.170804E+00  0.000000E+00  0.000000E+00  0.000000E+00  0.000000E+00
  0.182061E+01 -0.133556E-01 -0.184882E+00  0.000000E+00  0.000000E+00  0.000000E+00  0.000000E+00
  0.185938E+01 -0.223124E+00 -0.540151E-02  0.000000E+00  0.000000E+00  0.000000E+00  0.000000E+00
  0.246841E+01  0.160029E-01 -0.294031E+00  0.000000E+00  0.000000E+00  0.000000E+00  0.000000E+00
  0.253540E+01  0.810439E-02 -0.378091E+00  0.000000E+00  0.000000E+00  0.000000E+00  0.000000E+00
  0.235949E+01 -0.345876E+00 -0.567249E-02  0.000000E+00  0.000000E+00  0.000000E+00  0.000000E+00
  0.194090E+01 -0.249031E+00 -0.810828E-03  0.000000E+00  0.000000E+00  0.000000E+00  0.000000E+00
  0.218620E+01 -0.159217E-01 -0.239978E+00  0.000000E+00  0.000000E+00  0.000000E+00  0.000000E+00
  0.194105E+01 -0.665588E-02 -0.240205E+00  0.000000E+00  0.000000E+00  0.000000E+00  0.000000E+00
  0.252010E+01 -0.141335E-01 -0.326480E+00  0.000000E+00  0.000000E+00  0.000000E+00  0.000000E+00
  0.199888E+01  0.261344E+00 -0.343083E-02  0.000000E+00  0.000000E+00  0.000000E+00  0.000000E+00
  0.243403E+01  0.366684E+00 -0.492374E-02  0.000000E+00  0.000000E+00  0.000000E+00  0.000000E+00
  0.198655E+01 -0.205449E+00 -0.153915E-01  0.000000E+00  0.000000E+00  0.000000E+00  0.000000E+00
  0.162473E+01 -0.167097E+00 -0.384863E-02  0.000000E+00  0.000000E+00  0.000000E+00  0.000000E+00
  0.264404E+01 -0.351943E-02 -0.422927E+00  0.000000E+00  0.000000E+00  0.000000E+00  0.000000E+00
  0.185941E+01  0.226013E+00 -0.370089E-02  0.000000E+00  0.000000E+00  0.000000E+00  0.000000E+00
  0.205319E+01 -0.235379E+00 -0.132524E-01  0.000000E+00  0.000000E+00  0.000000E+00  0.000000E+00
  0.172761E+01 -0.573145E-02 -0.189965E+00  0.000000E+00  0.000000E+00  0.000000E+00  0.000000E+00
  0.191751E+01  0.342655E-02 -0.240945E+00  0.000000E+00  0.000000E+00  0.000000E+00  0.000000E+00
  0.214562E+01 -0.295018E+00 -0.495637E-02  0.000000E+00  0.000000E+00  0.000000E+00  0.000000E+00
  0.175165E+01  0.675531E-02 -0.193762E+00  0.000000E+00  0.000000E+00  0.000000E+00  0.000000E+00
  0.210097E+01  0.332683E-02 -0.287111E+00  0.000000E+00  0.000000E+00  0.000000E+00  0.000000E+00
  0.201648E+01  0.240892E+00 -0.110075E-01  0.000000E+00  0.000000E+00  0.000000E+00  0.000000E+00
  0.272487E+01  0.144531E-01 -0.365255E+00  0.000000E+00  0.000000E+00  0.000000E+00  0.000000E+00
  0.251368E+01  0.181156E-01 -0.271644E+00  0.000000E+00  0.000000E+00  0.000000E+00  0.000000E+00
  0.186180E+01 -0.216801E+00 -0.809135E-02  0.000000E+00  0.000000E+00  0.000000E+00  0.000000E+00
  0.173133E+01  0.182593E+00 -0.911878E-02  0.000000E+00  0.000000E+00  0.000000E+00  0.000000E+00
  0.240709E+01 -0.271365E+00 -0.168418E-01  0.000000E+00  0.000000E+00  0.000000E+00  0.000000E+00
  0.219197E+01 -0.288765E+00 -0.959746E-02  0.000000E+00  0.000000E+00  0.000000E+00  0.000000E+00
  0.273607E+01  0.401445E+00 -0.113428E-01  0.000000E+00  0.000000E+00  0.000000E+00  0.000000E+00
  0.230111E+01  0.154501E-01 -0.267582E+00  0.000000E+00  0.000000E+00  0.000000E+00  0.000000E+00
  0.277117E+01  0.424080E+00 -0.960915E-02  0.000000E+00  0.000000E+00  0.000000E+00  0.000000E+00
  0.196533E+01 -0.867808E-02 -0.239469E+00  0.000000E+00  0.000000E+00  0.000000E+00  0.000000E+00
  0.202585E+01 -0.180745E-02 -0.269960E+00  0.000000E+00  0.000000E+00  0.000000E+00  0.000000E+00
  0.175053E+01  0.734405E-02 -0.192098E+00  0.000000E+00  0.000000E+00  0.000000E+00  0.000000E+00
  0.233062E+01 -0.286473E+00 -0.141792E-01  0.000000E+00  0.000000E+00  0.000000E+00  0.000000E+00
  0.172762E+01  0.194127E+00 -0.257421E-02  0.000000E+00  0.000000E+00  0.000000E+00  0.000000E+00
  0.162714E+01  0.167426E+00 -0.410105E-02  0.000000E+00  0.000000E+00  0.000000E+00  0.000000E+00
  0.190315E+01  0.193358E+00 -0.147642E-01  0.000000E+00  0.000000E+00  0.000000E+00  0.000000E+00
  0.214199E+01  0.288800E+00 -0.678821E-02  0.000000E+00  0.000000E+00  0.000000E+00  0.000000E+00
  0.183065E+01 -0.129788E-01 -0.189097E+00  0.000000E+00  0.000000E+00  0.000000E+00  0.000000E+00
  0.205898E+01  0.270022E+00 -0.631025E-02  0.000000E+00  0.000000E+00  0.000000E+00  0.000000E+00
  0.211939E+01 -0.644708E-03 -0.294253E+00  0.000000E+00  0.000000E+00  0.000000E+00  0.000000E+00
  0.279970E+01  0.119186E-01 -0.410153E+00  0.000000E+00  0.000000E+00  0.000000E+00  0.000000E+00
  0.228634E+01 -0.305705E+00 -0.104655E-01  0.000000E+00  0.000000E+00  0.000000E+00  0.000000E+00
  0.252838E+01  0.191698E-01 -0.255409E+00  0.000000E+00  0.000000E+00  0.000000E+00  0.000000E+00
  0.264712E+01  0.402275E+00 -0.853067E-02  0.000000E+00  0.000000E+00  0.000000E+00  0.000000E+00
  0.221250E+01  0.160504E-01 -0.243750E+00  0.000000E+00  0.000000E+00  0.000000E+00  0.000000E+00
  0.203639E+01 -0.164630E-01 -0.205704E+00  0.000000E+00  0.000000E+00  0.000000E+00  0.000000E+00
  0.187212E+01  0.222886E+00 -0.684765E-02  0.000000E+00  0.000000E+00  0.000000E+00  0.000000E+00
  0.276768E+01  0.424708E+00 -0.941762E-02  0.000000E+00  0.000000E+00  0.000000E+00  0.000000E+00
  0.239512E+01  0.276890E+00 -0.162377E-01  0.000000E+00  0.000000E+00  0.000000E+00  0.000000E+00
  0.167845E+01 -0.808233E-03 -0.182620E+00  0.000000E+00  0.000000E+00  0.000000E+00  0.000000E+00
  0.202839E+01  0.133564E-01 -0.229347E+00  0.000000E+00  0.000000E+00  0.000000E+00  0.000000E+00
  0.241911E+01 -0.317156E+00 -0.128980E-01  0.000000E+00  0.000000E+00  0.000000E+00  0.000000E+00
  0.196813E+01  0.243589E-02 -0.254836E+00  0.000000E+00  0.000000E+00  0.000000E+00  0.000000E+00
  0.232169E+01 -0.186177E-01 -0.230630E+00  0.000000E+00  0.000000E+00  0.000000E+00  0.000000E+00
  0.220345E+01 -0.232123E+00 -0.169403E-01  0.000000E+00  0.000000E+00  0.000000E+00  0.000000E+00
  0.253609E+01 -0.248536E+00 -0.195839E-01  0.000000E+00  0.000000E+00  0.000000E+00  0.000000E+00
  0.253517E+01 -0.108771E-01 -0.359812E+00  0.000000E+00  0.000000E+00  0.000000E+00  0.000000E+00
  0.278617E+01  0.141761E-01 -0.381503E+00  0.000000E+00  0.000000E+00  0.000000E+00  0.000000E+00
  0.257972E+01 -0.541153E-02 -0.401155E+00  0.000000E+00  0.000000E+00  0.000000E+00  0.000000E+00
  0.267395E+01  0.131548E-01 -0.369700E+00  0.000000E+00  0.000000E+00  0.000000E+00  0.000000E+00
  0.208887E+01  0.227205E+00 -0.152406E-01  0.000000E+00  0.000000E+00  0.000000E+00  0.000000E+00
  0.264376E+01  0.191913E-01 -0.273720E+00  0.000000E+00  0.000000E+00  0.000000E+00  0.000000E+00
  0.251335E+01 -0.393448E+00 -0.142862E-02  0.000000E+00  0.000000E+00  0.000000E+00  0.000000E+00
  0.201223E+01  0.103350E-01 -0.243319E+00  0.000000E+00  0.000000E+00  0.000000E+00  0.000000E+00
  0.177352E+01 -0.674488E-02 -0.199116E+00  0.000000E+00  0.000000E+00  0.000000E+00  0.000000E+00
  0.254321E+01  0.112626E-02 -0.401246E+00  0.000000E+00  0.000000E+00  0.000000E+00  0.000000E+00
  0.271085E+01 -0.305208E+00 -0.181604E-01  0.000000E+00  0.000000E+00  0.000000E+00  0.000000E+00
  0.250639E+01 -0.138110E-01 -0.327029E+00  0.000000E+00  0.000000E+00  0.000000E+00  0.000000E+00
  0.261137E+01 -0.355045E+00 -0.132680E-01  0.000000E+00  0.000000E+00  0.000000E+00  0.000000E+00
  0.236277E+01 -0.125767E-01 -0.307645E+00  0.000000E+00  0.000000E+00  0.000000E+00  0.000000E+00
  0.236030E+01  0.295029E+00 -0.139344E-01  0.000000E+00  0.000000E+00  0.000000E+00  0.000000E+00
  0.174138E+01 -0.196323E+00 -0.381392E-02  0.000000E+00  0.000000E+00  0.000000E+00  0.000000E+00
  0.251896E+01  0.177974E-01 -0.277764E+00  0.000000E+00  0.000000E+00  0.000000E+00  0.000000E+00
  0.195257E+01  0.234205E+00 -0.925443E-02  0.000000E+00  0.000000E+00  0.000000E+00  0.000000E+00
  0.222067E+01  0.270944E+00 -0.133012E-01  0.000000E+00  0.000000E+00  0.000000E+00  0.000000E+00
  0.272657E+01  0.447224E+00 -0.154131E-02  0.000000E+00  0.000000E+00  0.000000E+00  0.000000E+00
  0.192002E+01  0.106957E-01 -0.220429E+00  0.000000E+00  0.000000E+00  0.000000E+00  0.000000E+00
  0.198162E+01  0.200874E+00 -0.158246E-01  0.000000E+00  0.000000E+00  0.000000E+00  0.000000E+00
  0.242724E+01 -0.981305E-02 -0.342412E+00  0.000000E+00  0.000000E+00  0.000000E+00  0.000000E+00
  0.227749E+01 -0.821007E-02 -0.315833E+00  0.000000E+00  0.000000E+00  0.000000E+00  0.000000E+00
  0.238325E+01 -0.243004E+00 -0.184944E-01  0.000000E+00  0.000000E+00  0.000000E+00  0.000000E+00
  0.234818E+01 -0.412786E-02 -0.347440E+00  0.000000E+00  0.000000E+00  0.000000E+00  0.000000E+00
  0.252552E+01 -0.388722E+00 -0.512995E-02  0.000000E+00  0.000000E+00  0.000000E+00  0.000000E+00
  0.271460E+01  0.440928E+00 -0.339254E-02  0.000000E+00  0.000000E+00  0.000000E+00  0.000000E+00
  0.223862E+01  0.168429E-01 -0.239830E+00  0.000000E+00  0.000000E+00  0.000000E+00  0.000000E+00
  0.249800E+01  0.976976E-02 -0.359178E+00  0.000000E+00  0.000000E+00  0.000000E+00  0.000000E+00
  0.170422E+01 -0.179740E+00 -0.782130E-02  0.000000E+00  0.000000E+00  0.000000E+00  0.000000E+00
  0.247458E+01 -0.365991E+00 -0.762021E-02  0.000000E+00  0.000000E+00  0.000000E+00  0.000000E+00
  0.198439E+01  0.155596E-02 -0.259669E+00  0.000000E+00  0.000000E+00  0.000000E+00  0.000000E+00
  0.172179E+01  0.529581E-02 -0.189293E+00  0.000000E+00  0.000000E+00  0.000000E+00  0.000000E+00
  0.201102E+01 -0.265156E+00 -0.286495E-02  0.000000E+00  0.000000E+00  0.000000E+00  0.000000E+00
  0.260506E+01  0.263272E+00 -0.193971E-01  0.000000E+00  0.000000E+00  0.000000E+00  0.000000E+00
  0.195006E+01  0.766378E-02 -0.239374E+00  0.000000E+00  0.000000E+00  0.000000E+00  0.000000E+00
  0.217628E+01  0.286711E+00 -0.927656E-02  0.000000E+00  0.000000E+00  0.000000E+00  0.000000E+00
  0.281198E+01 -0.164928E-01 -0.352989E+00  0.000000E+00  0.000000E+00  0.000000E+00  0.000000E+00
  0.202932E+01 -0.127942E-01 -0.233293E+00  0.000000E+00  0.000000E+00  0.000000E+00  0.000000E+00
  0.280085E+01  0.159543E-01 -0.359449E+00  0.000000E+00  0.000000E+00  0.000000E+00  0.000000E+00
  0.246198E+01 -0.842174E-02 -0.358813E+00  0.000000E+00  0.000000E+00  0.000000E+00  0.000000E+00
  0.189134E+01 -0.208461E+00 -0.118270E-01  0.000000E+00  0.000000E+00  0.000000E+00  0.000000E+00
  0.210350E+01 -0.285251E+00 -0.465495E-02  0.000000E+00  0.000000E+00  0.000000E+00  0.000000E+00
  0.182089E+01 -0.210847E+00 -0.667066E-02  0.000000E+00  0.000000E+00  0.000000E+00  0.000000E+00
  0.279148E+01  0.101879E-01 -0.424189E+00  0.000000E+00  0.000000E+00  0.000000E+00  0.000000E+00
  0.259533E+01  0.194421E-01 -0.260797E+00  0.000000E+00  0.000000E+00  0.000000E+00  0.000000E+00
  0.275533E+01  0.453886E+00 -0.200763E-02  0.000000E+00  0.000000E+00  0.000000E+00  0.000000E+00
  0.193235E+01  0.205857E+00 -0.138152E-01  0.000000E+00  0.000000E+00  0.000000E+00  0.000000E+00
  0.221142E+01 -0.956593E-02 -0.293478E+00  0.000000E+00  0.000000E+00  0.000000E+00  0.000000E+00
  0.165310E+01  0.175131E+00 -0.287078E-02  0.000000E+00  0.000000E+00  0.000000E+00  0.000000E+00
  0.162304E+01 -0.167177E+00 -0.333669E-02  0.000000E+00  0.000000E+00  0.000000E+00  0.000000E+00
  0.283505E+01  0.157622E-01 -0.369114E+00  0.000000E+00  0.000000E+00  0.000000E+00  0.000000E+00
  0.189582E+01 -0.109716E-02 -0.237520E+00  0.000000E+00  0.000000E+00  0.000000E+00  0.000000E+00
  0.216891E+01  0.214890E+00 -0.178481E-01  0.000000E+00  0.000000E+00  0.000000E+00  0.000000E+00
  0.275752E+01  0.180649E-01 -0.315159E+00  0.000000E+00  0.000000E+00  0.000000E+00  0.000000E+00
  0.233421E+01  0.155100E-01 -0.273511E+00  0.000000E+00  0.000000E+00  0.000000E+00  0.000000E+00
  0.270114E+01 -0.120418E-01 -0.387029E+00  0.000000E+00  0.000000E+00  0.000000E+00  0.000000E+00
  0.247926E+01 -0.431712E-02 -0.379670E+00  0.000000E+00  0.000000E+00  0.000000E+00  0.000000E+00
  0.253016E+01 -0.396156E+00 -0.261962E-02  0.000000E+00  0.000000E+00  0.000000E+00  0.000000E+00
  0.202397E+01 -0.215466E+00 -0.150846E-01  0.000000E+00  0.000000E+00  0.000000E+00  0.000000E+00
  0.224815E+01 -0.476941E-02 -0.320946E+00  0.000000E+00  0.000000E+00  0.000000E+00  0.000000E+00
  0.187645E+01 -0.195094E+00 -0.136464E-01  0.000000E+00  0.000000E+00  0.000000E+00  0.000000E+00
  0.233762E+01  0.279163E+00 -0.150493E-01  0.000000E+00  0.000000E+00  0.000000E+00  0.000000E+00
  0.281694E+01 -0.470661E+00 -0.882766E-03  0.000000E+00  0.000000E+00  0.000000E+00  0.000000E+00
  0.193642E+01  0.137888E-01 -0.206890E+00  0.000000E+00  0.000000E+00  0.000000E+00  0.000000E+00
  0.253732E+01 -0.178157E-01 -0.280730E+00  0.000000E+00  0.000000E+00  0.000000E+00  0.000000E+00
  0.210552E+01  0.687768E-03 -0.290731E+00  0.000000E+00  0.000000E+00  0.000000E+00  0.000000E+00
  0.217329E+01 -0.103535E-01 -0.280345E+00  0.000000E+00  0.000000E+00  0.000000E+00  0.000000E+00
  0.171269E+01  0.568502E-02 -0.186371E+00  0.000000E+00  0.000000E+00  0.000000E+00  0.000000E+00
  0.251088E+01  0.279403E+00 -0.176024E-01  0.000000E+00  0.000000E+00  0.000000E+00  0.000000E+00
  0.221987E+01 -0.166454E-01 -0.238602E+00  0.000000E+00  0.000000E+00  0.000000E+00  0.000000E+00
  0.249175E+01  0.497698E-02 -0.380847E+00  0.000000E+00  0.000000E+00  0.000000E+00  0.000000E+00
  0.260608E+01 -0.125218E-01 -0.361415E+00  0.000000E+00  0.000000E+00  0.000000E+00  0.000000E+00
  0.233917E+01 -0.296405E+00 -0.132945E-01  0.000000E+00  0.000000E+00  0.000000E+00  0.000000E+00
  0.237524E+01  0.938146E-02 -0.332881E+00  0.000000E+00  0.000000E+00  0.000000E+00  0.000000E+00
  0.241873E+01  0.367046E+00 -0.322433E-02  0.000000E+00  0.000000E+00  0.000000E+00  0.000000E+00
  0.216379E+01  0.282047E+00 -0.962300E-02  0.000000E+00  0.000000E+00  0.000000E+00  0.000000E+00
  0.236989E+01 -0.111340E-01 -0.320331E+00  0.000000E+00  0.000000E+00  0.000000E+00  0.000000E+00
  0.202132E+01 -0.268449E+00 -0.222965E-02  0.000000E+00  0.000000E+00  0.000000E+00  0.000000E+00
  0.223595E+01  0.110496E-01 -0.290511E+00  0.000000E+00  0.000000E+00  0.000000E+00  0.000000E+00
  0.246734E+01  0.294845E+00 -0.159224E-01  0.000000E+00  0.000000E+00  0.000000E+00  0.000000E+00
  0.185361E+01  0.185946E+00 -0.143475E-01  0.000000E+00  0.000000E+00  0.000000E+00  0.000000E+00
  0.173296E+01  0.177617E+00 -0.106976E-01  0.000000E+00  0.000000E+00  0.000000E+00  0.000000E+00
  0.238222E+01  0.372095E-02 -0.356875E+00  0.000000E+00  0.000000E+00  0.000000E+00  0.000000E+00
  0.229608E+01  0.320441E+00 -0.817549E-02  0.000000E+00  0.000000E+00  0.000000E+00  0.000000E+00
  0.225416E+01 -0.613014E-02 -0.318444E+00  0.000000E+00  0.000000E+00  0.000000E+00  0.000000E+00
  0.185288E+01 -0.137712E-01 -0.189354E+00  0.000000E+00  0.000000E+00  0.000000E+00  0.000000E+00
  0.221998E+01  0.471770E-02 -0.314072E+00  0.000000E+00  0.000000E+00  0.000000E+00  0.000000E+00
  0.209678E+01 -0.623194E-02 -0.279516E+00  0.000000E+00  0.000000E+00  0.000000E+00  0.000000E+00
  0.253243E+01 -0.602925E-02 -0.387148E+00  0.000000E+00  0.000000E+00  0.000000E+00  0.000000E+00
  0.243407E+01 -0.307610E+00 -0.142213E-01  0.000000E+00  0.000000E+00  0.000000E+00  0.000000E+00
  0.207600E+01 -0.216641E+00 -0.161149E-01  0.000000E+00  0.000000E+00  0.000000E+00  0.000000E+00
  0.248402E+01  0.192870E-01 -0.246018E+00  0.000000E+00  0.000000E+00  0.000000E+00  0.000000E+00
  0.182764E+01  0.219956E+00 -0.173452E-02  0.000000E+00  0.000000E+00  0.000000E+00  0.000000E+00
  0.213601E+01 -0.293817E+00 -0.443856E-02  0.000000E+00  0.000000E+00  0.000000E+00  0.000000E+00
  0.204702E+01 -0.929296E-02 -0.256250E+00  0.000000E+00  0.000000E+00  0.000000E+00  0.000000E+00
  0.226827E+01 -0.247862E-02 -0.330408E+00  0.000000E+00  0.000000E+00  0.000000E+00  0.000000E+00
  0.240180E+01  0.258885E+00 -0.176648E-01  0.000000E+00  0.000000E+00  0.000000E+00  0.000000E+00
  0.213637E+01  0.330428E-02 -0.296029E+00  0.000000E+00  0.000000E+00  0.000000E+00  0.000000E+00
  0.179563E+01 -0.211276E+00 -0.254873E-02  0.000000E+00  0.000000E+00  0.000000E+00  0.000000E+00
  0.194678E+01 -0.101788E-01 -0.228935E+00  0.000000E+00  0.000000E+00  0.000000E+00  0.000000E+00
  0.217493E+01  0.220291E+00 -0.174966E-01  0.000000E+00  0.000000E+00  0.000000E+00  0.000000E+00
  0.209667E+01  0.269399E+00 -0.896625E-02  0.000000E+00  0.000000E+00  0.000000E+00  0.000000E+00
  0.206048E+01 -0.153029E-01 -0.220969E+00  0.000000E+00  0.000000E+00  0.000000E+00  0.000000E+00
  0.283540E+01  0.187917E-01 -0.313697E+00  0.000000E+00  0.000000E+00  0.000000E+00  0.000000E+00
  0.194133E+01  0.151809E-01 -0.198051E+00  0.000000E+00  0.000000E+00  0.000000E+00  0.000000E+00
  0.236843E+01 -0.304264E+00 -0.131162E-01  0.000000E+00  0.000000E+00  0.000000E+00  0.000000E+00
  0.265302E+01 -0.262361E+00 -0.197924E-01  0.000000E+00  0.000000E+00  0.000000E+00  0.000000E+00
  0.231114E+01  0.239507E+00 -0.178908E-01  0.000000E+00  0.000000E+00  0.000000E+00  0.000000E+00
  0.224756E+01 -0.276699E+00 -0.133023E-01  0.000000E+00  0.000000E+00  0.000000E+00  0.000000E+00
  0.201127E+01 -0.230209E-02 -0.265843E+00  0.000000E+00  0.000000E+00  0.000000E+00  0.000000E+00
  0.171049E+01  0.184699E+00 -0.628495E-02  0.000000E+00  0.000000E+00  0.000000E+00  0.000000E+00
  0.243150E+01 -0.255380E+00 -0.182374E-01  0.000000E+00  0.000000E+00  0.000000E+00  0.000000E+00
  0.252723E+01 -0.283447E+00 -0.175321E-01  0.000000E+00  0.000000E+00  0.000000E+00  0.000000E+00
  0.218333E+01  0.309605E+00 -0.193715E-02  0.000000E+00  0.000000E+00  0.000000E+00  0.000000E+00
  0.263209E+01  0.416074E+00 -0.485700E-02  0.000000E+00  0.000000E+00  0.000000E+00  0.000000E+00
  0.200202E+01  0.135617E-01 -0.222315E+00  0.000000E+00  0.000000E+00  0.000000E+00  0.000000E+00
  0.234433E+01 -0.234620E+00 -0.186072E-01  0.000000E+00  0.000000E+00  0.000000E+00  0.000000E+00
  0.272121E+01  0.444739E+00 -0.235120E-02  0.000000E+00  0.000000E+00  0.000000E+00  0.000000E+00
  0.190800E+01  0.193517E+00 -0.148815E-01  0.000000E+00  0.000000E+00  0.000000E+00  0.000000E+00
  0.276331E+01 -0.153734E-01 -0.360678E+00  0.000000E+00  0.000000E+00  0.000000E+00  0.000000E+00
  0.177485E+01 -0.193044E+00 -0.905936E-02  0.000000E+00  0.000000E+00  0.000000E+00  0.000000E+00
  0.248765E+01  0.103979E-01 -0.352471E+00  0.000000E+00  0.000000E+00  0.000000E+00  0.000000E+00
  0.248312E+01  0.383153E+00 -0.325328E-02  0.000000E+00  0.000000E+00  0.000000E+00  0.000000E+00
  0.180621E+01  0.205842E+00 -0.724152E-02  0.000000E+00  0.000000E+00  0.000000E+00  0.000000E+00
  0.264340E+01  0.275673E+00 -0.190925E-01  0.000000E+00  0.000000E+00  0.000000E+00  0.000000E+00
  0.245153E+01 -0.357790E+00 -0.814581E-02  0.000000E+00  0.000000E+00  0.000000E+00  0.000000E+00
  0.266031E+01  0.918547E-02 -0.401133E+00  0.000000E+00  0.000000E+00  0.000000E+00  0.000000E+00
  0.250997E+01  0.344398E+00 -0.120666E-01  0.000000E+00  0.000000E+00  0.000000E+00  0.000000E+00
  0.177735E+01  0.265412E-02 -0.206581E+00  0.000000E+00  0.000000E+00  0.000000E+00  0.000000E+00
  0.242767E+01  0.125860E-01 -0.321766E+00  0.000000E+00  0.000000E+00  0.000000E+00  0.000000E+00
  0.200315E+01 -0.123764E-01 -0.230181E+00  0.000000E+00  0.000000E+00  0.000000E+00  0.000000E+00
  0.264802E+01  0.287922E+00 -0.185043E-01  0.000000E+00  0.000000E+00  0.000000E+00  0.000000E+00
  0.284082E+01 -0.833911E-02 -0.134889E-01  0.000000E+00  0.000000E+00  0.000000E+00  0.000000E+00
  0.284082E+01 -0.119485E+00 -0.184007E+00  0.000000E+00  0.000000E+00  0.000000E+00  0.000000E+00
  0.284082E+01 -0.509312E-03  0.530779E-02  0.000000E+00  0.000000E+00  0.000000E+00  0.000000E+00
  0.284082E+01 -0.190012E-01 -0.948133E-02  0.000000E+00  0.000000E+00  0.000000E+00  0.000000E+00
  0.284082E+01 -0.189783E+00 -0.151855E+00  0.000000E+00  0.000000E+00  0.000000E+00  0.000000E+00
  0.284082E+01  0.238131E+00  0.700587E-01  0.000000E+00  0.000000E+00  0.000000E+00  0.000000E+00
  0.284082E+01  0.167353E-01  0.809404E-01  0.000000E+00  0.000000E+00  0.000000E+00  0.000000E+00
  0.284082E+01 -0.909604E-01  0.101134E+00  0.000000E+00  0.000000E+00  0.000000E+00  0.000000E+00
  0.284082E+01 -0.157342E+00 -0.110552E+00  0.000000E+00  0.000000E+00  0.000000E+00  0.000000E+00
  0.284082E+01 -0.581660E-01  0.300255E-01  0.000000E+00  0.000000E+00  0.000000E+00  0.000000E+00
  0.284082E+01 -0.241453E-01 -0.198628E+00  0.000000E+00  0.000000E+00  0.000000E+00  0.000000E+00
  0.284082E+01 -0.432291E-01  0.103319E+00  0.000000E+00  0.000000E+00  0.000000E+00  0.000000E+00
  0.284082E+01 -0.157667E+00 -0.355397E-01  0.000000E+00  0.000000E+00  0.000000E+00  0.000000E+00
  0.284082E+01  0.310387E-01 -0.334570E-01  0.000000E+00  0.000000E+00  0.000000E+00  0.000000E+00
  0.284082E+01  0.838019E-01 -0.491156E-01  0.000000E+00  0.000000E+00  0.000000E+00  0.000000E+00
  0.284082E+01  0.432068E-01 -0.469730E-01  0.000000E+00  0.000000E+00  0.000000E+00  0.000000E+00
  0.284082E+01 -0.861517E-01  0.518774E-01  0.000000E+00  0.000000E+00  0.000000E+00  0.000000E+00
  0.284082E+01 -0.169906E-01  0.257548E-01  0.000000E+00  0.000000E+00  0.000000E+00  0.000000E+00
  0.284082E+01 -0.149288E+00  0.595486E-01  0.000000E+00  0.000000E+00  0.000000E+00  0.000000E+00
  0.284082E+01  0.961748E-01 -0.194310E+00  0.000000E+00  0.000000E+00  0.000000E+00  0.000000E+00
  0.284082E+01 -0.395771E-01 -0.504400E-01  0.000000E+00  0.000000E+00  0.000000E+00  0.000000E+00
  0.284082E+01  0.517295E-02 -0.234092E-02  0.000000E+00  0.000000E+00  0.000000E+00  0.000000E+00
  0.284082E+01 -0.281173E-01 -0.994594E-02  0.000000E+00  0.000000E+00  0.000000E+00  0.000000E+00
  0.284082E+01  0.416257E-01 -0.100906E+00  0.000000E+00  0.000000E+00  0.000000E+00  0.000000E+00
  0.284082E+01 -0.140194E+00 -0.885569E-01  0.000000E+00  0.000000E+00  0.000000E+00  0.000000E+00
  0.284082E+01  0.548072E-01 -0.422411E-02  0.000000E+00  0.000000E+00  0.000000E+00  0.000000E+00
  0.284082E+01  0.392227E-01 -0.366874E-02  0.000000E+00  0.000000E+00  0.000000E+00  0.000000E+00
  0.284082E+01  0.958636E-01 -0.175534E-01  0.000000E+00  0.000000E+00  0.000000E+00  0.000000E+00
  0.284082E+01  0.872527E-01  0.137678E-01  0.000000E+00  0.000000E+00  0.000000E+00  0.000000E+00
  0.284082E+01 -0.648130E-01 -0.110049E-01  0.000000E+00  0.000000E+00  0.000000E+00  0.000000E+00
  0.284082E+01 -0.143826E-01 -0.117734E+00  0.000000E+00  0.000000E+00  0.000000E+00  0.000000E+00
  0.284082E+01 -0.158427E+00  0.301795E-01  0.000000E+00  0.000000E+00  0.000000E+00  0.000000E+00
  0.284082E+01  0.677294E-01  0.117439E+00  0.000000E+00  0.000000E+00  0.000000E+00  0.000000E+00
  0.284082E+01  0.158129E+00  0.128349E+00  0.000000E+00  0.000000E+00  0.000000E+00  0.000000E+00
  0.284082E+01  0.598443E-02  0.103593E-01  0.000000E+00  0.000000E+00  0.000000E+00  0.000000E+00
  0.284082E+01 -0.413234E-01  0.643338E-01  0.000000E+00  0.000000E+00  0.000000E+00  0.000000E+00
  0.284082E+01 -0.104989E+00  0.162983E+00  0.000000E+00  0.000000E+00  0.000000E+00  0.000000E+00
  0.284082E+01  0.106973E+00  0.228337E-01  0.000000E+00  0.000000E+00  0.000000E+00  0.000000E+00
  0.284082E+01  0.206005E-01  0.375734E-02  0.000000E+00  0.000000E+00  0.000000E+00  0.000000E+00
  0.284082E+01 -0.127473E+00  0.570697E-01  0.000000E+00  0.000000E+00  0.000000E+00  0.000000E+00
  0.284082E+01 -0.374551E-01  0.640424E-01  0.000000E+00  0.000000E+00  0.000000E+00  0.000000E+00
  0.284082E+01  0.878671E-01 -0.898670E-01  0.000000E+00  0.000000E+00  0.000000E+00  0.000000E+00
  0.284082E+01 -0.138772E+00  0.980879E-01  0.000000E+00  0.000000E+00  0.000000E+00  0.000000E+00
  0.284082E+01 -0.399716E-01 -0.587524E-01  0.000000E+00  0.000000E+00  0.000000E+00  0.000000E+00
  0.284082E+01  0.103016E+00 -0.961462E-01  0.000000E+00  0.000000E+00  0.000000E+00  0.000000E+00
  0.284082E+01 -0.160251E+00 -0.865796E-01  0.000000E+00  0.000000E+00  0.000000E+00  0.000000E+00
  0.284082E+01 -0.872987E-01 -0.186204E-01  0.000000E+00  0.000000E+00  0.000000E+00  0.000000E+00
  0.284082E+01  0.134624E+00 -0.173199E+00  0.000000E+00  0.000000E+00  0.000000E+00  0.000000E+00
  0.284082E+01 -0.289903E-02  0.437678E-01  0.000000E+00  0.000000E+00  0.000000E+00  0.000000E+00
  0.284082E+01 -0.116783E+00  0.945644E-01  0.000000E+00  0.000000E+00  0.000000E+00  0.000000E+00
  0.284082E+01 -0.111637E-01 -0.215658E+00  0.000000E+00  0.000000E+00  0.000000E+00  0.000000E+00
  0.284082E+01 -0.108809E-01 -0.270092E-01  0.000000E+00  0.000000E+00  0.000000E+00  0.000000E+00
  0.284082E+01 -0.182431E-01  0.262176E-02  0.000000E+00  0.000000E+00  0.000000E+00  0.000000E+00
  0.284082E+01  0.101159E-01 -0.116138E+00  0.000000E+00  0.000000E+00  0.000000E+00  0.000000E+00
  0.284082E+01 -0.203025E+00  0.224037E-01  0.000000E+00  0.000000E+00  0.000000E+00  0.000000E+00
  0.284082E+01 -0.121713E-02 -0.213171E-01  0.000000E+00  0.000000E+00  0.000000E+00  0.000000E+00
  0.284082E+01  0.175059E-01 -0.156305E-02  0.000000E+00  0.000000E+00  0.000000E+00  0.000000E+00
  0.284082E+01  0.531278E-01  0.173318E-02  0.000000E+00  0.000000E+00  0.000000E+00  0.000000E+00
  0.284082E+01  0.132463E+00 -0.641818E-01  0.000000E+00  0.000000E+00  0.000000E+00  0.000000E+00
  0.284082E+01  0.391866E-02 -0.150623E-02  0.000000E+00  0.000000E+00  0.000000E+00  0.000000E+00
  0.284082E+01 -0.158863E+00 -0.122948E-01  0.000000E+00  0.000000E+00  0.000000E+00  0.000000E+00
  0.284082E+01 -0.141299E-03  0.323190E-02  0.000000E+00  0.000000E+00  0.000000E+00  0.000000E+00
  0.284082E+01 -0.299960E-01  0.340566E-01  0.000000E+00  0.000000E+00  0.000000E+00  0.000000E+00
  0.284082E+01 -0.117452E-01  0.679635E-01  0.000000E+00  0.000000E+00  0.000000E+00  0.000000E+00
  0.284082E+01 -0.106153E+00 -0.904233E-01  0.000000E+00  0.000000E+00  0.000000E+00  0.000000E+00
  0.284082E+01  0.699210E-01  0.566195E-01  0.000000E+00  0.000000E+00  0.000000E+00  0.000000E+00
  0.284082E+01 -0.360974E-01  0.290249E-01  0.000000E+00  0.000000E+00  0.000000E+00  0.000000E+00
  0.284082E+01  0.128381E+00 -0.187667E+00  0.000000E+00  0.000000E+00  0.000000E+00  0.000000E+00
  0.284082E+01  0.121623E-01  0.482829E-02  0.000000E+00  0.000000E+00  0.000000E+00  0.000000E+00
  0.284082E+01  0.104088E+00 -0.548273E-01  0.000000E+00  0.000000E+00  0.000000E+00  0.000000E+00
  0.284082E+01  0.216613E+00  0.848672E-02  0.000000E+00  0.000000E+00  0.000000E+00  0.000000E+00
  0.284082E+01 -0.876166E-01 -0.196687E+00  0.000000E+00  0.000000E+00  0.000000E+00  0.000000E+00
  0.284082E+01 -0.520555E-01 -0.283009E-01  0.000000E+00  0.000000E+00  0.000000E+00  0.000000E+00
  0.284082E+01  0.542928E-02 -0.222312E-01  0.000000E+00  0.000000E+00  0.000000E+00  0.000000E+00
  0.284082E+01  0.213657E+00 -0.276148E-01  0.000000E+00  0.000000E+00  0.000000E+00  0.000000E+00
  0.284082E+01 -0.723729E-01 -0.493906E-02  0.000000E+00  0.000000E+00  0.000000E+00  0.000000E+00
  0.284082E+01  0.165882E+00  0.174782E+00  0.000000E+00  0.000000E+00  0.000000E+00  0.000000E+00
  0.284082E+01 -0.574480E-02 -0.253116E-01  0.000000E+00  0.000000E+00  0.000000E+00  0.000000E+00
  0.284082E+01  0.142473E+00 -0.950118E-01  0.000000E+00  0.000000E+00  0.000000E+00  0.000000E+00
  0.284082E+01 -0.400100E-01  0.941043E-01  0.000000E+00  0.000000E+00  0.000000E+00  0.000000E+00
  0.284082E+01 -0.973443E-01 -0.173733E-01  0.000000E+00  0.000000E+00  0.000000E+00  0.000000E+00
  0.284082E+01  0.327499E-01 -0.548878E-02  0.000000E+00  0.000000E+00  0.000000E+00  0.000000E+00
  0.284082E+01  0.173798E+00  0.803027E-01  0.000000E+00  0.000000E+00  0.000000E+00  0.000000E+00
  0.284082E+01 -0.186064E-01  0.507985E-01  0.000000E+00  0.000000E+00  0.000000E+00  0.000000E+00
  0.284082E+01  0.584902E-01  0.827837E-01  0.000000E+00  0.000000E+00  0.000000E+00  0.000000E+00
  0.284082E+01  0.454503E-02  0.155709E+00  0.000000E+00  0.000000E+00  0.000000E+00  0.000000E+00
  0.284082E+01 -0.102987E+00 -0.282373E-01  0.000000E+00  0.000000E+00  0.000000E+00  0.000000E+00
  0.284082E+01  0.159010E+00 -0.440799E-01  0.000000E+00  0.000000E+00  0.000000E+00  0.000000E+00
  0.284082E+01  0.430927E-01 -0.519398E-02  0.000000E+00  0.000000E+00  0.000000E+00  0.000000E+00
  0.284082E+01  0.159322E-01 -0.211078E-01  0.000000E+00  0.000000E+00  0.000000E+00  0.000000E+00
  0.284082E+01 -0.190496E+00 -0.292172E-01  0.000000E+00  0.000000E+00  0.000000E+00  0.000000E+00
  0.284082E+01 -0.510300E-01 -0.694305E-01  0.000000E+00  0.000000E+00  0.000000E+00  0.000000E+00
  0.284082E+01 -0.207528E+00  0.531402E-01  0.000000E+00  0.000000E+00  0.000000E+00  0.000000E+00
  0.284082E+01 -0.726312E-01 -0.618753E-01  0.000000E+00  0.000000E+00  0.000000E+00  0.000000E+00
  0.284082E+01  0.326031E-01  0.278925E-01  0.000000E+00  0.000000E+00  0.000000E+00  0.000000E+00
  0.284082E+01 -0.365342E-01  0.174713E+00  0.000000E+00  0.000000E+00  0.000000E+00  0.000000E+00
  0.284082E+01  0.484203E-02  0.482295E-01  0.000000E+00  0.000000E+00  0.000000E+00  0.000000E+00
  0.284082E+01 -0.118064E+00 -0.454711E-01  0.000000E+00  0.000000E+00  0.000000E+00  0.000000E+00
  0.284082E+01  0.858473E-01  0.189943E+00  0.000000E+00  0.000000E+00  0.000000E+00  0.000000E+00
  0.284082E+01  0.612899E-01 -0.423983E-01  0.000000E+00  0.000000E+00  0.000000E+00  0.000000E+00
