  0.199331E+01  0.257948E+00 -0.460105E-02  0.000000E+00  0.000000E+00  0.000000E+00  0.000000E+00
  0.260296E+01  0.278122E+00 -0.186195E-01  0.000000E+00  0.000000E+00  0.000000E+00  0.000000E+00
  0.255130E+01  0.280512E+00 -0.179789E-01  0.000000E+00  0.000000E+00  0.000000E+00  0.000000E+00
  0.222238E+01  0.826132E-02 -0.302425E+00  0.000000E+00  0.000000E+00  0.000000E+00  0.000000E+00
  0.279615E+01  0.448710E+00 -0.668975E-02  0.000000E+00  0.000000E+00  0.000000E+00  0.000000E+00
  0.163502E+01  0.111023E-02 -0.171550E+00  0.000000E+00  0.000000E+00  0.000000E+00  0.000000E+00
  0.205989E+01  0.146613E-01 -0.226219E+00  0.000000E+00  0.000000E+00  0.000000E+00  0.000000E+00
  0.277939E+01  0.460977E+00 -0.113050E-02  0.000000E+00  0.000000E+00  0.000000E+00  0.000000E+00
  0.246592E+01  0.151540E-01 -0.303888E+00  0.000000E+00  0.000000E+00  0.000000E+00  0.000000E+00
  0.210935E+01  0.236208E+00 -0.146795E-01  0.000000E+00  0.000000E+00  0.000000E+00  0.000000E+00
  0.281108E+01  0.352364E+00 -0.165202E-01  0.000000E+00  0.000000E+00  0.000000E+00  0.000000E+00
  0.249005E+01  0.133851E-02 -0.387638E+00  0.000000E+00  0.000000E+00  0.000000E+00  0.000000E+00
  0.224806E+01  0.294538E+00 -0.108492E-01  0.000000E+00  0.000000E+00  0.000000E+00  0.000000E+00
  0.177398E+01  0.204349E+00 -0.391542E-02  0.000000E+00  0.000000E+00  0.000000E+00  0.000000E+00
  0.259849E+01 -0.403247E+00 -0.606132E-02  0.000000E+00  0.000000E+00  0.000000E+00  0.000000E+00
  0.195153E+01  0.206720E+00 -0.142805E-01  0.000000E+00  0.000000E+00  0.000000E+00  0.000000E+00
  0.246909E+01  0.310799E+00 -0.146011E-01  0.000000E+00  0.000000E+00  0.000000E+00  0.000000E+00
  0.191434E+01  0.195478E+00 -0.147875E-01  0.000000E+00  0.000000E+00  0.000000E+00  0.000000E+00
  0.230677E+01  0.165867E-01 -0.255729E+00  0.000000E+00  0.000000E+00  0.000000E+00  0.000000E+00
  0.276772E+01  0.310450E+00 -0.183971E-01  0.000000E+00  0.000000E+00  0.000000E+00  0.000000E+00
  0.206990E+01  0.157119E-01 -0.219209E+00  0.000000E+00  0.000000E+00  0.000000E+00  0.000000E+00
  0.276555E+01 -0.341080E+00 -0.166820E-01  0.000000E+00  0.000000E+00  0.000000E+00  0.000000E+00
  0.228266E+01 -0.144589E-01 -0.273850E+00  0.000000E+00  0.000000E+00  0.000000E+00  0.000000E+00
  0.165887E+01 -0.289099E-03 -0.177747E+00  0.000000E+00  0.000000E+00  0.000000E+00  0.000000E+00
  0.191379E+01 -0.118663E-02 -0.242024E+00  0.000000E+00  0.000000E+00  0.000000E+00  0.000000E+00
  0.203104E+01 -0.160895E-01 -0.208170E+00  0.000000E+00  0.000000E+00  0.000000E+00  0.000000E+00
  0.161682E+01  0.166499E+00 -0.213719E-02  0.000000E+00  0.000000E+00  0.000000E+00  0.000000E+00
  0.208470E+01 -0.106387E-02 -0.285309E+00  0.000000E+00  0.000000E+00  0.000000E+00  0.000000E+00
  0.251726E+01 -0.313499E+00 -0.152141E-01  0.000000E+00  0.000000E+00  0.000000E+00  0.000000E+00
  0.269546E+01  0.331527E+00 -0.164469E-01  0.000000E+00  0.000000E+00  0.000000E+00  0.000000E+00
  0.166606E+01 -0.174050E+00 -0.615545E-02  0.000000E+00  0.000000E+00  0.000000E+00  0.000000E+00
  0.284054E+01 -0.104862E-01 -0.432948E+00  0.000000E+00  0.000000E+00  0.000000E+00  0.000000E+00
  0.258535E+01  0.410721E+00 -0.219979E-02  0.000000E+00  0.000000E+00  0.000000E+00  0.000000E+00
  0.199074E+01  0.201220E+00 -0.159913E-01  0.000000E+00  0.000000E+00  0.000000E+00  0.000000E+00
  0.183512E+01 -0.215858E+00 -0.600989E-02  0.000000E+00  0.000000E+00  0.000000E+00  0.000000E+00
  0.215283E+01 -0.285723E+00 -0.828106E-02  0.000000E+00  0.000000E+00  0.000000E+00  0.000000E+00
  0.207763E+01 -0.280955E+00 -0.351819E-02  0.000000E+00  0.000000E+00  0.000000E+00  0.000000E+00
  0.268905E+01 -0.198779E-03 -0.438562E+00  0.000000E+00  0.000000E+00  0.000000E+00  0.000000E+00
  0.174508E+01  0.469858E-02 -0.196027E+00  0.000000E+00  0.000000E+00  0.000000E+00  0.000000E+00
  0.273661E+01 -0.386803E-02 -0.445191E+00  0.000000E+00  0.000000E+00  0.000000E+00  0.000000E+00
  0.182447E+01  0.219671E+00 -0.268166E-03  0.000000E+00  0.000000E+00  0.000000E+00  0.000000E+00
  0.248739E+01  0.342264E+00 -0.117242E-01  0.000000E+00  0.000000E+00  0.000000E+00  0.000000E+00
  0.203622E+01  0.343273E-02 -0.270706E+00  0.000000E+00  0.000000E+00  0.000000E+00  0.000000E+00
  0.263530E+01 -0.412244E+00 -0.607199E-02  0.000000E+00  0.000000E+00  0.000000E+00  0.000000E+00
  0.243952E+01  0.261149E+00 -0.179595E-01  0.000000E+00  0.000000E+00  0.000000E+00  0.000000E+00
  0.193822E+01  0.215825E+00 -0.123892E-01  0.000000E+00  0.000000E+00  0.000000E+00  0.000000E+00
  0.195167E+01  0.104589E-04 -0.251889E+00  0.000000E+00  0.000000E+00  0.000000E+00  0.000000E+00
  0.267631E+01  0.322892E+00 -0.167687E-01  0.000000E+00  0.000000E+00  0.000000E+00  0.000000E+00
  0.266164E+01  0.563749E-02 -0.420519E+00  0.000000E+00  0.000000E+00  0.000000E+00  0.000000E+00
  0.229385E+01  0.100924E-01 -0.309711E+00  0.000000E+00  0.000000E+00  0.000000E+00  0.000000E+00
  0.235148E+01  0.847290E-02 -0.332214E+00  0.000000E+00  0.000000E+00  0.000000E+00  0.000000E+00
  0.228744E+01  0.466031E-02 -0.330993E+00  0.000000E+00  0.000000E+00  0.000000E+00  0.000000E+00
  0.253929E+01 -0.327331E+00 -0.144166E-01  0.000000E+00  0.000000E+00  0.000000E+00  0.000000E+00
  0.178153E+01 -0.205034E+00 -0.473437E-02  0.000000E+00  0.000000E+00  0.000000E+00  0.000000E+00
  0.248702E+01 -0.847323E-02 -0.364496E+00  0.000000E+00  0.000000E+00  0.000000E+00  0.000000E+00
  0.276026E+01 -0.198152E-01 -0.278408E+00  0.000000E+00  0.000000E+00  0.000000E+00  0.000000E+00
  0.281064E+01 -0.910741E-02 -0.437107E+00  0.000000E+00  0.000000E+00  0.000000E+00  0.000000E+00
  0.162410E+01  0.168844E+00 -0.902079E-03  0.000000E+00  0.000000E+00  0.000000E+00  0.000000E+00
  0.255892E+01  0.397183E+00 -0.507530E-02  0.000000E+00  0.000000E+00  0.000000E+00  0.000000E+00
  0.185289E+01 -0.218987E+00 -0.653645E-02  0.000000E+00  0.000000E+00  0.000000E+00  0.000000E+00
  0.240588E+01  0.292265E+00 -0.151122E-01  0.000000E+00  0.000000E+00  0.000000E+00  0.000000E+00
  0.228629E+01 -0.301232E+00 -0.111561E-01  0.000000E+00  0.000000E+00  0.000000E+00  0.000000E+00
  0.281133E+01 -0.161364E-01 -0.358630E+00  0.000000E+00  0.000000E+00  0.000000E+00  0.000000E+00
  0.198883E+01 -0.102181E-01 -0.238474E+00  0.000000E+00  0.000000E+00  0.000000E+00  0.000000E+00
  0.259369E+01 -0.697105E-02 -0.397995E+00  0.000000E+00  0.000000E+00  0.000000E+00  0.000000E+00
  0.185791E+01 -0.218035E+00 -0.736135E-02  0.000000E+00  0.000000E+00  0.000000E+00  0.000000E+00
  0.252874E+01  0.125182E-01 -0.344502E+00  0.000000E+00  0.000000E+00  0.000000E+00  0.000000E+00
  0.239591E+01  0.320645E+00 -0.118734E-01  0.000000E+00  0.000000E+00  0.000000E+00  0.000000E+00
  0.179878E+01  0.203981E+00 -0.726512E-02  0.000000E+00  0.000000E+00  0.000000E+00  0.000000E+00
  0.232699E+01 -0.243950E+00 -0.177747E-01  0.000000E+00  0.000000E+00  0.000000E+00  0.000000E+00
  0.209835E+01 -0.639851E-02 -0.279397E+00  0.000000E+00  0.000000E+00  0.000000E+00  0.000000E+00
  0.201323E+01  0.232656E+00 -0.123338E-01  0.000000E+00  0.000000E+00  0.000000E+00  0.000000E+00
  0.226777E+01 -0.118327E-01 -0.292385E+00  0.000000E+00  0.000000E+00  0.000000E+00  0.000000E+00
  0.164194E+01 -0.635276E-03 -0.173415E+00  0.000000E+00  0.000000E+00  0.000000E+00  0.000000E+00
  0.197435E+01  0.226566E+00 -0.119008E-01  0.000000E+00  0.000000E+00  0.000000E+00  0.000000E+00
  0.172971E+01  0.842774E-02 -0.184239E+00  0.000000E+00  0.000000E+00  0.000000E+00  0.000000E+00
  0.247222E+01 -0.179390E-01 -0.267232E+00  0.000000E+00  0.000000E+00  0.000000E+00  0.000000E+00
  0.176073E+01 -0.191155E+00 -0.858982E-02  0.000000E+00  0.000000E+00  0.000000E+00  0.000000E+00
  0.236319E+01 -0.600939E-02 -0.345636E+00  0.000000E+00  0.000000E+00  0.000000E+00  0.000000E+00
  0.175125E+01  0.191633E+00 -0.759745E-02  0.000000E+00  0.000000E+00  0.000000E+00  0.000000E+00
  0.243348E+01 -0.311620E+00 -0.138131E-01  0.000000E+00  0.000000E+00  0.000000E+00  0.000000E+00
  0.235897E+01  0.352200E+00 -0.313742E-02  0.000000E+00  0.000000E+00  0.000000E+00  0.000000E+00
  0.164089E+01  0.168619E+00 -0.571457E-02  0.000000E+00  0.000000E+00  0.000000E+00  0.000000E+00
  0.218224E+01 -0.266290E+00 -0.128300E-01  0.000000E+00  0.000000E+00  0.000000E+00  0.000000E+00
  0.277200E+01  0.121336E-01 -0.401819E+00  0.000000E+00  0.000000E+00  0.000000E+00  0.000000E+00
  0.267751E+01 -0.176199E-01 -0.309057E+00  0.000000E+00  0.000000E+00  0.000000E+00  0.000000E+00
  0.200608E+01  0.264798E+00 -0.201724E-02  0.000000E+00  0.000000E+00  0.000000E+00  0.000000E+00
  0.262985E+01 -0.330090E+00 -0.156671E-01  0.000000E+00  0.000000E+00  0.000000E+00  0.000000E+00
  0.211781E+01 -0.171192E-01 -0.214220E+00  0.000000E+00  0.000000E+00  0.000000E+00  0.000000E+00
  0.210023E+01 -0.230729E+00 -0.150997E-01  0.000000E+00  0.000000E+00  0.000000E+00  0.000000E+00
  0.181620E+01  0.402374E-02 -0.214754E+00  0.000000E+00  0.000000E+00  0.000000E+00  0.000000E+00
  0.282398E+01 -0.349468E+00 -0.168360E-01  0.000000E+00  0.000000E+00  0.000000E+00  0.000000E+00
  0.258329E+01 -0.164374E-01 -0.310274E+00  0.000000E+00  0.000000E+00  0.000000E+00  0.000000E+00
  0.255202E+01 -0.260058E+00 -0.191279E-01  0.000000E+00  0.000000E+00  0.000000E+00  0.000000E+00
  0.194080E+01 -0.249131E+00 -0.178044E-03  0.000000E+00  0.000000E+00  0.000000E+00  0.000000E+00
  0.209199E+01 -0.120628E-01 -0.251743E+00  0.000000E+00  0.000000E+00  0.000000E+00  0.000000E+00
  0.203981E+01 -0.135532E-01 -0.230411E+00  0.000000E+00  0.000000E+00  0.000000E+00  0.000000E+00
  0.260831E+01 -0.411649E+00 -0.438635E-02  0.000000E+00  0.000000E+00  0.000000E+00  0.000000E+00
  0.271526E+01 -0.403884E+00 -0.105190E-01  0.000000E+00  0.000000E+00  0.000000E+00  0.000000E+00
  0.245772E+01  0.101784E-01 -0.347087E+00  0.000000E+00  0.000000E+00  0.000000E+00  0.000000E+00
  0.279823E+01  0.183271E-01 -0.317092E+00  0.000000E+00  0.000000E+00  0.000000E+00  0.000000E+00
  0.232358E+01  0.273155E+00 -0.153484E-01  0.000000E+00  0.000000E+00  0.000000E+00  0.000000E+00
  0.278298E+01  0.183857E-01 -0.313295E+00  0.000000E+00  0.000000E+00  0.000000E+00  0.000000E+00
  0.238824E+01 -0.163491E-01 -0.274179E+00  0.000000E+00  0.000000E+00  0.000000E+00  0.000000E+00
  0.193572E+01 -0.144330E-01 -0.202373E+00  0.000000E+00  0.000000E+00  0.000000E+00  0.000000E+00
  0.165394E+01 -0.176454E+00 -0.636919E-03  0.000000E+00  0.000000E+00  0.000000E+00  0.000000E+00
  0.261633E+01  0.941944E-02 -0.389201E+00  0.000000E+00  0.000000E+00  0.000000E+00  0.000000E+00
  0.167202E+01  0.180899E+00 -0.114191E-02  0.000000E+00  0.000000E+00  0.000000E+00  0.000000E+00
  0.275065E+01 -0.135937E-01 -0.381164E+00  0.000000E+00  0.000000E+00  0.000000E+00  0.000000E+00
  0.218931E+01 -0.932815E-02 -0.289517E+00  0.000000E+00  0.000000E+00  0.000000E+00  0.000000E+00
  0.210053E+01  0.249979E+00 -0.126191E-01  0.000000E+00  0.000000E+00  0.000000E+00  0.000000E+00
  0.193308E+01 -0.238720E+00 -0.648517E-02  0.000000E+00  0.000000E+00  0.000000E+00  0.000000E+00
  0.263607E+01 -0.340602E+00 -0.149629E-01  0.000000E+00  0.000000E+00  0.000000E+00  0.000000E+00
  0.216536E+01  0.157661E-01 -0.237471E+00  0.000000E+00  0.000000E+00  0.000000E+00  0.000000E+00
  0.274384E+01  0.399063E+00 -0.117809E-01  0.000000E+00  0.000000E+00  0.000000E+00  0.000000E+00
  0.202773E+01  0.942249E-02 -0.251148E+00  0.000000E+00  0.000000E+00  0.000000E+00  0.000000E+00
  0.203588E+01 -0.166831E-01 -0.203476E+00  0.000000E+00  0.000000E+00  0.000000E+00  0.000000E+00
  0.218682E+01  0.216255E-02 -0.310256E+00  0.000000E+00  0.000000E+00  0.000000E+00  0.000000E+00
  0.180956E+01  0.192603E+00 -0.112979E-01  0.000000E+00  0.000000E+00  0.000000E+00  0.000000E+00
  0.272528E+01  0.160905E-01 -0.342682E+00  0.000000E+00  0.000000E+00  0.000000E+00  0.000000E+00
  0.192262E+01  0.227080E+00 -0.927581E-02  0.000000E+00  0.000000E+00  0.000000E+00  0.000000E+00
  0.189042E+01  0.228161E+00 -0.653560E-02  0.000000E+00  0.000000E+00  0.000000E+00  0.000000E+00
  0.200117E+01 -0.202409E+00 -0.160865E-01  0.000000E+00  0.000000E+00  0.000000E+00  0.000000E+00
  0.185316E+01  0.135873E-01 -0.190503E+00  0.000000E+00  0.000000E+00  0.000000E+00  0.000000E+00
  0.200768E+01  0.146423E-01 -0.215658E+00  0.000000E+00  0.000000E+00  0.000000E+00  0.000000E+00
  0.281685E+01  0.463710E+00 -0.436163E-02  0.000000E+00  0.000000E+00  0.000000E+00  0.000000E+00
  0.231594E+01 -0.111741E-01 -0.307828E+00  0.000000E+00  0.000000E+00  0.000000E+00  0.000000E+00
  0.221389E+01 -0.133365E-01 -0.269207E+00  0.000000E+00  0.000000E+00  0.000000E+00  0.000000E+00
  0.218314E+01  0.118761E-01 -0.273221E+00  0.000000E+00  0.000000E+00  0.000000E+00  0.000000E+00
  0.280839E+01  0.428044E+00 -0.101943E-01  0.000000E+00  0.000000E+00  0.000000E+00  0.000000E+00
  0.219991E+01  0.298937E+00 -0.782145E-02  0.000000E+00  0.000000E+00  0.000000E+00  0.000000E+00
  0.259965E+01 -0.389988E+00 -0.869281E-02  0.000000E+00  0.000000E+00  0.000000E+00  0.000000E+00
  0.240605E+01 -0.174714E-01 -0.262449E+00  0.000000E+00  0.000000E+00  0.000000E+00  0.000000E+00
  0.173629E+01  0.197305E+00 -0.576855E-03  0.000000E+00  0.000000E+00  0.000000E+00  0.000000E+00
  0.226604E+01  0.318842E+00 -0.683732E-02  0.000000E+00  0.000000E+00  0.000000E+00  0.000000E+00
  0.221656E+01 -0.228843E+00 -0.174144E-01  0.000000E+00  0.000000E+00  0.000000E+00  0.000000E+00
  0.179736E+01  0.605357E-03 -0.212759E+00  0.000000E+00  0.000000E+00  0.000000E+00  0.000000E+00
  0.282339E+01  0.166334E-01 -0.352807E+00  0.000000E+00  0.000000E+00  0.000000E+00  0.000000E+00
  0.283261E+01 -0.148129E-01 -0.382578E+00  0.000000E+00  0.000000E+00  0.000000E+00  0.000000E+00
  0.167606E+01  0.150388E-02 -0.181781E+00  0.000000E+00  0.000000E+00  0.000000E+00  0.000000E+00
  0.202199E+01 -0.266016E+00 -0.411401E-02  0.000000E+00  0.000000E+00  0.000000E+00  0.000000E+00
  0.225512E+01  0.176521E-02 -0.327894E+00  0.000000E+00  0.000000E+00  0.000000E+00  0.000000E+00
  0.256732E+01 -0.395648E+00 -0.604737E-02  0.000000E+00  0.000000E+00  0.000000E+00  0.000000E+00
  0.218367E+01  0.223737E+00 -0.173421E-01  0.000000E+00  0.000000E+00  0.000000E+00  0.000000E+00
  0.203682E+01 -0.273111E+00 -0.123956E-02  0.000000E+00  0.000000E+00  0.000000E+00  0.000000E+00
  0.233154E+01 -0.345042E+00 -0.328662E-02  0.000000E+00  0.000000E+00  0.000000E+00  0.000000E+00
  0.200004E+01  0.207282E+00 -0.154950E-01  0.000000E+00  0.000000E+00  0.000000E+00  0.000000E+00
  0.251062E+01  0.393348E+00 -0.414377E-03  0.000000E+00  0.000000E+00  0.000000E+00  0.000000E+00
  0.249349E+01  0.163759E-01 -0.293977E+00  0.000000E+00  0.000000E+00  0.000000E+00  0.000000E+00
  0.221477E+01  0.169664E-01 -0.233924E+00  0.000000E+00  0.000000E+00  0.000000E+00  0.000000E+00
  0.245963E+01 -0.242687E+00 -0.192546E-01  0.000000E+00  0.000000E+00  0.000000E+00  0.000000E+00
  0.254236E+01  0.253142E+00 -0.194030E-01  0.000000E+00  0.000000E+00  0.000000E+00  0.000000E+00
  0.229274E+01  0.153885E-01 -0.266568E+00  0.000000E+00  0.000000E+00  0.000000E+00  0.000000E+00
  0.186732E+01 -0.728679E-02 -0.220523E+00  0.000000E+00  0.000000E+00  0.000000E+00  0.000000E+00
  0.207761E+01  0.243811E-02 -0.282422E+00  0.000000E+00  0.000000E+00  0.000000E+00  0.000000E+00
  0.252250E+01 -0.162896E-01 -0.300707E+00  0.000000E+00  0.000000E+00  0.000000E+00  0.000000E+00
  0.232738E+01  0.243911E+00 -0.177823E-01  0.000000E+00  0.000000E+00  0.000000E+00  0.000000E+00
  0.283082E+01 -0.329415E+00 -0.179926E-01  0.000000E+00  0.000000E+00  0.000000E+00  0.000000E+00
  0.247373E+01  0.895133E-02 -0.358600E+00  0.000000E+00  0.000000E+00  0.000000E+00  0.000000E+00
  0.171420E+01 -0.191740E+00 -0.415272E-03  0.000000E+00  0.000000E+00  0.000000E+00  0.000000E+00
  0.249627E+01 -0.245082E+00 -0.194394E-01  0.000000E+00  0.000000E+00  0.000000E+00  0.000000E+00
  0.226647E+01  0.331245E+00 -0.113823E-02  0.000000E+00  0.000000E+00  0.000000E+00  0.000000E+00
  0.194590E+01 -0.107812E-01 -0.225943E+00  0.000000E+00  0.000000E+00  0.000000E+00  0.000000E+00
  0.191118E+01 -0.227905E+00 -0.830778E-02  0.000000E+00  0.000000E+00  0.000000E+00  0.000000E+00
  0.167301E+01 -0.101189E-02 -0.181190E+00  0.000000E+00  0.000000E+00  0.000000E+00  0.000000E+00
  0.283672E+01  0.171609E-01 -0.346115E+00  0.000000E+00  0.000000E+00  0.000000E+00  0.000000E+00
  0.210984E+01  0.881616E-02 -0.273178E+00  0.000000E+00  0.000000E+00  0.000000E+00  0.000000E+00
  0.230198E+01  0.290164E-02 -0.338278E+00  0.000000E+00  0.000000E+00  0.000000E+00  0.000000E+00
  0.175413E+01 -0.917968E-02 -0.187774E+00  0.000000E+00  0.000000E+00  0.000000E+00  0.000000E+00
  0.199250E+01  0.588923E-02 -0.254846E+00  0.000000E+00  0.000000E+00  0.000000E+00  0.000000E+00
  0.212248E+01  0.358979E-02 -0.292075E+00  0.000000E+00  0.000000E+00  0.000000E+00  0.000000E+00
  0.226804E+01 -0.446882E-03 -0.331933E+00  0.000000E+00  0.000000E+00  0.000000E+00  0.000000E+00
  0.189394E+01 -0.230555E+00 -0.590641E-02  0.000000E+00  0.000000E+00  0.000000E+00  0.000000E+00
  0.247777E+01 -0.149140E-01 -0.309058E+00  0.000000E+00  0.000000E+00  0.000000E+00  0.000000E+00
  0.165363E+01 -0.412879E-02 -0.174010E+00  0.000000E+00  0.000000E+00  0.000000E+00  0.000000E+00
  0.201947E+01 -0.114316E-01 -0.239277E+00  0.000000E+00  0.000000E+00  0.000000E+00  0.000000E+00
  0.260579E+01  0.395711E+00 -0.797040E-02  0.000000E+00  0.000000E+00  0.000000E+00  0.000000E+00
  0.188512E+01 -0.122718E-01 -0.204773E+00  0.000000E+00  0.000000E+00  0.000000E+00  0.000000E+00
  0.199517E+01  0.259450E+00 -0.403794E-02  0.000000E+00  0.000000E+00  0.000000E+00  0.000000E+00
  0.245376E+01  0.335156E+00 -0.116728E-01  0.000000E+00  0.000000E+00  0.000000E+00  0.000000E+00
  0.168473E+01  0.728221E-02 -0.176313E+00  0.000000E+00  0.000000E+00  0.000000E+00  0.000000E+00
  0.184545E+01 -0.140294E-02 -0.224642E+00  0.000000E+00  0.000000E+00  0.000000E+00  0.000000E+00
  0.228167E+01  0.175970E-01 -0.238267E+00  0.000000E+00  0.000000E+00  0.000000E+00  0.000000E+00
  0.179861E+01 -0.471921E-02 -0.209305E+00  0.000000E+00  0.000000E+00  0.000000E+00  0.000000E+00
  0.225523E+01 -0.276609E+00 -0.135099E-01  0.000000E+00  0.000000E+00  0.000000E+00  0.000000E+00
  0.188678E+01 -0.223811E+00 -0.776617E-02  0.000000E+00  0.000000E+00  0.000000E+00  0.000000E+00
  0.245710E+01  0.155286E-01 -0.297690E+00  0.000000E+00  0.000000E+00  0.000000E+00  0.000000E+00
  0.182902E+01 -0.219281E+00 -0.296070E-02  0.000000E+00  0.000000E+00  0.000000E+00  0.000000E+00
  0.268139E+01 -0.415857E+00 -0.762064E-02  0.000000E+00  0.000000E+00  0.000000E+00  0.000000E+00
  0.246114E+01 -0.329922E+00 -0.124916E-01  0.000000E+00  0.000000E+00  0.000000E+00  0.000000E+00
  0.257952E+01 -0.410018E+00 -0.158664E-02  0.000000E+00  0.000000E+00  0.000000E+00  0.000000E+00
  0.249686E+01  0.310797E+00 -0.150968E-01  0.000000E+00  0.000000E+00  0.000000E+00  0.000000E+00
  0.176849E+01 -0.909821E-02 -0.191419E+00  0.000000E+00  0.000000E+00  0.000000E+00  0.000000E+00
  0.255071E+01  0.388865E-02 -0.398640E+00  0.000000E+00  0.000000E+00  0.000000E+00  0.000000E+00
  0.237508E+01 -0.239659E+00 -0.186172E-01  0.000000E+00  0.000000E+00  0.000000E+00  0.000000E+00
  0.274593E+01  0.191615E-01 -0.290943E+00  0.000000E+00  0.000000E+00  0.000000E+00  0.000000E+00
  0.173887E+01  0.111932E-01 -0.177056E+00  0.000000E+00  0.000000E+00  0.000000E+00  0.000000E+00
  0.254076E+01 -0.280797E+00 -0.178490E-01  0.000000E+00  0.000000E+00  0.000000E+00  0.000000E+00
  0.279286E+01  0.350959E+00 -0.163937E-01  0.000000E+00  0.000000E+00  0.000000E+00  0.000000E+00
  0.167305E+01  0.180571E+00 -0.231060E-02  0.000000E+00  0.000000E+00  0.000000E+00  0.000000E+00
  0.194016E+01  0.117612E-01 -0.219703E+00  0.000000E+00  0.000000E+00  0.000000E+00  0.000000E+00
  0.227349E+01  0.179750E-01 -0.231693E+00  0.000000E+00  0.000000E+00  0.000000E+00  0.000000E+00
  0.222444E+01  0.286061E+00 -0.113353E-01  0.000000E+00  0.000000E+00  0.000000E+00  0.000000E+00
  0.284082E+01  0.187118E-01  0.924738E-01  0.000000E+00  0.000000E+00  0.000000E+00  0.000000E+00
  0.284082E+01 -0.193454E+00  0.452537E-01  0.000000E+00  0.000000E+00  0.000000E+00  0.000000E+00
  0.284082E+01 -0.297545E-01  0.248047E+00  0.000000E+00  0.000000E+00  0.000000E+00  0.000000E+00
  0.284082E+01  0.741106E-01 -0.134620E+00  0.000000E+00  0.000000E+00  0.000000E+00  0.000000E+00
  0.284082E+01 -0.106511E+00  0.436628E-01  0.000000E+00  0.000000E+00  0.000000E+00  0.000000E+00
  0.284082E+01 -0.159065E-01  0.210546E-01  0.000000E+00  0.000000E+00  0.000000E+00  0.000000E+00
  0.284082E+01 -0.160750E+00 -0.545553E-01  0.000000E+00  0.000000E+00  0.000000E+00  0.000000E+00
  0.284082E+01 -0.172780E+00 -0.284934E-03  0.000000E+00  0.000000E+00  0.000000E+00  0.000000E+00
  0.284082E+01 -0.205570E-01  0.201012E+00  0.000000E+00  0.000000E+00  0.000000E+00  0.000000E+00
  0.284082E+01  0.127822E+00 -0.154367E-01  0.000000E+00  0.000000E+00  0.000000E+00  0.000000E+00
  0.284082E+01  0.231194E-02  0.140079E-02  0.000000E+00  0.000000E+00  0.000000E+00  0.000000E+00
  0.284082E+01 -0.761659E-02  0.215618E+00  0.000000E+00  0.000000E+00  0.000000E+00  0.000000E+00
  0.284082E+01  0.185078E+00 -0.745791E-01  0.000000E+00  0.000000E+00  0.000000E+00  0.000000E+00
  0.284082E+01  0.109026E+00 -0.782387E-02  0.000000E+00  0.000000E+00  0.000000E+00  0.000000E+00
  0.284082E+01  0.114354E+00  0.207524E+00  0.000000E+00  0.000000E+00  0.000000E+00  0.000000E+00
  0.284082E+01  0.165847E+00  0.153073E+00  0.000000E+00  0.000000E+00  0.000000E+00  0.000000E+00
  0.284082E+01 -0.483761E-01  0.187160E+00  0.000000E+00  0.000000E+00  0.000000E+00  0.000000E+00
  0.284082E+01  0.563843E-01  0.984513E-01  0.000000E+00  0.000000E+00  0.000000E+00  0.000000E+00
  0.284082E+01  0.375840E-01 -0.644567E-01  0.000000E+00  0.000000E+00  0.000000E+00  0.000000E+00
  0.284082E+01  0.603204E-01 -0.742781E-01  0.000000E+00  0.000000E+00  0.000000E+00  0.000000E+00
  0.284082E+01  0.299525E-01  0.370339E-01  0.000000E+00  0.000000E+00  0.000000E+00  0.000000E+00
  0.284082E+01 -0.588665E-01 -0.812573E-01  0.000000E+00  0.000000E+00  0.000000E+00  0.000000E+00
  0.284082E+01  0.111277E+00  0.678046E-01  0.000000E+00  0.000000E+00  0.000000E+00  0.000000E+00
  0.284082E+01  0.340437E-02  0.369416E-02  0.000000E+00  0.000000E+00  0.000000E+00  0.000000E+00
  0.284082E+01 -0.686222E-03 -0.209493E-01  0.000000E+00  0.000000E+00  0.000000E+00  0.000000E+00
  0.284082E+01  0.799474E-02 -0.666474E-02  0.000000E+00  0.000000E+00  0.000000E+00  0.000000E+00
  0.284082E+01  0.265329E-02  0.692160E-01  0.000000E+00  0.000000E+00  0.000000E+00  0.000000E+00
  0.284082E+01 -0.562581E-01 -0.179383E+00  0.000000E+00  0.000000E+00  0.000000E+00  0.000000E+00
  0.284082E+01 -0.286190E-01 -0.381447E-01  0.000000E+00  0.000000E+00  0.000000E+00  0.000000E+00
  0.284082E+01  0.120692E+00  0.169176E+00  0.000000E+00  0.000000E+00  0.000000E+00  0.000000E+00
  0.284082E+01  0.236992E-01  0.616914E-01  0.000000E+00  0.000000E+00  0.000000E+00  0.000000E+00
  0.284082E+01 -0.477998E-01  0.365208E-01  0.000000E+00  0.000000E+00  0.000000E+00  0.000000E+00
  0.284082E+01 -0.120092E+00  0.461503E-01  0.000000E+00  0.000000E+00  0.000000E+00  0.000000E+00
  0.284082E+01 -0.178813E+00  0.689315E-01  0.000000E+00  0.000000E+00  0.000000E+00  0.000000E+00
  0.284082E+01 -0.153519E-01 -0.459028E-01  0.000000E+00  0.000000E+00  0.000000E+00  0.000000E+00
  0.284082E+01 -0.182797E+00  0.641378E-01  0.000000E+00  0.000000E+00  0.000000E+00  0.000000E+00
  0.284082E+01 -0.399154E-01 -0.426202E-01  0.000000E+00  0.000000E+00  0.000000E+00  0.000000E+00
  0.284082E+01 -0.305787E-01 -0.249562E-01  0.000000E+00  0.000000E+00  0.000000E+00  0.000000E+00
  0.284082E+01 -0.178126E+00  0.535999E-01  0.000000E+00  0.000000E+00  0.000000E+00  0.000000E+00
  0.284082E+01 -0.150517E-01 -0.476744E-01  0.000000E+00  0.000000E+00  0.000000E+00  0.000000E+00
  0.284082E+01 -0.856693E-01  0.197313E+00  0.000000E+00  0.000000E+00  0.000000E+00  0.000000E+00
  0.284082E+01 -0.404804E-01  0.228093E+00  0.000000E+00  0.000000E+00  0.000000E+00  0.000000E+00
  0.284082E+01  0.100982E+00 -0.667962E-01  0.000000E+00  0.000000E+00  0.000000E+00  0.000000E+00
  0.284082E+01  0.103761E-02 -0.102292E+00  0.000000E+00  0.000000E+00  0.000000E+00  0.000000E+00
  0.284082E+01  0.225211E-01 -0.354744E-01  0.000000E+00  0.000000E+00  0.000000E+00  0.000000E+00
  0.284082E+01  0.446027E-01  0.566547E-01  0.000000E+00  0.000000E+00  0.000000E+00  0.000000E+00
  0.284082E+01 -0.279013E-01 -0.850612E-01  0.000000E+00  0.000000E+00  0.000000E+00  0.000000E+00
  0.284082E+01  0.182371E-01 -0.163037E-01  0.000000E+00  0.000000E+00  0.000000E+00  0.000000E+00
  0.284082E+01 -0.196758E+00  0.151178E+00  0.000000E+00  0.000000E+00  0.000000E+00  0.000000E+00
  0.284082E+01  0.789482E-01 -0.837606E-01  0.000000E+00  0.000000E+00  0.000000E+00  0.000000E+00
  0.284082E+01 -0.943551E-01  0.174990E-02  0.000000E+00  0.000000E+00  0.000000E+00  0.000000E+00
  0.284082E+01  0.211502E-02  0.429670E-01  0.000000E+00  0.000000E+00  0.000000E+00  0.000000E+00
  0.284082E+01  0.679608E-02 -0.584979E-01  0.000000E+00  0.000000E+00  0.000000E+00  0.000000E+00
  0.284082E+01 -0.251075E-01  0.942535E-01  0.000000E+00  0.000000E+00  0.000000E+00  0.000000E+00
  0.284082E+01 -0.468460E-01 -0.197213E+00  0.000000E+00  0.000000E+00  0.000000E+00  0.000000E+00
  0.284082E+01  0.193278E+00  0.145150E+00  0.000000E+00  0.000000E+00  0.000000E+00  0.000000E+00
  0.284082E+01  0.980443E-02  0.181828E-01  0.000000E+00  0.000000E+00  0.000000E+00  0.000000E+00
  0.284082E+01  0.142300E-01  0.211463E-01  0.000000E+00  0.000000E+00  0.000000E+00  0.000000E+00
  0.284082E+01 -0.133661E+00 -0.133966E+00  0.000000E+00  0.000000E+00  0.000000E+00  0.000000E+00
  0.284082E+01 -0.149183E+00  0.114719E+00  0.000000E+00  0.000000E+00  0.000000E+00  0.000000E+00
  0.284082E+01 -0.637085E-01 -0.167219E+00  0.000000E+00  0.000000E+00  0.000000E+00  0.000000E+00
  0.284082E+01 -0.119105E-02 -0.356197E-02  0.000000E+00  0.000000E+00  0.000000E+00  0.000000E+00
  0.284082E+01 -0.205304E+00 -0.132789E+00  0.000000E+00  0.000000E+00  0.000000E+00  0.000000E+00
  0.284082E+01  0.410026E-01  0.673117E-01  0.000000E+00  0.000000E+00  0.000000E+00  0.000000E+00
  0.284082E+01  0.531148E-01 -0.397235E-01  0.000000E+00  0.000000E+00  0.000000E+00  0.000000E+00
  0.284082E+01  0.118845E+00  0.792255E-01  0.000000E+00  0.000000E+00  0.000000E+00  0.000000E+00
  0.284082E+01  0.164790E+00  0.135324E+00  0.000000E+00  0.000000E+00  0.000000E+00  0.000000E+00
  0.284082E+01 -0.140101E+00 -0.275850E-01  0.000000E+00  0.000000E+00  0.000000E+00  0.000000E+00
  0.284082E+01  0.123417E+00 -0.681900E-01  0.000000E+00  0.000000E+00  0.000000E+00  0.000000E+00
  0.284082E+01 -0.135865E+00 -0.123986E-01  0.000000E+00  0.000000E+00  0.000000E+00  0.000000E+00
  0.284082E+01  0.183938E+00 -0.410203E-01  0.000000E+00  0.000000E+00  0.000000E+00  0.000000E+00
  0.284082E+01 -0.625650E-01  0.129256E-02  0.000000E+00  0.000000E+00  0.000000E+00  0.000000E+00
  0.284082E+01 -0.159698E+00 -0.152121E+00  0.000000E+00  0.000000E+00  0.000000E+00  0.000000E+00
  0.284082E+01  0.479076E-01  0.164926E+00  0.000000E+00  0.000000E+00  0.000000E+00  0.000000E+00
  0.284082E+01  0.142644E+00 -0.171313E+00  0.000000E+00  0.000000E+00  0.000000E+00  0.000000E+00
  0.284082E+01  0.198294E+00  0.339691E-02  0.000000E+00  0.000000E+00  0.000000E+00  0.000000E+00
  0.284082E+01  0.627600E-01 -0.103224E+00  0.000000E+00  0.000000E+00  0.000000E+00  0.000000E+00
  0.284082E+01 -0.495838E-02 -0.131156E-01  0.000000E+00  0.000000E+00  0.000000E+00  0.000000E+00
  0.284082E+01 -0.128022E+00 -0.587669E-01  0.000000E+00  0.000000E+00  0.000000E+00  0.000000E+00
  0.284082E+01 -0.197305E+00 -0.112530E+00  0.000000E+00  0.000000E+00  0.000000E+00  0.000000E+00
  0.284082E+01 -0.242748E+00 -0.339735E-01  0.000000E+00  0.000000E+00  0.000000E+00  0.000000E+00
  0.284082E+01  0.455138E-03 -0.815096E-02  0.000000E+00  0.000000E+00  0.000000E+00  0.000000E+00
  0.284082E+01 -0.530802E-01  0.690332E-01  0.000000E+00  0.000000E+00  0.000000E+00  0.000000E+00
  0.284082E+01  0.886638E-01 -0.125026E+00  0.000000E+00  0.000000E+00  0.000000E+00  0.000000E+00
  0.284082E+01  0.148897E-01 -0.168244E-01  0.000000E+00  0.000000E+00  0.000000E+00  0.000000E+00
  0.284082E+01 -0.180967E+00 -0.106052E+00  0.000000E+00  0.000000E+00  0.000000E+00  0.000000E+00
  0.284082E+01  0.197016E+00 -0.104235E+00  0.000000E+00  0.000000E+00  0.000000E+00  0.000000E+00
  0.284082E+01 -0.209655E-01  0.771147E-01  0.000000E+00  0.000000E+00  0.000000E+00  0.000000E+00
  0.284082E+01  0.137799E+00 -0.351400E-01  0.000000E+00  0.000000E+00  0.000000E+00  0.000000E+00
  0.284082E+01 -0.116719E+00  0.121617E+00  0.000000E+00  0.000000E+00  0.000000E+00  0.000000E+00
  0.284082E+01  0.128923E+00 -0.116098E+00  0.000000E+00  0.000000E+00  0.000000E+00  0.000000E+00
  0.284082E+01 -0.200541E-01 -0.146066E+00  0.000000E+00  0.000000E+00  0.000000E+00  0.000000E+00
  0.284082E+01 -0.237283E+00  0.457772E-01  0.000000E+00  0.000000E+00  0.000000E+00  0.000000E+00
  0.284082E+01 -0.328359E-02  0.128556E+00  0.000000E+00  0.000000E+00  0.000000E+00  0.000000E+00
  0.284082E+01  0.151642E+00  0.281311E-02  0.000000E+00  0.000000E+00  0.000000E+00  0.000000E+00
  0.284082E+01 -0.714876E-01 -0.640121E-01  0.000000E+00  0.000000E+00  0.000000E+00  0.000000E+00
  0.284082E+01  0.106315E+00 -0.534561E-01  0.000000E+00  0.000000E+00  0.000000E+00  0.000000E+00
  0.284082E+01 -0.137457E+00  0.667990E-01  0.000000E+00  0.000000E+00  0.000000E+00  0.000000E+00
  0.284082E+01  0.202144E+00 -0.116142E+00  0.000000E+00  0.000000E+00  0.000000E+00  0.000000E+00
  0.284082E+01  0.700355E-01 -0.227517E+00  0.000000E+00  0.000000E+00  0.000000E+00  0.000000E+00
