  0.242571E+01  0.121983E-01 -0.324629E+00  0.000000E+00  0.000000E+00  0.000000E+00  0.000000E+00
  0.176290E+01 -0.203409E+00  0.205112E-02  0.000000E+00  0.000000E+00  0.000000E+00  0.000000E+00
  0.200682E+01 -0.256287E+00  0.664531E-02  0.000000E+00  0.000000E+00  0.000000E+00  0.000000E+00
  0.273066E+01 -0.112261E-01  0.401284E+00  0.000000E+00  0.000000E+00  0.000000E+00  0.000000E+00
  0.238077E+01  0.177286E-01 -0.254194E+00  0.000000E+00  0.000000E+00  0.000000E+00  0.000000E+00
  0.210999E+01 -0.234205E+00 -0.149280E-01  0.000000E+00  0.000000E+00  0.000000E+00  0.000000E+00
  0.201741E+01  0.268507E+00 -0.341760E-03  0.000000E+00  0.000000E+00  0.000000E+00  0.000000E+00
  0.226262E+01 -0.235218E+00  0.175682E-01  0.000000E+00  0.000000E+00  0.000000E+00  0.000000E+00
  0.182177E+01  0.882138E-02  0.204914E+00  0.000000E+00  0.000000E+00  0.000000E+00  0.000000E+00
  0.217083E+01 -0.108727E-01 -0.276783E+00  0.000000E+00  0.000000E+00  0.000000E+00  0.000000E+00
  0.172957E+01  0.180525E+00  0.964070E-02  0.000000E+00  0.000000E+00  0.000000E+00  0.000000E+00
  0.188004E+01  0.233213E+00  0.170006E-02  0.000000E+00  0.000000E+00  0.000000E+00  0.000000E+00
  0.200450E+01 -0.968006E-02  0.244573E+00  0.000000E+00  0.000000E+00  0.000000E+00  0.000000E+00
  0.276560E+01 -0.291869E+00 -0.192648E-01  0.000000E+00  0.000000E+00  0.000000E+00  0.000000E+00
  0.231471E+01 -0.275943E+00  0.149122E-01  0.000000E+00  0.000000E+00  0.000000E+00  0.000000E+00
  0.273435E+01 -0.172604E-02 -0.448971E+00  0.000000E+00  0.000000E+00  0.000000E+00  0.000000E+00
  0.268345E+01  0.851981E-02  0.410991E+00  0.000000E+00  0.000000E+00  0.000000E+00  0.000000E+00
  0.234246E+01  0.252037E+00 -0.173905E-01  0.000000E+00  0.000000E+00  0.000000E+00  0.000000E+00
  0.205163E+01  0.917518E-02  0.257853E+00  0.000000E+00  0.000000E+00  0.000000E+00  0.000000E+00
  0.239332E+01  0.918221E-02  0.338284E+00  0.000000E+00  0.000000E+00  0.000000E+00  0.000000E+00
  0.191466E+01  0.102954E-01  0.220999E+00  0.000000E+00  0.000000E+00  0.000000E+00  0.000000E+00
  0.181819E+01 -0.217275E+00  0.216330E-02  0.000000E+00  0.000000E+00  0.000000E+00  0.000000E+00
  0.212056E+01  0.250982E+00 -0.130966E-01  0.000000E+00  0.000000E+00  0.000000E+00  0.000000E+00
  0.282887E+01  0.200399E-01 -0.283373E+00  0.000000E+00  0.000000E+00  0.000000E+00  0.000000E+00
  0.193701E+01  0.115889E-01  0.219902E+00  0.000000E+00  0.000000E+00  0.000000E+00  0.000000E+00
  0.271410E+01  0.196270E-01  0.275580E+00  0.000000E+00  0.000000E+00  0.000000E+00  0.000000E+00
  0.207866E+01 -0.276883E+00 -0.557596E-02  0.000000E+00  0.000000E+00  0.000000E+00  0.000000E+00
  0.216433E+01 -0.278535E+00 -0.103070E-01  0.000000E+00  0.000000E+00  0.000000E+00  0.000000E+00
  0.239513E+01  0.299369E+00  0.142344E-01  0.000000E+00  0.000000E+00  0.000000E+00  0.000000E+00
  0.171758E+01  0.192377E+00 -0.126087E-02  0.000000E+00  0.000000E+00  0.000000E+00  0.000000E+00
  0.183718E+01 -0.220956E+00  0.329539E-02  0.000000E+00  0.000000E+00  0.000000E+00  0.000000E+00
  0.284073E+01  0.452479E+00  0.790933E-02  0.000000E+00  0.000000E+00  0.000000E+00  0.000000E+00
  0.238574E+01  0.289036E-02 -0.359358E+00  0.000000E+00  0.000000E+00  0.000000E+00  0.000000E+00
  0.198568E+01 -0.157766E-01  0.202077E+00  0.000000E+00  0.000000E+00  0.000000E+00  0.000000E+00
  0.177660E+01 -0.337493E-03 -0.207545E+00  0.000000E+00  0.000000E+00  0.000000E+00  0.000000E+00
  0.213413E+01  0.163679E-01  0.225315E+00  0.000000E+00  0.000000E+00  0.000000E+00  0.000000E+00
  0.274078E+01  0.179164E-01  0.315009E+00  0.000000E+00  0.000000E+00  0.000000E+00  0.000000E+00
  0.192683E+01  0.112564E-01  0.219296E+00  0.000000E+00  0.000000E+00  0.000000E+00  0.000000E+00
  0.279906E+01  0.385292E+00  0.140900E-01  0.000000E+00  0.000000E+00  0.000000E+00  0.000000E+00
  0.182026E+01 -0.110349E-01  0.196168E+00  0.000000E+00  0.000000E+00  0.000000E+00  0.000000E+00
  0.187792E+01 -0.150880E-02 -0.232791E+00  0.000000E+00  0.000000E+00  0.000000E+00  0.000000E+00
  0.181679E+01 -0.239461E-02 -0.216738E+00  0.000000E+00  0.000000E+00  0.000000E+00  0.000000E+00
  0.244467E+01 -0.168807E-01  0.277860E+00  0.000000E+00  0.000000E+00  0.000000E+00  0.000000E+00
  0.254669E+01  0.100984E-01 -0.368233E+00  0.000000E+00  0.000000E+00  0.000000E+00  0.000000E+00
  0.192383E+01  0.813144E-02 -0.231528E+00  0.000000E+00  0.000000E+00  0.000000E+00  0.000000E+00
  0.199214E+01 -0.141119E-01 -0.216379E+00  0.000000E+00  0.000000E+00  0.000000E+00  0.000000E+00
  0.268686E+01  0.385850E+00 -0.118330E-01  0.000000E+00  0.000000E+00  0.000000E+00  0.000000E+00
  0.213243E+01 -0.158730E-01 -0.229960E+00  0.000000E+00  0.000000E+00  0.000000E+00  0.000000E+00
  0.203724E+01 -0.239213E+00  0.121272E-01  0.000000E+00  0.000000E+00  0.000000E+00  0.000000E+00
  0.200828E+01  0.258988E+00 -0.578780E-02  0.000000E+00  0.000000E+00  0.000000E+00  0.000000E+00
  0.259065E+01  0.368467E-02 -0.409147E+00  0.000000E+00  0.000000E+00  0.000000E+00  0.000000E+00
  0.199137E+01  0.209874E+00  0.149590E-01  0.000000E+00  0.000000E+00  0.000000E+00  0.000000E+00
  0.218780E+01 -0.126778E-01 -0.268622E+00  0.000000E+00  0.000000E+00  0.000000E+00  0.000000E+00
  0.162321E+01  0.166340E+00 -0.419256E-02  0.000000E+00  0.000000E+00  0.000000E+00  0.000000E+00
  0.254324E+01  0.399042E+00  0.285049E-02  0.000000E+00  0.000000E+00  0.000000E+00  0.000000E+00
  0.264043E+01  0.144124E-01 -0.348302E+00  0.000000E+00  0.000000E+00  0.000000E+00  0.000000E+00
  0.282461E+01  0.456982E+00  0.643110E-02  0.000000E+00  0.000000E+00  0.000000E+00  0.000000E+00
  0.244168E+01  0.341189E+00  0.104989E-01  0.000000E+00  0.000000E+00  0.000000E+00  0.000000E+00
  0.279189E+01  0.158727E-01 -0.358954E+00  0.000000E+00  0.000000E+00  0.000000E+00  0.000000E+00
  0.239720E+01 -0.140095E-01  0.302047E+00  0.000000E+00  0.000000E+00  0.000000E+00  0.000000E+00
  0.254722E+01  0.115629E-01  0.357009E+00  0.000000E+00  0.000000E+00  0.000000E+00  0.000000E+00
  0.227267E+01  0.321834E+00  0.646272E-02  0.000000E+00  0.000000E+00  0.000000E+00  0.000000E+00
  0.204425E+01  0.117350E-01 -0.243109E+00  0.000000E+00  0.000000E+00  0.000000E+00  0.000000E+00
  0.211551E+01 -0.103648E-01 -0.266968E+00  0.000000E+00  0.000000E+00  0.000000E+00  0.000000E+00
  0.237151E+01  0.657042E-03 -0.358059E+00  0.000000E+00  0.000000E+00  0.000000E+00  0.000000E+00
  0.279756E+01  0.364281E-02  0.461073E+00  0.000000E+00  0.000000E+00  0.000000E+00  0.000000E+00
  0.209498E+01 -0.135805E-02  0.287745E+00  0.000000E+00  0.000000E+00  0.000000E+00  0.000000E+00
  0.180437E+01 -0.198273E+00 -0.956340E-02  0.000000E+00  0.000000E+00  0.000000E+00  0.000000E+00
  0.189436E+01 -0.236975E+00 -0.145904E-02  0.000000E+00  0.000000E+00  0.000000E+00  0.000000E+00
  0.252546E+01 -0.183217E-01 -0.270216E+00  0.000000E+00  0.000000E+00  0.000000E+00  0.000000E+00
  0.221027E+01  0.177105E-01 -0.223991E+00  0.000000E+00  0.000000E+00  0.000000E+00  0.000000E+00
  0.232468E+01 -0.591905E-02  0.336480E+00  0.000000E+00  0.000000E+00  0.000000E+00  0.000000E+00
  0.176323E+01 -0.975348E-02 -0.187999E+00  0.000000E+00  0.000000E+00  0.000000E+00  0.000000E+00
  0.176584E+01 -0.391823E-02 -0.202308E+00  0.000000E+00  0.000000E+00  0.000000E+00  0.000000E+00
  0.222144E+01  0.261285E+00 -0.144500E-01  0.000000E+00  0.000000E+00  0.000000E+00  0.000000E+00
  0.175037E+01 -0.116002E-02  0.200707E+00  0.000000E+00  0.000000E+00  0.000000E+00  0.000000E+00
  0.208494E+01  0.171200E-01 -0.208146E+00  0.000000E+00  0.000000E+00  0.000000E+00  0.000000E+00
  0.221201E+01  0.263995E+00 -0.139182E-01  0.000000E+00  0.000000E+00  0.000000E+00  0.000000E+00
  0.229761E+01 -0.242446E+00  0.174989E-01  0.000000E+00  0.000000E+00  0.000000E+00  0.000000E+00
  0.259121E+01  0.304130E+00 -0.169528E-01  0.000000E+00  0.000000E+00  0.000000E+00  0.000000E+00
  0.185241E+01 -0.226408E+00  0.138677E-02  0.000000E+00  0.000000E+00  0.000000E+00  0.000000E+00
  0.215220E+01 -0.271898E+00  0.109813E-01  0.000000E+00  0.000000E+00  0.000000E+00  0.000000E+00
  0.175195E+01 -0.935929E-03 -0.201182E+00  0.000000E+00  0.000000E+00  0.000000E+00  0.000000E+00
  0.167176E+01 -0.391648E-02  0.178786E+00  0.000000E+00  0.000000E+00  0.000000E+00  0.000000E+00
  0.186677E+01 -0.193747E+00 -0.135282E-01  0.000000E+00  0.000000E+00  0.000000E+00  0.000000E+00
  0.244603E+01  0.377024E+00  0.283492E-03  0.000000E+00  0.000000E+00  0.000000E+00  0.000000E+00
  0.172276E+01  0.835120E-02 -0.182793E+00  0.000000E+00  0.000000E+00  0.000000E+00  0.000000E+00
  0.277921E+01 -0.330569E+00 -0.174411E-01  0.000000E+00  0.000000E+00  0.000000E+00  0.000000E+00
  0.240708E+01  0.130371E-01 -0.313307E+00  0.000000E+00  0.000000E+00  0.000000E+00  0.000000E+00
  0.277641E+01  0.160789E-01 -0.352770E+00  0.000000E+00  0.000000E+00  0.000000E+00  0.000000E+00
  0.273124E+01  0.182179E-02 -0.448064E+00  0.000000E+00  0.000000E+00  0.000000E+00  0.000000E+00
  0.247523E+01 -0.169282E-01 -0.282898E+00  0.000000E+00  0.000000E+00  0.000000E+00  0.000000E+00
  0.262167E+01  0.379855E+00 -0.108371E-01  0.000000E+00  0.000000E+00  0.000000E+00  0.000000E+00
  0.282931E+01  0.463107E+00 -0.534944E-02  0.000000E+00  0.000000E+00  0.000000E+00  0.000000E+00
  0.283216E+01 -0.107215E-02  0.474371E+00  0.000000E+00  0.000000E+00  0.000000E+00  0.000000E+00
  0.171958E+01 -0.182892E+00 -0.803125E-02  0.000000E+00  0.000000E+00  0.000000E+00  0.000000E+00
  0.255449E+01  0.295509E+00 -0.170718E-01  0.000000E+00  0.000000E+00  0.000000E+00  0.000000E+00
  0.193565E+01  0.106730E-01 -0.224113E+00  0.000000E+00  0.000000E+00  0.000000E+00  0.000000E+00
  0.184082E+01  0.219830E+00  0.470135E-02  0.000000E+00  0.000000E+00  0.000000E+00  0.000000E+00
  0.255897E+01 -0.181688E-01  0.278637E+00  0.000000E+00  0.000000E+00  0.000000E+00  0.000000E+00
  0.201590E+01 -0.149975E-01  0.214539E+00  0.000000E+00  0.000000E+00  0.000000E+00  0.000000E+00
  0.225662E+01  0.328985E+00 -0.646880E-03  0.000000E+00  0.000000E+00  0.000000E+00  0.000000E+00
  0.265026E+01 -0.174514E-01 -0.307007E+00  0.000000E+00  0.000000E+00  0.000000E+00  0.000000E+00
  0.266046E+01 -0.415438E+00 -0.672521E-02  0.000000E+00  0.000000E+00  0.000000E+00  0.000000E+00
  0.243277E+01  0.260353E+00 -0.179340E-01  0.000000E+00  0.000000E+00  0.000000E+00  0.000000E+00
  0.189209E+01  0.195704E+00  0.140755E-01  0.000000E+00  0.000000E+00  0.000000E+00  0.000000E+00
  0.235879E+01 -0.296017E+00 -0.137962E-01  0.000000E+00  0.000000E+00  0.000000E+00  0.000000E+00
  0.222031E+01  0.283436E+00  0.115916E-01  0.000000E+00  0.000000E+00  0.000000E+00  0.000000E+00
  0.270802E+01 -0.313428E+00 -0.176827E-01  0.000000E+00  0.000000E+00  0.000000E+00  0.000000E+00
  0.266591E+01 -0.406054E+00  0.863999E-02  0.000000E+00  0.000000E+00  0.000000E+00  0.000000E+00
  0.199862E+01  0.257710E+00  0.533086E-02  0.000000E+00  0.000000E+00  0.000000E+00  0.000000E+00
  0.260764E+01 -0.104421E-01 -0.379760E+00  0.000000E+00  0.000000E+00  0.000000E+00  0.000000E+00
  0.179790E+01 -0.181967E+00  0.129871E-01  0.000000E+00  0.000000E+00  0.000000E+00  0.000000E+00
  0.183274E+01  0.101851E-01  0.202538E+00  0.000000E+00  0.000000E+00  0.000000E+00  0.000000E+00
  0.189427E+01 -0.122982E-01 -0.206651E+00  0.000000E+00  0.000000E+00  0.000000E+00  0.000000E+00
  0.282151E+01 -0.131870E-01  0.401092E+00  0.000000E+00  0.000000E+00  0.000000E+00  0.000000E+00
  0.230699E+01 -0.282625E+00 -0.140639E-01  0.000000E+00  0.000000E+00  0.000000E+00  0.000000E+00
  0.275852E+01 -0.278977E+00 -0.197798E-01  0.000000E+00  0.000000E+00  0.000000E+00  0.000000E+00
  0.203816E+01  0.163568E-01 -0.207053E+00  0.000000E+00  0.000000E+00  0.000000E+00  0.000000E+00
  0.204456E+01 -0.260934E+00  0.799770E-02  0.000000E+00  0.000000E+00  0.000000E+00  0.000000E+00
  0.276364E+01 -0.457448E+00 -0.189484E-03  0.000000E+00  0.000000E+00  0.000000E+00  0.000000E+00
  0.211519E+01 -0.239481E+00 -0.144323E-01  0.000000E+00  0.000000E+00  0.000000E+00  0.000000E+00
  0.231286E+01  0.123206E-01  0.298745E+00  0.000000E+00  0.000000E+00  0.000000E+00  0.000000E+00
  0.277582E+01  0.378963E+00  0.142061E-01  0.000000E+00  0.000000E+00  0.000000E+00  0.000000E+00
  0.278094E+01  0.461776E+00 -0.413398E-03  0.000000E+00  0.000000E+00  0.000000E+00  0.000000E+00
  0.246661E+01 -0.315842E-02 -0.379196E+00  0.000000E+00  0.000000E+00  0.000000E+00  0.000000E+00
  0.225146E+01 -0.226741E+00  0.180539E-01  0.000000E+00  0.000000E+00  0.000000E+00  0.000000E+00
  0.258469E+01 -0.166738E-01 -0.307096E+00  0.000000E+00  0.000000E+00  0.000000E+00  0.000000E+00
  0.246660E+01  0.185503E-01 -0.256259E+00  0.000000E+00  0.000000E+00  0.000000E+00  0.000000E+00
  0.195745E+01 -0.225077E+00  0.114771E-01  0.000000E+00  0.000000E+00  0.000000E+00  0.000000E+00
  0.175926E+01  0.202736E+00 -0.164017E-02  0.000000E+00  0.000000E+00  0.000000E+00  0.000000E+00
  0.175620E+01 -0.506299E-02  0.198206E+00  0.000000E+00  0.000000E+00  0.000000E+00  0.000000E+00
  0.243608E+01  0.246512E+00 -0.188213E-01  0.000000E+00  0.000000E+00  0.000000E+00  0.000000E+00
  0.190663E+01 -0.234401E+00 -0.558810E-02  0.000000E+00  0.000000E+00  0.000000E+00  0.000000E+00
  0.164424E+01  0.173668E+00 -0.166398E-02  0.000000E+00  0.000000E+00  0.000000E+00  0.000000E+00
  0.261928E+01 -0.319234E+00  0.162938E-01  0.000000E+00  0.000000E+00  0.000000E+00  0.000000E+00
  0.220979E+01 -0.982429E-02  0.291716E+00  0.000000E+00  0.000000E+00  0.000000E+00  0.000000E+00
  0.201295E+01 -0.207925E+00 -0.157199E-01  0.000000E+00  0.000000E+00  0.000000E+00  0.000000E+00
  0.190678E+01 -0.581979E-02  0.233915E+00  0.000000E+00  0.000000E+00  0.000000E+00  0.000000E+00
  0.234943E+01  0.131753E-01  0.299653E+00  0.000000E+00  0.000000E+00  0.000000E+00  0.000000E+00
  0.171668E+01 -0.185110E+00  0.681409E-02  0.000000E+00  0.000000E+00  0.000000E+00  0.000000E+00
  0.216006E+01 -0.173545E-02  0.303914E+00  0.000000E+00  0.000000E+00  0.000000E+00  0.000000E+00
  0.237847E+01  0.717603E-02  0.344798E+00  0.000000E+00  0.000000E+00  0.000000E+00  0.000000E+00
  0.239226E+01 -0.250182E+00  0.181337E-01  0.000000E+00  0.000000E+00  0.000000E+00  0.000000E+00
  0.274445E+01 -0.726656E-02  0.433062E+00  0.000000E+00  0.000000E+00  0.000000E+00  0.000000E+00
  0.231181E+01 -0.754486E-02 -0.327072E+00  0.000000E+00  0.000000E+00  0.000000E+00  0.000000E+00
  0.193788E+01 -0.141619E-01 -0.204699E+00  0.000000E+00  0.000000E+00  0.000000E+00  0.000000E+00
  0.242042E+01  0.177457E-01  0.261017E+00  0.000000E+00  0.000000E+00  0.000000E+00  0.000000E+00
  0.192739E+01 -0.239693E+00 -0.551207E-02  0.000000E+00  0.000000E+00  0.000000E+00  0.000000E+00
  0.187351E+01  0.198715E+00  0.129177E-01  0.000000E+00  0.000000E+00  0.000000E+00  0.000000E+00
  0.273646E+01 -0.154132E-01  0.354757E+00  0.000000E+00  0.000000E+00  0.000000E+00  0.000000E+00
  0.181952E+01 -0.209304E+00 -0.715105E-02  0.000000E+00  0.000000E+00  0.000000E+00  0.000000E+00
  0.222744E+01 -0.116527E-01 -0.284622E+00  0.000000E+00  0.000000E+00  0.000000E+00  0.000000E+00
  0.173575E+01 -0.187242E+00 -0.785164E-02  0.000000E+00  0.000000E+00  0.000000E+00  0.000000E+00
  0.202049E+01  0.247218E+00  0.991675E-02  0.000000E+00  0.000000E+00  0.000000E+00  0.000000E+00
  0.213013E+01 -0.780592E-02 -0.282218E+00  0.000000E+00  0.000000E+00  0.000000E+00  0.000000E+00
  0.203395E+01  0.270812E+00  0.295194E-02  0.000000E+00  0.000000E+00  0.000000E+00  0.000000E+00
  0.216123E+01 -0.141607E-01  0.251307E+00  0.000000E+00  0.000000E+00  0.000000E+00  0.000000E+00
  0.223051E+01 -0.156263E-01 -0.251725E+00  0.000000E+00  0.000000E+00  0.000000E+00  0.000000E+00
  0.278054E+01  0.263764E-02 -0.459163E+00  0.000000E+00  0.000000E+00  0.000000E+00  0.000000E+00
  0.173171E+01 -0.182195E+00 -0.927594E-02  0.000000E+00  0.000000E+00  0.000000E+00  0.000000E+00
  0.249305E+01  0.173670E-03 -0.388944E+00  0.000000E+00  0.000000E+00  0.000000E+00  0.000000E+00
  0.247027E+01  0.360956E+00 -0.839148E-02  0.000000E+00  0.000000E+00  0.000000E+00  0.000000E+00
  0.255484E+01 -0.127546E-01  0.347979E+00  0.000000E+00  0.000000E+00  0.000000E+00  0.000000E+00
  0.178362E+01  0.531449E-02 -0.204558E+00  0.000000E+00  0.000000E+00  0.000000E+00  0.000000E+00
  0.189018E+01 -0.193010E+00 -0.144256E-01  0.000000E+00  0.000000E+00  0.000000E+00  0.000000E+00
  0.271812E+01  0.161963E-01  0.339698E+00  0.000000E+00  0.000000E+00  0.000000E+00  0.000000E+00
  0.200710E+01 -0.141312E-01  0.219365E+00  0.000000E+00  0.000000E+00  0.000000E+00  0.000000E+00
  0.282735E+01 -0.175306E-01  0.337643E+00  0.000000E+00  0.000000E+00  0.000000E+00  0.000000E+00
  0.279840E+01 -0.921408E-02 -0.433437E+00  0.000000E+00  0.000000E+00  0.000000E+00  0.000000E+00
  0.227240E+01 -0.268352E+00  0.148101E-01  0.000000E+00  0.000000E+00  0.000000E+00  0.000000E+00
  0.256424E+01 -0.304385E+00  0.165948E-01  0.000000E+00  0.000000E+00  0.000000E+00  0.000000E+00
  0.282822E+01 -0.315016E+00  0.186743E-01  0.000000E+00  0.000000E+00  0.000000E+00  0.000000E+00
  0.166999E+01  0.180443E+00  0.950681E-03  0.000000E+00  0.000000E+00  0.000000E+00  0.000000E+00
  0.270921E+01 -0.443281E+00  0.106180E-02  0.000000E+00  0.000000E+00  0.000000E+00  0.000000E+00
  0.202056E+01  0.142994E-01 -0.220924E+00  0.000000E+00  0.000000E+00  0.000000E+00  0.000000E+00
  0.169022E+01 -0.185695E+00 -0.210683E-04  0.000000E+00  0.000000E+00  0.000000E+00  0.000000E+00
  0.205903E+01  0.273644E+00 -0.490601E-02  0.000000E+00  0.000000E+00  0.000000E+00  0.000000E+00
  0.237005E+01 -0.274477E+00 -0.160382E-01  0.000000E+00  0.000000E+00  0.000000E+00  0.000000E+00
  0.199693E+01 -0.156720E-01 -0.205178E+00  0.000000E+00  0.000000E+00  0.000000E+00  0.000000E+00
  0.227604E+01 -0.127039E-01 -0.287673E+00  0.000000E+00  0.000000E+00  0.000000E+00  0.000000E+00
  0.233139E+01 -0.310727E+00  0.112600E-01  0.000000E+00  0.000000E+00  0.000000E+00  0.000000E+00
  0.221962E+01 -0.172035E-01 -0.231986E+00  0.000000E+00  0.000000E+00  0.000000E+00  0.000000E+00
  0.197729E+01  0.151165E-01 -0.205792E+00  0.000000E+00  0.000000E+00  0.000000E+00  0.000000E+00
  0.225481E+01  0.162197E-01 -0.250082E+00  0.000000E+00  0.000000E+00  0.000000E+00  0.000000E+00
  0.201227E+01 -0.118305E-01  0.235416E+00  0.000000E+00  0.000000E+00  0.000000E+00  0.000000E+00
  0.210705E+01  0.154064E-01 -0.229355E+00  0.000000E+00  0.000000E+00  0.000000E+00  0.000000E+00
  0.213243E+01  0.662081E-02 -0.287025E+00  0.000000E+00  0.000000E+00  0.000000E+00  0.000000E+00
  0.208859E+01 -0.254053E+00 -0.115643E-01  0.000000E+00  0.000000E+00  0.000000E+00  0.000000E+00
  0.220597E+01  0.181164E-01  0.217946E+00  0.000000E+00  0.000000E+00  0.000000E+00  0.000000E+00
  0.237686E+01  0.297682E+00  0.140198E-01  0.000000E+00  0.000000E+00  0.000000E+00  0.000000E+00
  0.211280E+01 -0.128713E-03  0.292680E+00  0.000000E+00  0.000000E+00  0.000000E+00  0.000000E+00
  0.176643E+01  0.499163E-02  0.200863E+00  0.000000E+00  0.000000E+00  0.000000E+00  0.000000E+00
  0.207711E+01  0.219960E+00  0.157846E-01  0.000000E+00  0.000000E+00  0.000000E+00  0.000000E+00
  0.279761E+01 -0.186575E-01  0.310214E+00  0.000000E+00  0.000000E+00  0.000000E+00  0.000000E+00
  0.222741E+01 -0.327192E-02 -0.318932E+00  0.000000E+00  0.000000E+00  0.000000E+00  0.000000E+00
  0.196988E+01  0.111464E-01  0.229593E+00  0.000000E+00  0.000000E+00  0.000000E+00  0.000000E+00
  0.178265E+01  0.200762E+00 -0.698794E-02  0.000000E+00  0.000000E+00  0.000000E+00  0.000000E+00
  0.196992E+01  0.147000E-01  0.207480E+00  0.000000E+00  0.000000E+00  0.000000E+00  0.000000E+00
  0.237622E+01 -0.358470E+00  0.177185E-02  0.000000E+00  0.000000E+00  0.000000E+00  0.000000E+00
  0.212523E+01 -0.287838E+00  0.577158E-02  0.000000E+00  0.000000E+00  0.000000E+00  0.000000E+00
  0.215984E+01 -0.124752E-01  0.263958E+00  0.000000E+00  0.000000E+00  0.000000E+00  0.000000E+00
  0.277765E+01  0.290431E+00  0.194150E-01  0.000000E+00  0.000000E+00  0.000000E+00  0.000000E+00
  0.190265E+01 -0.146945E-01 -0.193743E+00  0.000000E+00  0.000000E+00  0.000000E+00  0.000000E+00
  0.207353E+01  0.281483E+00  0.235555E-02  0.000000E+00  0.000000E+00  0.000000E+00  0.000000E+00
  0.226749E+01  0.258722E+00 -0.156556E-01  0.000000E+00  0.000000E+00  0.000000E+00  0.000000E+00
  0.246077E+01 -0.291388E+00 -0.160937E-01  0.000000E+00  0.000000E+00  0.000000E+00  0.000000E+00
  0.187103E+01  0.231171E+00  0.127281E-02  0.000000E+00  0.000000E+00  0.000000E+00  0.000000E+00
  0.197633E+01  0.105685E-01 -0.233932E+00  0.000000E+00  0.000000E+00  0.000000E+00  0.000000E+00
  0.200865E+01  0.229010E+00 -0.127606E-01  0.000000E+00  0.000000E+00  0.000000E+00  0.000000E+00
  0.218583E+01  0.125461E-01 -0.269150E+00  0.000000E+00  0.000000E+00  0.000000E+00  0.000000E+00
  0.168606E+01 -0.176113E+00  0.751067E-02  0.000000E+00  0.000000E+00  0.000000E+00  0.000000E+00
  0.230862E+01  0.178987E-01  0.238950E+00  0.000000E+00  0.000000E+00  0.000000E+00  0.000000E+00
  0.237092E+01  0.254489E+00 -0.175849E-01  0.000000E+00  0.000000E+00  0.000000E+00  0.000000E+00
  0.249390E+01 -0.250945E+00  0.191083E-01  0.000000E+00  0.000000E+00  0.000000E+00  0.000000E+00
  0.263724E+01  0.312881E+00  0.169409E-01  0.000000E+00  0.000000E+00  0.000000E+00  0.000000E+00
  0.193963E+01 -0.805352E-03 -0.248710E+00  0.000000E+00  0.000000E+00  0.000000E+00  0.000000E+00
  0.187372E+01 -0.219837E+00 -0.803471E-02  0.000000E+00  0.000000E+00  0.000000E+00  0.000000E+00
  0.258868E+01  0.348989E+00  0.133821E-01  0.000000E+00  0.000000E+00  0.000000E+00  0.000000E+00
  0.165907E+01 -0.333604E-02 -0.176219E+00  0.000000E+00  0.000000E+00  0.000000E+00  0.000000E+00
  0.174011E+01  0.799371E-02  0.187914E+00  0.000000E+00  0.000000E+00  0.000000E+00  0.000000E+00
  0.189289E+01 -0.372814E-02  0.234356E+00  0.000000E+00  0.000000E+00  0.000000E+00  0.000000E+00
  0.265355E+01  0.415478E+00 -0.635513E-02  0.000000E+00  0.000000E+00  0.000000E+00  0.000000E+00
  0.182612E+01  0.132075E-01 -0.186880E+00  0.000000E+00  0.000000E+00  0.000000E+00  0.000000E+00
  0.198524E+01  0.236077E+00 -0.105479E-01  0.000000E+00  0.000000E+00  0.000000E+00  0.000000E+00
  0.274703E+01  0.413263E+00 -0.102677E-01  0.000000E+00  0.000000E+00  0.000000E+00  0.000000E+00
  0.240497E+01  0.350619E+00 -0.731235E-02  0.000000E+00  0.000000E+00  0.000000E+00  0.000000E+00
  0.177073E+01  0.197605E+00  0.709577E-02  0.000000E+00  0.000000E+00  0.000000E+00  0.000000E+00
  0.273884E+01 -0.451183E+00  0.262020E-04  0.000000E+00  0.000000E+00  0.000000E+00  0.000000E+00
  0.165377E+01  0.239145E-02  0.175658E+00  0.000000E+00  0.000000E+00  0.000000E+00  0.000000E+00
  0.194532E+01 -0.303493E-02  0.248430E+00  0.000000E+00  0.000000E+00  0.000000E+00  0.000000E+00
  0.171318E+01  0.871608E-02 -0.179493E+00  0.000000E+00  0.000000E+00  0.000000E+00  0.000000E+00
  0.231477E+01 -0.241204E+00 -0.178156E-01  0.000000E+00  0.000000E+00  0.000000E+00  0.000000E+00
  0.243143E+01  0.294861E-02 -0.370748E+00  0.000000E+00  0.000000E+00  0.000000E+00  0.000000E+00
  0.261546E+01  0.168085E-01 -0.310862E+00  0.000000E+00  0.000000E+00  0.000000E+00  0.000000E+00
  0.281380E+01 -0.468367E+00  0.218230E-02  0.000000E+00  0.000000E+00  0.000000E+00  0.000000E+00
  0.193102E+01 -0.126935E-01 -0.212500E+00  0.000000E+00  0.000000E+00  0.000000E+00  0.000000E+00
  0.219217E+01 -0.139779E-01 -0.259321E+00  0.000000E+00  0.000000E+00  0.000000E+00  0.000000E+00
  0.232492E+01 -0.338856E+00 -0.518458E-02  0.000000E+00  0.000000E+00  0.000000E+00  0.000000E+00
  0.255744E+01 -0.178201E-01 -0.284232E+00  0.000000E+00  0.000000E+00  0.000000E+00  0.000000E+00
  0.276739E+01 -0.314575E+00  0.181846E-01  0.000000E+00  0.000000E+00  0.000000E+00  0.000000E+00
  0.192973E+01 -0.245925E+00 -0.144022E-02  0.000000E+00  0.000000E+00  0.000000E+00  0.000000E+00
  0.215608E+01  0.906088E-03  0.303442E+00  0.000000E+00  0.000000E+00  0.000000E+00  0.000000E+00
  0.213437E+01 -0.153434E-03  0.298138E+00  0.000000E+00  0.000000E+00  0.000000E+00  0.000000E+00
  0.233359E+01 -0.128267E-01  0.299204E+00  0.000000E+00  0.000000E+00  0.000000E+00  0.000000E+00
  0.230047E+01 -0.340192E+00  0.125438E-03  0.000000E+00  0.000000E+00  0.000000E+00  0.000000E+00
  0.273667E+01  0.414823E+00 -0.976639E-02  0.000000E+00  0.000000E+00  0.000000E+00  0.000000E+00
  0.280409E+01  0.984834E-02  0.429883E+00  0.000000E+00  0.000000E+00  0.000000E+00  0.000000E+00
  0.250767E+01  0.376808E+00 -0.703099E-02  0.000000E+00  0.000000E+00  0.000000E+00  0.000000E+00
  0.262504E+01  0.264890E+00  0.194724E-01  0.000000E+00  0.000000E+00  0.000000E+00  0.000000E+00
  0.272406E+01 -0.195137E-01 -0.279695E+00  0.000000E+00  0.000000E+00  0.000000E+00  0.000000E+00
  0.217518E+01 -0.301492E+00  0.528947E-02  0.000000E+00  0.000000E+00  0.000000E+00  0.000000E+00
  0.242712E+01  0.875093E-03 -0.372033E+00  0.000000E+00  0.000000E+00  0.000000E+00  0.000000E+00
  0.165971E+01  0.171572E+00 -0.664290E-02  0.000000E+00  0.000000E+00  0.000000E+00  0.000000E+00
  0.226026E+01  0.112471E-01  0.294735E+00  0.000000E+00  0.000000E+00  0.000000E+00  0.000000E+00
  0.273793E+01 -0.140189E-01  0.373379E+00  0.000000E+00  0.000000E+00  0.000000E+00  0.000000E+00
  0.264801E+01  0.399282E+00  0.902935E-02  0.000000E+00  0.000000E+00  0.000000E+00  0.000000E+00
  0.234891E+01 -0.235264E+00 -0.186154E-01  0.000000E+00  0.000000E+00  0.000000E+00  0.000000E+00
  0.279546E+01 -0.183241E-01 -0.316677E+00  0.000000E+00  0.000000E+00  0.000000E+00  0.000000E+00
  0.167237E+01 -0.334745E-02 -0.179543E+00  0.000000E+00  0.000000E+00  0.000000E+00  0.000000E+00
  0.254685E+01  0.332077E+00 -0.141325E-01  0.000000E+00  0.000000E+00  0.000000E+00  0.000000E+00
  0.211980E+01  0.192107E-02  0.293585E+00  0.000000E+00  0.000000E+00  0.000000E+00  0.000000E+00
  0.228509E+01 -0.270790E+00  0.148251E-01  0.000000E+00  0.000000E+00  0.000000E+00  0.000000E+00
  0.251337E+01 -0.275379E+00  0.178840E-01  0.000000E+00  0.000000E+00  0.000000E+00  0.000000E+00
  0.173848E+01  0.721414E-02  0.189494E+00  0.000000E+00  0.000000E+00  0.000000E+00  0.000000E+00
  0.219575E+01 -0.135816E-03 -0.313680E+00  0.000000E+00  0.000000E+00  0.000000E+00  0.000000E+00
  0.243885E+01 -0.140877E-01 -0.309981E+00  0.000000E+00  0.000000E+00  0.000000E+00  0.000000E+00
  0.193918E+01 -0.194539E+00  0.155775E-01  0.000000E+00  0.000000E+00  0.000000E+00  0.000000E+00
  0.282087E+01 -0.441163E+00  0.888165E-02  0.000000E+00  0.000000E+00  0.000000E+00  0.000000E+00
  0.234059E+01 -0.563651E-02  0.341333E+00  0.000000E+00  0.000000E+00  0.000000E+00  0.000000E+00
  0.242860E+01  0.164510E-01  0.280588E+00  0.000000E+00  0.000000E+00  0.000000E+00  0.000000E+00
  0.193468E+01  0.693751E-02 -0.237862E+00  0.000000E+00  0.000000E+00  0.000000E+00  0.000000E+00
  0.277346E+01  0.410756E+00 -0.112489E-01  0.000000E+00  0.000000E+00  0.000000E+00  0.000000E+00
  0.260200E+01 -0.413051E+00 -0.322814E-02  0.000000E+00  0.000000E+00  0.000000E+00  0.000000E+00
  0.262545E+01  0.862845E-02  0.396514E+00  0.000000E+00  0.000000E+00  0.000000E+00  0.000000E+00
  0.231724E+01  0.174488E-01 -0.246671E+00  0.000000E+00  0.000000E+00  0.000000E+00  0.000000E+00
  0.257717E+01  0.281231E+00 -0.182016E-01  0.000000E+00  0.000000E+00  0.000000E+00  0.000000E+00
  0.243327E+01  0.362854E+00  0.601024E-02  0.000000E+00  0.000000E+00  0.000000E+00  0.000000E+00
  0.258344E+01  0.255920E+00 -0.195872E-01  0.000000E+00  0.000000E+00  0.000000E+00  0.000000E+00
  0.203864E+01  0.255379E+00  0.903870E-02  0.000000E+00  0.000000E+00  0.000000E+00  0.000000E+00
  0.272934E+01  0.174712E-01  0.320997E+00  0.000000E+00  0.000000E+00  0.000000E+00  0.000000E+00
  0.270727E+01  0.172856E-01  0.320182E+00  0.000000E+00  0.000000E+00  0.000000E+00  0.000000E+00
  0.215295E+01 -0.171900E-01 -0.219895E+00  0.000000E+00  0.000000E+00  0.000000E+00  0.000000E+00
  0.220282E+01 -0.228800E+00  0.172120E-01  0.000000E+00  0.000000E+00  0.000000E+00  0.000000E+00
  0.199848E+01  0.392584E-02  0.260468E+00  0.000000E+00  0.000000E+00  0.000000E+00  0.000000E+00
  0.229454E+01 -0.174008E-01 -0.243187E+00  0.000000E+00  0.000000E+00  0.000000E+00  0.000000E+00
  0.186259E+01  0.746869E-02  0.218863E+00  0.000000E+00  0.000000E+00  0.000000E+00  0.000000E+00
  0.169742E+01 -0.298792E-02 -0.186175E+00  0.000000E+00  0.000000E+00  0.000000E+00  0.000000E+00
  0.171512E+01  0.191811E+00 -0.110210E-02  0.000000E+00  0.000000E+00  0.000000E+00  0.000000E+00
  0.170562E+01  0.672774E-02 -0.182599E+00  0.000000E+00  0.000000E+00  0.000000E+00  0.000000E+00
  0.213198E+01 -0.279320E+00  0.861363E-02  0.000000E+00  0.000000E+00  0.000000E+00  0.000000E+00
  0.253359E+01  0.153461E-01  0.315153E+00  0.000000E+00  0.000000E+00  0.000000E+00  0.000000E+00
  0.179024E+01  0.198235E+00  0.856865E-02  0.000000E+00  0.000000E+00  0.000000E+00  0.000000E+00
  0.191927E+01 -0.241844E+00  0.306688E-02  0.000000E+00  0.000000E+00  0.000000E+00  0.000000E+00
  0.245468E+01  0.100833E-01 -0.347025E+00  0.000000E+00  0.000000E+00  0.000000E+00  0.000000E+00
  0.268108E+01  0.895325E-02  0.407602E+00  0.000000E+00  0.000000E+00  0.000000E+00  0.000000E+00
  0.167319E+01 -0.181037E+00  0.154398E-02  0.000000E+00  0.000000E+00  0.000000E+00  0.000000E+00
  0.281037E+01  0.464442E+00  0.358514E-02  0.000000E+00  0.000000E+00  0.000000E+00  0.000000E+00
  0.174235E+01  0.198634E+00  0.127795E-02  0.000000E+00  0.000000E+00  0.000000E+00  0.000000E+00
  0.231411E+01 -0.274276E+00  0.150622E-01  0.000000E+00  0.000000E+00  0.000000E+00  0.000000E+00
  0.191987E+01 -0.198969E+00  0.144517E-01  0.000000E+00  0.000000E+00  0.000000E+00  0.000000E+00
  0.226883E+01 -0.323191E+00  0.577861E-02  0.000000E+00  0.000000E+00  0.000000E+00  0.000000E+00
  0.266049E+01  0.350333E+00  0.145849E-01  0.000000E+00  0.000000E+00  0.000000E+00  0.000000E+00
  0.187114E+01  0.218989E+00  0.810718E-02  0.000000E+00  0.000000E+00  0.000000E+00  0.000000E+00
  0.223557E+01  0.256051E+00  0.153000E-01  0.000000E+00  0.000000E+00  0.000000E+00  0.000000E+00
  0.189857E+01 -0.712966E-02 -0.228543E+00  0.000000E+00  0.000000E+00  0.000000E+00  0.000000E+00
  0.219202E+01  0.309434E+00 -0.362543E-02  0.000000E+00  0.000000E+00  0.000000E+00  0.000000E+00
  0.184429E+01  0.210167E+00 -0.884580E-02  0.000000E+00  0.000000E+00  0.000000E+00  0.000000E+00
  0.217848E+01 -0.887400E-03  0.309117E+00  0.000000E+00  0.000000E+00  0.000000E+00  0.000000E+00
  0.216959E+01 -0.188540E-02 -0.306185E+00  0.000000E+00  0.000000E+00  0.000000E+00  0.000000E+00
  0.163780E+01  0.573085E-02 -0.167831E+00  0.000000E+00  0.000000E+00  0.000000E+00  0.000000E+00
  0.212002E+01  0.717084E-02  0.282135E+00  0.000000E+00  0.000000E+00  0.000000E+00  0.000000E+00
  0.227441E+01  0.167599E-01 -0.247531E+00  0.000000E+00  0.000000E+00  0.000000E+00  0.000000E+00
  0.174408E+01  0.191853E+00  0.678333E-02  0.000000E+00  0.000000E+00  0.000000E+00  0.000000E+00
  0.229365E+01  0.147295E-01 -0.273485E+00  0.000000E+00  0.000000E+00  0.000000E+00  0.000000E+00
  0.207920E+01 -0.207442E+00 -0.170868E-01  0.000000E+00  0.000000E+00  0.000000E+00  0.000000E+00
  0.258204E+01  0.191656E-01  0.264211E+00  0.000000E+00  0.000000E+00  0.000000E+00  0.000000E+00
  0.246447E+01 -0.367673E+00  0.671908E-02  0.000000E+00  0.000000E+00  0.000000E+00  0.000000E+00
  0.283403E+01  0.472418E+00  0.274070E-02  0.000000E+00  0.000000E+00  0.000000E+00  0.000000E+00
  0.175145E+01 -0.195323E+00  0.599735E-02  0.000000E+00  0.000000E+00  0.000000E+00  0.000000E+00
  0.169054E+01 -0.831573E-02  0.175196E+00  0.000000E+00  0.000000E+00  0.000000E+00  0.000000E+00
  0.249481E+01  0.355474E+00  0.102059E-01  0.000000E+00  0.000000E+00  0.000000E+00  0.000000E+00
  0.246483E+01 -0.273018E+00  0.174765E-01  0.000000E+00  0.000000E+00  0.000000E+00  0.000000E+00
  0.212539E+01  0.284152E-02 -0.293952E+00  0.000000E+00  0.000000E+00  0.000000E+00  0.000000E+00
  0.223768E+01 -0.289388E+00  0.112837E-01  0.000000E+00  0.000000E+00  0.000000E+00  0.000000E+00
  0.261208E+01 -0.125394E-01 -0.362561E+00  0.000000E+00  0.000000E+00  0.000000E+00  0.000000E+00
  0.237045E+01  0.137266E-01  0.299138E+00  0.000000E+00  0.000000E+00  0.000000E+00  0.000000E+00
  0.268884E+01  0.191600E-01  0.281690E+00  0.000000E+00  0.000000E+00  0.000000E+00  0.000000E+00
  0.240983E+01 -0.180711E-01 -0.254213E+00  0.000000E+00  0.000000E+00  0.000000E+00  0.000000E+00
  0.226531E+01 -0.439385E-04  0.331295E+00  0.000000E+00  0.000000E+00  0.000000E+00  0.000000E+00
  0.269265E+01 -0.118916E-01 -0.386585E+00  0.000000E+00  0.000000E+00  0.000000E+00  0.000000E+00
  0.182779E+01 -0.199524E+00  0.106478E-01  0.000000E+00  0.000000E+00  0.000000E+00  0.000000E+00
  0.200786E+01  0.253567E+00  0.758590E-02  0.000000E+00  0.000000E+00  0.000000E+00  0.000000E+00
  0.203803E+01  0.139029E-01  0.227517E+00  0.000000E+00  0.000000E+00  0.000000E+00  0.000000E+00
  0.204353E+01  0.157348E-01  0.213813E+00  0.000000E+00  0.000000E+00  0.000000E+00  0.000000E+00
  0.194792E+01 -0.116427E-01 -0.222067E+00  0.000000E+00  0.000000E+00  0.000000E+00  0.000000E+00
  0.218402E+01 -0.309067E+00 -0.257034E-02  0.000000E+00  0.000000E+00  0.000000E+00  0.000000E+00
  0.268611E+01 -0.437802E+00  0.296031E-03  0.000000E+00  0.000000E+00  0.000000E+00  0.000000E+00
  0.208811E+01  0.276262E+00 -0.660241E-02  0.000000E+00  0.000000E+00  0.000000E+00  0.000000E+00
  0.245578E+01 -0.143240E-01  0.311046E+00  0.000000E+00  0.000000E+00  0.000000E+00  0.000000E+00
  0.241198E+01 -0.126670E-02  0.367955E+00  0.000000E+00  0.000000E+00  0.000000E+00  0.000000E+00
  0.224211E+01  0.242391E+00  0.166808E-01  0.000000E+00  0.000000E+00  0.000000E+00  0.000000E+00
  0.267911E+01  0.193127E-01 -0.276900E+00  0.000000E+00  0.000000E+00  0.000000E+00  0.000000E+00
  0.188627E+01  0.200749E+00  0.130459E-01  0.000000E+00  0.000000E+00  0.000000E+00  0.000000E+00
  0.257150E+01 -0.195891E-01 -0.254001E+00  0.000000E+00  0.000000E+00  0.000000E+00  0.000000E+00
  0.199863E+01  0.141751E-01  0.217277E+00  0.000000E+00  0.000000E+00  0.000000E+00  0.000000E+00
  0.203391E+01 -0.266372E+00 -0.535855E-02  0.000000E+00  0.000000E+00  0.000000E+00  0.000000E+00
  0.269304E+01 -0.309955E-02  0.436195E+00  0.000000E+00  0.000000E+00  0.000000E+00  0.000000E+00
  0.171354E+01  0.184310E+00 -0.683006E-02  0.000000E+00  0.000000E+00  0.000000E+00  0.000000E+00
  0.232263E+01 -0.822361E-02  0.326564E+00  0.000000E+00  0.000000E+00  0.000000E+00  0.000000E+00
  0.261149E+01  0.192963E-01  0.266363E+00  0.000000E+00  0.000000E+00  0.000000E+00  0.000000E+00
  0.170054E+01  0.514884E-03  0.188269E+00  0.000000E+00  0.000000E+00  0.000000E+00  0.000000E+00
  0.231243E+01  0.323142E+00 -0.842636E-02  0.000000E+00  0.000000E+00  0.000000E+00  0.000000E+00
  0.176085E+01  0.188608E+00 -0.940880E-02  0.000000E+00  0.000000E+00  0.000000E+00  0.000000E+00
  0.218908E+01  0.273468E+00  0.120345E-01  0.000000E+00  0.000000E+00  0.000000E+00  0.000000E+00
  0.223517E+01 -0.161696E-01 -0.246850E+00  0.000000E+00  0.000000E+00  0.000000E+00  0.000000E+00
  0.220497E+01  0.142104E-01  0.260001E+00  0.000000E+00  0.000000E+00  0.000000E+00  0.000000E+00
  0.270381E+01  0.176038E-01 -0.314064E+00  0.000000E+00  0.000000E+00  0.000000E+00  0.000000E+00
  0.208516E+01 -0.236286E+00  0.140519E-01  0.000000E+00  0.000000E+00  0.000000E+00  0.000000E+00
  0.259263E+01 -0.175364E-01 -0.295180E+00  0.000000E+00  0.000000E+00  0.000000E+00  0.000000E+00
  0.248221E+01  0.192945E-01  0.245586E+00  0.000000E+00  0.000000E+00  0.000000E+00  0.000000E+00
  0.249532E+01 -0.474959E-02 -0.382434E+00  0.000000E+00  0.000000E+00  0.000000E+00  0.000000E+00
  0.258145E+01 -0.350563E+00  0.130782E-01  0.000000E+00  0.000000E+00  0.000000E+00  0.000000E+00
  0.226732E+01 -0.260289E+00  0.155043E-01  0.000000E+00  0.000000E+00  0.000000E+00  0.000000E+00
  0.259872E+01 -0.103128E-01 -0.378690E+00  0.000000E+00  0.000000E+00  0.000000E+00  0.000000E+00
  0.227956E+01 -0.330103E+00  0.421781E-02  0.000000E+00  0.000000E+00  0.000000E+00  0.000000E+00
  0.256175E+01 -0.406343E+00 -0.108501E-03  0.000000E+00  0.000000E+00  0.000000E+00  0.000000E+00
  0.173355E+01  0.191057E+00 -0.592741E-02  0.000000E+00  0.000000E+00  0.000000E+00  0.000000E+00
  0.259870E+01  0.337720E+00  0.145772E-01  0.000000E+00  0.000000E+00  0.000000E+00  0.000000E+00
  0.202427E+01 -0.263160E+00  0.569601E-02  0.000000E+00  0.000000E+00  0.000000E+00  0.000000E+00
  0.254352E+01 -0.130586E-01  0.342570E+00  0.000000E+00  0.000000E+00  0.000000E+00  0.000000E+00
  0.238398E+01  0.302780E+00 -0.136441E-01  0.000000E+00  0.000000E+00  0.000000E+00  0.000000E+00
  0.241366E+01 -0.175233E-01 -0.263077E+00  0.000000E+00  0.000000E+00  0.000000E+00  0.000000E+00
  0.221440E+01  0.305259E+00 -0.710951E-02  0.000000E+00  0.000000E+00  0.000000E+00  0.000000E+00
  0.194848E+01 -0.238646E+00  0.777003E-02  0.000000E+00  0.000000E+00  0.000000E+00  0.000000E+00
  0.207056E+01 -0.426985E-02 -0.277845E+00  0.000000E+00  0.000000E+00  0.000000E+00  0.000000E+00
  0.213033E+01 -0.134410E-01 -0.250524E+00  0.000000E+00  0.000000E+00  0.000000E+00  0.000000E+00
  0.195436E+01 -0.125463E-01  0.218462E+00  0.000000E+00  0.000000E+00  0.000000E+00  0.000000E+00
  0.205985E+01 -0.272149E+00  0.561256E-02  0.000000E+00  0.000000E+00  0.000000E+00  0.000000E+00
  0.171975E+01  0.178572E+00  0.953408E-02  0.000000E+00  0.000000E+00  0.000000E+00  0.000000E+00
  0.235729E+01  0.288957E+00  0.144892E-01  0.000000E+00  0.000000E+00  0.000000E+00  0.000000E+00
  0.281123E+01  0.279103E+00 -0.201032E-01  0.000000E+00  0.000000E+00  0.000000E+00  0.000000E+00
  0.249667E+01 -0.307543E+00  0.153652E-01  0.000000E+00  0.000000E+00  0.000000E+00  0.000000E+00
  0.218675E+01  0.311384E+00  0.286940E-03  0.000000E+00  0.000000E+00  0.000000E+00  0.000000E+00
  0.198977E+01  0.219110E+00 -0.136501E-01  0.000000E+00  0.000000E+00  0.000000E+00  0.000000E+00
  0.179322E+01  0.210510E-02 -0.211021E+00  0.000000E+00  0.000000E+00  0.000000E+00  0.000000E+00
  0.236796E+01  0.163695E-01  0.270042E+00  0.000000E+00  0.000000E+00  0.000000E+00  0.000000E+00
  0.176194E+01  0.101870E-01  0.186161E+00  0.000000E+00  0.000000E+00  0.000000E+00  0.000000E+00
  0.209095E+01 -0.278219E+00  0.618705E-02  0.000000E+00  0.000000E+00  0.000000E+00  0.000000E+00
  0.175383E+01 -0.194578E+00  0.662758E-02  0.000000E+00  0.000000E+00  0.000000E+00  0.000000E+00
  0.174833E+01  0.343101E-02  0.198510E+00  0.000000E+00  0.000000E+00  0.000000E+00  0.000000E+00
  0.272013E+01  0.163143E-01  0.338283E+00  0.000000E+00  0.000000E+00  0.000000E+00  0.000000E+00
  0.208281E+01 -0.276793E+00 -0.598791E-02  0.000000E+00  0.000000E+00  0.000000E+00  0.000000E+00
  0.281070E+01  0.466496E+00 -0.276439E-02  0.000000E+00  0.000000E+00  0.000000E+00  0.000000E+00
  0.179301E+01  0.994182E-03  0.211551E+00  0.000000E+00  0.000000E+00  0.000000E+00  0.000000E+00
  0.225505E+01  0.164177E-01 -0.247885E+00  0.000000E+00  0.000000E+00  0.000000E+00  0.000000E+00
  0.261049E+01 -0.150200E-01 -0.334698E+00  0.000000E+00  0.000000E+00  0.000000E+00  0.000000E+00
  0.282543E+01 -0.189308E-01  0.309005E+00  0.000000E+00  0.000000E+00  0.000000E+00  0.000000E+00
  0.222508E+01  0.275400E+00  0.128557E-01  0.000000E+00  0.000000E+00  0.000000E+00  0.000000E+00
  0.199581E+01  0.247189E+00  0.855292E-02  0.000000E+00  0.000000E+00  0.000000E+00  0.000000E+00
  0.272508E+01  0.317393E+00  0.176316E-01  0.000000E+00  0.000000E+00  0.000000E+00  0.000000E+00
  0.163316E+01  0.547957E-02 -0.167084E+00  0.000000E+00  0.000000E+00  0.000000E+00  0.000000E+00
  0.253827E+01 -0.393182E+00  0.472651E-02  0.000000E+00  0.000000E+00  0.000000E+00  0.000000E+00
  0.262709E+01  0.274990E+00 -0.189927E-01  0.000000E+00  0.000000E+00  0.000000E+00  0.000000E+00
  0.172046E+01  0.485245E-02  0.189673E+00  0.000000E+00  0.000000E+00  0.000000E+00  0.000000E+00
  0.284082E+01  0.859196E-01 -0.132577E+00  0.000000E+00  0.000000E+00  0.000000E+00  0.000000E+00
  0.284082E+01 -0.155533E+00 -0.277094E-01  0.000000E+00  0.000000E+00  0.000000E+00  0.000000E+00
  0.284082E+01 -0.525585E-04  0.235335E-01  0.000000E+00  0.000000E+00  0.000000E+00  0.000000E+00
  0.284082E+01 -0.301394E-01  0.162549E-01  0.000000E+00  0.000000E+00  0.000000E+00  0.000000E+00
  0.284082E+01 -0.216347E+00  0.798227E-01  0.000000E+00  0.000000E+00  0.000000E+00  0.000000E+00
  0.284082E+01 -0.194731E+00 -0.549176E-01  0.000000E+00  0.000000E+00  0.000000E+00  0.000000E+00
  0.284082E+01 -0.201578E+00  0.145271E+00  0.000000E+00  0.000000E+00  0.000000E+00  0.000000E+00
  0.284082E+01  0.211210E+00  0.112645E+00  0.000000E+00  0.000000E+00  0.000000E+00  0.000000E+00
  0.284082E+01 -0.225028E-01 -0.168554E+00  0.000000E+00  0.000000E+00  0.000000E+00  0.000000E+00
  0.284082E+01  0.911051E-01 -0.146018E+00  0.000000E+00  0.000000E+00  0.000000E+00  0.000000E+00
  0.284082E+01  0.207101E-01  0.404808E-01  0.000000E+00  0.000000E+00  0.000000E+00  0.000000E+00
  0.284082E+01 -0.190833E+00 -0.396399E-02  0.000000E+00  0.000000E+00  0.000000E+00  0.000000E+00
  0.284082E+01  0.805547E-01 -0.521768E-01  0.000000E+00  0.000000E+00  0.000000E+00  0.000000E+00
  0.284082E+01 -0.745582E-01 -0.869033E-02  0.000000E+00  0.000000E+00  0.000000E+00  0.000000E+00
  0.284082E+01 -0.930790E-01  0.321863E-01  0.000000E+00  0.000000E+00  0.000000E+00  0.000000E+00
  0.284082E+01 -0.521854E-03 -0.200290E+00  0.000000E+00  0.000000E+00  0.000000E+00  0.000000E+00
  0.284082E+01 -0.130549E-01 -0.592479E-02  0.000000E+00  0.000000E+00  0.000000E+00  0.000000E+00
  0.284082E+01  0.297898E-01  0.175502E+00  0.000000E+00  0.000000E+00  0.000000E+00  0.000000E+00
  0.284082E+01  0.856501E-04 -0.146927E-02  0.000000E+00  0.000000E+00  0.000000E+00  0.000000E+00
  0.284082E+01 -0.290682E-01  0.385451E-01  0.000000E+00  0.000000E+00  0.000000E+00  0.000000E+00
  0.284082E+01  0.112565E+00  0.181017E-01  0.000000E+00  0.000000E+00  0.000000E+00  0.000000E+00
  0.284082E+01 -0.224744E+00  0.664982E-01  0.000000E+00  0.000000E+00  0.000000E+00  0.000000E+00
  0.284082E+01 -0.201770E+00 -0.976404E-01  0.000000E+00  0.000000E+00  0.000000E+00  0.000000E+00
  0.284082E+01  0.441213E-01  0.213296E-01  0.000000E+00  0.000000E+00  0.000000E+00  0.000000E+00
  0.284082E+01 -0.522262E-02  0.386453E-02  0.000000E+00  0.000000E+00  0.000000E+00  0.000000E+00
  0.284082E+01  0.902842E-01  0.120182E+00  0.000000E+00  0.000000E+00  0.000000E+00  0.000000E+00
  0.284082E+01 -0.169298E+00  0.129465E-02  0.000000E+00  0.000000E+00  0.000000E+00  0.000000E+00
  0.284082E+01 -0.838939E-01  0.829852E-01  0.000000E+00  0.000000E+00  0.000000E+00  0.000000E+00
  0.284082E+01 -0.166796E+00  0.140644E+00  0.000000E+00  0.000000E+00  0.000000E+00  0.000000E+00
  0.284082E+01  0.165499E+00  0.623124E-01  0.000000E+00  0.000000E+00  0.000000E+00  0.000000E+00
  0.284082E+01  0.220203E+00 -0.845295E-01  0.000000E+00  0.000000E+00  0.000000E+00  0.000000E+00
  0.284082E+01  0.101825E+00  0.396562E-01  0.000000E+00  0.000000E+00  0.000000E+00  0.000000E+00
  0.284082E+01 -0.127206E+00  0.385521E-01  0.000000E+00  0.000000E+00  0.000000E+00  0.000000E+00
  0.284082E+01  0.309488E-01  0.180858E+00  0.000000E+00  0.000000E+00  0.000000E+00  0.000000E+00
  0.284082E+01  0.176720E+00 -0.118016E+00  0.000000E+00  0.000000E+00  0.000000E+00  0.000000E+00
  0.284082E+01  0.109908E+00 -0.563232E-01  0.000000E+00  0.000000E+00  0.000000E+00  0.000000E+00
  0.284082E+01  0.540990E-01  0.151706E+00  0.000000E+00  0.000000E+00  0.000000E+00  0.000000E+00
  0.284082E+01  0.119531E+00  0.110510E+00  0.000000E+00  0.000000E+00  0.000000E+00  0.000000E+00
  0.284082E+01  0.861898E-01 -0.642078E-01  0.000000E+00  0.000000E+00  0.000000E+00  0.000000E+00
  0.284082E+01 -0.103923E+00 -0.555247E-01  0.000000E+00  0.000000E+00  0.000000E+00  0.000000E+00
  0.284082E+01  0.371992E-01  0.140769E-01  0.000000E+00  0.000000E+00  0.000000E+00  0.000000E+00
  0.284082E+01  0.624622E-03 -0.196332E-02  0.000000E+00  0.000000E+00  0.000000E+00  0.000000E+00
  0.284082E+01  0.224355E+00  0.661163E-01  0.000000E+00  0.000000E+00  0.000000E+00  0.000000E+00
  0.284082E+01 -0.733716E-01  0.729315E-01  0.000000E+00  0.000000E+00  0.000000E+00  0.000000E+00
  0.284082E+01  0.106189E+00  0.373939E-02  0.000000E+00  0.000000E+00  0.000000E+00  0.000000E+00
  0.284082E+01 -0.153843E-03  0.776313E-03  0.000000E+00  0.000000E+00  0.000000E+00  0.000000E+00
  0.284082E+01  0.138911E-01 -0.525105E-02  0.000000E+00  0.000000E+00  0.000000E+00  0.000000E+00
  0.284082E+01  0.276497E-01  0.391133E-02  0.000000E+00  0.000000E+00  0.000000E+00  0.000000E+00
  0.284082E+01 -0.140801E-01  0.342134E-01  0.000000E+00  0.000000E+00  0.000000E+00  0.000000E+00
  0.284082E+01 -0.505081E-01  0.468979E-01  0.000000E+00  0.000000E+00  0.000000E+00  0.000000E+00
  0.284082E+01 -0.220710E+00  0.242654E-01  0.000000E+00  0.000000E+00  0.000000E+00  0.000000E+00
  0.284082E+01  0.218370E-01  0.584789E-02  0.000000E+00  0.000000E+00  0.000000E+00  0.000000E+00
  0.284082E+01  0.612405E-01 -0.631039E-01  0.000000E+00  0.000000E+00  0.000000E+00  0.000000E+00
  0.284082E+01 -0.757726E-01 -0.156207E+00  0.000000E+00  0.000000E+00  0.000000E+00  0.000000E+00
  0.284082E+01 -0.191928E+00  0.769036E-01  0.000000E+00  0.000000E+00  0.000000E+00  0.000000E+00
  0.284082E+01  0.320063E-01 -0.111528E-01  0.000000E+00  0.000000E+00  0.000000E+00  0.000000E+00
  0.284082E+01  0.136538E+00 -0.133029E+00  0.000000E+00  0.000000E+00  0.000000E+00  0.000000E+00
  0.284082E+01  0.573163E-01 -0.115905E+00  0.000000E+00  0.000000E+00  0.000000E+00  0.000000E+00
  0.284082E+01 -0.132611E-01  0.111591E-01  0.000000E+00  0.000000E+00  0.000000E+00  0.000000E+00
  0.284082E+01  0.425312E-01 -0.220464E+00  0.000000E+00  0.000000E+00  0.000000E+00  0.000000E+00
  0.284082E+01  0.389520E-01 -0.211612E-01  0.000000E+00  0.000000E+00  0.000000E+00  0.000000E+00
  0.284082E+01 -0.345734E-01 -0.182179E-01  0.000000E+00  0.000000E+00  0.000000E+00  0.000000E+00
  0.284082E+01 -0.718920E-01  0.200294E-01  0.000000E+00  0.000000E+00  0.000000E+00  0.000000E+00
  0.284082E+01 -0.138620E-01 -0.533090E-01  0.000000E+00  0.000000E+00  0.000000E+00  0.000000E+00
  0.284082E+01 -0.180652E-01  0.513671E-01  0.000000E+00  0.000000E+00  0.000000E+00  0.000000E+00
  0.284082E+01  0.918304E-01 -0.173924E+00  0.000000E+00  0.000000E+00  0.000000E+00  0.000000E+00
  0.284082E+01 -0.245202E-01  0.185636E+00  0.000000E+00  0.000000E+00  0.000000E+00  0.000000E+00
  0.284082E+01 -0.364819E-01 -0.232455E+00  0.000000E+00  0.000000E+00  0.000000E+00  0.000000E+00
  0.284082E+01 -0.652216E-01 -0.269973E-01  0.000000E+00  0.000000E+00  0.000000E+00  0.000000E+00
  0.284082E+01  0.737425E-01  0.124382E+00  0.000000E+00  0.000000E+00  0.000000E+00  0.000000E+00
  0.284082E+01 -0.112085E+00 -0.112992E+00  0.000000E+00  0.000000E+00  0.000000E+00  0.000000E+00
  0.284082E+01 -0.977958E-01 -0.159750E+00  0.000000E+00  0.000000E+00  0.000000E+00  0.000000E+00
  0.284082E+01  0.986820E-01 -0.138611E-01  0.000000E+00  0.000000E+00  0.000000E+00  0.000000E+00
  0.284082E+01  0.787293E-01 -0.236519E-01  0.000000E+00  0.000000E+00  0.000000E+00  0.000000E+00
  0.284082E+01 -0.589041E-02 -0.225773E-01  0.000000E+00  0.000000E+00  0.000000E+00  0.000000E+00
  0.284082E+01  0.342247E-03  0.829953E-03  0.000000E+00  0.000000E+00  0.000000E+00  0.000000E+00
  0.284082E+01 -0.134225E+00  0.819841E-01  0.000000E+00  0.000000E+00  0.000000E+00  0.000000E+00
  0.284082E+01  0.225292E-01  0.302109E-01  0.000000E+00  0.000000E+00  0.000000E+00  0.000000E+00
  0.284082E+01 -0.128142E-02  0.313146E-02  0.000000E+00  0.000000E+00  0.000000E+00  0.000000E+00
  0.284082E+01  0.178080E+00  0.428507E-01  0.000000E+00  0.000000E+00  0.000000E+00  0.000000E+00
  0.284082E+01  0.159124E+00 -0.138767E-01  0.000000E+00  0.000000E+00  0.000000E+00  0.000000E+00
  0.284082E+01  0.852261E-01  0.691154E-01  0.000000E+00  0.000000E+00  0.000000E+00  0.000000E+00
  0.284082E+01  0.381565E-03  0.140023E+00  0.000000E+00  0.000000E+00  0.000000E+00  0.000000E+00
  0.284082E+01 -0.907622E-01  0.200947E+00  0.000000E+00  0.000000E+00  0.000000E+00  0.000000E+00
  0.284082E+01  0.344319E-01 -0.255172E-01  0.000000E+00  0.000000E+00  0.000000E+00  0.000000E+00
  0.284082E+01  0.562310E-01 -0.154793E+00  0.000000E+00  0.000000E+00  0.000000E+00  0.000000E+00
  0.284082E+01 -0.174995E-01  0.594299E-02  0.000000E+00  0.000000E+00  0.000000E+00  0.000000E+00
  0.284082E+01 -0.829586E-01 -0.927260E-01  0.000000E+00  0.000000E+00  0.000000E+00  0.000000E+00
  0.284082E+01  0.183817E-01  0.711098E-01  0.000000E+00  0.000000E+00  0.000000E+00  0.000000E+00
  0.284082E+01  0.110819E+00  0.103266E+00  0.000000E+00  0.000000E+00  0.000000E+00  0.000000E+00
  0.284082E+01 -0.111519E+00 -0.125969E+00  0.000000E+00  0.000000E+00  0.000000E+00  0.000000E+00
  0.284082E+01  0.529930E-01 -0.217209E-01  0.000000E+00  0.000000E+00  0.000000E+00  0.000000E+00
  0.284082E+01 -0.965733E-02  0.211697E+00  0.000000E+00  0.000000E+00  0.000000E+00  0.000000E+00
  0.284082E+01 -0.126686E-01  0.159534E-01  0.000000E+00  0.000000E+00  0.000000E+00  0.000000E+00
  0.284082E+01 -0.145317E+00  0.174934E+00  0.000000E+00  0.000000E+00  0.000000E+00  0.000000E+00
  0.284082E+01  0.134283E+00  0.256718E-01  0.000000E+00  0.000000E+00  0.000000E+00  0.000000E+00
  0.284082E+01  0.197120E+00  0.399316E-01  0.000000E+00  0.000000E+00  0.000000E+00  0.000000E+00
  0.284082E+01 -0.863939E-01 -0.123774E+00  0.000000E+00  0.000000E+00  0.000000E+00  0.000000E+00
  0.284082E+01  0.984290E-01 -0.711157E-01  0.000000E+00  0.000000E+00  0.000000E+00  0.000000E+00
  0.284082E+01 -0.297975E-01  0.171656E-02  0.000000E+00  0.000000E+00  0.000000E+00  0.000000E+00
