  0.271352E+01 -0.164743E-01  0.334543E+00  0.000000E+00  0.000000E+00  0.000000E+00  0.000000E+00
  0.261900E+01  0.272637E+00  0.190444E-01  0.000000E+00  0.000000E+00  0.000000E+00  0.000000E+00
  0.243957E+01 -0.142147E-01  0.308824E+00  0.000000E+00  0.000000E+00  0.000000E+00  0.000000E+00
  0.187275E+01 -0.378546E-02 -0.229233E+00  0.000000E+00  0.000000E+00  0.000000E+00  0.000000E+00
  0.282752E+01  0.480523E-02  0.464803E+00  0.000000E+00  0.000000E+00  0.000000E+00  0.000000E+00
  0.236476E+01 -0.840628E-02  0.335718E+00  0.000000E+00  0.000000E+00  0.000000E+00  0.000000E+00
  0.207438E+01 -0.998984E-02  0.259384E+00  0.000000E+00  0.000000E+00  0.000000E+00  0.000000E+00
  0.245149E+01  0.459336E-02 -0.371989E+00  0.000000E+00  0.000000E+00  0.000000E+00  0.000000E+00
  0.208069E+01  0.221133E+00  0.157336E-01  0.000000E+00  0.000000E+00  0.000000E+00  0.000000E+00
  0.267804E+01  0.269978E+00 -0.196247E-01  0.000000E+00  0.000000E+00  0.000000E+00  0.000000E+00
  0.204490E+01  0.233473E+00 -0.132707E-01  0.000000E+00  0.000000E+00  0.000000E+00  0.000000E+00
  0.235797E+01  0.461144E-02  0.348667E+00  0.000000E+00  0.000000E+00  0.000000E+00  0.000000E+00
  0.168979E+01 -0.173030E+00  0.903922E-02  0.000000E+00  0.000000E+00  0.000000E+00  0.000000E+00
  0.219578E+01 -0.124448E-01  0.272064E+00  0.000000E+00  0.000000E+00  0.000000E+00  0.000000E+00
  0.199631E+01 -0.155070E-01  0.206442E+00  0.000000E+00  0.000000E+00  0.000000E+00  0.000000E+00
  0.212989E+01 -0.296472E+00  0.150407E-02  0.000000E+00  0.000000E+00  0.000000E+00  0.000000E+00
  0.208817E+01  0.239734E+00 -0.136830E-01  0.000000E+00  0.000000E+00  0.000000E+00  0.000000E+00
  0.175721E+01  0.620129E-02  0.196323E+00  0.000000E+00  0.000000E+00  0.000000E+00  0.000000E+00
  0.181667E+01  0.191040E+00  0.119893E-01  0.000000E+00  0.000000E+00  0.000000E+00  0.000000E+00
  0.193484E+01  0.233476E+00  0.833025E-02  0.000000E+00  0.000000E+00  0.000000E+00  0.000000E+00
  0.226831E+01 -0.290809E+00  0.120676E-01  0.000000E+00  0.000000E+00  0.000000E+00  0.000000E+00
  0.178976E+01 -0.741068E-02 -0.201418E+00  0.000000E+00  0.000000E+00  0.000000E+00  0.000000E+00
  0.176434E+01  0.198691E+00  0.589656E-02  0.000000E+00  0.000000E+00  0.000000E+00  0.000000E+00
  0.274516E+01  0.350499E+00 -0.158265E-01  0.000000E+00  0.000000E+00  0.000000E+00  0.000000E+00
  0.235492E+01  0.304161E+00 -0.127887E-01  0.000000E+00  0.000000E+00  0.000000E+00  0.000000E+00
  0.283178E+01  0.200803E-01 -0.282784E+00  0.000000E+00  0.000000E+00  0.000000E+00  0.000000E+00
  0.231879E+01  0.315397E+00 -0.101072E-01  0.000000E+00  0.000000E+00  0.000000E+00  0.000000E+00
  0.206513E+01  0.101854E-01  0.256269E+00  0.000000E+00  0.000000E+00  0.000000E+00  0.000000E+00
  0.245132E+01  0.892944E-02 -0.353429E+00  0.000000E+00  0.000000E+00  0.000000E+00  0.000000E+00
  0.223138E+01 -0.413645E-02  0.318256E+00  0.000000E+00  0.000000E+00  0.000000E+00  0.000000E+00
  0.251757E+01  0.311828E+00  0.153562E-01  0.000000E+00  0.000000E+00  0.000000E+00  0.000000E+00
  0.257192E+01 -0.154125E-01  0.321966E+00  0.000000E+00  0.000000E+00  0.000000E+00  0.000000E+00
  0.189639E+01  0.227406E+00  0.734112E-02  0.000000E+00  0.000000E+00  0.000000E+00  0.000000E+00
  0.281416E+01  0.124242E-01 -0.408070E+00  0.000000E+00  0.000000E+00  0.000000E+00  0.000000E+00
  0.218400E+01 -0.299479E+00  0.666087E-02  0.000000E+00  0.000000E+00  0.000000E+00  0.000000E+00
  0.254992E+01  0.163656E-02  0.402487E+00  0.000000E+00  0.000000E+00  0.000000E+00  0.000000E+00
  0.258527E+01 -0.365549E+00 -0.115630E-01  0.000000E+00  0.000000E+00  0.000000E+00  0.000000E+00
  0.268679E+01  0.310450E+00 -0.176357E-01  0.000000E+00  0.000000E+00  0.000000E+00  0.000000E+00
  0.222105E+01 -0.170970E-01  0.233535E+00  0.000000E+00  0.000000E+00  0.000000E+00  0.000000E+00
  0.272881E+01  0.436211E+00 -0.584422E-02  0.000000E+00  0.000000E+00  0.000000E+00  0.000000E+00
  0.168703E+01 -0.315430E-02  0.183409E+00  0.000000E+00  0.000000E+00  0.000000E+00  0.000000E+00
  0.248216E+01  0.383918E-02 -0.381616E+00  0.000000E+00  0.000000E+00  0.000000E+00  0.000000E+00
  0.170342E+01  0.595264E-02  0.183600E+00  0.000000E+00  0.000000E+00  0.000000E+00  0.000000E+00
  0.242364E+01  0.276291E+00  0.167057E-01  0.000000E+00  0.000000E+00  0.000000E+00  0.000000E+00
  0.190773E+01 -0.152260E-02 -0.240318E+00  0.000000E+00  0.000000E+00  0.000000E+00  0.000000E+00
  0.283695E+01  0.422302E+00 -0.115369E-01  0.000000E+00  0.000000E+00  0.000000E+00  0.000000E+00
  0.179921E+01  0.210405E+00  0.409662E-02  0.000000E+00  0.000000E+00  0.000000E+00  0.000000E+00
  0.258816E+01 -0.266681E+00  0.190905E-01  0.000000E+00  0.000000E+00  0.000000E+00  0.000000E+00
  0.210427E+01  0.283264E+00  0.555415E-02  0.000000E+00  0.000000E+00  0.000000E+00  0.000000E+00
  0.243988E+01  0.761221E-02  0.357663E+00  0.000000E+00  0.000000E+00  0.000000E+00  0.000000E+00
  0.277329E+01  0.403032E+00 -0.120423E-01  0.000000E+00  0.000000E+00  0.000000E+00  0.000000E+00
  0.200470E+01  0.101388E-01  0.242516E+00  0.000000E+00  0.000000E+00  0.000000E+00  0.000000E+00
  0.190030E+01  0.144259E-01  0.195101E+00  0.000000E+00  0.000000E+00  0.000000E+00  0.000000E+00
  0.264746E+01  0.177429E-01  0.301553E+00  0.000000E+00  0.000000E+00  0.000000E+00  0.000000E+00
  0.209747E+01  0.261725E+00  0.105688E-01  0.000000E+00  0.000000E+00  0.000000E+00  0.000000E+00
  0.178010E+01  0.323795E-02  0.206694E+00  0.000000E+00  0.000000E+00  0.000000E+00  0.000000E+00
  0.258273E+01 -0.129179E-01  0.352444E+00  0.000000E+00  0.000000E+00  0.000000E+00  0.000000E+00
  0.283432E+01 -0.415137E+00 -0.121786E-01  0.000000E+00  0.000000E+00  0.000000E+00  0.000000E+00
  0.229762E+01  0.314218E+00 -0.946247E-02  0.000000E+00  0.000000E+00  0.000000E+00  0.000000E+00
  0.232376E+01  0.305181E+00  0.117911E-01  0.000000E+00  0.000000E+00  0.000000E+00  0.000000E+00
  0.283999E+01  0.159761E-02 -0.475817E+00  0.000000E+00  0.000000E+00  0.000000E+00  0.000000E+00
  0.193565E+01  0.149393E-01 -0.198715E+00  0.000000E+00  0.000000E+00  0.000000E+00  0.000000E+00
  0.236633E+01  0.108345E-01 -0.321616E+00  0.000000E+00  0.000000E+00  0.000000E+00  0.000000E+00
  0.282722E+01  0.460873E+00 -0.574771E-02  0.000000E+00  0.000000E+00  0.000000E+00  0.000000E+00
  0.253514E+01 -0.272841E+00 -0.182658E-01  0.000000E+00  0.000000E+00  0.000000E+00  0.000000E+00
  0.201692E+01 -0.214701E+00 -0.150032E-01  0.000000E+00  0.000000E+00  0.000000E+00  0.000000E+00
  0.197035E+01  0.146390E-01 -0.208022E+00  0.000000E+00  0.000000E+00  0.000000E+00  0.000000E+00
  0.229226E+01  0.129624E-01  0.289119E+00  0.000000E+00  0.000000E+00  0.000000E+00  0.000000E+00
  0.178729E+01 -0.208555E+00  0.318709E-02  0.000000E+00  0.000000E+00  0.000000E+00  0.000000E+00
  0.237082E+01  0.133042E-01 -0.303104E+00  0.000000E+00  0.000000E+00  0.000000E+00  0.000000E+00
  0.169564E+01 -0.176928E+00 -0.811846E-02  0.000000E+00  0.000000E+00  0.000000E+00  0.000000E+00
  0.224577E+01  0.285088E-02 -0.324218E+00  0.000000E+00  0.000000E+00  0.000000E+00  0.000000E+00
  0.208023E+01  0.256718E+00 -0.107646E-01  0.000000E+00  0.000000E+00  0.000000E+00  0.000000E+00
  0.272776E+01  0.152355E-01 -0.355495E+00  0.000000E+00  0.000000E+00  0.000000E+00  0.000000E+00
  0.261119E+01 -0.361627E+00  0.126152E-01  0.000000E+00  0.000000E+00  0.000000E+00  0.000000E+00
  0.251489E+01  0.119950E-01  0.346110E+00  0.000000E+00  0.000000E+00  0.000000E+00  0.000000E+00
  0.193147E+01  0.519449E-02  0.241388E+00  0.000000E+00  0.000000E+00  0.000000E+00  0.000000E+00
  0.281890E+01 -0.129454E-01  0.403322E+00  0.000000E+00  0.000000E+00  0.000000E+00  0.000000E+00
  0.247527E+01  0.164369E-01  0.289675E+00  0.000000E+00  0.000000E+00  0.000000E+00  0.000000E+00
  0.231113E+01  0.175030E-01  0.244837E+00  0.000000E+00  0.000000E+00  0.000000E+00  0.000000E+00
  0.168546E+01  0.854680E-02 -0.173374E+00  0.000000E+00  0.000000E+00  0.000000E+00  0.000000E+00
  0.199888E+01  0.215168E+00  0.144682E-01  0.000000E+00  0.000000E+00  0.000000E+00  0.000000E+00
  0.237942E+01  0.162852E-01  0.273282E+00  0.000000E+00  0.000000E+00  0.000000E+00  0.000000E+00
  0.249308E+01  0.323550E+00 -0.138758E-01  0.000000E+00  0.000000E+00  0.000000E+00  0.000000E+00
  0.170263E+01  0.100071E-01  0.173048E+00  0.000000E+00  0.000000E+00  0.000000E+00  0.000000E+00
  0.196621E+01  0.136636E-01  0.214022E+00  0.000000E+00  0.000000E+00  0.000000E+00  0.000000E+00
  0.188143E+01 -0.194097E+00  0.139775E-01  0.000000E+00  0.000000E+00  0.000000E+00  0.000000E+00
  0.272427E+01 -0.890663E-02 -0.418131E+00  0.000000E+00  0.000000E+00  0.000000E+00  0.000000E+00
  0.259762E+01  0.272407E+00 -0.188750E-01  0.000000E+00  0.000000E+00  0.000000E+00  0.000000E+00
  0.206925E+01  0.311131E-02 -0.279467E+00  0.000000E+00  0.000000E+00  0.000000E+00  0.000000E+00
  0.183746E+01  0.219868E+00 -0.415672E-02  0.000000E+00  0.000000E+00  0.000000E+00  0.000000E+00
  0.263516E+01 -0.598042E-02  0.412595E+00  0.000000E+00  0.000000E+00  0.000000E+00  0.000000E+00
  0.196631E+01  0.253331E+00  0.331984E-02  0.000000E+00  0.000000E+00  0.000000E+00  0.000000E+00
  0.257969E+01  0.407772E+00  0.307354E-02  0.000000E+00  0.000000E+00  0.000000E+00  0.000000E+00
  0.197354E+01  0.156128E-01 -0.201052E+00  0.000000E+00  0.000000E+00  0.000000E+00  0.000000E+00
  0.240569E+01 -0.363115E+00  0.355127E-02  0.000000E+00  0.000000E+00  0.000000E+00  0.000000E+00
  0.280338E+01 -0.182185E-01  0.320155E+00  0.000000E+00  0.000000E+00  0.000000E+00  0.000000E+00
  0.178270E+01  0.772916E-02  0.198865E+00  0.000000E+00  0.000000E+00  0.000000E+00  0.000000E+00
  0.219698E+01 -0.172894E-01  0.226799E+00  0.000000E+00  0.000000E+00  0.000000E+00  0.000000E+00
  0.271290E+01  0.155055E-01 -0.348769E+00  0.000000E+00  0.000000E+00  0.000000E+00  0.000000E+00
  0.181763E+01 -0.201325E+00 -0.957767E-02  0.000000E+00  0.000000E+00  0.000000E+00  0.000000E+00
  0.257338E+01  0.923574E-02 -0.380337E+00  0.000000E+00  0.000000E+00  0.000000E+00  0.000000E+00
  0.262170E+01  0.269341E+00  0.192308E-01  0.000000E+00  0.000000E+00  0.000000E+00  0.000000E+00
  0.273053E+01 -0.157286E-01  0.349063E+00  0.000000E+00  0.000000E+00  0.000000E+00  0.000000E+00
  0.177160E+01 -0.111032E-01 -0.184835E+00  0.000000E+00  0.000000E+00  0.000000E+00  0.000000E+00
  0.172674E+01  0.184215E+00  0.817808E-02  0.000000E+00  0.000000E+00  0.000000E+00  0.000000E+00
  0.254445E+01 -0.187701E-01 -0.265510E+00  0.000000E+00  0.000000E+00  0.000000E+00  0.000000E+00
  0.228356E+01  0.335200E+00 -0.163132E-02  0.000000E+00  0.000000E+00  0.000000E+00  0.000000E+00
  0.226529E+01  0.313914E+00 -0.799002E-02  0.000000E+00  0.000000E+00  0.000000E+00  0.000000E+00
  0.221201E+01  0.152069E-01  0.252247E+00  0.000000E+00  0.000000E+00  0.000000E+00  0.000000E+00
  0.245562E+01 -0.408574E-02 -0.374374E+00  0.000000E+00  0.000000E+00  0.000000E+00  0.000000E+00
  0.191671E+01  0.197476E-02 -0.242277E+00  0.000000E+00  0.000000E+00  0.000000E+00  0.000000E+00
  0.236717E+01 -0.345189E+00  0.639883E-02  0.000000E+00  0.000000E+00  0.000000E+00  0.000000E+00
  0.261301E+01  0.330092E+00 -0.154175E-01  0.000000E+00  0.000000E+00  0.000000E+00  0.000000E+00
  0.226718E+01 -0.536548E-02  0.324038E+00  0.000000E+00  0.000000E+00  0.000000E+00  0.000000E+00
  0.225784E+01 -0.323929E+00 -0.453898E-02  0.000000E+00  0.000000E+00  0.000000E+00  0.000000E+00
  0.191161E+01  0.948665E-02 -0.223665E+00  0.000000E+00  0.000000E+00  0.000000E+00  0.000000E+00
  0.276783E+01 -0.339873E-02  0.454265E+00  0.000000E+00  0.000000E+00  0.000000E+00  0.000000E+00
  0.234573E+01  0.341834E+00  0.586741E-02  0.000000E+00  0.000000E+00  0.000000E+00  0.000000E+00
  0.279278E+01  0.192860E-01 -0.295777E+00  0.000000E+00  0.000000E+00  0.000000E+00  0.000000E+00
  0.283500E+01  0.203524E-01 -0.276154E+00  0.000000E+00  0.000000E+00  0.000000E+00  0.000000E+00
  0.163684E+01  0.221291E-02  0.171504E+00  0.000000E+00  0.000000E+00  0.000000E+00  0.000000E+00
  0.259308E+01 -0.339059E+00  0.143651E-01  0.000000E+00  0.000000E+00  0.000000E+00  0.000000E+00
  0.265603E+01  0.306443E+00  0.175469E-01  0.000000E+00  0.000000E+00  0.000000E+00  0.000000E+00
  0.224109E+01 -0.883648E-02 -0.304174E+00  0.000000E+00  0.000000E+00  0.000000E+00  0.000000E+00
  0.224368E+01  0.241234E+00 -0.168043E-01  0.000000E+00  0.000000E+00  0.000000E+00  0.000000E+00
  0.180786E+01 -0.998360E-02 -0.197551E+00  0.000000E+00  0.000000E+00  0.000000E+00  0.000000E+00
  0.207980E+01 -0.159144E-01  0.219278E+00  0.000000E+00  0.000000E+00  0.000000E+00  0.000000E+00
  0.207464E+01  0.238185E+00  0.135035E-01  0.000000E+00  0.000000E+00  0.000000E+00  0.000000E+00
  0.281663E+01  0.402219E+00 -0.129989E-01  0.000000E+00  0.000000E+00  0.000000E+00  0.000000E+00
  0.166162E+01  0.174988E+00 -0.490283E-02  0.000000E+00  0.000000E+00  0.000000E+00  0.000000E+00
  0.218687E+01  0.161653E-01 -0.237569E+00  0.000000E+00  0.000000E+00  0.000000E+00  0.000000E+00
  0.241860E+01  0.339891E+00 -0.989327E-02  0.000000E+00  0.000000E+00  0.000000E+00  0.000000E+00
  0.264525E+01 -0.201295E-02 -0.426099E+00  0.000000E+00  0.000000E+00  0.000000E+00  0.000000E+00
  0.273410E+01 -0.173628E-01 -0.323754E+00  0.000000E+00  0.000000E+00  0.000000E+00  0.000000E+00
  0.180967E+01 -0.969357E-02  0.199043E+00  0.000000E+00  0.000000E+00  0.000000E+00  0.000000E+00
  0.280308E+01  0.136704E-01  0.391371E+00  0.000000E+00  0.000000E+00  0.000000E+00  0.000000E+00
  0.225842E+01 -0.328097E+00 -0.234436E-02  0.000000E+00  0.000000E+00  0.000000E+00  0.000000E+00
  0.277369E+01 -0.301597E+00 -0.188768E-01  0.000000E+00  0.000000E+00  0.000000E+00  0.000000E+00
  0.212490E+01  0.284722E+00  0.676210E-02  0.000000E+00  0.000000E+00  0.000000E+00  0.000000E+00
  0.276334E+01  0.276635E+00 -0.199091E-01  0.000000E+00  0.000000E+00  0.000000E+00  0.000000E+00
  0.186417E+01  0.229007E+00  0.198770E-02  0.000000E+00  0.000000E+00  0.000000E+00  0.000000E+00
  0.211406E+01 -0.232676E+00 -0.151944E-01  0.000000E+00  0.000000E+00  0.000000E+00  0.000000E+00
  0.230016E+01 -0.241750E+00 -0.175853E-01  0.000000E+00  0.000000E+00  0.000000E+00  0.000000E+00
  0.184453E+01 -0.207721E+00  0.954886E-02  0.000000E+00  0.000000E+00  0.000000E+00  0.000000E+00
  0.220162E+01 -0.283189E+00  0.109730E-01  0.000000E+00  0.000000E+00  0.000000E+00  0.000000E+00
  0.275411E+01 -0.887191E-02  0.425431E+00  0.000000E+00  0.000000E+00  0.000000E+00  0.000000E+00
  0.239841E+01  0.141315E-01 -0.301087E+00  0.000000E+00  0.000000E+00  0.000000E+00  0.000000E+00
  0.255999E+01 -0.269278E+00 -0.187064E-01  0.000000E+00  0.000000E+00  0.000000E+00  0.000000E+00
  0.193749E+01  0.228460E+00 -0.979169E-02  0.000000E+00  0.000000E+00  0.000000E+00  0.000000E+00
  0.225356E+01 -0.264272E+00  0.148345E-01  0.000000E+00  0.000000E+00  0.000000E+00  0.000000E+00
  0.262253E+01 -0.328687E+00 -0.156641E-01  0.000000E+00  0.000000E+00  0.000000E+00  0.000000E+00
  0.162726E+01  0.169520E+00 -0.131832E-02  0.000000E+00  0.000000E+00  0.000000E+00  0.000000E+00
  0.200428E+01 -0.146246E-01 -0.215096E+00  0.000000E+00  0.000000E+00  0.000000E+00  0.000000E+00
  0.241993E+01 -0.422837E-02 -0.365104E+00  0.000000E+00  0.000000E+00  0.000000E+00  0.000000E+00
  0.258845E+01  0.178621E-01  0.289031E+00  0.000000E+00  0.000000E+00  0.000000E+00  0.000000E+00
  0.166734E+01 -0.410582E-02 -0.177461E+00  0.000000E+00  0.000000E+00  0.000000E+00  0.000000E+00
  0.202873E+01 -0.202586E+00 -0.166360E-01  0.000000E+00  0.000000E+00  0.000000E+00  0.000000E+00
  0.184790E+01  0.139703E-01 -0.187101E+00  0.000000E+00  0.000000E+00  0.000000E+00  0.000000E+00
  0.267624E+01 -0.348852E+00 -0.149551E-01  0.000000E+00  0.000000E+00  0.000000E+00  0.000000E+00
  0.254992E+01  0.193665E-01  0.255070E+00  0.000000E+00  0.000000E+00  0.000000E+00  0.000000E+00
  0.173386E+01 -0.251330E-02 -0.195748E+00  0.000000E+00  0.000000E+00  0.000000E+00  0.000000E+00
  0.241628E+01 -0.343111E+00 -0.928100E-02  0.000000E+00  0.000000E+00  0.000000E+00  0.000000E+00
  0.173960E+01  0.113911E-01 -0.176428E+00  0.000000E+00  0.000000E+00  0.000000E+00  0.000000E+00
  0.186063E+01 -0.348114E-04  0.228838E+00  0.000000E+00  0.000000E+00  0.000000E+00  0.000000E+00
  0.219664E+01 -0.311904E+00  0.282064E-02  0.000000E+00  0.000000E+00  0.000000E+00  0.000000E+00
  0.221171E+01 -0.890816E-02  0.296870E+00  0.000000E+00  0.000000E+00  0.000000E+00  0.000000E+00
  0.257340E+01  0.150214E-01 -0.327174E+00  0.000000E+00  0.000000E+00  0.000000E+00  0.000000E+00
  0.269861E+01 -0.284765E+00  0.190892E-01  0.000000E+00  0.000000E+00  0.000000E+00  0.000000E+00
  0.260049E+01  0.413723E+00  0.269896E-02  0.000000E+00  0.000000E+00  0.000000E+00  0.000000E+00
  0.214282E+01  0.219539E+00  0.170566E-01  0.000000E+00  0.000000E+00  0.000000E+00  0.000000E+00
  0.242206E+01  0.113971E-01 -0.330188E+00  0.000000E+00  0.000000E+00  0.000000E+00  0.000000E+00
  0.282777E+01  0.201435E-01  0.280556E+00  0.000000E+00  0.000000E+00  0.000000E+00  0.000000E+00
  0.249254E+01  0.384154E+00  0.386362E-02  0.000000E+00  0.000000E+00  0.000000E+00  0.000000E+00
  0.229281E+01 -0.318464E+00  0.842629E-02  0.000000E+00  0.000000E+00  0.000000E+00  0.000000E+00
  0.250901E+01  0.334703E+00 -0.131017E-01  0.000000E+00  0.000000E+00  0.000000E+00  0.000000E+00
  0.207257E+01  0.134667E-01 -0.238009E+00  0.000000E+00  0.000000E+00  0.000000E+00  0.000000E+00
  0.262296E+01  0.191835E-01 -0.270504E+00  0.000000E+00  0.000000E+00  0.000000E+00  0.000000E+00
  0.200039E+01  0.891725E-02  0.246843E+00  0.000000E+00  0.000000E+00  0.000000E+00  0.000000E+00
  0.173508E+01 -0.493100E-03  0.197014E+00  0.000000E+00  0.000000E+00  0.000000E+00  0.000000E+00
  0.235258E+01 -0.314812E+00 -0.113582E-01  0.000000E+00  0.000000E+00  0.000000E+00  0.000000E+00
  0.202453E+01  0.249327E+00 -0.966245E-02  0.000000E+00  0.000000E+00  0.000000E+00  0.000000E+00
  0.220122E+01 -0.168974E-01 -0.232204E+00  0.000000E+00  0.000000E+00  0.000000E+00  0.000000E+00
  0.269899E+01 -0.241054E-02  0.439038E+00  0.000000E+00  0.000000E+00  0.000000E+00  0.000000E+00
  0.173498E+01 -0.108179E-01  0.177625E+00  0.000000E+00  0.000000E+00  0.000000E+00  0.000000E+00
  0.245006E+01 -0.353364E+00 -0.888880E-02  0.000000E+00  0.000000E+00  0.000000E+00  0.000000E+00
  0.270626E+01  0.471615E-02 -0.434981E+00  0.000000E+00  0.000000E+00  0.000000E+00  0.000000E+00
  0.235623E+01 -0.251850E+00  0.175847E-01  0.000000E+00  0.000000E+00  0.000000E+00  0.000000E+00
  0.202136E+01  0.545785E-03 -0.269468E+00  0.000000E+00  0.000000E+00  0.000000E+00  0.000000E+00
  0.203990E+01 -0.274225E+00 -0.346958E-04  0.000000E+00  0.000000E+00  0.000000E+00  0.000000E+00
  0.191883E+01 -0.806671E-02  0.230545E+00  0.000000E+00  0.000000E+00  0.000000E+00  0.000000E+00
  0.216810E+01 -0.138950E-01  0.254952E+00  0.000000E+00  0.000000E+00  0.000000E+00  0.000000E+00
  0.205658E+01  0.211802E+00 -0.162292E-01  0.000000E+00  0.000000E+00  0.000000E+00  0.000000E+00
  0.209439E+01 -0.280500E+00 -0.567657E-02  0.000000E+00  0.000000E+00  0.000000E+00  0.000000E+00
  0.242505E+01  0.186057E-01  0.248293E+00  0.000000E+00  0.000000E+00  0.000000E+00  0.000000E+00
  0.223355E+01  0.178779E-01  0.225957E+00  0.000000E+00  0.000000E+00  0.000000E+00  0.000000E+00
  0.243530E+01  0.157157E-01  0.291121E+00  0.000000E+00  0.000000E+00  0.000000E+00  0.000000E+00
  0.206296E+01  0.464871E-02  0.275180E+00  0.000000E+00  0.000000E+00  0.000000E+00  0.000000E+00
  0.201524E+01  0.419570E-02  0.264182E+00  0.000000E+00  0.000000E+00  0.000000E+00  0.000000E+00
  0.217913E+01 -0.248475E+00  0.149031E-01  0.000000E+00  0.000000E+00  0.000000E+00  0.000000E+00
  0.230173E+01 -0.305914E+00 -0.109804E-01  0.000000E+00  0.000000E+00  0.000000E+00  0.000000E+00
  0.241127E+01 -0.326499E+00  0.115621E-01  0.000000E+00  0.000000E+00  0.000000E+00  0.000000E+00
  0.198837E+01 -0.240893E+00 -0.966004E-02  0.000000E+00  0.000000E+00  0.000000E+00  0.000000E+00
  0.204093E+01 -0.441489E-02 -0.270174E+00  0.000000E+00  0.000000E+00  0.000000E+00  0.000000E+00
  0.174334E+01  0.281358E-02  0.197879E+00  0.000000E+00  0.000000E+00  0.000000E+00  0.000000E+00
  0.261673E+01  0.395281E+00 -0.849136E-02  0.000000E+00  0.000000E+00  0.000000E+00  0.000000E+00
  0.238043E+01 -0.128976E-01 -0.308770E+00  0.000000E+00  0.000000E+00  0.000000E+00  0.000000E+00
  0.259720E+01 -0.305799E+00  0.169165E-01  0.000000E+00  0.000000E+00  0.000000E+00  0.000000E+00
  0.278433E+01  0.161893E-01 -0.352579E+00  0.000000E+00  0.000000E+00  0.000000E+00  0.000000E+00
  0.256247E+01  0.255111E+00  0.194647E-01  0.000000E+00  0.000000E+00  0.000000E+00  0.000000E+00
  0.270843E+01 -0.440475E+00 -0.290710E-02  0.000000E+00  0.000000E+00  0.000000E+00  0.000000E+00
  0.248206E+01 -0.289746E+00 -0.165273E-01  0.000000E+00  0.000000E+00  0.000000E+00  0.000000E+00
  0.183095E+01  0.192848E+00  0.122672E-01  0.000000E+00  0.000000E+00  0.000000E+00  0.000000E+00
  0.233602E+01  0.107787E-01 -0.315074E+00  0.000000E+00  0.000000E+00  0.000000E+00  0.000000E+00
  0.257582E+01  0.137688E-01  0.342138E+00  0.000000E+00  0.000000E+00  0.000000E+00  0.000000E+00
  0.202458E+01 -0.269027E+00 -0.246789E-02  0.000000E+00  0.000000E+00  0.000000E+00  0.000000E+00
  0.234941E+01  0.352486E+00 -0.603029E-03  0.000000E+00  0.000000E+00  0.000000E+00  0.000000E+00
  0.236023E+01  0.144516E-01 -0.289943E+00  0.000000E+00  0.000000E+00  0.000000E+00  0.000000E+00
  0.274570E+01  0.283040E+00  0.195171E-01  0.000000E+00  0.000000E+00  0.000000E+00  0.000000E+00
  0.228554E+01 -0.335775E+00  0.154361E-02  0.000000E+00  0.000000E+00  0.000000E+00  0.000000E+00
  0.235177E+01 -0.769474E-02 -0.336038E+00  0.000000E+00  0.000000E+00  0.000000E+00  0.000000E+00
  0.282705E+01 -0.198061E-01 -0.288941E+00  0.000000E+00  0.000000E+00  0.000000E+00  0.000000E+00
  0.229384E+01  0.280426E+00 -0.140036E-01  0.000000E+00  0.000000E+00  0.000000E+00  0.000000E+00
  0.198805E+01  0.255493E+00 -0.515252E-02  0.000000E+00  0.000000E+00  0.000000E+00  0.000000E+00
  0.215816E+01 -0.295449E+00  0.594230E-02  0.000000E+00  0.000000E+00  0.000000E+00  0.000000E+00
  0.243238E+01  0.170127E-01 -0.273748E+00  0.000000E+00  0.000000E+00  0.000000E+00  0.000000E+00
  0.210763E+01  0.186095E-02  0.290565E+00  0.000000E+00  0.000000E+00  0.000000E+00  0.000000E+00
  0.211444E+01  0.260523E+00 -0.114545E-01  0.000000E+00  0.000000E+00  0.000000E+00  0.000000E+00
  0.187979E+01 -0.232047E+00  0.295952E-02  0.000000E+00  0.000000E+00  0.000000E+00  0.000000E+00
  0.255083E+01 -0.260614E+00  0.190887E-01  0.000000E+00  0.000000E+00  0.000000E+00  0.000000E+00
  0.244916E+01 -0.136826E-01 -0.316229E+00  0.000000E+00  0.000000E+00  0.000000E+00  0.000000E+00
  0.186144E+01  0.702522E-03 -0.228954E+00  0.000000E+00  0.000000E+00  0.000000E+00  0.000000E+00
  0.169011E+01  0.447856E-02  0.182664E+00  0.000000E+00  0.000000E+00  0.000000E+00  0.000000E+00
  0.199308E+01 -0.249307E+00  0.779106E-02  0.000000E+00  0.000000E+00  0.000000E+00  0.000000E+00
  0.234957E+01  0.338661E+00 -0.696637E-02  0.000000E+00  0.000000E+00  0.000000E+00  0.000000E+00
  0.237612E+01 -0.358407E+00  0.181008E-02  0.000000E+00  0.000000E+00  0.000000E+00  0.000000E+00
  0.166343E+01 -0.177359E+00 -0.328782E-02  0.000000E+00  0.000000E+00  0.000000E+00  0.000000E+00
  0.190609E+01 -0.230460E+00  0.709704E-02  0.000000E+00  0.000000E+00  0.000000E+00  0.000000E+00
  0.232044E+01  0.317522E+00  0.981695E-02  0.000000E+00  0.000000E+00  0.000000E+00  0.000000E+00
  0.177380E+01  0.909354E-02  0.192687E+00  0.000000E+00  0.000000E+00  0.000000E+00  0.000000E+00
  0.190888E+01 -0.110332E-01 -0.216309E+00  0.000000E+00  0.000000E+00  0.000000E+00  0.000000E+00
  0.242495E+01  0.314585E+00 -0.133172E-01  0.000000E+00  0.000000E+00  0.000000E+00  0.000000E+00
  0.218974E+01  0.224239E+00 -0.173922E-01  0.000000E+00  0.000000E+00  0.000000E+00  0.000000E+00
  0.243360E+01 -0.338244E+00  0.106548E-01  0.000000E+00  0.000000E+00  0.000000E+00  0.000000E+00
  0.261350E+01 -0.180297E-01 -0.290569E+00  0.000000E+00  0.000000E+00  0.000000E+00  0.000000E+00
  0.204109E+01  0.203693E+00 -0.167606E-01  0.000000E+00  0.000000E+00  0.000000E+00  0.000000E+00
  0.270253E+01  0.187807E-01  0.291732E+00  0.000000E+00  0.000000E+00  0.000000E+00  0.000000E+00
  0.215563E+01  0.303503E+00 -0.307349E-03  0.000000E+00  0.000000E+00  0.000000E+00  0.000000E+00
  0.274912E+01  0.108499E-01  0.408820E+00  0.000000E+00  0.000000E+00  0.000000E+00  0.000000E+00
  0.219048E+01  0.156691E-01 -0.243385E+00  0.000000E+00  0.000000E+00  0.000000E+00  0.000000E+00
  0.225153E+01 -0.283461E+00 -0.125564E-01  0.000000E+00  0.000000E+00  0.000000E+00  0.000000E+00
  0.232760E+01 -0.153639E-01  0.273790E+00  0.000000E+00  0.000000E+00  0.000000E+00  0.000000E+00
  0.233829E+01 -0.343612E+00  0.467149E-02  0.000000E+00  0.000000E+00  0.000000E+00  0.000000E+00
  0.230554E+01 -0.241153E+00  0.177003E-01  0.000000E+00  0.000000E+00  0.000000E+00  0.000000E+00
  0.222316E+01 -0.154025E-01  0.252545E+00  0.000000E+00  0.000000E+00  0.000000E+00  0.000000E+00
  0.199871E+01  0.203787E+00  0.158750E-01  0.000000E+00  0.000000E+00  0.000000E+00  0.000000E+00
  0.264005E+01 -0.144950E-01  0.347226E+00  0.000000E+00  0.000000E+00  0.000000E+00  0.000000E+00
  0.177611E+01  0.889009E-02 -0.193882E+00  0.000000E+00  0.000000E+00  0.000000E+00  0.000000E+00
  0.221422E+01 -0.276480E+00 -0.123943E-01  0.000000E+00  0.000000E+00  0.000000E+00  0.000000E+00
  0.232240E+01 -0.182877E-01 -0.235744E+00  0.000000E+00  0.000000E+00  0.000000E+00  0.000000E+00
  0.212479E+01 -0.275888E+00 -0.900082E-02  0.000000E+00  0.000000E+00  0.000000E+00  0.000000E+00
  0.220700E+01 -0.304998E+00  0.668708E-02  0.000000E+00  0.000000E+00  0.000000E+00  0.000000E+00
  0.215534E+01  0.219468E+00  0.172650E-01  0.000000E+00  0.000000E+00  0.000000E+00  0.000000E+00
  0.241648E+01 -0.164002E-01  0.278933E+00  0.000000E+00  0.000000E+00  0.000000E+00  0.000000E+00
  0.218053E+01 -0.274402E+00 -0.116089E-01  0.000000E+00  0.000000E+00  0.000000E+00  0.000000E+00
  0.263040E+01  0.130931E-01 -0.360968E+00  0.000000E+00  0.000000E+00  0.000000E+00  0.000000E+00
  0.230499E+01  0.296969E+00 -0.123260E-01  0.000000E+00  0.000000E+00  0.000000E+00  0.000000E+00
  0.229676E+01  0.326633E+00  0.675613E-02  0.000000E+00  0.000000E+00  0.000000E+00  0.000000E+00
  0.214827E+01 -0.211293E-02 -0.300583E+00  0.000000E+00  0.000000E+00  0.000000E+00  0.000000E+00
  0.211412E+01  0.161184E-01  0.223984E+00  0.000000E+00  0.000000E+00  0.000000E+00  0.000000E+00
  0.182640E+01  0.991942E-02 -0.202100E+00  0.000000E+00  0.000000E+00  0.000000E+00  0.000000E+00
  0.228790E+01  0.288539E+00 -0.129176E-01  0.000000E+00  0.000000E+00  0.000000E+00  0.000000E+00
  0.272093E+01 -0.370294E+00  0.139792E-01  0.000000E+00  0.000000E+00  0.000000E+00  0.000000E+00
  0.221080E+01 -0.317222E+00  0.103435E-02  0.000000E+00  0.000000E+00  0.000000E+00  0.000000E+00
  0.195480E+01 -0.252191E+00 -0.155755E-02  0.000000E+00  0.000000E+00  0.000000E+00  0.000000E+00
  0.243360E+01 -0.125995E-01 -0.322944E+00  0.000000E+00  0.000000E+00  0.000000E+00  0.000000E+00
  0.205881E+01  0.470960E-02  0.274018E+00  0.000000E+00  0.000000E+00  0.000000E+00  0.000000E+00
  0.179402E+01  0.167081E-02 -0.211501E+00  0.000000E+00  0.000000E+00  0.000000E+00  0.000000E+00
  0.224862E+01  0.396321E-02  0.322934E+00  0.000000E+00  0.000000E+00  0.000000E+00  0.000000E+00
  0.176032E+01  0.183340E+00 -0.108361E-01  0.000000E+00  0.000000E+00  0.000000E+00  0.000000E+00
  0.255314E+01 -0.658464E-02  0.389895E+00  0.000000E+00  0.000000E+00  0.000000E+00  0.000000E+00
  0.187214E+01  0.231208E+00 -0.171117E-02  0.000000E+00  0.000000E+00  0.000000E+00  0.000000E+00
  0.201761E+01 -0.970381E-02 -0.247525E+00  0.000000E+00  0.000000E+00  0.000000E+00  0.000000E+00
  0.268564E+01 -0.531557E-02  0.427704E+00  0.000000E+00  0.000000E+00  0.000000E+00  0.000000E+00
  0.274707E+01  0.447672E+00 -0.391553E-02  0.000000E+00  0.000000E+00  0.000000E+00  0.000000E+00
  0.227432E+01  0.231552E+00 -0.179958E-01  0.000000E+00  0.000000E+00  0.000000E+00  0.000000E+00
  0.238107E+01 -0.162752E-01 -0.273722E+00  0.000000E+00  0.000000E+00  0.000000E+00  0.000000E+00
  0.176321E+01 -0.703571E-03 -0.204094E+00  0.000000E+00  0.000000E+00  0.000000E+00  0.000000E+00
  0.175480E+01  0.202041E+00 -0.157269E-03  0.000000E+00  0.000000E+00  0.000000E+00  0.000000E+00
  0.242182E+01 -0.369464E+00 -0.221339E-02  0.000000E+00  0.000000E+00  0.000000E+00  0.000000E+00
  0.239094E+01  0.824197E-03  0.362904E+00  0.000000E+00  0.000000E+00  0.000000E+00  0.000000E+00
  0.211875E+01 -0.111188E-01  0.263492E+00  0.000000E+00  0.000000E+00  0.000000E+00  0.000000E+00
  0.199013E+01  0.226965E+00  0.124353E-01  0.000000E+00  0.000000E+00  0.000000E+00  0.000000E+00
  0.206538E+01 -0.103244E-01 -0.255625E+00  0.000000E+00  0.000000E+00  0.000000E+00  0.000000E+00
  0.282669E+01  0.353162E+00  0.166494E-01  0.000000E+00  0.000000E+00  0.000000E+00  0.000000E+00
  0.234192E+01 -0.159088E-01 -0.270523E+00  0.000000E+00  0.000000E+00  0.000000E+00  0.000000E+00
  0.263850E+01 -0.345657E+00  0.145976E-01  0.000000E+00  0.000000E+00  0.000000E+00  0.000000E+00
  0.226303E+01  0.133918E-01  0.279268E+00  0.000000E+00  0.000000E+00  0.000000E+00  0.000000E+00
  0.258307E+01  0.375665E+00 -0.102341E-01  0.000000E+00  0.000000E+00  0.000000E+00  0.000000E+00
  0.169603E+01  0.182512E+00 -0.554106E-02  0.000000E+00  0.000000E+00  0.000000E+00  0.000000E+00
  0.268950E+01  0.352685E+00 -0.148674E-01  0.000000E+00  0.000000E+00  0.000000E+00  0.000000E+00
  0.245353E+01  0.349534E+00  0.965712E-02  0.000000E+00  0.000000E+00  0.000000E+00  0.000000E+00
  0.256082E+01  0.136134E-01  0.340620E+00  0.000000E+00  0.000000E+00  0.000000E+00  0.000000E+00
  0.229285E+01  0.135106E-01  0.284616E+00  0.000000E+00  0.000000E+00  0.000000E+00  0.000000E+00
  0.208056E+01  0.284284E+00 -0.101846E-02  0.000000E+00  0.000000E+00  0.000000E+00  0.000000E+00
  0.179157E+01 -0.194134E+00 -0.988434E-02  0.000000E+00  0.000000E+00  0.000000E+00  0.000000E+00
  0.224772E+01  0.100492E-01  0.299274E+00  0.000000E+00  0.000000E+00  0.000000E+00  0.000000E+00
  0.179629E+01  0.466659E-02 -0.208814E+00  0.000000E+00  0.000000E+00  0.000000E+00  0.000000E+00
  0.192625E+01  0.240888E+00  0.479925E-02  0.000000E+00  0.000000E+00  0.000000E+00  0.000000E+00
  0.204998E+01  0.167786E-01 -0.205183E+00  0.000000E+00  0.000000E+00  0.000000E+00  0.000000E+00
  0.163361E+01  0.404937E-02 -0.169099E+00  0.000000E+00  0.000000E+00  0.000000E+00  0.000000E+00
  0.252617E+01  0.307231E+00  0.158535E-01  0.000000E+00  0.000000E+00  0.000000E+00  0.000000E+00
  0.257747E+01 -0.185924E-01 -0.274311E+00  0.000000E+00  0.000000E+00  0.000000E+00  0.000000E+00
  0.219853E+01 -0.260474E+00 -0.139992E-01  0.000000E+00  0.000000E+00  0.000000E+00  0.000000E+00
  0.232379E+01  0.242947E+00  0.178055E-01  0.000000E+00  0.000000E+00  0.000000E+00  0.000000E+00
  0.231761E+01 -0.241631E+00  0.178211E-01  0.000000E+00  0.000000E+00  0.000000E+00  0.000000E+00
  0.270574E+01  0.284643E+00  0.191503E-01  0.000000E+00  0.000000E+00  0.000000E+00  0.000000E+00
  0.164086E+01 -0.477058E-02  0.170016E+00  0.000000E+00  0.000000E+00  0.000000E+00  0.000000E+00
  0.256707E+01 -0.189202E-01 -0.266483E+00  0.000000E+00  0.000000E+00  0.000000E+00  0.000000E+00
  0.257949E+01 -0.263915E+00  0.191596E-01  0.000000E+00  0.000000E+00  0.000000E+00  0.000000E+00
  0.226384E+01 -0.112873E-01 -0.295275E+00  0.000000E+00  0.000000E+00  0.000000E+00  0.000000E+00
  0.233408E+01  0.625931E-02  0.337599E+00  0.000000E+00  0.000000E+00  0.000000E+00  0.000000E+00
  0.241602E+01  0.254277E+00 -0.181367E-01  0.000000E+00  0.000000E+00  0.000000E+00  0.000000E+00
  0.193494E+01  0.126722E-01 -0.213480E+00  0.000000E+00  0.000000E+00  0.000000E+00  0.000000E+00
  0.213281E+01  0.558694E-02  0.290219E+00  0.000000E+00  0.000000E+00  0.000000E+00  0.000000E+00
  0.253622E+01  0.189628E-01  0.260587E+00  0.000000E+00  0.000000E+00  0.000000E+00  0.000000E+00
  0.186153E+01 -0.213265E-02  0.228232E+00  0.000000E+00  0.000000E+00  0.000000E+00  0.000000E+00
  0.241619E+01  0.338262E+00  0.100595E-01  0.000000E+00  0.000000E+00  0.000000E+00  0.000000E+00
  0.277151E+01 -0.407124E+00  0.115872E-01  0.000000E+00  0.000000E+00  0.000000E+00  0.000000E+00
  0.260483E+01  0.342162E+00 -0.143080E-01  0.000000E+00  0.000000E+00  0.000000E+00  0.000000E+00
  0.189702E+01  0.228116E+00  0.714730E-02  0.000000E+00  0.000000E+00  0.000000E+00  0.000000E+00
  0.248487E+01  0.192401E-01  0.247033E+00  0.000000E+00  0.000000E+00  0.000000E+00  0.000000E+00
  0.265171E+01  0.418003E+00  0.565436E-02  0.000000E+00  0.000000E+00  0.000000E+00  0.000000E+00
  0.211129E+01 -0.284521E-02  0.290401E+00  0.000000E+00  0.000000E+00  0.000000E+00  0.000000E+00
  0.200610E+01 -0.220644E+00  0.139247E-01  0.000000E+00  0.000000E+00  0.000000E+00  0.000000E+00
  0.261243E+01 -0.408676E+00  0.556077E-02  0.000000E+00  0.000000E+00  0.000000E+00  0.000000E+00
  0.239085E+01  0.349199E+00  0.684646E-02  0.000000E+00  0.000000E+00  0.000000E+00  0.000000E+00
  0.234767E+01  0.258633E+00  0.169666E-01  0.000000E+00  0.000000E+00  0.000000E+00  0.000000E+00
  0.165325E+01  0.484534E-02  0.172991E+00  0.000000E+00  0.000000E+00  0.000000E+00  0.000000E+00
  0.183538E+01 -0.186561E+00 -0.136156E-01  0.000000E+00  0.000000E+00  0.000000E+00  0.000000E+00
  0.256985E+01 -0.389876E+00  0.744351E-02  0.000000E+00  0.000000E+00  0.000000E+00  0.000000E+00
  0.234870E+01  0.939583E-02  0.326572E+00  0.000000E+00  0.000000E+00  0.000000E+00  0.000000E+00
  0.201794E+01  0.247638E+00  0.969598E-02  0.000000E+00  0.000000E+00  0.000000E+00  0.000000E+00
  0.208904E+01 -0.151283E-01 -0.228223E+00  0.000000E+00  0.000000E+00  0.000000E+00  0.000000E+00
  0.282800E+01  0.467902E+00 -0.391801E-02  0.000000E+00  0.000000E+00  0.000000E+00  0.000000E+00
  0.232504E+01 -0.281484E+00 -0.145720E-01  0.000000E+00  0.000000E+00  0.000000E+00  0.000000E+00
  0.197549E+01 -0.255668E+00  0.329576E-02  0.000000E+00  0.000000E+00  0.000000E+00  0.000000E+00
  0.278570E+01 -0.446524E+00  0.661836E-02  0.000000E+00  0.000000E+00  0.000000E+00  0.000000E+00
  0.198129E+01  0.204398E+00 -0.153919E-01  0.000000E+00  0.000000E+00  0.000000E+00  0.000000E+00
  0.186788E+01 -0.822073E-02  0.217846E+00  0.000000E+00  0.000000E+00  0.000000E+00  0.000000E+00
  0.225170E+01 -0.151794E-01  0.260499E+00  0.000000E+00  0.000000E+00  0.000000E+00  0.000000E+00
  0.279492E+01 -0.441598E+00 -0.788960E-02  0.000000E+00  0.000000E+00  0.000000E+00  0.000000E+00
  0.181476E+01 -0.198778E+00  0.100818E-01  0.000000E+00  0.000000E+00  0.000000E+00  0.000000E+00
  0.252054E+01  0.370094E+00  0.888037E-02  0.000000E+00  0.000000E+00  0.000000E+00  0.000000E+00
  0.253606E+01 -0.939068E-02 -0.370563E+00  0.000000E+00  0.000000E+00  0.000000E+00  0.000000E+00
  0.224440E+01  0.180324E-01  0.225797E+00  0.000000E+00  0.000000E+00  0.000000E+00  0.000000E+00
  0.218342E+01 -0.222411E+00  0.174485E-01  0.000000E+00  0.000000E+00  0.000000E+00  0.000000E+00
  0.234933E+01 -0.115452E-01 -0.312720E+00  0.000000E+00  0.000000E+00  0.000000E+00  0.000000E+00
  0.174881E+01 -0.187361E+00 -0.891002E-02  0.000000E+00  0.000000E+00  0.000000E+00  0.000000E+00
  0.220255E+01  0.309463E+00  0.483038E-02  0.000000E+00  0.000000E+00  0.000000E+00  0.000000E+00
  0.206824E+01 -0.169418E-01  0.206933E+00  0.000000E+00  0.000000E+00  0.000000E+00  0.000000E+00
  0.240463E+01 -0.414014E-02 -0.361507E+00  0.000000E+00  0.000000E+00  0.000000E+00  0.000000E+00
  0.168957E+01  0.124984E-02 -0.185298E+00  0.000000E+00  0.000000E+00  0.000000E+00  0.000000E+00
  0.175231E+01  0.179507E+00 -0.113389E-01  0.000000E+00  0.000000E+00  0.000000E+00  0.000000E+00
  0.269987E+01  0.441298E+00  0.224543E-03  0.000000E+00  0.000000E+00  0.000000E+00  0.000000E+00
  0.268701E+01 -0.194251E-01  0.275757E+00  0.000000E+00  0.000000E+00  0.000000E+00  0.000000E+00
  0.202518E+01 -0.118788E-02  0.270194E+00  0.000000E+00  0.000000E+00  0.000000E+00  0.000000E+00
  0.230438E+01 -0.353098E-02 -0.337765E+00  0.000000E+00  0.000000E+00  0.000000E+00  0.000000E+00
  0.239472E+01  0.108991E-01  0.327640E+00  0.000000E+00  0.000000E+00  0.000000E+00  0.000000E+00
  0.201093E+01  0.841874E-02 -0.251303E+00  0.000000E+00  0.000000E+00  0.000000E+00  0.000000E+00
  0.168530E+01  0.180150E+00  0.536658E-02  0.000000E+00  0.000000E+00  0.000000E+00  0.000000E+00
  0.200022E+01 -0.250725E+00 -0.787683E-02  0.000000E+00  0.000000E+00  0.000000E+00  0.000000E+00
  0.234881E+01  0.160544E-01 -0.270161E+00  0.000000E+00  0.000000E+00  0.000000E+00  0.000000E+00
  0.264451E+01 -0.367701E+00  0.127352E-01  0.000000E+00  0.000000E+00  0.000000E+00  0.000000E+00
  0.231847E+01 -0.313749E+00  0.103616E-01  0.000000E+00  0.000000E+00  0.000000E+00  0.000000E+00
  0.247240E+01 -0.338570E+00 -0.117661E-01  0.000000E+00  0.000000E+00  0.000000E+00  0.000000E+00
  0.281962E+01  0.314826E+00 -0.186147E-01  0.000000E+00  0.000000E+00  0.000000E+00  0.000000E+00
  0.256886E+01  0.407218E+00 -0.168628E-02  0.000000E+00  0.000000E+00  0.000000E+00  0.000000E+00
  0.232774E+01 -0.163520E-01 -0.262556E+00  0.000000E+00  0.000000E+00  0.000000E+00  0.000000E+00
  0.249102E+01 -0.372618E+00 -0.706255E-02  0.000000E+00  0.000000E+00  0.000000E+00  0.000000E+00
  0.223837E+01  0.231093E+00 -0.175493E-01  0.000000E+00  0.000000E+00  0.000000E+00  0.000000E+00
  0.160773E+01  0.164455E+00 -0.164393E-02  0.000000E+00  0.000000E+00  0.000000E+00  0.000000E+00
  0.227463E+01  0.286743E+00  0.127826E-01  0.000000E+00  0.000000E+00  0.000000E+00  0.000000E+00
  0.252703E+01 -0.178672E-01 -0.278068E+00  0.000000E+00  0.000000E+00  0.000000E+00  0.000000E+00
  0.225238E+01  0.306856E+00  0.883469E-02  0.000000E+00  0.000000E+00  0.000000E+00  0.000000E+00
  0.279816E+01  0.401597E+00 -0.126972E-01  0.000000E+00  0.000000E+00  0.000000E+00  0.000000E+00
  0.195192E+01 -0.624130E-02  0.243973E+00  0.000000E+00  0.000000E+00  0.000000E+00  0.000000E+00
  0.183635E+01 -0.218031E+00 -0.508722E-02  0.000000E+00  0.000000E+00  0.000000E+00  0.000000E+00
  0.224291E+01  0.252153E+00  0.158184E-01  0.000000E+00  0.000000E+00  0.000000E+00  0.000000E+00
  0.221832E+01 -0.317187E-02  0.316816E+00  0.000000E+00  0.000000E+00  0.000000E+00  0.000000E+00
  0.225859E+01  0.311350E+00  0.820204E-02  0.000000E+00  0.000000E+00  0.000000E+00  0.000000E+00
  0.266547E+01  0.132607E-01  0.366734E+00  0.000000E+00  0.000000E+00  0.000000E+00  0.000000E+00
  0.250401E+01 -0.259246E+00 -0.187420E-01  0.000000E+00  0.000000E+00  0.000000E+00  0.000000E+00
  0.254550E+01  0.293524E+00  0.170932E-01  0.000000E+00  0.000000E+00  0.000000E+00  0.000000E+00
  0.233379E+01 -0.231563E+00 -0.186888E-01  0.000000E+00  0.000000E+00  0.000000E+00  0.000000E+00
  0.234409E+01  0.285835E+00  0.145290E-01  0.000000E+00  0.000000E+00  0.000000E+00  0.000000E+00
  0.219869E+01 -0.116004E-01 -0.278529E+00  0.000000E+00  0.000000E+00  0.000000E+00  0.000000E+00
  0.243245E+01 -0.302179E+00  0.147018E-01  0.000000E+00  0.000000E+00  0.000000E+00  0.000000E+00
  0.199459E+01 -0.262169E+00  0.166930E-02  0.000000E+00  0.000000E+00  0.000000E+00  0.000000E+00
  0.219663E+01 -0.177564E-01  0.220973E+00  0.000000E+00  0.000000E+00  0.000000E+00  0.000000E+00
  0.196833E+01  0.150260E-01 -0.204685E+00  0.000000E+00  0.000000E+00  0.000000E+00  0.000000E+00
  0.259695E+01 -0.413103E+00  0.254353E-02  0.000000E+00  0.000000E+00  0.000000E+00  0.000000E+00
  0.242760E+01 -0.187823E-01  0.245762E+00  0.000000E+00  0.000000E+00  0.000000E+00  0.000000E+00
  0.263291E+01  0.202565E-02 -0.422968E+00  0.000000E+00  0.000000E+00  0.000000E+00  0.000000E+00
  0.165103E+01  0.168283E+00 -0.722092E-02  0.000000E+00  0.000000E+00  0.000000E+00  0.000000E+00
  0.168553E+01  0.178595E+00  0.627813E-02  0.000000E+00  0.000000E+00  0.000000E+00  0.000000E+00
  0.254709E+01  0.155344E-01  0.315469E+00  0.000000E+00  0.000000E+00  0.000000E+00  0.000000E+00
  0.223683E+01 -0.759627E-02  0.308762E+00  0.000000E+00  0.000000E+00  0.000000E+00  0.000000E+00
  0.198882E+01 -0.249515E+00  0.742152E-02  0.000000E+00  0.000000E+00  0.000000E+00  0.000000E+00
  0.261234E+01  0.158378E-01  0.324314E+00  0.000000E+00  0.000000E+00  0.000000E+00  0.000000E+00
  0.202545E+01 -0.130996E-01 -0.230449E+00  0.000000E+00  0.000000E+00  0.000000E+00  0.000000E+00
  0.201010E+01  0.242559E+00 -0.103899E-01  0.000000E+00  0.000000E+00  0.000000E+00  0.000000E+00
  0.196184E+01  0.644503E-02 -0.245861E+00  0.000000E+00  0.000000E+00  0.000000E+00  0.000000E+00
  0.284082E+01 -0.340663E-01  0.220024E-01  0.000000E+00  0.000000E+00  0.000000E+00  0.000000E+00
  0.284082E+01 -0.796860E-01  0.610776E-02  0.000000E+00  0.000000E+00  0.000000E+00  0.000000E+00
  0.284082E+01  0.399161E-01 -0.345633E-01  0.000000E+00  0.000000E+00  0.000000E+00  0.000000E+00
  0.284082E+01 -0.744479E-01  0.610671E-01  0.000000E+00  0.000000E+00  0.000000E+00  0.000000E+00
  0.284082E+01  0.195885E+00 -0.960096E-01  0.000000E+00  0.000000E+00  0.000000E+00  0.000000E+00
  0.284082E+01  0.534167E-01  0.121484E+00  0.000000E+00  0.000000E+00  0.000000E+00  0.000000E+00
  0.284082E+01  0.440232E-02 -0.818496E-01  0.000000E+00  0.000000E+00  0.000000E+00  0.000000E+00
  0.284082E+01  0.243773E-01  0.117733E-01  0.000000E+00  0.000000E+00  0.000000E+00  0.000000E+00
  0.284082E+01 -0.129420E+00  0.136862E+00  0.000000E+00  0.000000E+00  0.000000E+00  0.000000E+00
  0.284082E+01  0.431750E-02  0.150233E-01  0.000000E+00  0.000000E+00  0.000000E+00  0.000000E+00
  0.284082E+01 -0.157920E+00 -0.953583E-01  0.000000E+00  0.000000E+00  0.000000E+00  0.000000E+00
  0.284082E+01  0.222103E+00 -0.112175E+00  0.000000E+00  0.000000E+00  0.000000E+00  0.000000E+00
  0.284082E+01 -0.910579E-01  0.656406E-01  0.000000E+00  0.000000E+00  0.000000E+00  0.000000E+00
  0.284082E+01  0.135065E-01  0.226562E-02  0.000000E+00  0.000000E+00  0.000000E+00  0.000000E+00
  0.284082E+01 -0.766221E-01  0.920335E-01  0.000000E+00  0.000000E+00  0.000000E+00  0.000000E+00
  0.284082E+01 -0.453398E-01  0.115556E+00  0.000000E+00  0.000000E+00  0.000000E+00  0.000000E+00
  0.284082E+01 -0.222550E-02 -0.854355E-02  0.000000E+00  0.000000E+00  0.000000E+00  0.000000E+00
  0.284082E+01 -0.574967E-02 -0.261509E-01  0.000000E+00  0.000000E+00  0.000000E+00  0.000000E+00
  0.284082E+01  0.192954E+00 -0.100120E+00  0.000000E+00  0.000000E+00  0.000000E+00  0.000000E+00
  0.284082E+01  0.617790E-01  0.206476E+00  0.000000E+00  0.000000E+00  0.000000E+00  0.000000E+00
  0.284082E+01 -0.112437E+00  0.470156E-01  0.000000E+00  0.000000E+00  0.000000E+00  0.000000E+00
  0.284082E+01 -0.350631E-01  0.202806E-01  0.000000E+00  0.000000E+00  0.000000E+00  0.000000E+00
  0.284082E+01  0.240190E-01  0.402299E-02  0.000000E+00  0.000000E+00  0.000000E+00  0.000000E+00
  0.284082E+01  0.142121E+00 -0.104111E+00  0.000000E+00  0.000000E+00  0.000000E+00  0.000000E+00
  0.284082E+01 -0.407196E-01  0.165953E-01  0.000000E+00  0.000000E+00  0.000000E+00  0.000000E+00
  0.284082E+01  0.965642E-01 -0.215133E+00  0.000000E+00  0.000000E+00  0.000000E+00  0.000000E+00
  0.284082E+01 -0.522372E-01  0.452477E-01  0.000000E+00  0.000000E+00  0.000000E+00  0.000000E+00
  0.284082E+01 -0.368091E-01  0.462123E-01  0.000000E+00  0.000000E+00  0.000000E+00  0.000000E+00
  0.284082E+01  0.357058E-01 -0.687995E-01  0.000000E+00  0.000000E+00  0.000000E+00  0.000000E+00
  0.284082E+01 -0.108799E+00 -0.134868E+00  0.000000E+00  0.000000E+00  0.000000E+00  0.000000E+00
  0.284082E+01 -0.785327E-01 -0.905535E-01  0.000000E+00  0.000000E+00  0.000000E+00  0.000000E+00
  0.284082E+01  0.356111E-01  0.527241E-01  0.000000E+00  0.000000E+00  0.000000E+00  0.000000E+00
  0.284082E+01 -0.565283E-01 -0.557713E-02  0.000000E+00  0.000000E+00  0.000000E+00  0.000000E+00
  0.284082E+01  0.341897E-01 -0.521472E-02  0.000000E+00  0.000000E+00  0.000000E+00  0.000000E+00
  0.284082E+01  0.213427E-02 -0.121662E-02  0.000000E+00  0.000000E+00  0.000000E+00  0.000000E+00
  0.284082E+01 -0.661971E-01 -0.815050E-01  0.000000E+00  0.000000E+00  0.000000E+00  0.000000E+00
  0.284082E+01  0.246996E-01  0.948741E-01  0.000000E+00  0.000000E+00  0.000000E+00  0.000000E+00
  0.284082E+01 -0.147373E-02 -0.155488E+00  0.000000E+00  0.000000E+00  0.000000E+00  0.000000E+00
  0.284082E+01 -0.898528E-01 -0.483284E-01  0.000000E+00  0.000000E+00  0.000000E+00  0.000000E+00
  0.284082E+01  0.327378E-01  0.401006E-01  0.000000E+00  0.000000E+00  0.000000E+00  0.000000E+00
  0.284082E+01 -0.308927E-01 -0.212537E-01  0.000000E+00  0.000000E+00  0.000000E+00  0.000000E+00
  0.284082E+01 -0.201496E-01  0.136366E+00  0.000000E+00  0.000000E+00  0.000000E+00  0.000000E+00
  0.284082E+01  0.103135E-01  0.863756E-02  0.000000E+00  0.000000E+00  0.000000E+00  0.000000E+00
  0.284082E+01  0.127999E+00  0.125951E+00  0.000000E+00  0.000000E+00  0.000000E+00  0.000000E+00
  0.284082E+01 -0.321494E-01  0.110720E+00  0.000000E+00  0.000000E+00  0.000000E+00  0.000000E+00
  0.284082E+01 -0.150313E+00 -0.334264E-01  0.000000E+00  0.000000E+00  0.000000E+00  0.000000E+00
  0.284082E+01 -0.384006E-01  0.664838E-01  0.000000E+00  0.000000E+00  0.000000E+00  0.000000E+00
  0.284082E+01 -0.813809E-01 -0.361631E-02  0.000000E+00  0.000000E+00  0.000000E+00  0.000000E+00
  0.284082E+01  0.579838E-01 -0.276387E-01  0.000000E+00  0.000000E+00  0.000000E+00  0.000000E+00
  0.284082E+01  0.398178E-01 -0.102870E+00  0.000000E+00  0.000000E+00  0.000000E+00  0.000000E+00
  0.284082E+01 -0.568029E-02  0.834974E-02  0.000000E+00  0.000000E+00  0.000000E+00  0.000000E+00
  0.284082E+01  0.582616E-01 -0.741494E-01  0.000000E+00  0.000000E+00  0.000000E+00  0.000000E+00
  0.284082E+01  0.137842E+00 -0.121701E+00  0.000000E+00  0.000000E+00  0.000000E+00  0.000000E+00
  0.284082E+01 -0.391883E-01  0.141160E-01  0.000000E+00  0.000000E+00  0.000000E+00  0.000000E+00
  0.284082E+01 -0.437826E-01  0.966750E-01  0.000000E+00  0.000000E+00  0.000000E+00  0.000000E+00
  0.284082E+01  0.912327E-01  0.227599E+00  0.000000E+00  0.000000E+00  0.000000E+00  0.000000E+00
  0.284082E+01  0.157177E+00 -0.141992E+00  0.000000E+00  0.000000E+00  0.000000E+00  0.000000E+00
  0.284082E+01  0.791693E-01  0.245824E-01  0.000000E+00  0.000000E+00  0.000000E+00  0.000000E+00
  0.284082E+01 -0.219195E+00 -0.110424E+00  0.000000E+00  0.000000E+00  0.000000E+00  0.000000E+00
  0.284082E+01 -0.936521E-01  0.456407E-01  0.000000E+00  0.000000E+00  0.000000E+00  0.000000E+00
  0.284082E+01 -0.374161E-01 -0.209118E+00  0.000000E+00  0.000000E+00  0.000000E+00  0.000000E+00
  0.284082E+01  0.188102E-01 -0.192812E+00  0.000000E+00  0.000000E+00  0.000000E+00  0.000000E+00
  0.284082E+01  0.241877E-01  0.343554E-01  0.000000E+00  0.000000E+00  0.000000E+00  0.000000E+00
  0.284082E+01  0.118958E+00  0.319212E-01  0.000000E+00  0.000000E+00  0.000000E+00  0.000000E+00
  0.284082E+01  0.329515E-01  0.197334E+00  0.000000E+00  0.000000E+00  0.000000E+00  0.000000E+00
  0.284082E+01  0.443489E-01 -0.810430E-02  0.000000E+00  0.000000E+00  0.000000E+00  0.000000E+00
  0.284082E+01  0.809922E-01 -0.314690E-01  0.000000E+00  0.000000E+00  0.000000E+00  0.000000E+00
  0.284082E+01 -0.207776E-01  0.539960E-01  0.000000E+00  0.000000E+00  0.000000E+00  0.000000E+00
  0.284082E+01  0.134714E-01  0.124233E+00  0.000000E+00  0.000000E+00  0.000000E+00  0.000000E+00
  0.284082E+01  0.126174E+00 -0.245906E-01  0.000000E+00  0.000000E+00  0.000000E+00  0.000000E+00
  0.284082E+01  0.100896E+00 -0.118325E+00  0.000000E+00  0.000000E+00  0.000000E+00  0.000000E+00
  0.284082E+01  0.124978E+00  0.171960E+00  0.000000E+00  0.000000E+00  0.000000E+00  0.000000E+00
  0.284082E+01  0.409509E-01  0.254803E-01  0.000000E+00  0.000000E+00  0.000000E+00  0.000000E+00
  0.284082E+01  0.262314E-01 -0.308160E-01  0.000000E+00  0.000000E+00  0.000000E+00  0.000000E+00
  0.284082E+01  0.222739E+00 -0.322990E-02  0.000000E+00  0.000000E+00  0.000000E+00  0.000000E+00
  0.284082E+01  0.104434E+00  0.943339E-01  0.000000E+00  0.000000E+00  0.000000E+00  0.000000E+00
  0.284082E+01  0.993143E-02 -0.447255E-01  0.000000E+00  0.000000E+00  0.000000E+00  0.000000E+00
  0.284082E+01  0.176306E+00 -0.499232E-01  0.000000E+00  0.000000E+00  0.000000E+00  0.000000E+00
  0.284082E+01  0.100888E+00 -0.993870E-01  0.000000E+00  0.000000E+00  0.000000E+00  0.000000E+00
  0.284082E+01 -0.693121E-01 -0.217896E+00  0.000000E+00  0.000000E+00  0.000000E+00  0.000000E+00
  0.284082E+01 -0.178576E+00  0.598984E-01  0.000000E+00  0.000000E+00  0.000000E+00  0.000000E+00
  0.284082E+01  0.172327E+00  0.569196E-01  0.000000E+00  0.000000E+00  0.000000E+00  0.000000E+00
  0.284082E+01 -0.625440E-01  0.215048E+00  0.000000E+00  0.000000E+00  0.000000E+00  0.000000E+00
  0.284082E+01  0.991497E-01  0.537484E-01  0.000000E+00  0.000000E+00  0.000000E+00  0.000000E+00
  0.284082E+01 -0.263915E-01 -0.658852E-01  0.000000E+00  0.000000E+00  0.000000E+00  0.000000E+00
  0.284082E+01  0.621131E-01 -0.713639E-01  0.000000E+00  0.000000E+00  0.000000E+00  0.000000E+00
  0.284082E+01 -0.574363E-01  0.127615E+00  0.000000E+00  0.000000E+00  0.000000E+00  0.000000E+00
  0.284082E+01 -0.137358E+00 -0.201609E+00  0.000000E+00  0.000000E+00  0.000000E+00  0.000000E+00
  0.284082E+01  0.126367E+00 -0.134458E+00  0.000000E+00  0.000000E+00  0.000000E+00  0.000000E+00
  0.284082E+01  0.138172E+00  0.995042E-01  0.000000E+00  0.000000E+00  0.000000E+00  0.000000E+00
  0.284082E+01  0.139728E-01 -0.172580E-01  0.000000E+00  0.000000E+00  0.000000E+00  0.000000E+00
  0.284082E+01  0.198110E-01  0.128865E+00  0.000000E+00  0.000000E+00  0.000000E+00  0.000000E+00
  0.284082E+01  0.137186E-01  0.257893E-01  0.000000E+00  0.000000E+00  0.000000E+00  0.000000E+00
  0.284082E+01 -0.561324E-01 -0.640994E-01  0.000000E+00  0.000000E+00  0.000000E+00  0.000000E+00
  0.284082E+01  0.191239E-01 -0.161121E+00  0.000000E+00  0.000000E+00  0.000000E+00  0.000000E+00
  0.284082E+01  0.410700E-01  0.167440E+00  0.000000E+00  0.000000E+00  0.000000E+00  0.000000E+00
  0.284082E+01 -0.129386E-01  0.157957E-01  0.000000E+00  0.000000E+00  0.000000E+00  0.000000E+00
  0.284082E+01 -0.237598E-01  0.760578E-01  0.000000E+00  0.000000E+00  0.000000E+00  0.000000E+00
  0.284082E+01 -0.155847E+00 -0.119931E+00  0.000000E+00  0.000000E+00  0.000000E+00  0.000000E+00
  0.284082E+01  0.141155E+00 -0.171689E+00  0.000000E+00  0.000000E+00  0.000000E+00  0.000000E+00
