# iTrial                   Local step values                                      Cumulative average
# iTrial            ivisible       CD           CLy           CLz           ivisible       CD           CLy           CLz
          10         12716    1.19975577   -0.00492510    0.45872128        127024    1.20419225   -0.00122819    0.46339726
          20         12711    1.19992880   -0.00146516    0.46182167        254189    1.20393043   -0.00086132    0.46460567
          30         12750    1.21584531   -0.00107195    0.47041943        381145    1.20554727   -0.00078076    0.46474291
          40         12692    1.18677882    0.00106933    0.46015279        508175    1.20506474   -0.00057487    0.46467434
          50         12713    1.21148756   -0.00438278    0.46467363        635097    1.20501639   -0.00070352    0.46470760
          60         12723    1.21407582    0.00194474    0.46326420        762027    1.20509293   -0.00049579    0.46494714
          70         12684    1.19162866    0.00292975    0.46372312        889025    1.20505230   -0.00012634    0.46502060
          80         12752    1.22040988    0.00066186    0.47086395       1016038    1.20524020    0.00014017    0.46500069
          90         12718    1.20627650   -0.00311078    0.46217429       1142890    1.20523428    0.00006094    0.46491919
         100         12708    1.20165809   -0.00242715    0.47131149       1270085    1.20515869    0.00001324    0.46497586
         110         12720    1.19895482   -0.00219073    0.46823617       1397162    1.20510640    0.00001444    0.46512681
         120         12759    1.20084707    0.00212500    0.46497779       1524251    1.20510517    0.00005067    0.46511121
         130         12687    1.21353685   -0.00205364    0.46518297       1651186    1.20504800    0.00010017    0.46509283
         140         12719    1.21405567    0.00135289    0.46731684       1778042    1.20500016    0.00011036    0.46518647
         150         12660    1.20962998   -0.00386916    0.46251350       1905008    1.20511384    0.00015540    0.46511337
         160         12706    1.19960297   -0.00350024    0.46995668       2032007    1.20501162    0.00013981    0.46511617
         170         12756    1.19729018    0.00380729    0.46282938       2158966    1.20514157    0.00014075    0.46508379
         180         12659    1.21128458   -0.00166481    0.46325211       2285806    1.20521231    0.00014738    0.46510424
         190         12691    1.19583455    0.00053063    0.46113420       2412856    1.20514842    0.00013612    0.46506769
         200         12652    1.20649092    0.00414018    0.46405987       2539961    1.20522185    0.00009024    0.46514508
         210         12726    1.21341929   -0.00342619    0.46779678       2666945    1.20526809    0.00004268    0.46518369
         220         12709    1.20293045    0.00026990    0.46703496       2793995    1.20510333    0.00004092    0.46518471
         230         12718    1.21124557    0.00517002    0.46404243       2920991    1.20527274    0.00011405    0.46515928
         240         12692    1.21509627   -0.00527500    0.47289734       3047905    1.20526723    0.00003204    0.46524942
         250         12704    1.20027432    0.00074158    0.46301110       3174914    1.20520409    0.00006312    0.46519088
         260         12732    1.20329604   -0.00431780    0.46007215       3301763    1.20520884    0.00006879    0.46518671
         270         12787    1.21488553   -0.00040404    0.46448617       3428719    1.20518029    0.00004740    0.46522883
         280         12606    1.19207722   -0.00117185    0.46384153       3555803    1.20517691    0.00008482    0.46516936
         290         12733    1.21278027    0.00532120    0.46920663       3682848    1.20517827    0.00009035    0.46517048
         300         12640    1.19224394   -0.00012151    0.46653597       3809805    1.20517091    0.00014876    0.46514418
         310         12709    1.21286894   -0.00103544    0.47139549       3936742    1.20511260    0.00019252    0.46518496
         320         12681    1.19717500    0.00379358    0.46709859       4063793    1.20499277    0.00018110    0.46518822
         330         12734    1.20544888    0.00145857    0.46048196       4190850    1.20505770    0.00017909    0.46519797
         340         12680    1.19165611    0.00270366    0.46421801       4317886    1.20503900    0.00014588    0.46523355
         350         12705    1.20340815   -0.00701885    0.46583564       4444909    1.20503976    0.00011594    0.46523398
         360         12713    1.20377304    0.00222578    0.46737969       4571939    1.20505523    0.00015997    0.46527849
         370         12688    1.21465852    0.00081043    0.47201369       4698959    1.20510877    0.00016247    0.46532239
         380         12698    1.20546835    0.00295119    0.45948663       4825955    1.20509440    0.00013004    0.46529367
         390         12724    1.22517498   -0.00151276    0.46758762       4953052    1.20506587    0.00012081    0.46527777
         400         12698    1.19719177   -0.00257043    0.46373053       5079939    1.20497865    0.00011668    0.46526677
         410         12700    1.20305136   -0.00071773    0.46692559       5207091    1.20501532    0.00013722    0.46527655
         420         12754    1.19739325   -0.00668251    0.46419539       5334064    1.20492735    0.00012024    0.46525402
         430         12684    1.20763673   -0.00439845    0.46270930       5461050    1.20483044    0.00007966    0.46524728
         440         12684    1.21045183   -0.00357658    0.46351597       5587950    1.20488149    0.00006951    0.46524468
         450         12692    1.19262049    0.00111509    0.46592908       5715069    1.20483311    0.00005727    0.46522858
         460         12666    1.20106051    0.00448869    0.46578573       5841827    1.20487605    0.00006957    0.46528290
         470         12706    1.19815779    0.00317808    0.45904432       5968633    1.20492085    0.00010008    0.46530703
         480         12670    1.20067831   -0.00473734    0.46440225       6095527    1.20489092    0.00010728    0.46532443
         490         12693    1.19715885    0.00145139    0.46502044       6222498    1.20492366    0.00008900    0.46532937
         500         12669    1.20105089    0.00142810    0.46532514       6349554    1.20488078    0.00015049    0.46535072
         510         12728    1.19882517    0.00131907    0.46783850       6476637    1.20494075    0.00015022    0.46538511
         520         12757    1.22270218   -0.00048505    0.46971525       6603784    1.20497851    0.00015562    0.46536107
         530         12729    1.22009939    0.00298338    0.47010365       6730667    1.20490456    0.00015683    0.46536620
         540         12706    1.20802995   -0.00055383    0.46386405       6857620    1.20492262    0.00013501    0.46539552
         550         12737    1.20822947   -0.00091073    0.46624044       6984716    1.20493955    0.00016547    0.46541126
         560         12692    1.20964922   -0.00371217    0.46931130       7111783    1.20492334    0.00016255    0.46542481
         570         12734    1.21203602    0.00769408    0.46600928       7238737    1.20490412    0.00016929    0.46541554
         580         12700    1.19812693    0.00221932    0.46336712       7365820    1.20479823    0.00016088    0.46540851
         590         12683    1.20759907   -0.00300454    0.46908769       7492856    1.20480386    0.00015170    0.46541241
         600         12762    1.20170414    0.00224767    0.46781635       7619942    1.20478243    0.00014430    0.46539774
         610         12719    1.21306629    0.00496420    0.46864678       7747055    1.20480898    0.00016151    0.46540396
         620         12676    1.21537282    0.00131337    0.47085035       7874048    1.20481463    0.00015519    0.46540493
         630         12725    1.21308608    0.00133011    0.47107475       8001209    1.20487381    0.00015341    0.46542975
         640         12647    1.20783231    0.00159459    0.46444300       8128074    1.20486778    0.00013878    0.46543563
         650         12723    1.20265864    0.00070503    0.46309755       8255226    1.20491644    0.00012549    0.46545398
         660         12721    1.20981873   -0.00526287    0.46235424       8382236    1.20494486    0.00013193    0.46545024
         670         12684    1.19691166   -0.00470501    0.46390005       8509153    1.20494427    0.00010887    0.46544915
         680         12697    1.21163060    0.00146061    0.46452067       8636074    1.20496581    0.00010125    0.46545080
         690         12692    1.19965040    0.00260346    0.46445003       8763168    1.20491657    0.00010206    0.46544914
         700         12658    1.19412461    0.00742823    0.46716953       8890322    1.20489947    0.00011180    0.46545304
         710         12716    1.18914408    0.00824462    0.45957371       9017276    1.20486116    0.00010101    0.46544945
         720         12733    1.20185499   -0.00018135    0.46369682       9144313    1.20487905    0.00009665    0.46545717
         730         12736    1.20964078   -0.00359384    0.46135379       9271370    1.20485351    0.00008929    0.46543548
         740         12667    1.21134435   -0.00396674    0.46629376       9398263    1.20484415    0.00008769    0.46542321
         750         12661    1.20967285    0.00650186    0.46726966       9525192    1.20486108    0.00009177    0.46543046
         760         12712    1.20415972   -0.00097317    0.46539728       9652154    1.20482291    0.00006862    0.46543274
         770         12674    1.20567757   -0.00637309    0.46537956       9779217    1.20488626    0.00004809    0.46543093
         780         12663    1.20366011   -0.00312378    0.46145988       9906291    1.20491065    0.00005512    0.46542803
         790         12711    1.20841318   -0.00224075    0.47246900      10033413    1.20493419    0.00006486    0.46543583
         800         12691    1.19515623    0.00267241    0.46631607      10160480    1.20495188    0.00007827    0.46544884
         810         12691    1.19456244   -0.00296304    0.46257578      10287585    1.20498897    0.00005931    0.46543584
         820         12758    1.21502270    0.00167438    0.46936537      10414627    1.20499251    0.00006037    0.46544171
         830         12745    1.20960019   -0.00151336    0.46635259      10541695    1.20498316    0.00006199    0.46543830
         840         12730    1.21436341    0.00093914    0.46523559      10668583    1.20498352    0.00008411    0.46544158
         850         12707    1.20667269   -0.00338865    0.46659937      10795521    1.20495014    0.00006324    0.46543397
         860         12715    1.21391073   -0.00265748    0.46444412      10922482    1.20493802    0.00006495    0.46541944
         870         12613    1.20189462   -0.00069657    0.46682679      11049431    1.20491879    0.00006493    0.46542595
         880         12695    1.20608543   -0.00241213    0.46851851      11176483    1.20489993    0.00005391    0.46542824
         890         12692    1.18802655   -0.00240372    0.46136468      11303432    1.20490335    0.00004731    0.46540659
         900         12678    1.20459089   -0.00135913    0.46952531      11430530    1.20489361    0.00006327    0.46540076
         910         12658    1.20347732   -0.00210709    0.46296172      11557495    1.20488205    0.00005114    0.46539263
         920         12716    1.21146472   -0.00147446    0.46593248      11684547    1.20491887    0.00004202    0.46541269
         930         12681    1.19769601   -0.00187282    0.46356783      11811499    1.20491460    0.00003958    0.46540390
         940         12652    1.20864738   -0.00644526    0.47347926      11938582    1.20491264    0.00001954    0.46541551
         950         12744    1.21062846   -0.00678971    0.46936822      12065658    1.20493396    0.00001764    0.46540250
         960         12741    1.19943523    0.00604772    0.46793550      12192824    1.20494702    0.00001345    0.46542073
         970         12707    1.20643232    0.00432131    0.46487870      12319864    1.20495821    0.00002225    0.46542413
         980         12662    1.20534002    0.00681709    0.46790103      12446792    1.20498032    0.00002425    0.46543059
         990         12735    1.20134124    0.00020773    0.47138868      12573934    1.20502220    0.00002605    0.46543632
        1000         12717    1.19411060    0.00598584    0.46661547      12700901    1.20500274    0.00004079    0.46544388
