  0.184811E+01  0.241538E-02  0.224614E+00  0.000000E+00  0.000000E+00  0.000000E+00  0.000000E+00
  0.236359E+01  0.242158E+00 -0.183330E-01  0.000000E+00  0.000000E+00  0.000000E+00  0.000000E+00
  0.228731E+01  0.125811E-01 -0.291100E+00  0.000000E+00  0.000000E+00  0.000000E+00  0.000000E+00
  0.171832E+01  0.105541E-01  0.174785E+00  0.000000E+00  0.000000E+00  0.000000E+00  0.000000E+00
  0.162424E+01  0.165675E+00 -0.492738E-02  0.000000E+00  0.000000E+00  0.000000E+00  0.000000E+00
  0.185905E+01  0.221973E+00 -0.590620E-02  0.000000E+00  0.000000E+00  0.000000E+00  0.000000E+00
  0.276928E+01 -0.455927E+00 -0.283580E-02  0.000000E+00  0.000000E+00  0.000000E+00  0.000000E+00
  0.259351E+01 -0.414217E+00 -0.716532E-03  0.000000E+00  0.000000E+00  0.000000E+00  0.000000E+00
  0.245454E+01  0.347092E+00 -0.100683E-01  0.000000E+00  0.000000E+00  0.000000E+00  0.000000E+00
  0.248474E+01 -0.176760E-01  0.273569E+00  0.000000E+00  0.000000E+00  0.000000E+00  0.000000E+00
  0.241877E+01  0.369154E+00  0.183109E-02  0.000000E+00  0.000000E+00  0.000000E+00  0.000000E+00
  0.268306E+01 -0.415827E+00  0.769769E-02  0.000000E+00  0.000000E+00  0.000000E+00  0.000000E+00
  0.281641E+01 -0.405656E+00 -0.126900E-01  0.000000E+00  0.000000E+00  0.000000E+00  0.000000E+00
  0.283386E+01  0.475153E+00 -0.479849E-03  0.000000E+00  0.000000E+00  0.000000E+00  0.000000E+00
  0.257249E+01  0.364730E+00  0.113197E-01  0.000000E+00  0.000000E+00  0.000000E+00  0.000000E+00
  0.243581E+01 -0.105315E-01 -0.339615E+00  0.000000E+00  0.000000E+00  0.000000E+00  0.000000E+00
  0.212611E+01 -0.230091E+00  0.157314E-01  0.000000E+00  0.000000E+00  0.000000E+00  0.000000E+00
  0.276500E+01  0.421572E+00 -0.974767E-02  0.000000E+00  0.000000E+00  0.000000E+00  0.000000E+00
  0.168975E+01 -0.676453E-02  0.178653E+00  0.000000E+00  0.000000E+00  0.000000E+00  0.000000E+00
  0.229106E+01  0.280263E+00  0.139577E-01  0.000000E+00  0.000000E+00  0.000000E+00  0.000000E+00
  0.209418E+01 -0.281295E+00 -0.535127E-02  0.000000E+00  0.000000E+00  0.000000E+00  0.000000E+00
  0.166472E+01  0.171666E+00  0.719032E-02  0.000000E+00  0.000000E+00  0.000000E+00  0.000000E+00
  0.249554E+01 -0.100137E-01  0.356967E+00  0.000000E+00  0.000000E+00  0.000000E+00  0.000000E+00
  0.269364E+01  0.382006E+00 -0.123830E-01  0.000000E+00  0.000000E+00  0.000000E+00  0.000000E+00
  0.196436E+01  0.720156E-02  0.244289E+00  0.000000E+00  0.000000E+00  0.000000E+00  0.000000E+00
  0.189571E+01 -0.114698E-01 -0.211226E+00  0.000000E+00  0.000000E+00  0.000000E+00  0.000000E+00
  0.249694E+01 -0.122677E-01 -0.339762E+00  0.000000E+00  0.000000E+00  0.000000E+00  0.000000E+00
  0.215952E+01  0.301298E+00  0.362179E-02  0.000000E+00  0.000000E+00  0.000000E+00  0.000000E+00
  0.190883E+01 -0.239223E+00  0.306656E-02  0.000000E+00  0.000000E+00  0.000000E+00  0.000000E+00
  0.267318E+01  0.565666E-02 -0.423289E+00  0.000000E+00  0.000000E+00  0.000000E+00  0.000000E+00
  0.188886E+01  0.145563E-01 -0.191858E+00  0.000000E+00  0.000000E+00  0.000000E+00  0.000000E+00
  0.276948E+01  0.178686E-01  0.320975E+00  0.000000E+00  0.000000E+00  0.000000E+00  0.000000E+00
  0.252561E+01  0.136589E-01  0.332675E+00  0.000000E+00  0.000000E+00  0.000000E+00  0.000000E+00
  0.219284E+01  0.150553E-01 -0.249838E+00  0.000000E+00  0.000000E+00  0.000000E+00  0.000000E+00
  0.239505E+01  0.184947E-01 -0.245008E+00  0.000000E+00  0.000000E+00  0.000000E+00  0.000000E+00
  0.218872E+01  0.437900E-02  0.307082E+00  0.000000E+00  0.000000E+00  0.000000E+00  0.000000E+00
  0.170829E+01 -0.102168E-01  0.173655E+00  0.000000E+00  0.000000E+00  0.000000E+00  0.000000E+00
  0.215125E+01 -0.301709E+00  0.170891E-02  0.000000E+00  0.000000E+00  0.000000E+00  0.000000E+00
  0.278000E+01  0.194972E-01  0.288925E+00  0.000000E+00  0.000000E+00  0.000000E+00  0.000000E+00
  0.219851E+01 -0.112313E-01  0.280870E+00  0.000000E+00  0.000000E+00  0.000000E+00  0.000000E+00
  0.262988E+01  0.161884E-01  0.322795E+00  0.000000E+00  0.000000E+00  0.000000E+00  0.000000E+00
  0.165258E+01 -0.173339E+00 -0.446001E-02  0.000000E+00  0.000000E+00  0.000000E+00  0.000000E+00
  0.237436E+01  0.121089E-01 -0.313995E+00  0.000000E+00  0.000000E+00  0.000000E+00  0.000000E+00
  0.231719E+01  0.313573E+00 -0.103423E-01  0.000000E+00  0.000000E+00  0.000000E+00  0.000000E+00
  0.179813E+01  0.203715E+00  0.730676E-02  0.000000E+00  0.000000E+00  0.000000E+00  0.000000E+00
  0.213759E+01  0.222096E+00 -0.167352E-01  0.000000E+00  0.000000E+00  0.000000E+00  0.000000E+00
  0.171636E+01  0.731516E-02 -0.183897E+00  0.000000E+00  0.000000E+00  0.000000E+00  0.000000E+00
  0.173396E+01  0.107508E-01 -0.177647E+00  0.000000E+00  0.000000E+00  0.000000E+00  0.000000E+00
  0.234370E+01  0.125248E-01  0.303896E+00  0.000000E+00  0.000000E+00  0.000000E+00  0.000000E+00
  0.231493E+01  0.285679E+00 -0.139140E-01  0.000000E+00  0.000000E+00  0.000000E+00  0.000000E+00
  0.173460E+01  0.191114E+00 -0.603107E-02  0.000000E+00  0.000000E+00  0.000000E+00  0.000000E+00
  0.239266E+01  0.138692E-01  0.302464E+00  0.000000E+00  0.000000E+00  0.000000E+00  0.000000E+00
  0.201722E+01  0.111913E-01  0.240080E+00  0.000000E+00  0.000000E+00  0.000000E+00  0.000000E+00
  0.249905E+01 -0.983211E-02  0.359007E+00  0.000000E+00  0.000000E+00  0.000000E+00  0.000000E+00
  0.189488E+01 -0.227242E-02 -0.236527E+00  0.000000E+00  0.000000E+00  0.000000E+00  0.000000E+00
  0.238404E+01  0.360893E+00  0.126099E-02  0.000000E+00  0.000000E+00  0.000000E+00  0.000000E+00
  0.171353E+01 -0.178633E+00  0.903955E-02  0.000000E+00  0.000000E+00  0.000000E+00  0.000000E+00
  0.272019E+01  0.377185E+00  0.133756E-01  0.000000E+00  0.000000E+00  0.000000E+00  0.000000E+00
  0.274161E+01  0.160179E-01 -0.346948E+00  0.000000E+00  0.000000E+00  0.000000E+00  0.000000E+00
  0.268506E+01 -0.195602E-01  0.272502E+00  0.000000E+00  0.000000E+00  0.000000E+00  0.000000E+00
  0.212916E+01  0.254919E-02  0.295277E+00  0.000000E+00  0.000000E+00  0.000000E+00  0.000000E+00
  0.193266E+01  0.200078E+00  0.146681E-01  0.000000E+00  0.000000E+00  0.000000E+00  0.000000E+00
  0.233904E+01  0.332629E+00 -0.777031E-02  0.000000E+00  0.000000E+00  0.000000E+00  0.000000E+00
  0.234596E+01 -0.185208E-01 -0.236242E+00  0.000000E+00  0.000000E+00  0.000000E+00  0.000000E+00
  0.212258E+01 -0.294456E+00 -0.172331E-02  0.000000E+00  0.000000E+00  0.000000E+00  0.000000E+00
  0.202022E+01  0.200806E-02  0.268373E+00  0.000000E+00  0.000000E+00  0.000000E+00  0.000000E+00
  0.252946E+01 -0.337866E+00  0.132281E-01  0.000000E+00  0.000000E+00  0.000000E+00  0.000000E+00
  0.268400E+01  0.199395E-01 -0.263783E+00  0.000000E+00  0.000000E+00  0.000000E+00  0.000000E+00
  0.222202E+01 -0.262454E+00 -0.143337E-01  0.000000E+00  0.000000E+00  0.000000E+00  0.000000E+00
  0.171843E+01  0.117299E-02 -0.192624E+00  0.000000E+00  0.000000E+00  0.000000E+00  0.000000E+00
  0.227426E+01 -0.243506E+00  0.170857E-01  0.000000E+00  0.000000E+00  0.000000E+00  0.000000E+00
  0.194291E+01  0.734201E-02 -0.238661E+00  0.000000E+00  0.000000E+00  0.000000E+00  0.000000E+00
  0.232106E+01  0.145580E-01 -0.280803E+00  0.000000E+00  0.000000E+00  0.000000E+00  0.000000E+00
  0.183223E+01  0.216843E+00  0.517717E-02  0.000000E+00  0.000000E+00  0.000000E+00  0.000000E+00
  0.172314E+01  0.193992E+00 -0.493030E-03  0.000000E+00  0.000000E+00  0.000000E+00  0.000000E+00
  0.215579E+01 -0.107452E-01  0.274098E+00  0.000000E+00  0.000000E+00  0.000000E+00  0.000000E+00
  0.202533E+01  0.124296E-01 -0.234731E+00  0.000000E+00  0.000000E+00  0.000000E+00  0.000000E+00
  0.225632E+01  0.280641E+00 -0.130491E-01  0.000000E+00  0.000000E+00  0.000000E+00  0.000000E+00
  0.192988E+01  0.169703E-02  0.245804E+00  0.000000E+00  0.000000E+00  0.000000E+00  0.000000E+00
  0.233535E+01  0.744897E-02 -0.333174E+00  0.000000E+00  0.000000E+00  0.000000E+00  0.000000E+00
  0.271029E+01  0.286451E+00  0.190998E-01  0.000000E+00  0.000000E+00  0.000000E+00  0.000000E+00
  0.273868E+01  0.279429E+00 -0.196273E-01  0.000000E+00  0.000000E+00  0.000000E+00  0.000000E+00
  0.194687E+01 -0.250501E+00 -0.925794E-03  0.000000E+00  0.000000E+00  0.000000E+00  0.000000E+00
  0.266236E+01  0.300571E+00 -0.179496E-01  0.000000E+00  0.000000E+00  0.000000E+00  0.000000E+00
  0.214496E+01 -0.149450E-01  0.241155E+00  0.000000E+00  0.000000E+00  0.000000E+00  0.000000E+00
  0.263367E+01  0.370666E+00  0.121899E-01  0.000000E+00  0.000000E+00  0.000000E+00  0.000000E+00
  0.202134E+01  0.150699E-01  0.215055E+00  0.000000E+00  0.000000E+00  0.000000E+00  0.000000E+00
  0.276001E+01  0.179664E-01 -0.317463E+00  0.000000E+00  0.000000E+00  0.000000E+00  0.000000E+00
  0.272018E+01  0.336271E+00  0.164448E-01  0.000000E+00  0.000000E+00  0.000000E+00  0.000000E+00
  0.237524E+01 -0.169189E-01 -0.264391E+00  0.000000E+00  0.000000E+00  0.000000E+00  0.000000E+00
  0.211065E+01 -0.248801E+00 -0.131027E-01  0.000000E+00  0.000000E+00  0.000000E+00  0.000000E+00
  0.204176E+01  0.230295E+00  0.136281E-01  0.000000E+00  0.000000E+00  0.000000E+00  0.000000E+00
  0.274778E+01 -0.365317E+00  0.148098E-01  0.000000E+00  0.000000E+00  0.000000E+00  0.000000E+00
  0.208999E+01  0.257364E+00  0.110496E-01  0.000000E+00  0.000000E+00  0.000000E+00  0.000000E+00
  0.212608E+01  0.170300E-01 -0.216735E+00  0.000000E+00  0.000000E+00  0.000000E+00  0.000000E+00
  0.200449E+01  0.221608E+00  0.137397E-01  0.000000E+00  0.000000E+00  0.000000E+00  0.000000E+00
  0.230987E+01  0.887991E-02  0.320239E+00  0.000000E+00  0.000000E+00  0.000000E+00  0.000000E+00
  0.233442E+01 -0.348600E+00 -0.827544E-03  0.000000E+00  0.000000E+00  0.000000E+00  0.000000E+00
  0.234925E+01  0.233753E+00  0.187146E-01  0.000000E+00  0.000000E+00  0.000000E+00  0.000000E+00
  0.273429E+01  0.258672E-02  0.447614E+00  0.000000E+00  0.000000E+00  0.000000E+00  0.000000E+00
  0.200819E+01 -0.148899E-01 -0.213834E+00  0.000000E+00  0.000000E+00  0.000000E+00  0.000000E+00
  0.236588E+01 -0.105350E-01  0.323534E+00  0.000000E+00  0.000000E+00  0.000000E+00  0.000000E+00
  0.261590E+01  0.797179E-03  0.419842E+00  0.000000E+00  0.000000E+00  0.000000E+00  0.000000E+00
  0.275400E+01 -0.363976E+00 -0.150029E-01  0.000000E+00  0.000000E+00  0.000000E+00  0.000000E+00
  0.224628E+01  0.290317E+00 -0.114357E-01  0.000000E+00  0.000000E+00  0.000000E+00  0.000000E+00
  0.174252E+01 -0.114276E-03 -0.198935E+00  0.000000E+00  0.000000E+00  0.000000E+00  0.000000E+00
  0.191756E+01  0.105006E-01 -0.220754E+00  0.000000E+00  0.000000E+00  0.000000E+00  0.000000E+00
  0.181024E+01  0.207447E+00  0.699611E-02  0.000000E+00  0.000000E+00  0.000000E+00  0.000000E+00
  0.252433E+01  0.361813E+00 -0.102737E-01  0.000000E+00  0.000000E+00  0.000000E+00  0.000000E+00
  0.256033E+01  0.178328E-01 -0.284535E+00  0.000000E+00  0.000000E+00  0.000000E+00  0.000000E+00
  0.184602E+01  0.128592E-01 -0.193073E+00  0.000000E+00  0.000000E+00  0.000000E+00  0.000000E+00
  0.239340E+01  0.432045E-03 -0.363670E+00  0.000000E+00  0.000000E+00  0.000000E+00  0.000000E+00
  0.198069E+01  0.107616E-01 -0.233989E+00  0.000000E+00  0.000000E+00  0.000000E+00  0.000000E+00
  0.241427E+01  0.173966E-01 -0.265013E+00  0.000000E+00  0.000000E+00  0.000000E+00  0.000000E+00
  0.257883E+01 -0.301952E+00  0.169444E-01  0.000000E+00  0.000000E+00  0.000000E+00  0.000000E+00
  0.225975E+01 -0.329378E+00  0.139067E-02  0.000000E+00  0.000000E+00  0.000000E+00  0.000000E+00
  0.252865E+01 -0.384739E-02 -0.393225E+00  0.000000E+00  0.000000E+00  0.000000E+00  0.000000E+00
  0.163577E+01  0.437460E-02 -0.169258E+00  0.000000E+00  0.000000E+00  0.000000E+00  0.000000E+00
  0.270701E+01  0.432601E+00 -0.541555E-02  0.000000E+00  0.000000E+00  0.000000E+00  0.000000E+00
  0.202444E+01  0.251185E+00  0.923659E-02  0.000000E+00  0.000000E+00  0.000000E+00  0.000000E+00
  0.220018E+01  0.481896E-02 -0.308901E+00  0.000000E+00  0.000000E+00  0.000000E+00  0.000000E+00
  0.200553E+01  0.260931E+00  0.463056E-02  0.000000E+00  0.000000E+00  0.000000E+00  0.000000E+00
  0.214333E+01 -0.279113E+00  0.924575E-02  0.000000E+00  0.000000E+00  0.000000E+00  0.000000E+00
  0.238689E+01  0.294567E+00 -0.145374E-01  0.000000E+00  0.000000E+00  0.000000E+00  0.000000E+00
  0.266824E+01 -0.161070E-01  0.331389E+00  0.000000E+00  0.000000E+00  0.000000E+00  0.000000E+00
  0.169403E+01  0.563775E-02  0.181852E+00  0.000000E+00  0.000000E+00  0.000000E+00  0.000000E+00
  0.244440E+01  0.246030E+00 -0.189290E-01  0.000000E+00  0.000000E+00  0.000000E+00  0.000000E+00
  0.228091E+01  0.312300E+00 -0.908993E-02  0.000000E+00  0.000000E+00  0.000000E+00  0.000000E+00
  0.196168E+01 -0.986605E-02  0.233772E+00  0.000000E+00  0.000000E+00  0.000000E+00  0.000000E+00
  0.164671E+01 -0.158838E-02 -0.174328E+00  0.000000E+00  0.000000E+00  0.000000E+00  0.000000E+00
  0.219407E+01 -0.263975E+00 -0.134605E-01  0.000000E+00  0.000000E+00  0.000000E+00  0.000000E+00
  0.253491E+01  0.188103E-02  0.398418E+00  0.000000E+00  0.000000E+00  0.000000E+00  0.000000E+00
  0.261805E+01  0.403889E+00  0.697721E-02  0.000000E+00  0.000000E+00  0.000000E+00  0.000000E+00
  0.197624E+01 -0.219683E+00  0.131239E-01  0.000000E+00  0.000000E+00  0.000000E+00  0.000000E+00
  0.180705E+01  0.201551E+00  0.878329E-02  0.000000E+00  0.000000E+00  0.000000E+00  0.000000E+00
  0.252417E+01 -0.327133E+00 -0.141516E-01  0.000000E+00  0.000000E+00  0.000000E+00  0.000000E+00
  0.181943E+01  0.876792E-02 -0.204536E+00  0.000000E+00  0.000000E+00  0.000000E+00  0.000000E+00
  0.216553E+01  0.282692E+00  0.957574E-02  0.000000E+00  0.000000E+00  0.000000E+00  0.000000E+00
  0.209318E+01 -0.227911E+00  0.152584E-01  0.000000E+00  0.000000E+00  0.000000E+00  0.000000E+00
  0.207481E+01  0.226775E+00  0.149618E-01  0.000000E+00  0.000000E+00  0.000000E+00  0.000000E+00
  0.192017E+01 -0.141502E-01 -0.201081E+00  0.000000E+00  0.000000E+00  0.000000E+00  0.000000E+00
  0.190426E+01 -0.569125E-02  0.233587E+00  0.000000E+00  0.000000E+00  0.000000E+00  0.000000E+00
  0.230630E+01 -0.259277E+00  0.162818E-01  0.000000E+00  0.000000E+00  0.000000E+00  0.000000E+00
  0.219379E+01 -0.239890E+00  0.160721E-01  0.000000E+00  0.000000E+00  0.000000E+00  0.000000E+00
  0.172770E+01  0.517071E-02 -0.190965E+00  0.000000E+00  0.000000E+00  0.000000E+00  0.000000E+00
  0.228805E+01  0.119903E-01  0.295756E+00  0.000000E+00  0.000000E+00  0.000000E+00  0.000000E+00
  0.177187E+01  0.206352E+00 -0.301767E-03  0.000000E+00  0.000000E+00  0.000000E+00  0.000000E+00
  0.214758E+01 -0.349547E-02 -0.298526E+00  0.000000E+00  0.000000E+00  0.000000E+00  0.000000E+00
  0.228893E+01 -0.174031E-01 -0.242137E+00  0.000000E+00  0.000000E+00  0.000000E+00  0.000000E+00
  0.255179E+01  0.311611E-02  0.400677E+00  0.000000E+00  0.000000E+00  0.000000E+00  0.000000E+00
  0.199825E+01  0.249122E+00 -0.819235E-02  0.000000E+00  0.000000E+00  0.000000E+00  0.000000E+00
  0.166154E+01  0.448941E-02 -0.175533E+00  0.000000E+00  0.000000E+00  0.000000E+00  0.000000E+00
  0.206428E+01 -0.851948E-02 -0.263614E+00  0.000000E+00  0.000000E+00  0.000000E+00  0.000000E+00
  0.246208E+01 -0.108973E-01  0.343002E+00  0.000000E+00  0.000000E+00  0.000000E+00  0.000000E+00
  0.174728E+01  0.199998E+00 -0.943449E-03  0.000000E+00  0.000000E+00  0.000000E+00  0.000000E+00
  0.266192E+01 -0.724714E-02 -0.413172E+00  0.000000E+00  0.000000E+00  0.000000E+00  0.000000E+00
  0.257463E+01 -0.176612E-01  0.289906E+00  0.000000E+00  0.000000E+00  0.000000E+00  0.000000E+00
  0.166676E+01  0.734126E-02  0.171832E+00  0.000000E+00  0.000000E+00  0.000000E+00  0.000000E+00
  0.275593E+01  0.462995E-02  0.447630E+00  0.000000E+00  0.000000E+00  0.000000E+00  0.000000E+00
  0.212322E+01 -0.947869E-02  0.273272E+00  0.000000E+00  0.000000E+00  0.000000E+00  0.000000E+00
  0.236438E+01  0.167157E-01 -0.265001E+00  0.000000E+00  0.000000E+00  0.000000E+00  0.000000E+00
  0.221228E+01 -0.273010E+00 -0.128046E-01  0.000000E+00  0.000000E+00  0.000000E+00  0.000000E+00
  0.170016E+01  0.505734E-02 -0.184320E+00  0.000000E+00  0.000000E+00  0.000000E+00  0.000000E+00
  0.225172E+01  0.123247E-01  0.285245E+00  0.000000E+00  0.000000E+00  0.000000E+00  0.000000E+00
  0.187990E+01  0.199714E+00 -0.129860E-01  0.000000E+00  0.000000E+00  0.000000E+00  0.000000E+00
  0.233211E+01 -0.170650E-01  0.254468E+00  0.000000E+00  0.000000E+00  0.000000E+00  0.000000E+00
  0.202611E+01 -0.602453E-02 -0.262757E+00  0.000000E+00  0.000000E+00  0.000000E+00  0.000000E+00
  0.181821E+01  0.113561E-01 -0.194300E+00  0.000000E+00  0.000000E+00  0.000000E+00  0.000000E+00
  0.247127E+01 -0.189580E-01 -0.249957E+00  0.000000E+00  0.000000E+00  0.000000E+00  0.000000E+00
  0.241477E+01 -0.182388E-01  0.252461E+00  0.000000E+00  0.000000E+00  0.000000E+00  0.000000E+00
  0.225443E+01  0.270248E+00 -0.142167E-01  0.000000E+00  0.000000E+00  0.000000E+00  0.000000E+00
  0.211116E+01 -0.250817E+00  0.128340E-01  0.000000E+00  0.000000E+00  0.000000E+00  0.000000E+00
  0.220386E+01 -0.220840E+00  0.178673E-01  0.000000E+00  0.000000E+00  0.000000E+00  0.000000E+00
  0.174539E+01 -0.891435E-02  0.186538E+00  0.000000E+00  0.000000E+00  0.000000E+00  0.000000E+00
  0.269091E+01 -0.141442E-01  0.362022E+00  0.000000E+00  0.000000E+00  0.000000E+00  0.000000E+00
  0.162314E+01  0.253644E-02 -0.167841E+00  0.000000E+00  0.000000E+00  0.000000E+00  0.000000E+00
  0.218549E+01  0.236192E+00  0.162700E-01  0.000000E+00  0.000000E+00  0.000000E+00  0.000000E+00
  0.279811E+01  0.164878E-01 -0.350431E+00  0.000000E+00  0.000000E+00  0.000000E+00  0.000000E+00
  0.202201E+01 -0.266434E+00  0.387715E-02  0.000000E+00  0.000000E+00  0.000000E+00  0.000000E+00
  0.233001E+01 -0.284894E-02 -0.345410E+00  0.000000E+00  0.000000E+00  0.000000E+00  0.000000E+00
  0.188593E+01  0.190797E+00 -0.146243E-01  0.000000E+00  0.000000E+00  0.000000E+00  0.000000E+00
  0.229652E+01 -0.106577E-01  0.306830E+00  0.000000E+00  0.000000E+00  0.000000E+00  0.000000E+00
  0.205834E+01  0.267116E+00  0.718906E-02  0.000000E+00  0.000000E+00  0.000000E+00  0.000000E+00
  0.277256E+01  0.609011E-02  0.445870E+00  0.000000E+00  0.000000E+00  0.000000E+00  0.000000E+00
  0.167013E+01  0.174039E+00  0.668217E-02  0.000000E+00  0.000000E+00  0.000000E+00  0.000000E+00
  0.234927E+01  0.297645E+00 -0.133985E-01  0.000000E+00  0.000000E+00  0.000000E+00  0.000000E+00
  0.257703E+01 -0.321754E+00  0.155078E-01  0.000000E+00  0.000000E+00  0.000000E+00  0.000000E+00
  0.201245E+01 -0.226488E+00  0.132740E-01  0.000000E+00  0.000000E+00  0.000000E+00  0.000000E+00
  0.175836E+01 -0.198179E+00 -0.538738E-02  0.000000E+00  0.000000E+00  0.000000E+00  0.000000E+00
  0.225191E+01 -0.223310E+00  0.183065E-01  0.000000E+00  0.000000E+00  0.000000E+00  0.000000E+00
  0.198922E+01 -0.245086E+00  0.869257E-02  0.000000E+00  0.000000E+00  0.000000E+00  0.000000E+00
  0.177644E+01 -0.229554E-02  0.206647E+00  0.000000E+00  0.000000E+00  0.000000E+00  0.000000E+00
  0.174492E+01 -0.189757E+00 -0.773334E-02  0.000000E+00  0.000000E+00  0.000000E+00  0.000000E+00
  0.264602E+01  0.123617E-01 -0.371739E+00  0.000000E+00  0.000000E+00  0.000000E+00  0.000000E+00
  0.220142E+01  0.101768E-01  0.287828E+00  0.000000E+00  0.000000E+00  0.000000E+00  0.000000E+00
  0.225279E+01  0.284469E+00  0.124597E-01  0.000000E+00  0.000000E+00  0.000000E+00  0.000000E+00
  0.206292E+01 -0.114072E-01 -0.249202E+00  0.000000E+00  0.000000E+00  0.000000E+00  0.000000E+00
  0.275216E+01  0.317908E-03 -0.454517E+00  0.000000E+00  0.000000E+00  0.000000E+00  0.000000E+00
  0.226978E+01 -0.289149E+00 -0.123345E-01  0.000000E+00  0.000000E+00  0.000000E+00  0.000000E+00
  0.211194E+01 -0.123017E-01  0.254608E+00  0.000000E+00  0.000000E+00  0.000000E+00  0.000000E+00
  0.209664E+01 -0.288480E+00 -0.694187E-03  0.000000E+00  0.000000E+00  0.000000E+00  0.000000E+00
  0.235498E+01  0.249489E+00 -0.177358E-01  0.000000E+00  0.000000E+00  0.000000E+00  0.000000E+00
  0.257680E+01 -0.368409E+00  0.109889E-01  0.000000E+00  0.000000E+00  0.000000E+00  0.000000E+00
  0.252806E+01  0.352383E+00  0.116020E-01  0.000000E+00  0.000000E+00  0.000000E+00  0.000000E+00
  0.182665E+01 -0.198351E+00 -0.108645E-01  0.000000E+00  0.000000E+00  0.000000E+00  0.000000E+00
  0.229892E+01  0.812114E-02  0.321377E+00  0.000000E+00  0.000000E+00  0.000000E+00  0.000000E+00
  0.160817E+01  0.164885E+00 -0.534954E-03  0.000000E+00  0.000000E+00  0.000000E+00  0.000000E+00
  0.206322E+01 -0.213544E+00  0.161805E-01  0.000000E+00  0.000000E+00  0.000000E+00  0.000000E+00
  0.276766E+01 -0.302478E+00  0.187873E-01  0.000000E+00  0.000000E+00  0.000000E+00  0.000000E+00
  0.254099E+01  0.263866E+00 -0.188282E-01  0.000000E+00  0.000000E+00  0.000000E+00  0.000000E+00
  0.228467E+01 -0.245263E+00  0.170990E-01  0.000000E+00  0.000000E+00  0.000000E+00  0.000000E+00
  0.206568E+01  0.131499E-01  0.238776E+00  0.000000E+00  0.000000E+00  0.000000E+00  0.000000E+00
  0.276047E+01 -0.404381E+00  0.116148E-01  0.000000E+00  0.000000E+00  0.000000E+00  0.000000E+00
  0.271476E+01 -0.327282E-03  0.445047E+00  0.000000E+00  0.000000E+00  0.000000E+00  0.000000E+00
  0.262202E+01  0.138279E-01 -0.351243E+00  0.000000E+00  0.000000E+00  0.000000E+00  0.000000E+00
  0.168653E+01 -0.171369E+00  0.934445E-02  0.000000E+00  0.000000E+00  0.000000E+00  0.000000E+00
  0.281079E+01  0.429117E-02 -0.462431E+00  0.000000E+00  0.000000E+00  0.000000E+00  0.000000E+00
  0.214925E+01 -0.165266E-01 -0.226533E+00  0.000000E+00  0.000000E+00  0.000000E+00  0.000000E+00
  0.168322E+01 -0.183908E+00  0.307831E-03  0.000000E+00  0.000000E+00  0.000000E+00  0.000000E+00
  0.174655E+01 -0.197681E+00  0.376089E-02  0.000000E+00  0.000000E+00  0.000000E+00  0.000000E+00
  0.188018E+01 -0.555572E-02 -0.227943E+00  0.000000E+00  0.000000E+00  0.000000E+00  0.000000E+00
  0.247378E+01 -0.358595E+00  0.895408E-02  0.000000E+00  0.000000E+00  0.000000E+00  0.000000E+00
  0.216474E+01 -0.304691E+00 -0.215951E-02  0.000000E+00  0.000000E+00  0.000000E+00  0.000000E+00
  0.232166E+01 -0.345143E+00  0.122886E-02  0.000000E+00  0.000000E+00  0.000000E+00  0.000000E+00
  0.209485E+01  0.139017E-01  0.239482E+00  0.000000E+00  0.000000E+00  0.000000E+00  0.000000E+00
  0.201233E+01 -0.256554E+00  0.700125E-02  0.000000E+00  0.000000E+00  0.000000E+00  0.000000E+00
  0.222463E+01  0.288529E+00  0.109560E-01  0.000000E+00  0.000000E+00  0.000000E+00  0.000000E+00
  0.204079E+01  0.239987E+00  0.121291E-01  0.000000E+00  0.000000E+00  0.000000E+00  0.000000E+00
  0.175606E+01  0.771356E-02  0.192492E+00  0.000000E+00  0.000000E+00  0.000000E+00  0.000000E+00
  0.279869E+01  0.176879E-02 -0.465166E+00  0.000000E+00  0.000000E+00  0.000000E+00  0.000000E+00
  0.242136E+01  0.285581E+00 -0.159460E-01  0.000000E+00  0.000000E+00  0.000000E+00  0.000000E+00
  0.211043E+01  0.270484E+00  0.943495E-02  0.000000E+00  0.000000E+00  0.000000E+00  0.000000E+00
  0.207574E+01  0.414026E-02  0.279387E+00  0.000000E+00  0.000000E+00  0.000000E+00  0.000000E+00
  0.190986E+01  0.122533E-01  0.210332E+00  0.000000E+00  0.000000E+00  0.000000E+00  0.000000E+00
  0.257537E+01  0.170628E-01  0.299508E+00  0.000000E+00  0.000000E+00  0.000000E+00  0.000000E+00
  0.194598E+01 -0.210027E+00 -0.136186E-01  0.000000E+00  0.000000E+00  0.000000E+00  0.000000E+00
  0.198092E+01 -0.245243E+00 -0.811777E-02  0.000000E+00  0.000000E+00  0.000000E+00  0.000000E+00
  0.266774E+01 -0.621678E-02 -0.419574E+00  0.000000E+00  0.000000E+00  0.000000E+00  0.000000E+00
  0.263219E+01 -0.161669E-01  0.323551E+00  0.000000E+00  0.000000E+00  0.000000E+00  0.000000E+00
  0.183690E+01 -0.221817E+00 -0.238220E-02  0.000000E+00  0.000000E+00  0.000000E+00  0.000000E+00
  0.199627E+01 -0.108413E-01 -0.237147E+00  0.000000E+00  0.000000E+00  0.000000E+00  0.000000E+00
  0.246757E+01  0.186547E-01 -0.254646E+00  0.000000E+00  0.000000E+00  0.000000E+00  0.000000E+00
  0.231361E+01  0.334700E+00  0.562994E-02  0.000000E+00  0.000000E+00  0.000000E+00  0.000000E+00
  0.251231E+01 -0.176440E-01  0.279010E+00  0.000000E+00  0.000000E+00  0.000000E+00  0.000000E+00
  0.224301E+01 -0.279118E+00  0.128783E-01  0.000000E+00  0.000000E+00  0.000000E+00  0.000000E+00
  0.254531E+01 -0.402090E+00 -0.542788E-03  0.000000E+00  0.000000E+00  0.000000E+00  0.000000E+00
  0.262711E+01 -0.380079E+00  0.109612E-01  0.000000E+00  0.000000E+00  0.000000E+00  0.000000E+00
  0.186349E+01  0.192749E+00  0.135787E-01  0.000000E+00  0.000000E+00  0.000000E+00  0.000000E+00
  0.276675E+01  0.441469E+00 -0.670301E-02  0.000000E+00  0.000000E+00  0.000000E+00  0.000000E+00
  0.221681E+01 -0.165043E-02  0.318320E+00  0.000000E+00  0.000000E+00  0.000000E+00  0.000000E+00
  0.208717E+01 -0.260353E+00 -0.103811E-01  0.000000E+00  0.000000E+00  0.000000E+00  0.000000E+00
  0.173753E+01 -0.190257E+00  0.678332E-02  0.000000E+00  0.000000E+00  0.000000E+00  0.000000E+00
  0.180411E+01 -0.213440E+00 -0.251698E-02  0.000000E+00  0.000000E+00  0.000000E+00  0.000000E+00
  0.173584E+01  0.179389E+00 -0.103942E-01  0.000000E+00  0.000000E+00  0.000000E+00  0.000000E+00
  0.246083E+01  0.876622E-02 -0.356618E+00  0.000000E+00  0.000000E+00  0.000000E+00  0.000000E+00
  0.244954E+01  0.355001E+00  0.857685E-02  0.000000E+00  0.000000E+00  0.000000E+00  0.000000E+00
  0.207741E+01  0.866217E-02 -0.266147E+00  0.000000E+00  0.000000E+00  0.000000E+00  0.000000E+00
  0.227587E+01  0.303660E+00 -0.104064E-01  0.000000E+00  0.000000E+00  0.000000E+00  0.000000E+00
  0.266928E+01 -0.117575E-01  0.382630E+00  0.000000E+00  0.000000E+00  0.000000E+00  0.000000E+00
  0.246803E+01  0.258612E-04 -0.382619E+00  0.000000E+00  0.000000E+00  0.000000E+00  0.000000E+00
  0.188100E+01  0.637143E-02 -0.226269E+00  0.000000E+00  0.000000E+00  0.000000E+00  0.000000E+00
  0.273756E+01 -0.328291E+00 -0.171355E-01  0.000000E+00  0.000000E+00  0.000000E+00  0.000000E+00
  0.181128E+01 -0.991914E-02 -0.198588E+00  0.000000E+00  0.000000E+00  0.000000E+00  0.000000E+00
  0.236152E+01 -0.265095E+00  0.166661E-01  0.000000E+00  0.000000E+00  0.000000E+00  0.000000E+00
  0.276114E+01 -0.415374E+00  0.104059E-01  0.000000E+00  0.000000E+00  0.000000E+00  0.000000E+00
  0.282831E+01 -0.380122E+00 -0.149255E-01  0.000000E+00  0.000000E+00  0.000000E+00  0.000000E+00
  0.179534E+01 -0.118454E-01 -0.186965E+00  0.000000E+00  0.000000E+00  0.000000E+00  0.000000E+00
  0.261137E+01 -0.138489E-01 -0.348763E+00  0.000000E+00  0.000000E+00  0.000000E+00  0.000000E+00
  0.259107E+01  0.265460E+00  0.191768E-01  0.000000E+00  0.000000E+00  0.000000E+00  0.000000E+00
  0.160738E+01  0.164718E+00 -0.152755E-03  0.000000E+00  0.000000E+00  0.000000E+00  0.000000E+00
  0.195651E+01 -0.244896E+00 -0.631886E-02  0.000000E+00  0.000000E+00  0.000000E+00  0.000000E+00
  0.200585E+01  0.160075E-01  0.204019E+00  0.000000E+00  0.000000E+00  0.000000E+00  0.000000E+00
  0.229525E+01  0.307353E+00  0.105295E-01  0.000000E+00  0.000000E+00  0.000000E+00  0.000000E+00
  0.188379E+01  0.368798E-02 -0.232135E+00  0.000000E+00  0.000000E+00  0.000000E+00  0.000000E+00
  0.232885E+01 -0.399588E-02  0.342917E+00  0.000000E+00  0.000000E+00  0.000000E+00  0.000000E+00
  0.225976E+01  0.164631E-01 -0.248262E+00  0.000000E+00  0.000000E+00  0.000000E+00  0.000000E+00
  0.186922E+01  0.621781E-02 -0.223754E+00  0.000000E+00  0.000000E+00  0.000000E+00  0.000000E+00
  0.254611E+01  0.186555E-01 -0.267869E+00  0.000000E+00  0.000000E+00  0.000000E+00  0.000000E+00
  0.261619E+01 -0.101271E-01 -0.384115E+00  0.000000E+00  0.000000E+00  0.000000E+00  0.000000E+00
  0.266134E+01 -0.325622E+00  0.164069E-01  0.000000E+00  0.000000E+00  0.000000E+00  0.000000E+00
  0.211620E+01  0.230280E+00  0.155037E-01  0.000000E+00  0.000000E+00  0.000000E+00  0.000000E+00
  0.221488E+01 -0.947158E-02 -0.294781E+00  0.000000E+00  0.000000E+00  0.000000E+00  0.000000E+00
  0.237560E+01 -0.184232E-01 -0.242821E+00  0.000000E+00  0.000000E+00  0.000000E+00  0.000000E+00
  0.190710E+01 -0.201975E+00 -0.135859E-01  0.000000E+00  0.000000E+00  0.000000E+00  0.000000E+00
  0.208809E+01  0.136964E-01 -0.239618E+00  0.000000E+00  0.000000E+00  0.000000E+00  0.000000E+00
  0.189330E+01 -0.971581E-02  0.218472E+00  0.000000E+00  0.000000E+00  0.000000E+00  0.000000E+00
  0.179254E+01 -0.190031E+00  0.109967E-01  0.000000E+00  0.000000E+00  0.000000E+00  0.000000E+00
  0.233766E+01  0.347422E+00 -0.279466E-02  0.000000E+00  0.000000E+00  0.000000E+00  0.000000E+00
  0.255433E+01 -0.473515E-02  0.397147E+00  0.000000E+00  0.000000E+00  0.000000E+00  0.000000E+00
  0.270198E+01  0.439839E+00 -0.238293E-02  0.000000E+00  0.000000E+00  0.000000E+00  0.000000E+00
  0.233803E+01 -0.125777E-01 -0.302224E+00  0.000000E+00  0.000000E+00  0.000000E+00  0.000000E+00
  0.239794E+01 -0.324785E+00  0.113926E-01  0.000000E+00  0.000000E+00  0.000000E+00  0.000000E+00
  0.209363E+01 -0.114716E-01 -0.255738E+00  0.000000E+00  0.000000E+00  0.000000E+00  0.000000E+00
  0.224906E+01  0.423125E-02 -0.322462E+00  0.000000E+00  0.000000E+00  0.000000E+00  0.000000E+00
  0.277571E+01  0.104813E-01  0.418088E+00  0.000000E+00  0.000000E+00  0.000000E+00  0.000000E+00
  0.220532E+01  0.109755E-01  0.284015E+00  0.000000E+00  0.000000E+00  0.000000E+00  0.000000E+00
  0.260250E+01 -0.184255E-01 -0.281611E+00  0.000000E+00  0.000000E+00  0.000000E+00  0.000000E+00
  0.216687E+01  0.270054E+00  0.118067E-01  0.000000E+00  0.000000E+00  0.000000E+00  0.000000E+00
  0.168006E+01 -0.177477E+00 -0.616034E-02  0.000000E+00  0.000000E+00  0.000000E+00  0.000000E+00
  0.272312E+01  0.411154E+00  0.983369E-02  0.000000E+00  0.000000E+00  0.000000E+00  0.000000E+00
  0.165301E+01 -0.508221E-02 -0.172593E+00  0.000000E+00  0.000000E+00  0.000000E+00  0.000000E+00
  0.228988E+01 -0.234116E+00 -0.180079E-01  0.000000E+00  0.000000E+00  0.000000E+00  0.000000E+00
  0.196863E+01  0.216529E+00  0.133607E-01  0.000000E+00  0.000000E+00  0.000000E+00  0.000000E+00
  0.249592E+01 -0.122838E-02 -0.389210E+00  0.000000E+00  0.000000E+00  0.000000E+00  0.000000E+00
  0.184756E+01 -0.192445E-02  0.224860E+00  0.000000E+00  0.000000E+00  0.000000E+00  0.000000E+00
  0.182272E+01 -0.219134E+00 -0.785670E-03  0.000000E+00  0.000000E+00  0.000000E+00  0.000000E+00
  0.174733E+01 -0.633002E-02 -0.193631E+00  0.000000E+00  0.000000E+00  0.000000E+00  0.000000E+00
  0.218299E+01  0.178128E-01 -0.217833E+00  0.000000E+00  0.000000E+00  0.000000E+00  0.000000E+00
  0.223356E+01  0.179086E-01  0.225550E+00  0.000000E+00  0.000000E+00  0.000000E+00  0.000000E+00
  0.212589E+01 -0.265391E+00  0.110709E-01  0.000000E+00  0.000000E+00  0.000000E+00  0.000000E+00
  0.174407E+01  0.198816E+00 -0.179350E-02  0.000000E+00  0.000000E+00  0.000000E+00  0.000000E+00
  0.215433E+01 -0.174312E-01  0.217341E+00  0.000000E+00  0.000000E+00  0.000000E+00  0.000000E+00
  0.273685E+01 -0.774791E-02  0.428488E+00  0.000000E+00  0.000000E+00  0.000000E+00  0.000000E+00
  0.266918E+01  0.322914E+00  0.166817E-01  0.000000E+00  0.000000E+00  0.000000E+00  0.000000E+00
  0.206906E+01 -0.211370E+00 -0.165195E-01  0.000000E+00  0.000000E+00  0.000000E+00  0.000000E+00
  0.199511E+01  0.222494E+00  0.133157E-01  0.000000E+00  0.000000E+00  0.000000E+00  0.000000E+00
  0.195452E+01 -0.136492E-01 -0.211638E+00  0.000000E+00  0.000000E+00  0.000000E+00  0.000000E+00
  0.207225E+01 -0.282195E+00  0.986574E-03  0.000000E+00  0.000000E+00  0.000000E+00  0.000000E+00
  0.187537E+01 -0.690623E-02  0.223520E+00  0.000000E+00  0.000000E+00  0.000000E+00  0.000000E+00
  0.278031E+01  0.120050E-01  0.404968E+00  0.000000E+00  0.000000E+00  0.000000E+00  0.000000E+00
  0.205928E+01 -0.123753E-01  0.242535E+00  0.000000E+00  0.000000E+00  0.000000E+00  0.000000E+00
  0.191434E+01 -0.232819E+00  0.697207E-02  0.000000E+00  0.000000E+00  0.000000E+00  0.000000E+00
  0.202387E+01 -0.205530E+00 -0.162261E-01  0.000000E+00  0.000000E+00  0.000000E+00  0.000000E+00
  0.242847E+01 -0.140263E-01  0.308434E+00  0.000000E+00  0.000000E+00  0.000000E+00  0.000000E+00
  0.263292E+01 -0.249557E-02 -0.422245E+00  0.000000E+00  0.000000E+00  0.000000E+00  0.000000E+00
  0.207689E+01 -0.207265E-02  0.282616E+00  0.000000E+00  0.000000E+00  0.000000E+00  0.000000E+00
  0.245656E+01  0.363350E-02 -0.375682E+00  0.000000E+00  0.000000E+00  0.000000E+00  0.000000E+00
  0.274355E+01 -0.321806E+00  0.175704E-01  0.000000E+00  0.000000E+00  0.000000E+00  0.000000E+00
  0.245765E+01 -0.377170E+00 -0.304059E-02  0.000000E+00  0.000000E+00  0.000000E+00  0.000000E+00
  0.259349E+01 -0.382548E+00 -0.960956E-02  0.000000E+00  0.000000E+00  0.000000E+00  0.000000E+00
  0.232635E+01  0.641489E-02  0.335139E+00  0.000000E+00  0.000000E+00  0.000000E+00  0.000000E+00
  0.238851E+01 -0.352440E+00 -0.584524E-02  0.000000E+00  0.000000E+00  0.000000E+00  0.000000E+00
  0.270598E+01 -0.108757E-01 -0.398761E+00  0.000000E+00  0.000000E+00  0.000000E+00  0.000000E+00
  0.228408E+01  0.334292E+00  0.255137E-02  0.000000E+00  0.000000E+00  0.000000E+00  0.000000E+00
  0.177472E+01  0.206786E+00 -0.135185E-02  0.000000E+00  0.000000E+00  0.000000E+00  0.000000E+00
  0.284057E+01  0.457949E+00 -0.698424E-02  0.000000E+00  0.000000E+00  0.000000E+00  0.000000E+00
  0.203001E+01  0.217269E+00 -0.150134E-01  0.000000E+00  0.000000E+00  0.000000E+00  0.000000E+00
  0.267306E+01  0.311572E+00 -0.174259E-01  0.000000E+00  0.000000E+00  0.000000E+00  0.000000E+00
  0.181660E+01  0.214644E-02 -0.216889E+00  0.000000E+00  0.000000E+00  0.000000E+00  0.000000E+00
  0.198508E+01  0.260028E+00 -0.123748E-02  0.000000E+00  0.000000E+00  0.000000E+00  0.000000E+00
  0.274941E+01  0.179018E-01  0.316804E+00  0.000000E+00  0.000000E+00  0.000000E+00  0.000000E+00
  0.250580E+01  0.298869E+00 -0.161874E-01  0.000000E+00  0.000000E+00  0.000000E+00  0.000000E+00
  0.185988E+01  0.215989E+00 -0.820355E-02  0.000000E+00  0.000000E+00  0.000000E+00  0.000000E+00
  0.280279E+01 -0.203463E-02 -0.465821E+00  0.000000E+00  0.000000E+00  0.000000E+00  0.000000E+00
  0.281296E+01 -0.363014E+00 -0.158767E-01  0.000000E+00  0.000000E+00  0.000000E+00  0.000000E+00
  0.181899E+01 -0.186458E+00 -0.130007E-01  0.000000E+00  0.000000E+00  0.000000E+00  0.000000E+00
  0.230745E+01 -0.137291E-01  0.285785E+00  0.000000E+00  0.000000E+00  0.000000E+00  0.000000E+00
  0.237109E+01  0.302543E+00  0.133725E-01  0.000000E+00  0.000000E+00  0.000000E+00  0.000000E+00
  0.228854E+01 -0.662003E-02  0.325140E+00  0.000000E+00  0.000000E+00  0.000000E+00  0.000000E+00
  0.265403E+01  0.174414E-01  0.307859E+00  0.000000E+00  0.000000E+00  0.000000E+00  0.000000E+00
  0.258540E+01 -0.340763E+00 -0.140763E-01  0.000000E+00  0.000000E+00  0.000000E+00  0.000000E+00
  0.185559E+01  0.121738E-01 -0.198760E+00  0.000000E+00  0.000000E+00  0.000000E+00  0.000000E+00
  0.204166E+01 -0.153158E-02  0.274156E+00  0.000000E+00  0.000000E+00  0.000000E+00  0.000000E+00
  0.235103E+01 -0.922371E-02  0.328094E+00  0.000000E+00  0.000000E+00  0.000000E+00  0.000000E+00
  0.264026E+01 -0.162911E-01  0.323302E+00  0.000000E+00  0.000000E+00  0.000000E+00  0.000000E+00
  0.241527E+01 -0.346076E+00  0.871897E-02  0.000000E+00  0.000000E+00  0.000000E+00  0.000000E+00
  0.257493E+01  0.162986E-01 -0.310648E+00  0.000000E+00  0.000000E+00  0.000000E+00  0.000000E+00
  0.268465E+01  0.361389E+00  0.140879E-01  0.000000E+00  0.000000E+00  0.000000E+00  0.000000E+00
  0.226468E+01 -0.268907E+00  0.145888E-01  0.000000E+00  0.000000E+00  0.000000E+00  0.000000E+00
  0.276435E+01 -0.319883E+00  0.178785E-01  0.000000E+00  0.000000E+00  0.000000E+00  0.000000E+00
  0.224822E+01 -0.315664E+00 -0.651665E-02  0.000000E+00  0.000000E+00  0.000000E+00  0.000000E+00
  0.226076E+01  0.329475E+00 -0.159032E-02  0.000000E+00  0.000000E+00  0.000000E+00  0.000000E+00
  0.206767E+01 -0.156354E-01  0.219463E+00  0.000000E+00  0.000000E+00  0.000000E+00  0.000000E+00
  0.246666E+01 -0.117183E-01  0.337675E+00  0.000000E+00  0.000000E+00  0.000000E+00  0.000000E+00
  0.191025E+01  0.190813E-02  0.240698E+00  0.000000E+00  0.000000E+00  0.000000E+00  0.000000E+00
  0.236149E+01  0.320686E+00 -0.108088E-01  0.000000E+00  0.000000E+00  0.000000E+00  0.000000E+00
  0.225977E+01  0.139615E-01  0.273656E+00  0.000000E+00  0.000000E+00  0.000000E+00  0.000000E+00
  0.247778E+01 -0.184226E-01 -0.260318E+00  0.000000E+00  0.000000E+00  0.000000E+00  0.000000E+00
  0.283827E+01 -0.361285E-02  0.471355E+00  0.000000E+00  0.000000E+00  0.000000E+00  0.000000E+00
  0.229271E+01 -0.331895E+00 -0.481654E-02  0.000000E+00  0.000000E+00  0.000000E+00  0.000000E+00
  0.177269E+01  0.739086E-02 -0.197341E+00  0.000000E+00  0.000000E+00  0.000000E+00  0.000000E+00
  0.246733E+01 -0.127353E-01  0.329100E+00  0.000000E+00  0.000000E+00  0.000000E+00  0.000000E+00
  0.197540E+01 -0.137877E-01  0.215130E+00  0.000000E+00  0.000000E+00  0.000000E+00  0.000000E+00
  0.247966E+01 -0.301761E+00  0.155616E-01  0.000000E+00  0.000000E+00  0.000000E+00  0.000000E+00
  0.251878E+01 -0.594927E-02 -0.384107E+00  0.000000E+00  0.000000E+00  0.000000E+00  0.000000E+00
  0.198951E+01 -0.559108E-02  0.254845E+00  0.000000E+00  0.000000E+00  0.000000E+00  0.000000E+00
  0.267970E+01 -0.183437E-01  0.296370E+00  0.000000E+00  0.000000E+00  0.000000E+00  0.000000E+00
  0.257482E+01  0.100540E-01  0.375068E+00  0.000000E+00  0.000000E+00  0.000000E+00  0.000000E+00
  0.235803E+01  0.167720E-01 -0.263084E+00  0.000000E+00  0.000000E+00  0.000000E+00  0.000000E+00
  0.264525E+01  0.144099E-01  0.349330E+00  0.000000E+00  0.000000E+00  0.000000E+00  0.000000E+00
  0.248719E+01  0.340916E+00  0.118814E-01  0.000000E+00  0.000000E+00  0.000000E+00  0.000000E+00
  0.274904E+01 -0.111741E-01  0.405915E+00  0.000000E+00  0.000000E+00  0.000000E+00  0.000000E+00
  0.231492E+01 -0.181417E-01  0.236588E+00  0.000000E+00  0.000000E+00  0.000000E+00  0.000000E+00
  0.248305E+01 -0.364109E+00 -0.837201E-02  0.000000E+00  0.000000E+00  0.000000E+00  0.000000E+00
  0.228011E+01 -0.112606E-01 -0.299130E+00  0.000000E+00  0.000000E+00  0.000000E+00  0.000000E+00
  0.219887E+01 -0.805067E-02 -0.297722E+00  0.000000E+00  0.000000E+00  0.000000E+00  0.000000E+00
  0.190482E+01  0.100657E-01 -0.219712E+00  0.000000E+00  0.000000E+00  0.000000E+00  0.000000E+00
  0.184188E+01 -0.188963E+00  0.134383E-01  0.000000E+00  0.000000E+00  0.000000E+00  0.000000E+00
  0.189622E+01 -0.219082E+00 -0.973350E-02  0.000000E+00  0.000000E+00  0.000000E+00  0.000000E+00
  0.226811E+01  0.109957E-01  0.298166E+00  0.000000E+00  0.000000E+00  0.000000E+00  0.000000E+00
  0.246711E+01 -0.152423E-01  0.303095E+00  0.000000E+00  0.000000E+00  0.000000E+00  0.000000E+00
  0.206509E+01  0.146125E-01  0.227679E+00  0.000000E+00  0.000000E+00  0.000000E+00  0.000000E+00
  0.234198E+01  0.849284E-02 -0.329848E+00  0.000000E+00  0.000000E+00  0.000000E+00  0.000000E+00
  0.247691E+01  0.384485E+00 -0.111228E-02  0.000000E+00  0.000000E+00  0.000000E+00  0.000000E+00
  0.242391E+01  0.149024E-01  0.298241E+00  0.000000E+00  0.000000E+00  0.000000E+00  0.000000E+00
  0.190322E+01  0.233553E+00  0.559116E-02  0.000000E+00  0.000000E+00  0.000000E+00  0.000000E+00
  0.273797E+01  0.422772E+00  0.870024E-02  0.000000E+00  0.000000E+00  0.000000E+00  0.000000E+00
  0.187246E+01 -0.190395E+00  0.142641E-01  0.000000E+00  0.000000E+00  0.000000E+00  0.000000E+00
  0.247181E+01 -0.322548E-02  0.380371E+00  0.000000E+00  0.000000E+00  0.000000E+00  0.000000E+00
  0.235728E+01  0.309010E+00 -0.122607E-01  0.000000E+00  0.000000E+00  0.000000E+00  0.000000E+00
  0.193555E+01  0.238282E+00  0.686472E-02  0.000000E+00  0.000000E+00  0.000000E+00  0.000000E+00
  0.246523E+01 -0.334426E+00 -0.120730E-01  0.000000E+00  0.000000E+00  0.000000E+00  0.000000E+00
  0.188876E+01  0.196820E+00 -0.137895E-01  0.000000E+00  0.000000E+00  0.000000E+00  0.000000E+00
  0.250122E+01  0.445160E-02  0.384772E+00  0.000000E+00  0.000000E+00  0.000000E+00  0.000000E+00
  0.190619E+01  0.239994E+00 -0.140387E-02  0.000000E+00  0.000000E+00  0.000000E+00  0.000000E+00
  0.181649E+01  0.193021E+00 -0.115545E-01  0.000000E+00  0.000000E+00  0.000000E+00  0.000000E+00
  0.200167E+01  0.263144E+00  0.257182E-02  0.000000E+00  0.000000E+00  0.000000E+00  0.000000E+00
  0.172650E+01 -0.176907E-02  0.194393E+00  0.000000E+00  0.000000E+00  0.000000E+00  0.000000E+00
  0.221381E+01  0.341454E-02 -0.315275E+00  0.000000E+00  0.000000E+00  0.000000E+00  0.000000E+00
  0.231722E+01 -0.317463E+00  0.969828E-02  0.000000E+00  0.000000E+00  0.000000E+00  0.000000E+00
  0.232094E+01  0.160765E-01 -0.264497E+00  0.000000E+00  0.000000E+00  0.000000E+00  0.000000E+00
  0.212877E+01  0.245620E+00 -0.140269E-01  0.000000E+00  0.000000E+00  0.000000E+00  0.000000E+00
  0.213290E+01  0.247579E+00 -0.138904E-01  0.000000E+00  0.000000E+00  0.000000E+00  0.000000E+00
  0.201948E+01  0.941590E-02 -0.249243E+00  0.000000E+00  0.000000E+00  0.000000E+00  0.000000E+00
  0.284082E+01 -0.371176E-01  0.127031E+00  0.000000E+00  0.000000E+00  0.000000E+00  0.000000E+00
  0.284082E+01 -0.499934E-01 -0.114898E-01  0.000000E+00  0.000000E+00  0.000000E+00  0.000000E+00
  0.284082E+01  0.108385E-01  0.415033E-01  0.000000E+00  0.000000E+00  0.000000E+00  0.000000E+00
  0.284082E+01  0.489619E-02  0.819998E-01  0.000000E+00  0.000000E+00  0.000000E+00  0.000000E+00
  0.284082E+01  0.242077E-01  0.119742E+00  0.000000E+00  0.000000E+00  0.000000E+00  0.000000E+00
  0.284082E+01 -0.216873E+00  0.125506E-02  0.000000E+00  0.000000E+00  0.000000E+00  0.000000E+00
  0.284082E+01  0.221648E+00 -0.192819E-01  0.000000E+00  0.000000E+00  0.000000E+00  0.000000E+00
  0.284082E+01 -0.103362E+00  0.105934E+00  0.000000E+00  0.000000E+00  0.000000E+00  0.000000E+00
  0.284082E+01 -0.125475E+00  0.735542E-01  0.000000E+00  0.000000E+00  0.000000E+00  0.000000E+00
  0.284082E+01 -0.129205E+00 -0.391061E-01  0.000000E+00  0.000000E+00  0.000000E+00  0.000000E+00
  0.284082E+01 -0.211016E-01  0.284003E-01  0.000000E+00  0.000000E+00  0.000000E+00  0.000000E+00
  0.284082E+01  0.179055E-01 -0.964523E-01  0.000000E+00  0.000000E+00  0.000000E+00  0.000000E+00
  0.284082E+01 -0.234368E-01 -0.163680E+00  0.000000E+00  0.000000E+00  0.000000E+00  0.000000E+00
  0.284082E+01 -0.379842E-01 -0.319198E-01  0.000000E+00  0.000000E+00  0.000000E+00  0.000000E+00
  0.284082E+01 -0.240844E-01 -0.778491E-02  0.000000E+00  0.000000E+00  0.000000E+00  0.000000E+00
  0.284082E+01 -0.766365E-01 -0.118558E+00  0.000000E+00  0.000000E+00  0.000000E+00  0.000000E+00
  0.284082E+01 -0.770221E-01  0.233133E+00  0.000000E+00  0.000000E+00  0.000000E+00  0.000000E+00
  0.284082E+01 -0.189707E-01 -0.186127E+00  0.000000E+00  0.000000E+00  0.000000E+00  0.000000E+00
  0.284082E+01  0.787974E-01  0.186324E+00  0.000000E+00  0.000000E+00  0.000000E+00  0.000000E+00
  0.284082E+01  0.294632E-01  0.107333E-01  0.000000E+00  0.000000E+00  0.000000E+00  0.000000E+00
  0.284082E+01 -0.961486E-02 -0.189268E-01  0.000000E+00  0.000000E+00  0.000000E+00  0.000000E+00
  0.284082E+01 -0.983793E-01  0.981530E-01  0.000000E+00  0.000000E+00  0.000000E+00  0.000000E+00
  0.284082E+01  0.979527E-01 -0.110429E+00  0.000000E+00  0.000000E+00  0.000000E+00  0.000000E+00
  0.284082E+01  0.142335E+00 -0.797471E-01  0.000000E+00  0.000000E+00  0.000000E+00  0.000000E+00
  0.284082E+01  0.340731E-01 -0.947039E-01  0.000000E+00  0.000000E+00  0.000000E+00  0.000000E+00
  0.284082E+01  0.469487E-01 -0.155844E+00  0.000000E+00  0.000000E+00  0.000000E+00  0.000000E+00
  0.284082E+01 -0.473139E-02 -0.871798E-01  0.000000E+00  0.000000E+00  0.000000E+00  0.000000E+00
  0.284082E+01  0.121133E+00 -0.278814E-01  0.000000E+00  0.000000E+00  0.000000E+00  0.000000E+00
  0.284082E+01 -0.215861E-02 -0.104549E-02  0.000000E+00  0.000000E+00  0.000000E+00  0.000000E+00
  0.284082E+01 -0.282701E-01 -0.100868E+00  0.000000E+00  0.000000E+00  0.000000E+00  0.000000E+00
  0.284082E+01  0.396168E-01  0.155480E-03  0.000000E+00  0.000000E+00  0.000000E+00  0.000000E+00
  0.284082E+01  0.565724E-01 -0.294756E-01  0.000000E+00  0.000000E+00  0.000000E+00  0.000000E+00
  0.284082E+01 -0.191620E-01  0.285802E-01  0.000000E+00  0.000000E+00  0.000000E+00  0.000000E+00
  0.284082E+01  0.141910E+00 -0.200107E+00  0.000000E+00  0.000000E+00  0.000000E+00  0.000000E+00
  0.284082E+01 -0.137856E+00  0.208514E-01  0.000000E+00  0.000000E+00  0.000000E+00  0.000000E+00
  0.284082E+01 -0.491000E-01 -0.247003E-01  0.000000E+00  0.000000E+00  0.000000E+00  0.000000E+00
  0.284082E+01  0.763054E-02 -0.206787E-01  0.000000E+00  0.000000E+00  0.000000E+00  0.000000E+00
  0.284082E+01  0.285340E-01  0.113168E+00  0.000000E+00  0.000000E+00  0.000000E+00  0.000000E+00
  0.284082E+01 -0.185918E+00  0.516626E-03  0.000000E+00  0.000000E+00  0.000000E+00  0.000000E+00
  0.284082E+01 -0.622405E-01 -0.820555E-01  0.000000E+00  0.000000E+00  0.000000E+00  0.000000E+00
  0.284082E+01  0.859776E-01 -0.223691E+00  0.000000E+00  0.000000E+00  0.000000E+00  0.000000E+00
  0.284082E+01  0.236168E-02 -0.148225E+00  0.000000E+00  0.000000E+00  0.000000E+00  0.000000E+00
  0.284082E+01  0.508820E-01  0.431191E-01  0.000000E+00  0.000000E+00  0.000000E+00  0.000000E+00
  0.284082E+01  0.477050E-02  0.174801E-01  0.000000E+00  0.000000E+00  0.000000E+00  0.000000E+00
  0.284082E+01  0.141477E-02  0.231869E+00  0.000000E+00  0.000000E+00  0.000000E+00  0.000000E+00
  0.284082E+01 -0.131250E+00 -0.202661E+00  0.000000E+00  0.000000E+00  0.000000E+00  0.000000E+00
  0.284082E+01 -0.245939E+00 -0.196172E-01  0.000000E+00  0.000000E+00  0.000000E+00  0.000000E+00
  0.284082E+01 -0.119058E-01 -0.402080E-01  0.000000E+00  0.000000E+00  0.000000E+00  0.000000E+00
  0.284082E+01  0.196861E+00 -0.119076E+00  0.000000E+00  0.000000E+00  0.000000E+00  0.000000E+00
  0.284082E+01  0.110546E-03 -0.113012E-02  0.000000E+00  0.000000E+00  0.000000E+00  0.000000E+00
  0.284082E+01 -0.130621E+00  0.196837E-01  0.000000E+00  0.000000E+00  0.000000E+00  0.000000E+00
  0.284082E+01  0.815733E-02 -0.206241E-01  0.000000E+00  0.000000E+00  0.000000E+00  0.000000E+00
  0.284082E+01  0.310510E-01  0.127500E-01  0.000000E+00  0.000000E+00  0.000000E+00  0.000000E+00
  0.284082E+01 -0.611104E-02 -0.932851E-02  0.000000E+00  0.000000E+00  0.000000E+00  0.000000E+00
  0.284082E+01 -0.385645E-01  0.344111E-01  0.000000E+00  0.000000E+00  0.000000E+00  0.000000E+00
  0.284082E+01  0.166801E+00  0.941997E-01  0.000000E+00  0.000000E+00  0.000000E+00  0.000000E+00
  0.284082E+01  0.825493E-01  0.723255E-01  0.000000E+00  0.000000E+00  0.000000E+00  0.000000E+00
  0.284082E+01 -0.144005E+00  0.962915E-02  0.000000E+00  0.000000E+00  0.000000E+00  0.000000E+00
  0.284082E+01  0.318503E-01  0.212480E-01  0.000000E+00  0.000000E+00  0.000000E+00  0.000000E+00
  0.284082E+01 -0.435092E-01  0.416880E-02  0.000000E+00  0.000000E+00  0.000000E+00  0.000000E+00
  0.284082E+01  0.270117E-01  0.244198E-02  0.000000E+00  0.000000E+00  0.000000E+00  0.000000E+00
  0.284082E+01 -0.474013E-01 -0.102111E-01  0.000000E+00  0.000000E+00  0.000000E+00  0.000000E+00
  0.284082E+01  0.145596E+00  0.468203E-01  0.000000E+00  0.000000E+00  0.000000E+00  0.000000E+00
  0.284082E+01  0.842784E-02  0.651525E-01  0.000000E+00  0.000000E+00  0.000000E+00  0.000000E+00
  0.284082E+01  0.175100E+00  0.592453E-01  0.000000E+00  0.000000E+00  0.000000E+00  0.000000E+00
  0.284082E+01 -0.208672E-01 -0.114788E+00  0.000000E+00  0.000000E+00  0.000000E+00  0.000000E+00
  0.284082E+01  0.119204E+00  0.798675E-01  0.000000E+00  0.000000E+00  0.000000E+00  0.000000E+00
  0.284082E+01 -0.956761E-01 -0.364071E-01  0.000000E+00  0.000000E+00  0.000000E+00  0.000000E+00
  0.284082E+01  0.137005E+00  0.130033E-01  0.000000E+00  0.000000E+00  0.000000E+00  0.000000E+00
  0.284082E+01  0.205230E+00 -0.105660E+00  0.000000E+00  0.000000E+00  0.000000E+00  0.000000E+00
  0.284082E+01  0.157376E+00 -0.707847E-01  0.000000E+00  0.000000E+00  0.000000E+00  0.000000E+00
  0.284082E+01  0.191839E+00  0.580698E-01  0.000000E+00  0.000000E+00  0.000000E+00  0.000000E+00
  0.284082E+01 -0.289848E-01  0.117790E+00  0.000000E+00  0.000000E+00  0.000000E+00  0.000000E+00
  0.284082E+01  0.230536E+00 -0.640846E-01  0.000000E+00  0.000000E+00  0.000000E+00  0.000000E+00
  0.284082E+01  0.137401E-02 -0.852419E-03  0.000000E+00  0.000000E+00  0.000000E+00  0.000000E+00
  0.284082E+01  0.699102E-01 -0.715201E-01  0.000000E+00  0.000000E+00  0.000000E+00  0.000000E+00
  0.284082E+01 -0.247043E-01  0.173287E+00  0.000000E+00  0.000000E+00  0.000000E+00  0.000000E+00
  0.284082E+01 -0.212285E-01  0.209257E+00  0.000000E+00  0.000000E+00  0.000000E+00  0.000000E+00
  0.284082E+01  0.476882E-01  0.130322E+00  0.000000E+00  0.000000E+00  0.000000E+00  0.000000E+00
  0.284082E+01 -0.975494E-01  0.254751E-01  0.000000E+00  0.000000E+00  0.000000E+00  0.000000E+00
  0.284082E+01 -0.135463E+00 -0.995409E-01  0.000000E+00  0.000000E+00  0.000000E+00  0.000000E+00
  0.284082E+01 -0.205993E+00 -0.140583E+00  0.000000E+00  0.000000E+00  0.000000E+00  0.000000E+00
  0.284082E+01 -0.123466E-01  0.248775E-01  0.000000E+00  0.000000E+00  0.000000E+00  0.000000E+00
  0.284082E+01 -0.458683E-03 -0.147405E-02  0.000000E+00  0.000000E+00  0.000000E+00  0.000000E+00
  0.284082E+01 -0.165769E+00 -0.107214E+00  0.000000E+00  0.000000E+00  0.000000E+00  0.000000E+00
  0.284082E+01 -0.123670E+00  0.256168E-01  0.000000E+00  0.000000E+00  0.000000E+00  0.000000E+00
  0.284082E+01  0.398746E-01 -0.823551E-01  0.000000E+00  0.000000E+00  0.000000E+00  0.000000E+00
  0.284082E+01  0.635674E-01  0.113902E+00  0.000000E+00  0.000000E+00  0.000000E+00  0.000000E+00
  0.284082E+01  0.100229E+00  0.227723E+00  0.000000E+00  0.000000E+00  0.000000E+00  0.000000E+00
  0.284082E+01  0.185279E+00 -0.290003E-01  0.000000E+00  0.000000E+00  0.000000E+00  0.000000E+00
  0.284082E+01  0.258752E-01 -0.165389E+00  0.000000E+00  0.000000E+00  0.000000E+00  0.000000E+00
  0.284082E+01  0.853750E-03 -0.123952E-01  0.000000E+00  0.000000E+00  0.000000E+00  0.000000E+00
  0.284082E+01 -0.587229E-01 -0.159003E+00  0.000000E+00  0.000000E+00  0.000000E+00  0.000000E+00
  0.284082E+01 -0.291569E-01 -0.503764E-01  0.000000E+00  0.000000E+00  0.000000E+00  0.000000E+00
  0.284082E+01  0.744096E-01 -0.123636E+00  0.000000E+00  0.000000E+00  0.000000E+00  0.000000E+00
  0.284082E+01 -0.173582E-02  0.944170E-01  0.000000E+00  0.000000E+00  0.000000E+00  0.000000E+00
  0.284082E+01 -0.599457E-01  0.935557E-01  0.000000E+00  0.000000E+00  0.000000E+00  0.000000E+00
  0.284082E+01 -0.593707E-01 -0.820706E-01  0.000000E+00  0.000000E+00  0.000000E+00  0.000000E+00
  0.284082E+01 -0.114273E+00  0.192041E+00  0.000000E+00  0.000000E+00  0.000000E+00  0.000000E+00
  0.284082E+01  0.314388E-01 -0.311470E-01  0.000000E+00  0.000000E+00  0.000000E+00  0.000000E+00
