  0.182510E+01  0.193411E+00  0.118852E-01  0.000000E+00  0.000000E+00  0.000000E+00  0.000000E+00
  0.175634E+01  0.202356E+00  0.699757E-03  0.000000E+00  0.000000E+00  0.000000E+00  0.000000E+00
  0.245087E+01  0.360495E+00 -0.757417E-02  0.000000E+00  0.000000E+00  0.000000E+00  0.000000E+00
  0.203008E+01  0.203798E+00 -0.165367E-01  0.000000E+00  0.000000E+00  0.000000E+00  0.000000E+00
  0.247487E+01  0.167076E-01 -0.285913E+00  0.000000E+00  0.000000E+00  0.000000E+00  0.000000E+00
  0.213729E+01 -0.136563E-01 -0.250350E+00  0.000000E+00  0.000000E+00  0.000000E+00  0.000000E+00
  0.253418E+01 -0.366803E+00  0.988783E-02  0.000000E+00  0.000000E+00  0.000000E+00  0.000000E+00
  0.198858E+01  0.228209E+00 -0.121670E-01  0.000000E+00  0.000000E+00  0.000000E+00  0.000000E+00
  0.180663E+01  0.202917E+00  0.831522E-02  0.000000E+00  0.000000E+00  0.000000E+00  0.000000E+00
  0.202765E+01 -0.297665E-02  0.269197E+00  0.000000E+00  0.000000E+00  0.000000E+00  0.000000E+00
  0.194024E+01 -0.242722E+00 -0.557639E-02  0.000000E+00  0.000000E+00  0.000000E+00  0.000000E+00
  0.201214E+01 -0.257969E+00  0.651380E-02  0.000000E+00  0.000000E+00  0.000000E+00  0.000000E+00
  0.181864E+01 -0.198452E+00  0.103947E-01  0.000000E+00  0.000000E+00  0.000000E+00  0.000000E+00
  0.170177E+01 -0.846842E-02 -0.177468E+00  0.000000E+00  0.000000E+00  0.000000E+00  0.000000E+00
  0.199193E+01  0.262049E+00 -0.386687E-03  0.000000E+00  0.000000E+00  0.000000E+00  0.000000E+00
  0.220129E+01  0.689338E-02 -0.302873E+00  0.000000E+00  0.000000E+00  0.000000E+00  0.000000E+00
  0.209862E+01 -0.265815E-02  0.287454E+00  0.000000E+00  0.000000E+00  0.000000E+00  0.000000E+00
  0.207310E+01  0.702595E-02 -0.271242E+00  0.000000E+00  0.000000E+00  0.000000E+00  0.000000E+00
  0.245377E+01 -0.255292E+00  0.184779E-01  0.000000E+00  0.000000E+00  0.000000E+00  0.000000E+00
  0.180602E+01  0.214854E+00  0.964780E-03  0.000000E+00  0.000000E+00  0.000000E+00  0.000000E+00
  0.202334E+01 -0.270007E+00  0.354403E-03  0.000000E+00  0.000000E+00  0.000000E+00  0.000000E+00
  0.233556E+01 -0.231291E+00  0.187250E-01  0.000000E+00  0.000000E+00  0.000000E+00  0.000000E+00
  0.193891E+01 -0.238298E+00 -0.714145E-02  0.000000E+00  0.000000E+00  0.000000E+00  0.000000E+00
  0.190609E+01  0.234967E+00  0.526053E-02  0.000000E+00  0.000000E+00  0.000000E+00  0.000000E+00
  0.269120E+01  0.264058E+00  0.199750E-01  0.000000E+00  0.000000E+00  0.000000E+00  0.000000E+00
  0.257341E+01 -0.192074E-01 -0.261989E+00  0.000000E+00  0.000000E+00  0.000000E+00  0.000000E+00
  0.192184E+01 -0.230870E+00  0.818503E-02  0.000000E+00  0.000000E+00  0.000000E+00  0.000000E+00
  0.174681E+01  0.191281E+00 -0.730984E-02  0.000000E+00  0.000000E+00  0.000000E+00  0.000000E+00
  0.250937E+01 -0.134565E-01  0.331284E+00  0.000000E+00  0.000000E+00  0.000000E+00  0.000000E+00
  0.185853E+01  0.441429E-02  0.224719E+00  0.000000E+00  0.000000E+00  0.000000E+00  0.000000E+00
  0.247213E+01 -0.365168E+00  0.766727E-02  0.000000E+00  0.000000E+00  0.000000E+00  0.000000E+00
  0.238570E+01  0.361363E+00  0.119147E-02  0.000000E+00  0.000000E+00  0.000000E+00  0.000000E+00
  0.241288E+01 -0.151945E-01  0.292753E+00  0.000000E+00  0.000000E+00  0.000000E+00  0.000000E+00
  0.262912E+01  0.394973E-02 -0.418086E+00  0.000000E+00  0.000000E+00  0.000000E+00  0.000000E+00
  0.242612E+01  0.327470E+00 -0.118616E-01  0.000000E+00  0.000000E+00  0.000000E+00  0.000000E+00
  0.257435E+01  0.409165E+00 -0.106504E-02  0.000000E+00  0.000000E+00  0.000000E+00  0.000000E+00
  0.205593E+01 -0.671233E-03  0.278184E+00  0.000000E+00  0.000000E+00  0.000000E+00  0.000000E+00
  0.202433E+01 -0.802553E-02  0.255979E+00  0.000000E+00  0.000000E+00  0.000000E+00  0.000000E+00
  0.217760E+01  0.756655E-02 -0.294593E+00  0.000000E+00  0.000000E+00  0.000000E+00  0.000000E+00
  0.187902E+01 -0.117475E-01 -0.206111E+00  0.000000E+00  0.000000E+00  0.000000E+00  0.000000E+00
  0.164773E+01  0.174067E+00 -0.249019E-02  0.000000E+00  0.000000E+00  0.000000E+00  0.000000E+00
  0.229855E+01 -0.622843E-02 -0.328999E+00  0.000000E+00  0.000000E+00  0.000000E+00  0.000000E+00
  0.246789E+01 -0.110125E-01 -0.343466E+00  0.000000E+00  0.000000E+00  0.000000E+00  0.000000E+00
  0.237951E+01 -0.359772E+00 -0.123069E-02  0.000000E+00  0.000000E+00  0.000000E+00  0.000000E+00
  0.208214E+01 -0.550963E-02  0.277915E+00  0.000000E+00  0.000000E+00  0.000000E+00  0.000000E+00
  0.229535E+01 -0.982386E-03 -0.338639E+00  0.000000E+00  0.000000E+00  0.000000E+00  0.000000E+00
  0.236796E+01 -0.950134E-02  0.330475E+00  0.000000E+00  0.000000E+00  0.000000E+00  0.000000E+00
  0.280482E+01  0.391636E+00  0.136789E-01  0.000000E+00  0.000000E+00  0.000000E+00  0.000000E+00
  0.190606E+01  0.309768E-02  0.238489E+00  0.000000E+00  0.000000E+00  0.000000E+00  0.000000E+00
  0.185947E+01 -0.766484E-02 -0.217538E+00  0.000000E+00  0.000000E+00  0.000000E+00  0.000000E+00
  0.174430E+01  0.115829E-01 -0.176694E+00  0.000000E+00  0.000000E+00  0.000000E+00  0.000000E+00
  0.212557E+01 -0.285810E+00 -0.647806E-02  0.000000E+00  0.000000E+00  0.000000E+00  0.000000E+00
  0.228613E+01 -0.313203E+00  0.915176E-02  0.000000E+00  0.000000E+00  0.000000E+00  0.000000E+00
  0.204267E+01  0.209408E+00 -0.161987E-01  0.000000E+00  0.000000E+00  0.000000E+00  0.000000E+00
  0.217300E+01 -0.394803E-02  0.304060E+00  0.000000E+00  0.000000E+00  0.000000E+00  0.000000E+00
  0.259747E+01 -0.445913E-02 -0.408730E+00  0.000000E+00  0.000000E+00  0.000000E+00  0.000000E+00
  0.217506E+01 -0.219114E+00 -0.175954E-01  0.000000E+00  0.000000E+00  0.000000E+00  0.000000E+00
  0.244967E+01  0.304456E+00 -0.148148E-01  0.000000E+00  0.000000E+00  0.000000E+00  0.000000E+00
  0.272315E+01 -0.273169E+00  0.197940E-01  0.000000E+00  0.000000E+00  0.000000E+00  0.000000E+00
  0.193595E+01 -0.234088E+00 -0.823043E-02  0.000000E+00  0.000000E+00  0.000000E+00  0.000000E+00
  0.264281E+01  0.119605E-01 -0.374848E+00  0.000000E+00  0.000000E+00  0.000000E+00  0.000000E+00
  0.165579E+01 -0.143960E-02  0.176684E+00  0.000000E+00  0.000000E+00  0.000000E+00  0.000000E+00
  0.267573E+01  0.339575E+00  0.156362E-01  0.000000E+00  0.000000E+00  0.000000E+00  0.000000E+00
  0.267843E+01  0.310364E+00  0.175538E-01  0.000000E+00  0.000000E+00  0.000000E+00  0.000000E+00
  0.239743E+01 -0.154356E-01 -0.286919E+00  0.000000E+00  0.000000E+00  0.000000E+00  0.000000E+00
  0.223969E+01 -0.623626E-02  0.314540E+00  0.000000E+00  0.000000E+00  0.000000E+00  0.000000E+00
  0.271585E+01 -0.442902E+00 -0.262365E-02  0.000000E+00  0.000000E+00  0.000000E+00  0.000000E+00
  0.179663E+01  0.894558E-03  0.212499E+00  0.000000E+00  0.000000E+00  0.000000E+00  0.000000E+00
  0.183792E+01  0.189673E+00  0.131611E-01  0.000000E+00  0.000000E+00  0.000000E+00  0.000000E+00
  0.219896E+01  0.273838E+00 -0.122945E-01  0.000000E+00  0.000000E+00  0.000000E+00  0.000000E+00
  0.239610E+01  0.174723E-01  0.260635E+00  0.000000E+00  0.000000E+00  0.000000E+00  0.000000E+00
  0.180802E+01 -0.977235E-02 -0.198373E+00  0.000000E+00  0.000000E+00  0.000000E+00  0.000000E+00
  0.244450E+01  0.160353E-01  0.288973E+00  0.000000E+00  0.000000E+00  0.000000E+00  0.000000E+00
  0.241741E+01 -0.301204E+00  0.145042E-01  0.000000E+00  0.000000E+00  0.000000E+00  0.000000E+00
  0.255443E+01 -0.402864E+00  0.224188E-02  0.000000E+00  0.000000E+00  0.000000E+00  0.000000E+00
  0.249719E+01  0.286252E+00  0.169793E-01  0.000000E+00  0.000000E+00  0.000000E+00  0.000000E+00
  0.164086E+01 -0.582100E-02  0.168438E+00  0.000000E+00  0.000000E+00  0.000000E+00  0.000000E+00
  0.232711E+01 -0.285178E+00 -0.142379E-01  0.000000E+00  0.000000E+00  0.000000E+00  0.000000E+00
  0.283717E+01 -0.286784E+00 -0.199551E-01  0.000000E+00  0.000000E+00  0.000000E+00  0.000000E+00
  0.191102E+01  0.966412E-02 -0.222815E+00  0.000000E+00  0.000000E+00  0.000000E+00  0.000000E+00
  0.232478E+01 -0.130235E-01  0.295643E+00  0.000000E+00  0.000000E+00  0.000000E+00  0.000000E+00
  0.185268E+01 -0.218543E+00  0.669451E-02  0.000000E+00  0.000000E+00  0.000000E+00  0.000000E+00
  0.169506E+01 -0.512091E-02  0.182957E+00  0.000000E+00  0.000000E+00  0.000000E+00  0.000000E+00
  0.172810E+01  0.190053E+00 -0.574817E-02  0.000000E+00  0.000000E+00  0.000000E+00  0.000000E+00
  0.209005E+01  0.235626E+00  0.142655E-01  0.000000E+00  0.000000E+00  0.000000E+00  0.000000E+00
  0.221973E+01  0.263491E+00  0.141632E-01  0.000000E+00  0.000000E+00  0.000000E+00  0.000000E+00
  0.227523E+01 -0.829955E-02  0.314874E+00  0.000000E+00  0.000000E+00  0.000000E+00  0.000000E+00
  0.243598E+01 -0.180198E-01 -0.259589E+00  0.000000E+00  0.000000E+00  0.000000E+00  0.000000E+00
  0.191861E+01  0.242946E+00  0.171245E-02  0.000000E+00  0.000000E+00  0.000000E+00  0.000000E+00
  0.192501E+01 -0.232299E+00 -0.798474E-02  0.000000E+00  0.000000E+00  0.000000E+00  0.000000E+00
  0.173870E+01  0.923943E-02 -0.183953E+00  0.000000E+00  0.000000E+00  0.000000E+00  0.000000E+00
  0.228425E+01  0.335767E+00  0.109532E-02  0.000000E+00  0.000000E+00  0.000000E+00  0.000000E+00
  0.205674E+01  0.661880E-02 -0.268553E+00  0.000000E+00  0.000000E+00  0.000000E+00  0.000000E+00
  0.225464E+01  0.317985E+00  0.630112E-02  0.000000E+00  0.000000E+00  0.000000E+00  0.000000E+00
  0.202576E+01 -0.222463E+00  0.142383E-01  0.000000E+00  0.000000E+00  0.000000E+00  0.000000E+00
  0.282236E+01  0.375757E+00 -0.151474E-01  0.000000E+00  0.000000E+00  0.000000E+00  0.000000E+00
  0.189268E+01 -0.196730E-02 -0.236218E+00  0.000000E+00  0.000000E+00  0.000000E+00  0.000000E+00
  0.239844E+01  0.110625E-01  0.327320E+00  0.000000E+00  0.000000E+00  0.000000E+00  0.000000E+00
  0.167314E+01 -0.505598E-02  0.177623E+00  0.000000E+00  0.000000E+00  0.000000E+00  0.000000E+00
  0.280809E+01  0.433868E+00  0.945927E-02  0.000000E+00  0.000000E+00  0.000000E+00  0.000000E+00
  0.263641E+01  0.335888E+00 -0.153321E-01  0.000000E+00  0.000000E+00  0.000000E+00  0.000000E+00
  0.200880E+01 -0.217767E+00 -0.143950E-01  0.000000E+00  0.000000E+00  0.000000E+00  0.000000E+00
  0.209920E+01  0.168592E-01 -0.213573E+00  0.000000E+00  0.000000E+00  0.000000E+00  0.000000E+00
  0.280376E+01 -0.195925E-01  0.290456E+00  0.000000E+00  0.000000E+00  0.000000E+00  0.000000E+00
  0.183225E+01 -0.194857E+00 -0.119158E-01  0.000000E+00  0.000000E+00  0.000000E+00  0.000000E+00
  0.238966E+01 -0.310546E+00  0.129234E-01  0.000000E+00  0.000000E+00  0.000000E+00  0.000000E+00
  0.172374E+01  0.184738E+00  0.770177E-02  0.000000E+00  0.000000E+00  0.000000E+00  0.000000E+00
  0.214176E+01  0.415707E-02 -0.295837E+00  0.000000E+00  0.000000E+00  0.000000E+00  0.000000E+00
  0.250216E+01  0.651069E-02  0.377759E+00  0.000000E+00  0.000000E+00  0.000000E+00  0.000000E+00
  0.255060E+01 -0.511060E-02  0.395002E+00  0.000000E+00  0.000000E+00  0.000000E+00  0.000000E+00
  0.174318E+01 -0.980293E-02 -0.183158E+00  0.000000E+00  0.000000E+00  0.000000E+00  0.000000E+00
  0.220878E+01  0.289831E+00 -0.101235E-01  0.000000E+00  0.000000E+00  0.000000E+00  0.000000E+00
  0.216641E+01 -0.163363E-01 -0.231826E+00  0.000000E+00  0.000000E+00  0.000000E+00  0.000000E+00
  0.196758E+01 -0.138968E-02 -0.255520E+00  0.000000E+00  0.000000E+00  0.000000E+00  0.000000E+00
  0.235429E+01 -0.138451E-01 -0.294610E+00  0.000000E+00  0.000000E+00  0.000000E+00  0.000000E+00
  0.239180E+01  0.102607E-01 -0.331309E+00  0.000000E+00  0.000000E+00  0.000000E+00  0.000000E+00
  0.275926E+01 -0.405960E+00  0.114197E-01  0.000000E+00  0.000000E+00  0.000000E+00  0.000000E+00
  0.205134E+01 -0.232841E+00  0.135566E-01  0.000000E+00  0.000000E+00  0.000000E+00  0.000000E+00
  0.272125E+01  0.170252E-01  0.327128E+00  0.000000E+00  0.000000E+00  0.000000E+00  0.000000E+00
  0.241759E+01 -0.181402E-01 -0.254497E+00  0.000000E+00  0.000000E+00  0.000000E+00  0.000000E+00
  0.172852E+01  0.115351E-02  0.195182E+00  0.000000E+00  0.000000E+00  0.000000E+00  0.000000E+00
  0.182764E+01  0.958554E-02  0.203636E+00  0.000000E+00  0.000000E+00  0.000000E+00  0.000000E+00
  0.215791E+01 -0.269491E+00  0.115836E-01  0.000000E+00  0.000000E+00  0.000000E+00  0.000000E+00
  0.232783E+01  0.278179E+00  0.149537E-01  0.000000E+00  0.000000E+00  0.000000E+00  0.000000E+00
  0.275983E+01  0.413492E+00  0.105929E-01  0.000000E+00  0.000000E+00  0.000000E+00  0.000000E+00
  0.205335E+01 -0.274672E+00  0.363982E-02  0.000000E+00  0.000000E+00  0.000000E+00  0.000000E+00
  0.272336E+01  0.355625E+00  0.151614E-01  0.000000E+00  0.000000E+00  0.000000E+00  0.000000E+00
  0.221459E+01 -0.292903E+00 -0.981153E-02  0.000000E+00  0.000000E+00  0.000000E+00  0.000000E+00
  0.263755E+01 -0.260374E+00 -0.197739E-01  0.000000E+00  0.000000E+00  0.000000E+00  0.000000E+00
  0.207831E+01  0.162220E-01  0.216055E+00  0.000000E+00  0.000000E+00  0.000000E+00  0.000000E+00
  0.250013E+01 -0.500298E-02  0.382841E+00  0.000000E+00  0.000000E+00  0.000000E+00  0.000000E+00
  0.192468E+01 -0.244975E+00  0.637992E-03  0.000000E+00  0.000000E+00  0.000000E+00  0.000000E+00
  0.197596E+01  0.251060E+00  0.577431E-02  0.000000E+00  0.000000E+00  0.000000E+00  0.000000E+00
  0.240687E+01  0.107094E-01 -0.331744E+00  0.000000E+00  0.000000E+00  0.000000E+00  0.000000E+00
  0.198838E+01  0.137701E-01 -0.217992E+00  0.000000E+00  0.000000E+00  0.000000E+00  0.000000E+00
  0.197575E+01  0.121389E-01 -0.225531E+00  0.000000E+00  0.000000E+00  0.000000E+00  0.000000E+00
  0.216282E+01 -0.170090E-02 -0.304640E+00  0.000000E+00  0.000000E+00  0.000000E+00  0.000000E+00
  0.259376E+01 -0.279354E+00  0.184675E-01  0.000000E+00  0.000000E+00  0.000000E+00  0.000000E+00
  0.243902E+01 -0.357895E+00  0.752001E-02  0.000000E+00  0.000000E+00  0.000000E+00  0.000000E+00
  0.273461E+01  0.292450E+00 -0.190042E-01  0.000000E+00  0.000000E+00  0.000000E+00  0.000000E+00
  0.230837E+01 -0.341465E+00  0.163525E-02  0.000000E+00  0.000000E+00  0.000000E+00  0.000000E+00
  0.180243E+01 -0.822161E-02  0.202194E+00  0.000000E+00  0.000000E+00  0.000000E+00  0.000000E+00
  0.184044E+01  0.222967E+00  0.205903E-02  0.000000E+00  0.000000E+00  0.000000E+00  0.000000E+00
  0.248983E+01  0.284310E+00  0.170193E-01  0.000000E+00  0.000000E+00  0.000000E+00  0.000000E+00
  0.254406E+01 -0.135547E-01 -0.337673E+00  0.000000E+00  0.000000E+00  0.000000E+00  0.000000E+00
  0.245934E+01 -0.154756E-01  0.298771E+00  0.000000E+00  0.000000E+00  0.000000E+00  0.000000E+00
  0.257434E+01  0.176279E-01  0.290398E+00  0.000000E+00  0.000000E+00  0.000000E+00  0.000000E+00
  0.192748E+01 -0.196561E+00  0.150068E-01  0.000000E+00  0.000000E+00  0.000000E+00  0.000000E+00
  0.204407E+01  0.214815E+00 -0.156337E-01  0.000000E+00  0.000000E+00  0.000000E+00  0.000000E+00
  0.258067E+01  0.182215E-01 -0.281490E+00  0.000000E+00  0.000000E+00  0.000000E+00  0.000000E+00
  0.228090E+01  0.229665E+00 -0.182119E-01  0.000000E+00  0.000000E+00  0.000000E+00  0.000000E+00
  0.195663E+01 -0.249853E+00 -0.401864E-02  0.000000E+00  0.000000E+00  0.000000E+00  0.000000E+00
  0.196642E+01  0.102200E-01 -0.233288E+00  0.000000E+00  0.000000E+00  0.000000E+00  0.000000E+00
  0.192911E+01  0.214839E+00  0.122064E-01  0.000000E+00  0.000000E+00  0.000000E+00  0.000000E+00
  0.170985E+01  0.327252E-02  0.189024E+00  0.000000E+00  0.000000E+00  0.000000E+00  0.000000E+00
  0.271662E+01 -0.182093E-01  0.305287E+00  0.000000E+00  0.000000E+00  0.000000E+00  0.000000E+00
  0.198987E+01 -0.259824E+00 -0.287530E-02  0.000000E+00  0.000000E+00  0.000000E+00  0.000000E+00
  0.206134E+01  0.123822E-01  0.242944E+00  0.000000E+00  0.000000E+00  0.000000E+00  0.000000E+00
  0.272381E+01  0.325771E+00 -0.171346E-01  0.000000E+00  0.000000E+00  0.000000E+00  0.000000E+00
  0.227645E+01 -0.312573E+00 -0.883171E-02  0.000000E+00  0.000000E+00  0.000000E+00  0.000000E+00
  0.201662E+01 -0.131925E-01 -0.227929E+00  0.000000E+00  0.000000E+00  0.000000E+00  0.000000E+00
  0.241676E+01 -0.169147E-01 -0.272188E+00  0.000000E+00  0.000000E+00  0.000000E+00  0.000000E+00
  0.170746E+01 -0.182521E+00 -0.697091E-02  0.000000E+00  0.000000E+00  0.000000E+00  0.000000E+00
  0.209348E+01  0.241682E+00  0.135730E-01  0.000000E+00  0.000000E+00  0.000000E+00  0.000000E+00
  0.239427E+01 -0.326459E+00 -0.110506E-01  0.000000E+00  0.000000E+00  0.000000E+00  0.000000E+00
  0.235982E+01 -0.118268E-01 -0.312960E+00  0.000000E+00  0.000000E+00  0.000000E+00  0.000000E+00
  0.214471E+01 -0.159369E-01  0.231728E+00  0.000000E+00  0.000000E+00  0.000000E+00  0.000000E+00
  0.214968E+01 -0.220489E+00 -0.170849E-01  0.000000E+00  0.000000E+00  0.000000E+00  0.000000E+00
  0.232698E+01 -0.156781E-01  0.270214E+00  0.000000E+00  0.000000E+00  0.000000E+00  0.000000E+00
  0.282961E+01 -0.468701E-02  0.465756E+00  0.000000E+00  0.000000E+00  0.000000E+00  0.000000E+00
  0.211369E+01  0.113699E-01 -0.260861E+00  0.000000E+00  0.000000E+00  0.000000E+00  0.000000E+00
  0.209956E+01 -0.255757E+00  0.116892E-01  0.000000E+00  0.000000E+00  0.000000E+00  0.000000E+00
  0.212810E+01 -0.122116E-01  0.258772E+00  0.000000E+00  0.000000E+00  0.000000E+00  0.000000E+00
  0.199212E+01 -0.669654E-02  0.252552E+00  0.000000E+00  0.000000E+00  0.000000E+00  0.000000E+00
  0.230882E+01  0.340133E-02  0.339127E+00  0.000000E+00  0.000000E+00  0.000000E+00  0.000000E+00
  0.178841E+01  0.188864E+00  0.110520E-01  0.000000E+00  0.000000E+00  0.000000E+00  0.000000E+00
  0.210591E+01  0.131495E-01  0.247443E+00  0.000000E+00  0.000000E+00  0.000000E+00  0.000000E+00
  0.210174E+01  0.153121E-01  0.229147E+00  0.000000E+00  0.000000E+00  0.000000E+00  0.000000E+00
  0.267929E+01  0.146315E-01 -0.353613E+00  0.000000E+00  0.000000E+00  0.000000E+00  0.000000E+00
  0.195223E+01 -0.126759E-01  0.217232E+00  0.000000E+00  0.000000E+00  0.000000E+00  0.000000E+00
  0.281553E+01 -0.470555E+00 -0.341821E-03  0.000000E+00  0.000000E+00  0.000000E+00  0.000000E+00
  0.278055E+01 -0.318282E+00  0.181118E-01  0.000000E+00  0.000000E+00  0.000000E+00  0.000000E+00
  0.280832E+01  0.335380E+00  0.174668E-01  0.000000E+00  0.000000E+00  0.000000E+00  0.000000E+00
  0.180980E+01 -0.210693E+00 -0.549283E-02  0.000000E+00  0.000000E+00  0.000000E+00  0.000000E+00
  0.236944E+01  0.957706E-02 -0.330374E+00  0.000000E+00  0.000000E+00  0.000000E+00  0.000000E+00
  0.277776E+01 -0.439579E+00  0.753810E-02  0.000000E+00  0.000000E+00  0.000000E+00  0.000000E+00
  0.232279E+01  0.338849E+00 -0.500344E-02  0.000000E+00  0.000000E+00  0.000000E+00  0.000000E+00
  0.192039E+01  0.862402E-02 -0.228993E+00  0.000000E+00  0.000000E+00  0.000000E+00  0.000000E+00
  0.208587E+01  0.245562E+00 -0.127987E-01  0.000000E+00  0.000000E+00  0.000000E+00  0.000000E+00
  0.163446E+01  0.171329E+00  0.134338E-02  0.000000E+00  0.000000E+00  0.000000E+00  0.000000E+00
  0.277928E+01 -0.396374E+00  0.127982E-01  0.000000E+00  0.000000E+00  0.000000E+00  0.000000E+00
  0.172942E+01  0.185797E+00 -0.782273E-02  0.000000E+00  0.000000E+00  0.000000E+00  0.000000E+00
  0.184544E+01  0.100217E-01 -0.206124E+00  0.000000E+00  0.000000E+00  0.000000E+00  0.000000E+00
  0.273275E+01  0.322247E+00  0.174352E-01  0.000000E+00  0.000000E+00  0.000000E+00  0.000000E+00
  0.241316E+01  0.122238E-01  0.321644E+00  0.000000E+00  0.000000E+00  0.000000E+00  0.000000E+00
  0.264935E+01 -0.304098E+00 -0.176141E-01  0.000000E+00  0.000000E+00  0.000000E+00  0.000000E+00
  0.251226E+01 -0.322746E+00  0.143258E-01  0.000000E+00  0.000000E+00  0.000000E+00  0.000000E+00
  0.186580E+01  0.214881E+00 -0.895371E-02  0.000000E+00  0.000000E+00  0.000000E+00  0.000000E+00
  0.254740E+01 -0.288596E-02  0.400020E+00  0.000000E+00  0.000000E+00  0.000000E+00  0.000000E+00
  0.236355E+01  0.309529E+00 -0.123679E-01  0.000000E+00  0.000000E+00  0.000000E+00  0.000000E+00
  0.165478E+01  0.172835E+00 -0.521496E-02  0.000000E+00  0.000000E+00  0.000000E+00  0.000000E+00
  0.191986E+01  0.213897E+00 -0.120023E-01  0.000000E+00  0.000000E+00  0.000000E+00  0.000000E+00
  0.259966E+01 -0.414112E+00  0.234419E-02  0.000000E+00  0.000000E+00  0.000000E+00  0.000000E+00
  0.240471E+01  0.346272E+00  0.820706E-02  0.000000E+00  0.000000E+00  0.000000E+00  0.000000E+00
  0.170229E+01 -0.188547E+00 -0.116372E-02  0.000000E+00  0.000000E+00  0.000000E+00  0.000000E+00
  0.259690E+01 -0.273014E+00  0.188369E-01  0.000000E+00  0.000000E+00  0.000000E+00  0.000000E+00
  0.198701E+01  0.203602E+00  0.156265E-01  0.000000E+00  0.000000E+00  0.000000E+00  0.000000E+00
  0.236300E+01 -0.618914E-02 -0.344946E+00  0.000000E+00  0.000000E+00  0.000000E+00  0.000000E+00
  0.282103E+01  0.286175E+00  0.198806E-01  0.000000E+00  0.000000E+00  0.000000E+00  0.000000E+00
  0.246141E+01 -0.770797E-02  0.362385E+00  0.000000E+00  0.000000E+00  0.000000E+00  0.000000E+00
  0.275309E+01  0.145320E-02  0.454021E+00  0.000000E+00  0.000000E+00  0.000000E+00  0.000000E+00
  0.170995E+01 -0.619452E-02  0.184743E+00  0.000000E+00  0.000000E+00  0.000000E+00  0.000000E+00
  0.179772E+01  0.169451E-02 -0.212423E+00  0.000000E+00  0.000000E+00  0.000000E+00  0.000000E+00
  0.184323E+01  0.198745E+00 -0.116140E-01  0.000000E+00  0.000000E+00  0.000000E+00  0.000000E+00
  0.240816E+01  0.320099E+00  0.122773E-01  0.000000E+00  0.000000E+00  0.000000E+00  0.000000E+00
  0.282567E+01 -0.388890E+00 -0.142412E-01  0.000000E+00  0.000000E+00  0.000000E+00  0.000000E+00
  0.172855E+01 -0.522424E-02  0.191086E+00  0.000000E+00  0.000000E+00  0.000000E+00  0.000000E+00
  0.187410E+01 -0.194838E+00 -0.136065E-01  0.000000E+00  0.000000E+00  0.000000E+00  0.000000E+00
  0.168496E+01 -0.184348E+00  0.333233E-03  0.000000E+00  0.000000E+00  0.000000E+00  0.000000E+00
  0.183511E+01 -0.222283E+00  0.735352E-03  0.000000E+00  0.000000E+00  0.000000E+00  0.000000E+00
  0.265181E+01 -0.150268E-01 -0.342973E+00  0.000000E+00  0.000000E+00  0.000000E+00  0.000000E+00
  0.218584E+01  0.272001E+00 -0.121433E-01  0.000000E+00  0.000000E+00  0.000000E+00  0.000000E+00
  0.207640E+01  0.125998E-01  0.244833E+00  0.000000E+00  0.000000E+00  0.000000E+00  0.000000E+00
  0.280082E+01  0.407392E+00 -0.122110E-01  0.000000E+00  0.000000E+00  0.000000E+00  0.000000E+00
  0.216321E+01  0.394047E-02 -0.301627E+00  0.000000E+00  0.000000E+00  0.000000E+00  0.000000E+00
  0.214796E+01  0.281886E+00 -0.888716E-02  0.000000E+00  0.000000E+00  0.000000E+00  0.000000E+00
  0.256861E+01 -0.266768E+00  0.189187E-01  0.000000E+00  0.000000E+00  0.000000E+00  0.000000E+00
  0.274911E+01  0.320071E+00 -0.177217E-01  0.000000E+00  0.000000E+00  0.000000E+00  0.000000E+00
  0.263277E+01 -0.166326E-01  0.316791E+00  0.000000E+00  0.000000E+00  0.000000E+00  0.000000E+00
  0.174530E+01 -0.193415E+00  0.619447E-02  0.000000E+00  0.000000E+00  0.000000E+00  0.000000E+00
  0.218518E+01 -0.249796E+00 -0.148934E-01  0.000000E+00  0.000000E+00  0.000000E+00  0.000000E+00
  0.199300E+01  0.247636E+00  0.825552E-02  0.000000E+00  0.000000E+00  0.000000E+00  0.000000E+00
  0.257078E+01  0.104896E-01  0.370924E+00  0.000000E+00  0.000000E+00  0.000000E+00  0.000000E+00
  0.167064E+01 -0.180292E+00  0.175505E-02  0.000000E+00  0.000000E+00  0.000000E+00  0.000000E+00
  0.221699E+01  0.192655E-02 -0.318113E+00  0.000000E+00  0.000000E+00  0.000000E+00  0.000000E+00
  0.259186E+01  0.385040E+00  0.918179E-02  0.000000E+00  0.000000E+00  0.000000E+00  0.000000E+00
  0.250125E+01  0.281022E+00 -0.173838E-01  0.000000E+00  0.000000E+00  0.000000E+00  0.000000E+00
  0.230825E+01 -0.277166E+00 -0.146595E-01  0.000000E+00  0.000000E+00  0.000000E+00  0.000000E+00
  0.256645E+01 -0.407399E+00  0.646303E-03  0.000000E+00  0.000000E+00  0.000000E+00  0.000000E+00
  0.263139E+01 -0.135798E-01  0.355974E+00  0.000000E+00  0.000000E+00  0.000000E+00  0.000000E+00
  0.246374E+01  0.815474E-03  0.381331E+00  0.000000E+00  0.000000E+00  0.000000E+00  0.000000E+00
  0.203862E+01 -0.167879E-01 -0.202959E+00  0.000000E+00  0.000000E+00  0.000000E+00  0.000000E+00
  0.278105E+01 -0.456029E+00 -0.396241E-02  0.000000E+00  0.000000E+00  0.000000E+00  0.000000E+00
  0.194460E+01 -0.245263E+00  0.489222E-02  0.000000E+00  0.000000E+00  0.000000E+00  0.000000E+00
  0.233415E+01 -0.169161E-02 -0.347924E+00  0.000000E+00  0.000000E+00  0.000000E+00  0.000000E+00
  0.265572E+01  0.140764E-01 -0.355473E+00  0.000000E+00  0.000000E+00  0.000000E+00  0.000000E+00
  0.268313E+01 -0.352850E+00 -0.147538E-01  0.000000E+00  0.000000E+00  0.000000E+00  0.000000E+00
  0.197289E+01 -0.255571E+00  0.286107E-02  0.000000E+00  0.000000E+00  0.000000E+00  0.000000E+00
  0.208299E+01  0.115077E-01 -0.253133E+00  0.000000E+00  0.000000E+00  0.000000E+00  0.000000E+00
  0.211182E+01 -0.125296E-02 -0.292067E+00  0.000000E+00  0.000000E+00  0.000000E+00  0.000000E+00
  0.162582E+01 -0.519441E-02 -0.165693E+00  0.000000E+00  0.000000E+00  0.000000E+00  0.000000E+00
  0.226489E+01  0.248262E+00 -0.165470E-01  0.000000E+00  0.000000E+00  0.000000E+00  0.000000E+00
  0.190884E+01 -0.205659E+00 -0.130395E-01  0.000000E+00  0.000000E+00  0.000000E+00  0.000000E+00
  0.248740E+01  0.135668E-01  0.325498E+00  0.000000E+00  0.000000E+00  0.000000E+00  0.000000E+00
  0.209888E+01  0.220616E+00  0.161612E-01  0.000000E+00  0.000000E+00  0.000000E+00  0.000000E+00
  0.274625E+01 -0.192807E-01  0.288399E+00  0.000000E+00  0.000000E+00  0.000000E+00  0.000000E+00
  0.221754E+01  0.267246E+00 -0.136711E-01  0.000000E+00  0.000000E+00  0.000000E+00  0.000000E+00
  0.259996E+01 -0.176697E-01 -0.294303E+00  0.000000E+00  0.000000E+00  0.000000E+00  0.000000E+00
  0.254691E+01 -0.394008E+00 -0.513469E-02  0.000000E+00  0.000000E+00  0.000000E+00  0.000000E+00
  0.282020E+01  0.378905E+00 -0.148949E-01  0.000000E+00  0.000000E+00  0.000000E+00  0.000000E+00
  0.206274E+01 -0.243522E+00 -0.123398E-01  0.000000E+00  0.000000E+00  0.000000E+00  0.000000E+00
  0.233977E+01  0.300119E+00 -0.128779E-01  0.000000E+00  0.000000E+00  0.000000E+00  0.000000E+00
  0.266075E+01  0.795671E-02  0.408979E+00  0.000000E+00  0.000000E+00  0.000000E+00  0.000000E+00
  0.189355E+01 -0.115619E-01 -0.210285E+00  0.000000E+00  0.000000E+00  0.000000E+00  0.000000E+00
  0.228507E+01 -0.132290E-01 -0.285357E+00  0.000000E+00  0.000000E+00  0.000000E+00  0.000000E+00
  0.194808E+01 -0.236645E+00 -0.832818E-02  0.000000E+00  0.000000E+00  0.000000E+00  0.000000E+00
  0.226764E+01  0.331012E+00 -0.181088E-02  0.000000E+00  0.000000E+00  0.000000E+00  0.000000E+00
  0.231952E+01 -0.324962E+00  0.839986E-02  0.000000E+00  0.000000E+00  0.000000E+00  0.000000E+00
  0.235386E+01 -0.180317E-01  0.245003E+00  0.000000E+00  0.000000E+00  0.000000E+00  0.000000E+00
  0.221884E+01 -0.252665E+00  0.153039E-01  0.000000E+00  0.000000E+00  0.000000E+00  0.000000E+00
  0.180310E+01 -0.214144E+00  0.873084E-03  0.000000E+00  0.000000E+00  0.000000E+00  0.000000E+00
  0.251394E+01  0.283681E+00 -0.173607E-01  0.000000E+00  0.000000E+00  0.000000E+00  0.000000E+00
  0.225470E+01  0.496758E-02  0.322056E+00  0.000000E+00  0.000000E+00  0.000000E+00  0.000000E+00
  0.262123E+01  0.104682E-01 -0.382684E+00  0.000000E+00  0.000000E+00  0.000000E+00  0.000000E+00
  0.193929E+01 -0.244180E+00  0.477223E-02  0.000000E+00  0.000000E+00  0.000000E+00  0.000000E+00
  0.240369E+01  0.312879E+00  0.130031E-01  0.000000E+00  0.000000E+00  0.000000E+00  0.000000E+00
  0.176207E+01 -0.194187E+00 -0.761896E-02  0.000000E+00  0.000000E+00  0.000000E+00  0.000000E+00
  0.242530E+01 -0.177036E-01 -0.262516E+00  0.000000E+00  0.000000E+00  0.000000E+00  0.000000E+00
  0.193000E+01 -0.235124E+00 -0.747684E-02  0.000000E+00  0.000000E+00  0.000000E+00  0.000000E+00
  0.196700E+01 -0.266353E-02  0.254314E+00  0.000000E+00  0.000000E+00  0.000000E+00  0.000000E+00
  0.194864E+01 -0.250752E+00  0.135388E-02  0.000000E+00  0.000000E+00  0.000000E+00  0.000000E+00
  0.247072E+01 -0.155027E-01 -0.300706E+00  0.000000E+00  0.000000E+00  0.000000E+00  0.000000E+00
  0.167664E+01  0.180355E+00  0.360282E-02  0.000000E+00  0.000000E+00  0.000000E+00  0.000000E+00
  0.207484E+01 -0.167797E-01 -0.209838E+00  0.000000E+00  0.000000E+00  0.000000E+00  0.000000E+00
  0.240636E+01  0.204394E-03  0.366992E+00  0.000000E+00  0.000000E+00  0.000000E+00  0.000000E+00
  0.254861E+01  0.387182E+00 -0.693964E-02  0.000000E+00  0.000000E+00  0.000000E+00  0.000000E+00
  0.270520E+01 -0.590010E-02  0.430160E+00  0.000000E+00  0.000000E+00  0.000000E+00  0.000000E+00
  0.280343E+01  0.332978E+00  0.175494E-01  0.000000E+00  0.000000E+00  0.000000E+00  0.000000E+00
  0.257642E+01 -0.102750E-01  0.373825E+00  0.000000E+00  0.000000E+00  0.000000E+00  0.000000E+00
  0.180743E+01  0.215056E+00 -0.135013E-02  0.000000E+00  0.000000E+00  0.000000E+00  0.000000E+00
  0.243756E+01 -0.145730E-01  0.304621E+00  0.000000E+00  0.000000E+00  0.000000E+00  0.000000E+00
  0.275010E+01 -0.276910E+00  0.198122E-01  0.000000E+00  0.000000E+00  0.000000E+00  0.000000E+00
  0.187366E+01 -0.117524E-01 -0.204888E+00  0.000000E+00  0.000000E+00  0.000000E+00  0.000000E+00
  0.239821E+01 -0.364356E+00 -0.141489E-02  0.000000E+00  0.000000E+00  0.000000E+00  0.000000E+00
  0.266274E+01  0.167877E-01  0.320049E+00  0.000000E+00  0.000000E+00  0.000000E+00  0.000000E+00
  0.258749E+01  0.400177E+00 -0.615008E-02  0.000000E+00  0.000000E+00  0.000000E+00  0.000000E+00
  0.238384E+01 -0.174416E-01  0.258848E+00  0.000000E+00  0.000000E+00  0.000000E+00  0.000000E+00
  0.203121E+01  0.203371E+00 -0.166033E-01  0.000000E+00  0.000000E+00  0.000000E+00  0.000000E+00
  0.199867E+01 -0.150010E-01 -0.211022E+00  0.000000E+00  0.000000E+00  0.000000E+00  0.000000E+00
  0.269093E+01  0.339905E+00 -0.158242E-01  0.000000E+00  0.000000E+00  0.000000E+00  0.000000E+00
  0.202266E+01  0.133565E-01  0.228119E+00  0.000000E+00  0.000000E+00  0.000000E+00  0.000000E+00
  0.210143E+01  0.289799E+00 -0.144909E-03  0.000000E+00  0.000000E+00  0.000000E+00  0.000000E+00
  0.253674E+01 -0.762151E-02 -0.380974E+00  0.000000E+00  0.000000E+00  0.000000E+00  0.000000E+00
  0.239512E+01 -0.634080E-02  0.352253E+00  0.000000E+00  0.000000E+00  0.000000E+00  0.000000E+00
  0.235916E+01  0.297585E+00  0.136366E-01  0.000000E+00  0.000000E+00  0.000000E+00  0.000000E+00
  0.214089E+01  0.295312E+00  0.430723E-02  0.000000E+00  0.000000E+00  0.000000E+00  0.000000E+00
  0.213104E+01  0.266842E+00 -0.110229E-01  0.000000E+00  0.000000E+00  0.000000E+00  0.000000E+00
  0.228934E+01 -0.171719E-01 -0.245199E+00  0.000000E+00  0.000000E+00  0.000000E+00  0.000000E+00
  0.166602E+01  0.821533E-02 -0.169597E+00  0.000000E+00  0.000000E+00  0.000000E+00  0.000000E+00
  0.199188E+01 -0.156111E-01  0.204693E+00  0.000000E+00  0.000000E+00  0.000000E+00  0.000000E+00
  0.223728E+01 -0.306139E+00  0.822741E-02  0.000000E+00  0.000000E+00  0.000000E+00  0.000000E+00
  0.225980E+01  0.455414E-02  0.324379E+00  0.000000E+00  0.000000E+00  0.000000E+00  0.000000E+00
  0.244266E+01 -0.350974E+00  0.899993E-02  0.000000E+00  0.000000E+00  0.000000E+00  0.000000E+00
  0.182139E+01 -0.332798E-02 -0.216956E+00  0.000000E+00  0.000000E+00  0.000000E+00  0.000000E+00
  0.261683E+01 -0.154217E-01 -0.330797E+00  0.000000E+00  0.000000E+00  0.000000E+00  0.000000E+00
  0.239852E+01  0.350063E+00  0.708355E-02  0.000000E+00  0.000000E+00  0.000000E+00  0.000000E+00
  0.206640E+01  0.280778E+00  0.833414E-03  0.000000E+00  0.000000E+00  0.000000E+00  0.000000E+00
  0.199663E+01  0.951863E-02 -0.243441E+00  0.000000E+00  0.000000E+00  0.000000E+00  0.000000E+00
  0.222521E+01  0.301648E+00  0.857758E-02  0.000000E+00  0.000000E+00  0.000000E+00  0.000000E+00
  0.174452E+01 -0.198805E+00  0.199977E-02  0.000000E+00  0.000000E+00  0.000000E+00  0.000000E+00
  0.176633E+01 -0.196520E+00  0.710245E-02  0.000000E+00  0.000000E+00  0.000000E+00  0.000000E+00
  0.197723E+01  0.223240E+00  0.125843E-01  0.000000E+00  0.000000E+00  0.000000E+00  0.000000E+00
  0.215858E+01 -0.156383E-01 -0.237394E+00  0.000000E+00  0.000000E+00  0.000000E+00  0.000000E+00
  0.238256E+01  0.283620E+00  0.154655E-01  0.000000E+00  0.000000E+00  0.000000E+00  0.000000E+00
  0.254744E+01 -0.269528E+00 -0.185757E-01  0.000000E+00  0.000000E+00  0.000000E+00  0.000000E+00
  0.175374E+01  0.178725E+00  0.116039E-01  0.000000E+00  0.000000E+00  0.000000E+00  0.000000E+00
  0.243617E+01  0.356045E+00  0.776147E-02  0.000000E+00  0.000000E+00  0.000000E+00  0.000000E+00
  0.235871E+01 -0.346761E-02  0.351510E+00  0.000000E+00  0.000000E+00  0.000000E+00  0.000000E+00
  0.278374E+01 -0.654373E-02 -0.446424E+00  0.000000E+00  0.000000E+00  0.000000E+00  0.000000E+00
  0.191187E+01 -0.133727E-01 -0.204310E+00  0.000000E+00  0.000000E+00  0.000000E+00  0.000000E+00
  0.236266E+01  0.238574E+00  0.185531E-01  0.000000E+00  0.000000E+00  0.000000E+00  0.000000E+00
  0.198280E+01  0.238757E+00  0.984984E-02  0.000000E+00  0.000000E+00  0.000000E+00  0.000000E+00
  0.249537E+01  0.272789E+00  0.178466E-01  0.000000E+00  0.000000E+00  0.000000E+00  0.000000E+00
  0.274258E+01  0.687163E-02  0.434713E+00  0.000000E+00  0.000000E+00  0.000000E+00  0.000000E+00
  0.223020E+01  0.283708E-02 -0.320323E+00  0.000000E+00  0.000000E+00  0.000000E+00  0.000000E+00
  0.256195E+01 -0.616383E-02 -0.393852E+00  0.000000E+00  0.000000E+00  0.000000E+00  0.000000E+00
  0.252016E+01 -0.188042E-01 -0.260833E+00  0.000000E+00  0.000000E+00  0.000000E+00  0.000000E+00
  0.246948E+01  0.176772E-01  0.270818E+00  0.000000E+00  0.000000E+00  0.000000E+00  0.000000E+00
  0.180176E+01  0.118685E-01 -0.188290E+00  0.000000E+00  0.000000E+00  0.000000E+00  0.000000E+00
  0.230304E+01  0.974779E-03 -0.340587E+00  0.000000E+00  0.000000E+00  0.000000E+00  0.000000E+00
  0.245145E+01 -0.307897E+00 -0.145344E-01  0.000000E+00  0.000000E+00  0.000000E+00  0.000000E+00
  0.194223E+01  0.756986E-02 -0.237785E+00  0.000000E+00  0.000000E+00  0.000000E+00  0.000000E+00
  0.239738E+01 -0.296294E+00 -0.145788E-01  0.000000E+00  0.000000E+00  0.000000E+00  0.000000E+00
  0.175095E+01  0.201060E+00 -0.258206E-03  0.000000E+00  0.000000E+00  0.000000E+00  0.000000E+00
  0.161490E+01 -0.166342E+00 -0.145894E-02  0.000000E+00  0.000000E+00  0.000000E+00  0.000000E+00
  0.256394E+01 -0.367529E+00 -0.107285E-01  0.000000E+00  0.000000E+00  0.000000E+00  0.000000E+00
  0.255736E+01  0.404698E+00  0.128849E-02  0.000000E+00  0.000000E+00  0.000000E+00  0.000000E+00
  0.240189E+01  0.290721E+00 -0.151785E-01  0.000000E+00  0.000000E+00  0.000000E+00  0.000000E+00
  0.230064E+01  0.307870E+00  0.106427E-01  0.000000E+00  0.000000E+00  0.000000E+00  0.000000E+00
  0.229005E+01  0.702370E-02  0.323962E+00  0.000000E+00  0.000000E+00  0.000000E+00  0.000000E+00
  0.170468E+01  0.175254E+00  0.946690E-02  0.000000E+00  0.000000E+00  0.000000E+00  0.000000E+00
  0.261568E+01  0.196913E-01 -0.258771E+00  0.000000E+00  0.000000E+00  0.000000E+00  0.000000E+00
  0.176560E+01  0.618878E-02 -0.198406E+00  0.000000E+00  0.000000E+00  0.000000E+00  0.000000E+00
  0.198564E+01  0.945622E-02 -0.241136E+00  0.000000E+00  0.000000E+00  0.000000E+00  0.000000E+00
  0.234337E+01 -0.185661E-01 -0.235100E+00  0.000000E+00  0.000000E+00  0.000000E+00  0.000000E+00
  0.272663E+01  0.149381E-01 -0.359302E+00  0.000000E+00  0.000000E+00  0.000000E+00  0.000000E+00
  0.168413E+01 -0.181557E+00  0.418331E-02  0.000000E+00  0.000000E+00  0.000000E+00  0.000000E+00
  0.273683E+01  0.110662E-01 -0.404115E+00  0.000000E+00  0.000000E+00  0.000000E+00  0.000000E+00
  0.199851E+01  0.254176E+00 -0.667416E-02  0.000000E+00  0.000000E+00  0.000000E+00  0.000000E+00
  0.174393E+01 -0.353231E-02  0.197293E+00  0.000000E+00  0.000000E+00  0.000000E+00  0.000000E+00
  0.227505E+01  0.315487E+00 -0.815867E-02  0.000000E+00  0.000000E+00  0.000000E+00  0.000000E+00
  0.207954E+01  0.230820E+00  0.145916E-01  0.000000E+00  0.000000E+00  0.000000E+00  0.000000E+00
  0.237215E+01  0.243795E+00 -0.183225E-01  0.000000E+00  0.000000E+00  0.000000E+00  0.000000E+00
  0.167222E+01 -0.174151E+00  0.687636E-02  0.000000E+00  0.000000E+00  0.000000E+00  0.000000E+00
  0.231611E+01  0.169046E-02 -0.343368E+00  0.000000E+00  0.000000E+00  0.000000E+00  0.000000E+00
  0.250996E+01  0.894087E-02 -0.367228E+00  0.000000E+00  0.000000E+00  0.000000E+00  0.000000E+00
  0.174848E+01  0.193923E+00 -0.632574E-02  0.000000E+00  0.000000E+00  0.000000E+00  0.000000E+00
  0.186156E+01 -0.198111E+00  0.125517E-01  0.000000E+00  0.000000E+00  0.000000E+00  0.000000E+00
  0.230911E+01  0.662396E-02  0.330147E+00  0.000000E+00  0.000000E+00  0.000000E+00  0.000000E+00
  0.259152E+01  0.194218E-01 -0.260606E+00  0.000000E+00  0.000000E+00  0.000000E+00  0.000000E+00
  0.235757E+01 -0.111871E-01  0.317164E+00  0.000000E+00  0.000000E+00  0.000000E+00  0.000000E+00
  0.218843E+01 -0.275995E+00  0.116360E-01  0.000000E+00  0.000000E+00  0.000000E+00  0.000000E+00
  0.193544E+01 -0.139076E-01  0.205899E+00  0.000000E+00  0.000000E+00  0.000000E+00  0.000000E+00
  0.251585E+01  0.124711E-01  0.342107E+00  0.000000E+00  0.000000E+00  0.000000E+00  0.000000E+00
  0.186999E+01 -0.198809E+00  0.127631E-01  0.000000E+00  0.000000E+00  0.000000E+00  0.000000E+00
  0.228780E+01  0.303875E+00  0.108073E-01  0.000000E+00  0.000000E+00  0.000000E+00  0.000000E+00
  0.263864E+01 -0.344574E+00  0.146879E-01  0.000000E+00  0.000000E+00  0.000000E+00  0.000000E+00
  0.242585E+01 -0.310869E+00 -0.137258E-01  0.000000E+00  0.000000E+00  0.000000E+00  0.000000E+00
  0.177959E+01  0.208070E+00  0.122833E-02  0.000000E+00  0.000000E+00  0.000000E+00  0.000000E+00
  0.229953E+01  0.170615E-01 -0.248483E+00  0.000000E+00  0.000000E+00  0.000000E+00  0.000000E+00
  0.213970E+01 -0.260155E+00  0.123856E-01  0.000000E+00  0.000000E+00  0.000000E+00  0.000000E+00
  0.258578E+01 -0.386466E+00 -0.873015E-02  0.000000E+00  0.000000E+00  0.000000E+00  0.000000E+00
  0.248624E+01  0.121563E-01  0.338368E+00  0.000000E+00  0.000000E+00  0.000000E+00  0.000000E+00
  0.261839E+01 -0.911002E-02 -0.391762E+00  0.000000E+00  0.000000E+00  0.000000E+00  0.000000E+00
  0.175502E+01 -0.188723E+00 -0.894487E-02  0.000000E+00  0.000000E+00  0.000000E+00  0.000000E+00
  0.230375E+01 -0.332705E+00  0.548956E-02  0.000000E+00  0.000000E+00  0.000000E+00  0.000000E+00
  0.179847E+01  0.266947E-02  0.211883E+00  0.000000E+00  0.000000E+00  0.000000E+00  0.000000E+00
  0.195065E+01 -0.195817E+00 -0.157005E-01  0.000000E+00  0.000000E+00  0.000000E+00  0.000000E+00
  0.249928E+01 -0.366402E+00 -0.865133E-02  0.000000E+00  0.000000E+00  0.000000E+00  0.000000E+00
  0.251774E+01 -0.317617E+00  0.148765E-01  0.000000E+00  0.000000E+00  0.000000E+00  0.000000E+00
  0.171634E+01  0.181803E+00  0.814969E-02  0.000000E+00  0.000000E+00  0.000000E+00  0.000000E+00
  0.239425E+01 -0.242695E+00  0.186297E-01  0.000000E+00  0.000000E+00  0.000000E+00  0.000000E+00
  0.244161E+01  0.113668E-01  0.334825E+00  0.000000E+00  0.000000E+00  0.000000E+00  0.000000E+00
  0.279806E+01  0.186018E-01  0.311451E+00  0.000000E+00  0.000000E+00  0.000000E+00  0.000000E+00
  0.170999E+01  0.429586E-02 -0.187863E+00  0.000000E+00  0.000000E+00  0.000000E+00  0.000000E+00
  0.197274E+01  0.148471E-01  0.206949E+00  0.000000E+00  0.000000E+00  0.000000E+00  0.000000E+00
  0.184917E+01 -0.223664E+00 -0.353740E-02  0.000000E+00  0.000000E+00  0.000000E+00  0.000000E+00
  0.267629E+01  0.435293E+00 -0.392901E-03  0.000000E+00  0.000000E+00  0.000000E+00  0.000000E+00
  0.217096E+01 -0.166597E-01 -0.229205E+00  0.000000E+00  0.000000E+00  0.000000E+00  0.000000E+00
  0.283950E+01  0.432830E+00  0.104723E-01  0.000000E+00  0.000000E+00  0.000000E+00  0.000000E+00
  0.277267E+01 -0.426191E+00 -0.937583E-02  0.000000E+00  0.000000E+00  0.000000E+00  0.000000E+00
  0.194968E+01 -0.497074E-02  0.246365E+00  0.000000E+00  0.000000E+00  0.000000E+00  0.000000E+00
  0.212110E+01 -0.246932E+00  0.136544E-01  0.000000E+00  0.000000E+00  0.000000E+00  0.000000E+00
  0.178566E+01  0.198023E+00  0.827692E-02  0.000000E+00  0.000000E+00  0.000000E+00  0.000000E+00
  0.260058E+01  0.303122E+00 -0.171302E-01  0.000000E+00  0.000000E+00  0.000000E+00  0.000000E+00
  0.280209E+01  0.176463E-01 -0.330943E+00  0.000000E+00  0.000000E+00  0.000000E+00  0.000000E+00
  0.228538E+01  0.148027E-01  0.271071E+00  0.000000E+00  0.000000E+00  0.000000E+00  0.000000E+00
  0.182590E+01 -0.118177E-01  0.193909E+00  0.000000E+00  0.000000E+00  0.000000E+00  0.000000E+00
  0.188194E+01  0.197409E+00  0.134563E-01  0.000000E+00  0.000000E+00  0.000000E+00  0.000000E+00
  0.256451E+01 -0.265389E+00 -0.189557E-01  0.000000E+00  0.000000E+00  0.000000E+00  0.000000E+00
  0.182684E+01 -0.443845E-02  0.216786E+00  0.000000E+00  0.000000E+00  0.000000E+00  0.000000E+00
  0.184796E+01  0.641253E-03  0.225556E+00  0.000000E+00  0.000000E+00  0.000000E+00  0.000000E+00
  0.193978E+01  0.267953E-02 -0.247443E+00  0.000000E+00  0.000000E+00  0.000000E+00  0.000000E+00
  0.274021E+01  0.450571E+00  0.162696E-02  0.000000E+00  0.000000E+00  0.000000E+00  0.000000E+00
  0.267388E+01 -0.731460E-02  0.415711E+00  0.000000E+00  0.000000E+00  0.000000E+00  0.000000E+00
  0.284082E+01 -0.168269E-01  0.122031E-01  0.000000E+00  0.000000E+00  0.000000E+00  0.000000E+00
  0.284082E+01 -0.201440E-01 -0.105404E+00  0.000000E+00  0.000000E+00  0.000000E+00  0.000000E+00
  0.284082E+01 -0.909914E-01  0.873948E-01  0.000000E+00  0.000000E+00  0.000000E+00  0.000000E+00
  0.284082E+01 -0.120153E+00 -0.805713E-01  0.000000E+00  0.000000E+00  0.000000E+00  0.000000E+00
  0.284082E+01  0.272650E-01 -0.980861E-01  0.000000E+00  0.000000E+00  0.000000E+00  0.000000E+00
  0.284082E+01  0.130920E+00  0.618343E-01  0.000000E+00  0.000000E+00  0.000000E+00  0.000000E+00
  0.284082E+01  0.542626E-01 -0.126829E+00  0.000000E+00  0.000000E+00  0.000000E+00  0.000000E+00
  0.284082E+01 -0.203775E+00  0.914950E-01  0.000000E+00  0.000000E+00  0.000000E+00  0.000000E+00
  0.284082E+01  0.241026E+00  0.224996E-02  0.000000E+00  0.000000E+00  0.000000E+00  0.000000E+00
  0.284082E+01 -0.470433E-02  0.476911E-01  0.000000E+00  0.000000E+00  0.000000E+00  0.000000E+00
  0.284082E+01 -0.853804E-01 -0.128488E-01  0.000000E+00  0.000000E+00  0.000000E+00  0.000000E+00
  0.284082E+01 -0.796398E-01  0.186772E+00  0.000000E+00  0.000000E+00  0.000000E+00  0.000000E+00
  0.284082E+01  0.206043E+00 -0.961215E-01  0.000000E+00  0.000000E+00  0.000000E+00  0.000000E+00
  0.284082E+01 -0.136224E+00  0.144043E+00  0.000000E+00  0.000000E+00  0.000000E+00  0.000000E+00
  0.284082E+01  0.947422E-01  0.614783E-01  0.000000E+00  0.000000E+00  0.000000E+00  0.000000E+00
  0.284082E+01  0.960127E-01  0.510050E-01  0.000000E+00  0.000000E+00  0.000000E+00  0.000000E+00
  0.284082E+01  0.172672E+00 -0.119209E+00  0.000000E+00  0.000000E+00  0.000000E+00  0.000000E+00
  0.284082E+01  0.647510E-02 -0.109193E-01  0.000000E+00  0.000000E+00  0.000000E+00  0.000000E+00
  0.284082E+01  0.301466E-01 -0.127597E+00  0.000000E+00  0.000000E+00  0.000000E+00  0.000000E+00
  0.284082E+01 -0.146021E+00  0.178612E+00  0.000000E+00  0.000000E+00  0.000000E+00  0.000000E+00
  0.284082E+01  0.465314E-02  0.527929E-02  0.000000E+00  0.000000E+00  0.000000E+00  0.000000E+00
  0.284082E+01  0.647913E-01  0.363262E-03  0.000000E+00  0.000000E+00  0.000000E+00  0.000000E+00
  0.284082E+01  0.142344E+00 -0.143021E+00  0.000000E+00  0.000000E+00  0.000000E+00  0.000000E+00
  0.284082E+01 -0.825974E-01 -0.114203E+00  0.000000E+00  0.000000E+00  0.000000E+00  0.000000E+00
  0.284082E+01  0.502477E-01  0.108273E-01  0.000000E+00  0.000000E+00  0.000000E+00  0.000000E+00
  0.284082E+01  0.208846E+00 -0.130204E+00  0.000000E+00  0.000000E+00  0.000000E+00  0.000000E+00
  0.284082E+01 -0.240522E+00 -0.297706E-01  0.000000E+00  0.000000E+00  0.000000E+00  0.000000E+00
  0.284082E+01 -0.141486E+00  0.107595E+00  0.000000E+00  0.000000E+00  0.000000E+00  0.000000E+00
  0.284082E+01  0.163386E+00 -0.543827E-01  0.000000E+00  0.000000E+00  0.000000E+00  0.000000E+00
  0.284082E+01  0.100976E+00 -0.718688E-01  0.000000E+00  0.000000E+00  0.000000E+00  0.000000E+00
  0.284082E+01  0.154626E+00 -0.100270E-01  0.000000E+00  0.000000E+00  0.000000E+00  0.000000E+00
  0.284082E+01  0.176462E+00  0.697399E-01  0.000000E+00  0.000000E+00  0.000000E+00  0.000000E+00
  0.284082E+01 -0.941564E-01  0.836197E-02  0.000000E+00  0.000000E+00  0.000000E+00  0.000000E+00
  0.284082E+01 -0.602282E-01  0.139751E+00  0.000000E+00  0.000000E+00  0.000000E+00  0.000000E+00
  0.284082E+01 -0.121824E+00 -0.120669E+00  0.000000E+00  0.000000E+00  0.000000E+00  0.000000E+00
  0.284082E+01  0.304739E-01 -0.107951E+00  0.000000E+00  0.000000E+00  0.000000E+00  0.000000E+00
  0.284082E+01 -0.993084E-03  0.352870E-02  0.000000E+00  0.000000E+00  0.000000E+00  0.000000E+00
  0.284082E+01  0.220656E+00 -0.201800E-01  0.000000E+00  0.000000E+00  0.000000E+00  0.000000E+00
  0.284082E+01 -0.132260E+00  0.120240E+00  0.000000E+00  0.000000E+00  0.000000E+00  0.000000E+00
  0.284082E+01 -0.194432E+00  0.166749E-01  0.000000E+00  0.000000E+00  0.000000E+00  0.000000E+00
  0.284082E+01 -0.313917E-01  0.536107E-01  0.000000E+00  0.000000E+00  0.000000E+00  0.000000E+00
  0.284082E+01  0.231931E+00 -0.599998E-01  0.000000E+00  0.000000E+00  0.000000E+00  0.000000E+00
  0.284082E+01 -0.240688E-01  0.212661E+00  0.000000E+00  0.000000E+00  0.000000E+00  0.000000E+00
  0.284082E+01 -0.593434E-01  0.165815E+00  0.000000E+00  0.000000E+00  0.000000E+00  0.000000E+00
  0.284082E+01  0.149729E-01 -0.636746E-02  0.000000E+00  0.000000E+00  0.000000E+00  0.000000E+00
  0.284082E+01  0.221890E+00 -0.677814E-01  0.000000E+00  0.000000E+00  0.000000E+00  0.000000E+00
  0.284082E+01  0.827844E-01 -0.470199E-01  0.000000E+00  0.000000E+00  0.000000E+00  0.000000E+00
  0.284082E+01 -0.116967E+00  0.243354E-01  0.000000E+00  0.000000E+00  0.000000E+00  0.000000E+00
  0.284082E+01  0.462842E-01 -0.723526E-02  0.000000E+00  0.000000E+00  0.000000E+00  0.000000E+00
  0.284082E+01 -0.696090E-01 -0.367590E-01  0.000000E+00  0.000000E+00  0.000000E+00  0.000000E+00
  0.284082E+01 -0.106626E-01  0.662994E-01  0.000000E+00  0.000000E+00  0.000000E+00  0.000000E+00
  0.284082E+01  0.113160E-03 -0.110631E-02  0.000000E+00  0.000000E+00  0.000000E+00  0.000000E+00
  0.284082E+01 -0.401034E-01  0.816143E-02  0.000000E+00  0.000000E+00  0.000000E+00  0.000000E+00
  0.284082E+01 -0.105952E+00  0.149539E+00  0.000000E+00  0.000000E+00  0.000000E+00  0.000000E+00
  0.284082E+01  0.283364E-01  0.916229E-01  0.000000E+00  0.000000E+00  0.000000E+00  0.000000E+00
  0.284082E+01  0.323169E-03  0.162180E-01  0.000000E+00  0.000000E+00  0.000000E+00  0.000000E+00
  0.284082E+01  0.181407E+00 -0.117893E+00  0.000000E+00  0.000000E+00  0.000000E+00  0.000000E+00
  0.284082E+01  0.438093E-02  0.148355E+00  0.000000E+00  0.000000E+00  0.000000E+00  0.000000E+00
  0.284082E+01 -0.165793E+00  0.133466E+00  0.000000E+00  0.000000E+00  0.000000E+00  0.000000E+00
  0.284082E+01  0.504762E-01  0.592802E-01  0.000000E+00  0.000000E+00  0.000000E+00  0.000000E+00
  0.284082E+01 -0.971978E-01 -0.183440E+00  0.000000E+00  0.000000E+00  0.000000E+00  0.000000E+00
  0.284082E+01  0.526722E-01  0.460986E-01  0.000000E+00  0.000000E+00  0.000000E+00  0.000000E+00
  0.284082E+01 -0.836320E-01  0.401536E-01  0.000000E+00  0.000000E+00  0.000000E+00  0.000000E+00
  0.284082E+01  0.184922E+00 -0.159979E+00  0.000000E+00  0.000000E+00  0.000000E+00  0.000000E+00
  0.284082E+01  0.769740E-01 -0.394707E-01  0.000000E+00  0.000000E+00  0.000000E+00  0.000000E+00
  0.284082E+01  0.221877E+00 -0.731783E-02  0.000000E+00  0.000000E+00  0.000000E+00  0.000000E+00
  0.284082E+01 -0.395378E-01 -0.201902E+00  0.000000E+00  0.000000E+00  0.000000E+00  0.000000E+00
  0.284082E+01 -0.209491E-01  0.461868E-01  0.000000E+00  0.000000E+00  0.000000E+00  0.000000E+00
  0.284082E+01 -0.348331E-01 -0.151774E-02  0.000000E+00  0.000000E+00  0.000000E+00  0.000000E+00
  0.284082E+01 -0.114009E-01 -0.496893E-01  0.000000E+00  0.000000E+00  0.000000E+00  0.000000E+00
  0.284082E+01 -0.163539E+00 -0.695555E-02  0.000000E+00  0.000000E+00  0.000000E+00  0.000000E+00
  0.284082E+01 -0.107825E+00 -0.827630E-01  0.000000E+00  0.000000E+00  0.000000E+00  0.000000E+00
  0.284082E+01 -0.564437E-01  0.119657E-01  0.000000E+00  0.000000E+00  0.000000E+00  0.000000E+00
  0.284082E+01  0.204980E+00 -0.986605E-01  0.000000E+00  0.000000E+00  0.000000E+00  0.000000E+00
  0.284082E+01  0.536960E-01 -0.368683E-01  0.000000E+00  0.000000E+00  0.000000E+00  0.000000E+00
  0.284082E+01 -0.496734E-01  0.453792E-01  0.000000E+00  0.000000E+00  0.000000E+00  0.000000E+00
  0.284082E+01 -0.457357E-01  0.135920E+00  0.000000E+00  0.000000E+00  0.000000E+00  0.000000E+00
  0.284082E+01  0.136998E+00 -0.162222E+00  0.000000E+00  0.000000E+00  0.000000E+00  0.000000E+00
  0.284082E+01  0.132623E+00 -0.107059E-01  0.000000E+00  0.000000E+00  0.000000E+00  0.000000E+00
  0.284082E+01 -0.337357E-02  0.189821E-01  0.000000E+00  0.000000E+00  0.000000E+00  0.000000E+00
  0.284082E+01 -0.978146E-02 -0.244432E-01  0.000000E+00  0.000000E+00  0.000000E+00  0.000000E+00
  0.284082E+01  0.102307E-01  0.701117E-02  0.000000E+00  0.000000E+00  0.000000E+00  0.000000E+00
  0.284082E+01 -0.200221E+00 -0.878303E-01  0.000000E+00  0.000000E+00  0.000000E+00  0.000000E+00
  0.284082E+01 -0.558230E-02  0.528196E-01  0.000000E+00  0.000000E+00  0.000000E+00  0.000000E+00
  0.284082E+01  0.166144E-01 -0.129671E+00  0.000000E+00  0.000000E+00  0.000000E+00  0.000000E+00
  0.284082E+01  0.144422E+00  0.249028E-01  0.000000E+00  0.000000E+00  0.000000E+00  0.000000E+00
  0.284082E+01  0.133327E+00 -0.534356E-01  0.000000E+00  0.000000E+00  0.000000E+00  0.000000E+00
  0.284082E+01  0.174536E-01  0.194287E-01  0.000000E+00  0.000000E+00  0.000000E+00  0.000000E+00
  0.284082E+01 -0.181129E-01 -0.357299E-01  0.000000E+00  0.000000E+00  0.000000E+00  0.000000E+00
  0.284082E+01  0.317677E-01  0.340153E-01  0.000000E+00  0.000000E+00  0.000000E+00  0.000000E+00
  0.284082E+01  0.105425E+00 -0.185496E+00  0.000000E+00  0.000000E+00  0.000000E+00  0.000000E+00
  0.284082E+01 -0.602424E-01  0.188637E+00  0.000000E+00  0.000000E+00  0.000000E+00  0.000000E+00
  0.284082E+01  0.100648E+00 -0.161833E-01  0.000000E+00  0.000000E+00  0.000000E+00  0.000000E+00
  0.284082E+01 -0.110898E+00 -0.874101E-01  0.000000E+00  0.000000E+00  0.000000E+00  0.000000E+00
  0.284082E+01  0.905917E-02 -0.100335E-01  0.000000E+00  0.000000E+00  0.000000E+00  0.000000E+00
  0.284082E+01  0.309731E-01  0.139859E+00  0.000000E+00  0.000000E+00  0.000000E+00  0.000000E+00
  0.284082E+01 -0.126162E+00  0.134980E+00  0.000000E+00  0.000000E+00  0.000000E+00  0.000000E+00
  0.284082E+01 -0.409554E-01 -0.822878E-01  0.000000E+00  0.000000E+00  0.000000E+00  0.000000E+00
  0.284082E+01  0.102677E+00 -0.137071E+00  0.000000E+00  0.000000E+00  0.000000E+00  0.000000E+00
  0.284082E+01 -0.361091E-02  0.140095E+00  0.000000E+00  0.000000E+00  0.000000E+00  0.000000E+00
