  0.235892E+01 -0.352776E+00  0.279003E-02  0.000000E+00  0.000000E+00  0.000000E+00  0.000000E+00
  0.182912E+01  0.211892E+00  0.705233E-02  0.000000E+00  0.000000E+00  0.000000E+00  0.000000E+00
  0.222310E+01  0.297805E+00  0.925977E-02  0.000000E+00  0.000000E+00  0.000000E+00  0.000000E+00
  0.268924E+01  0.132743E-02  0.438007E+00  0.000000E+00  0.000000E+00  0.000000E+00  0.000000E+00
  0.273452E+01 -0.365239E-02  0.445259E+00  0.000000E+00  0.000000E+00  0.000000E+00  0.000000E+00
  0.257264E+01  0.372880E+00  0.102851E-01  0.000000E+00  0.000000E+00  0.000000E+00  0.000000E+00
  0.210687E+01 -0.251145E+00  0.126512E-01  0.000000E+00  0.000000E+00  0.000000E+00  0.000000E+00
  0.269260E+01 -0.285184E+00  0.190214E-01  0.000000E+00  0.000000E+00  0.000000E+00  0.000000E+00
  0.230231E+01  0.902847E-03  0.340440E+00  0.000000E+00  0.000000E+00  0.000000E+00  0.000000E+00
  0.272436E+01  0.103262E-01  0.407556E+00  0.000000E+00  0.000000E+00  0.000000E+00  0.000000E+00
  0.227158E+01  0.981646E-02  0.306146E+00  0.000000E+00  0.000000E+00  0.000000E+00  0.000000E+00
  0.245214E+01 -0.378589E+00  0.137362E-03  0.000000E+00  0.000000E+00  0.000000E+00  0.000000E+00
  0.282589E+01  0.131880E-01  0.402022E+00  0.000000E+00  0.000000E+00  0.000000E+00  0.000000E+00
  0.184723E+01  0.125885E-01  0.194779E+00  0.000000E+00  0.000000E+00  0.000000E+00  0.000000E+00
  0.235396E+01  0.158260E-01  0.273837E+00  0.000000E+00  0.000000E+00  0.000000E+00  0.000000E+00
  0.279328E+01 -0.371945E+00  0.150020E-01  0.000000E+00  0.000000E+00  0.000000E+00  0.000000E+00
  0.202557E+01 -0.201854E+00  0.166499E-01  0.000000E+00  0.000000E+00  0.000000E+00  0.000000E+00
  0.207187E+01  0.534847E-02  0.275784E+00  0.000000E+00  0.000000E+00  0.000000E+00  0.000000E+00
  0.243869E+01 -0.919732E-02  0.348879E+00  0.000000E+00  0.000000E+00  0.000000E+00  0.000000E+00
  0.267576E+01  0.397251E+00  0.102115E-01  0.000000E+00  0.000000E+00  0.000000E+00  0.000000E+00
  0.234733E+01 -0.139183E-01  0.292455E+00  0.000000E+00  0.000000E+00  0.000000E+00  0.000000E+00
  0.192815E+01  0.229622E+00  0.895332E-02  0.000000E+00  0.000000E+00  0.000000E+00  0.000000E+00
  0.181200E+01  0.589105E-02  0.210431E+00  0.000000E+00  0.000000E+00  0.000000E+00  0.000000E+00
  0.219809E+01  0.168989E-01  0.231604E+00  0.000000E+00  0.000000E+00  0.000000E+00  0.000000E+00
  0.265946E+01 -0.302534E+00  0.178095E-01  0.000000E+00  0.000000E+00  0.000000E+00  0.000000E+00
  0.195006E+01  0.133585E-01  0.212570E+00  0.000000E+00  0.000000E+00  0.000000E+00  0.000000E+00
  0.263215E+01  0.380194E+00  0.110849E-01  0.000000E+00  0.000000E+00  0.000000E+00  0.000000E+00
  0.257167E+01  0.266969E+00  0.189347E-01  0.000000E+00  0.000000E+00  0.000000E+00  0.000000E+00
  0.233455E+01 -0.348750E+00  0.518350E-03  0.000000E+00  0.000000E+00  0.000000E+00  0.000000E+00
  0.207970E+01 -0.261843E+00  0.973878E-02  0.000000E+00  0.000000E+00  0.000000E+00  0.000000E+00
  0.224714E+01  0.966976E-02  0.301268E+00  0.000000E+00  0.000000E+00  0.000000E+00  0.000000E+00
  0.282611E+01 -0.161810E-01  0.360771E+00  0.000000E+00  0.000000E+00  0.000000E+00  0.000000E+00
  0.179429E+01 -0.197740E+00  0.902643E-02  0.000000E+00  0.000000E+00  0.000000E+00  0.000000E+00
  0.269399E+01 -0.352496E+00  0.149517E-01  0.000000E+00  0.000000E+00  0.000000E+00  0.000000E+00
  0.200932E+01 -0.247747E+00  0.920867E-02  0.000000E+00  0.000000E+00  0.000000E+00  0.000000E+00
  0.250799E+01  0.341729E+00  0.123207E-01  0.000000E+00  0.000000E+00  0.000000E+00  0.000000E+00
  0.241546E+01 -0.298552E+00  0.147157E-01  0.000000E+00  0.000000E+00  0.000000E+00  0.000000E+00
  0.185550E+01 -0.184402E-02  0.226921E+00  0.000000E+00  0.000000E+00  0.000000E+00  0.000000E+00
  0.196121E+01 -0.244017E+00  0.703867E-02  0.000000E+00  0.000000E+00  0.000000E+00  0.000000E+00
  0.237181E+01  0.713457E-02  0.343359E+00  0.000000E+00  0.000000E+00  0.000000E+00  0.000000E+00
  0.243980E+01  0.845811E-02  0.353330E+00  0.000000E+00  0.000000E+00  0.000000E+00  0.000000E+00
  0.255883E+01 -0.951387E-02  0.375090E+00  0.000000E+00  0.000000E+00  0.000000E+00  0.000000E+00
  0.256772E+01  0.918755E-02  0.379317E+00  0.000000E+00  0.000000E+00  0.000000E+00  0.000000E+00
  0.255102E+01 -0.417700E-02  0.397957E+00  0.000000E+00  0.000000E+00  0.000000E+00  0.000000E+00
  0.201639E+01 -0.325951E-02  0.265983E+00  0.000000E+00  0.000000E+00  0.000000E+00  0.000000E+00
  0.236983E+01  0.313114E+00  0.120933E-01  0.000000E+00  0.000000E+00  0.000000E+00  0.000000E+00
  0.227460E+01  0.325126E+00  0.561370E-02  0.000000E+00  0.000000E+00  0.000000E+00  0.000000E+00
  0.257383E+01 -0.152108E-01  0.324908E+00  0.000000E+00  0.000000E+00  0.000000E+00  0.000000E+00
  0.229123E+01  0.182775E-02  0.336954E+00  0.000000E+00  0.000000E+00  0.000000E+00  0.000000E+00
  0.192008E+01  0.876882E-02  0.228396E+00  0.000000E+00  0.000000E+00  0.000000E+00  0.000000E+00
  0.163817E+01 -0.639511E-02  0.166777E+00  0.000000E+00  0.000000E+00  0.000000E+00  0.000000E+00
  0.205143E+01  0.276148E+00  0.211860E-02  0.000000E+00  0.000000E+00  0.000000E+00  0.000000E+00
  0.238240E+01 -0.151648E-01  0.286952E+00  0.000000E+00  0.000000E+00  0.000000E+00  0.000000E+00
  0.201769E+01 -0.102079E-01  0.245191E+00  0.000000E+00  0.000000E+00  0.000000E+00  0.000000E+00
  0.218048E+01 -0.305830E+00  0.399883E-02  0.000000E+00  0.000000E+00  0.000000E+00  0.000000E+00
  0.175245E+01  0.182552E+00  0.105722E-01  0.000000E+00  0.000000E+00  0.000000E+00  0.000000E+00
  0.247599E+01 -0.191327E-01  0.247575E+00  0.000000E+00  0.000000E+00  0.000000E+00  0.000000E+00
  0.230470E+01 -0.171770E-01  0.247960E+00  0.000000E+00  0.000000E+00  0.000000E+00  0.000000E+00
  0.236682E+01 -0.244052E-02  0.355289E+00  0.000000E+00  0.000000E+00  0.000000E+00  0.000000E+00
  0.221902E+01  0.178493E-01  0.223758E+00  0.000000E+00  0.000000E+00  0.000000E+00  0.000000E+00
  0.209293E+01  0.246423E+00  0.128965E-01  0.000000E+00  0.000000E+00  0.000000E+00  0.000000E+00
  0.272889E+01 -0.299360E+00  0.186213E-01  0.000000E+00  0.000000E+00  0.000000E+00  0.000000E+00
  0.272086E+01 -0.160221E-01  0.342850E+00  0.000000E+00  0.000000E+00  0.000000E+00  0.000000E+00
  0.233355E+01  0.176548E-01  0.246795E+00  0.000000E+00  0.000000E+00  0.000000E+00  0.000000E+00
  0.221058E+01 -0.315496E+00  0.276213E-02  0.000000E+00  0.000000E+00  0.000000E+00  0.000000E+00
  0.244743E+01  0.163015E-01  0.286136E+00  0.000000E+00  0.000000E+00  0.000000E+00  0.000000E+00
  0.276895E+01  0.190962E-01  0.296110E+00  0.000000E+00  0.000000E+00  0.000000E+00  0.000000E+00
  0.207493E+01 -0.280417E+00  0.343012E-02  0.000000E+00  0.000000E+00  0.000000E+00  0.000000E+00
  0.210027E+01 -0.235902E+00  0.144924E-01  0.000000E+00  0.000000E+00  0.000000E+00  0.000000E+00
  0.256753E+01  0.103060E-01  0.371547E+00  0.000000E+00  0.000000E+00  0.000000E+00  0.000000E+00
  0.273241E+01  0.545796E-02  0.438710E+00  0.000000E+00  0.000000E+00  0.000000E+00  0.000000E+00
  0.195587E+01 -0.250341E+00  0.358189E-02  0.000000E+00  0.000000E+00  0.000000E+00  0.000000E+00
  0.201615E+01 -0.151126E-01  0.213658E+00  0.000000E+00  0.000000E+00  0.000000E+00  0.000000E+00
  0.171387E+01 -0.174577E+00  0.103234E-01  0.000000E+00  0.000000E+00  0.000000E+00  0.000000E+00
  0.220218E+01  0.258233E+00  0.143456E-01  0.000000E+00  0.000000E+00  0.000000E+00  0.000000E+00
  0.197454E+01 -0.131982E-01  0.218844E+00  0.000000E+00  0.000000E+00  0.000000E+00  0.000000E+00
  0.213524E+01 -0.218727E+00  0.170033E-01  0.000000E+00  0.000000E+00  0.000000E+00  0.000000E+00
  0.275945E+01  0.187574E-01  0.301729E+00  0.000000E+00  0.000000E+00  0.000000E+00  0.000000E+00
  0.223120E+01  0.176976E-01  0.227897E+00  0.000000E+00  0.000000E+00  0.000000E+00  0.000000E+00
  0.246332E+01 -0.333886E+00  0.120866E-01  0.000000E+00  0.000000E+00  0.000000E+00  0.000000E+00
  0.228250E+01 -0.182434E-01  0.229492E+00  0.000000E+00  0.000000E+00  0.000000E+00  0.000000E+00
  0.180580E+01 -0.207345E+00  0.659480E-02  0.000000E+00  0.000000E+00  0.000000E+00  0.000000E+00
  0.218794E+01  0.168235E-01  0.230569E+00  0.000000E+00  0.000000E+00  0.000000E+00  0.000000E+00
  0.265731E+01  0.191483E-01  0.276803E+00  0.000000E+00  0.000000E+00  0.000000E+00  0.000000E+00
  0.200921E+01 -0.102423E-01  0.243068E+00  0.000000E+00  0.000000E+00  0.000000E+00  0.000000E+00
  0.255420E+01 -0.274330E+00  0.183695E-01  0.000000E+00  0.000000E+00  0.000000E+00  0.000000E+00
  0.161750E+01 -0.166715E+00  0.205822E-02  0.000000E+00  0.000000E+00  0.000000E+00  0.000000E+00
  0.225671E+01  0.182927E-01  0.224331E+00  0.000000E+00  0.000000E+00  0.000000E+00  0.000000E+00
  0.274609E+01  0.434392E-02  0.446127E+00  0.000000E+00  0.000000E+00  0.000000E+00  0.000000E+00
  0.249251E+01  0.165147E-01  0.291903E+00  0.000000E+00  0.000000E+00  0.000000E+00  0.000000E+00
  0.278073E+01  0.403061E+00  0.122007E-01  0.000000E+00  0.000000E+00  0.000000E+00  0.000000E+00
  0.186300E+01 -0.222205E+00  0.622862E-02  0.000000E+00  0.000000E+00  0.000000E+00  0.000000E+00
  0.200441E+01  0.172146E-02  0.264612E+00  0.000000E+00  0.000000E+00  0.000000E+00  0.000000E+00
  0.176212E+01 -0.872595E-02  0.191076E+00  0.000000E+00  0.000000E+00  0.000000E+00  0.000000E+00
  0.257200E+01  0.408739E+00  0.784263E-03  0.000000E+00  0.000000E+00  0.000000E+00  0.000000E+00
  0.183003E+01 -0.120244E-01  0.193840E+00  0.000000E+00  0.000000E+00  0.000000E+00  0.000000E+00
  0.270732E+01 -0.442808E+00  0.105312E-02  0.000000E+00  0.000000E+00  0.000000E+00  0.000000E+00
  0.180412E+01 -0.893910E-02  0.200350E+00  0.000000E+00  0.000000E+00  0.000000E+00  0.000000E+00
  0.257570E+01  0.972824E-03  0.409568E+00  0.000000E+00  0.000000E+00  0.000000E+00  0.000000E+00
  0.272735E+01  0.358709E+00  0.149932E-01  0.000000E+00  0.000000E+00  0.000000E+00  0.000000E+00
  0.169063E+01 -0.181548E+00  0.531720E-02  0.000000E+00  0.000000E+00  0.000000E+00  0.000000E+00
  0.199960E+01  0.206197E+00  0.156139E-01  0.000000E+00  0.000000E+00  0.000000E+00  0.000000E+00
  0.256435E+01 -0.379676E+00  0.900636E-02  0.000000E+00  0.000000E+00  0.000000E+00  0.000000E+00
  0.244489E+01 -0.354950E+00  0.838258E-02  0.000000E+00  0.000000E+00  0.000000E+00  0.000000E+00
  0.232263E+01 -0.151013E-01  0.275590E+00  0.000000E+00  0.000000E+00  0.000000E+00  0.000000E+00
  0.234027E+01  0.340359E+00  0.590580E-02  0.000000E+00  0.000000E+00  0.000000E+00  0.000000E+00
  0.187197E+01  0.424338E-02  0.228348E+00  0.000000E+00  0.000000E+00  0.000000E+00  0.000000E+00
  0.275722E+01  0.448249E+00  0.454174E-02  0.000000E+00  0.000000E+00  0.000000E+00  0.000000E+00
  0.271614E+01 -0.386843E+00  0.123940E-01  0.000000E+00  0.000000E+00  0.000000E+00  0.000000E+00
  0.195604E+01 -0.134593E-01  0.213201E+00  0.000000E+00  0.000000E+00  0.000000E+00  0.000000E+00
  0.240302E+01 -0.320032E+00  0.121471E-01  0.000000E+00  0.000000E+00  0.000000E+00  0.000000E+00
  0.225468E+01 -0.252970E+00  0.159561E-01  0.000000E+00  0.000000E+00  0.000000E+00  0.000000E+00
  0.183844E+01 -0.137098E-01  0.186662E+00  0.000000E+00  0.000000E+00  0.000000E+00  0.000000E+00
  0.183276E+01 -0.121678E-01  0.193741E+00  0.000000E+00  0.000000E+00  0.000000E+00  0.000000E+00
  0.235465E+01 -0.295697E+00  0.137372E-01  0.000000E+00  0.000000E+00  0.000000E+00  0.000000E+00
  0.218213E+01 -0.507609E-02  0.303774E+00  0.000000E+00  0.000000E+00  0.000000E+00  0.000000E+00
  0.241271E+01 -0.164074E-01  0.278121E+00  0.000000E+00  0.000000E+00  0.000000E+00  0.000000E+00
  0.222149E+01  0.319987E+00  0.911166E-03  0.000000E+00  0.000000E+00  0.000000E+00  0.000000E+00
  0.234171E+01 -0.297693E+00  0.132097E-01  0.000000E+00  0.000000E+00  0.000000E+00  0.000000E+00
  0.218076E+01 -0.308708E+00  0.218157E-02  0.000000E+00  0.000000E+00  0.000000E+00  0.000000E+00
  0.184703E+01 -0.224921E+00  0.162357E-02  0.000000E+00  0.000000E+00  0.000000E+00  0.000000E+00
  0.228948E+01 -0.172222E-01  0.244581E+00  0.000000E+00  0.000000E+00  0.000000E+00  0.000000E+00
  0.231838E+01  0.359603E-02  0.341147E+00  0.000000E+00  0.000000E+00  0.000000E+00  0.000000E+00
  0.211301E+01  0.291670E+00  0.213075E-02  0.000000E+00  0.000000E+00  0.000000E+00  0.000000E+00
  0.212656E+01 -0.292317E+00  0.401774E-02  0.000000E+00  0.000000E+00  0.000000E+00  0.000000E+00
  0.234245E+01 -0.295065E+00  0.135235E-01  0.000000E+00  0.000000E+00  0.000000E+00  0.000000E+00
  0.272574E+01 -0.358571E+00  0.149792E-01  0.000000E+00  0.000000E+00  0.000000E+00  0.000000E+00
  0.279164E+01 -0.163593E-01  0.351281E+00  0.000000E+00  0.000000E+00  0.000000E+00  0.000000E+00
  0.261184E+01 -0.289619E+00  0.180674E-01  0.000000E+00  0.000000E+00  0.000000E+00  0.000000E+00
  0.230907E+01 -0.437032E-02  0.337102E+00  0.000000E+00  0.000000E+00  0.000000E+00  0.000000E+00
  0.281948E+01 -0.453822E+00  0.679931E-02  0.000000E+00  0.000000E+00  0.000000E+00  0.000000E+00
  0.181582E+01 -0.104121E-01  0.197733E+00  0.000000E+00  0.000000E+00  0.000000E+00  0.000000E+00
  0.242333E+01 -0.358602E+00  0.648280E-02  0.000000E+00  0.000000E+00  0.000000E+00  0.000000E+00
  0.193157E+01 -0.112154E-01  0.220571E+00  0.000000E+00  0.000000E+00  0.000000E+00  0.000000E+00
  0.275162E+01 -0.487471E-02  0.445695E+00  0.000000E+00  0.000000E+00  0.000000E+00  0.000000E+00
  0.278622E+01  0.186022E-01  0.309440E+00  0.000000E+00  0.000000E+00  0.000000E+00  0.000000E+00
  0.170985E+01  0.190642E+00  0.378323E-03  0.000000E+00  0.000000E+00  0.000000E+00  0.000000E+00
  0.246475E+01 -0.370669E+00  0.598981E-02  0.000000E+00  0.000000E+00  0.000000E+00  0.000000E+00
  0.209144E+01 -0.262319E+00  0.101920E-01  0.000000E+00  0.000000E+00  0.000000E+00  0.000000E+00
  0.210819E+01  0.130548E-01  0.248613E+00  0.000000E+00  0.000000E+00  0.000000E+00  0.000000E+00
  0.208102E+01 -0.135894E-01  0.238912E+00  0.000000E+00  0.000000E+00  0.000000E+00  0.000000E+00
  0.215045E+01  0.277812E+00  0.984179E-02  0.000000E+00  0.000000E+00  0.000000E+00  0.000000E+00
  0.212142E+01  0.153239E-01  0.232978E+00  0.000000E+00  0.000000E+00  0.000000E+00  0.000000E+00
  0.252061E+01  0.360913E+00  0.102794E-01  0.000000E+00  0.000000E+00  0.000000E+00  0.000000E+00
  0.208727E+01 -0.129671E-01  0.244709E+00  0.000000E+00  0.000000E+00  0.000000E+00  0.000000E+00
  0.276388E+01 -0.440473E+00  0.676112E-02  0.000000E+00  0.000000E+00  0.000000E+00  0.000000E+00
  0.168810E+01  0.176080E+00  0.773221E-02  0.000000E+00  0.000000E+00  0.000000E+00  0.000000E+00
  0.283076E+01 -0.155191E-01  0.371972E+00  0.000000E+00  0.000000E+00  0.000000E+00  0.000000E+00
  0.280224E+01 -0.177780E-01  0.328500E+00  0.000000E+00  0.000000E+00  0.000000E+00  0.000000E+00
  0.233760E+01  0.173654E-01  0.251495E+00  0.000000E+00  0.000000E+00  0.000000E+00  0.000000E+00
  0.262452E+01  0.287606E+00  0.183037E-01  0.000000E+00  0.000000E+00  0.000000E+00  0.000000E+00
  0.238268E+01 -0.115045E-01  0.320514E+00  0.000000E+00  0.000000E+00  0.000000E+00  0.000000E+00
  0.270965E+01 -0.274518E+00  0.196432E-01  0.000000E+00  0.000000E+00  0.000000E+00  0.000000E+00
  0.219075E+01  0.164938E-01  0.234778E+00  0.000000E+00  0.000000E+00  0.000000E+00  0.000000E+00
  0.276740E+01 -0.592619E-03  0.458285E+00  0.000000E+00  0.000000E+00  0.000000E+00  0.000000E+00
  0.199334E+01 -0.118513E-01  0.231075E+00  0.000000E+00  0.000000E+00  0.000000E+00  0.000000E+00
  0.221997E+01  0.274974E+00  0.127664E-01  0.000000E+00  0.000000E+00  0.000000E+00  0.000000E+00
  0.249349E+01 -0.258327E+00  0.186940E-01  0.000000E+00  0.000000E+00  0.000000E+00  0.000000E+00
  0.248608E+01 -0.142343E-01  0.318301E+00  0.000000E+00  0.000000E+00  0.000000E+00  0.000000E+00
  0.170196E+01  0.187046E+00  0.327079E-02  0.000000E+00  0.000000E+00  0.000000E+00  0.000000E+00
  0.201792E+01  0.959672E-02  0.248078E+00  0.000000E+00  0.000000E+00  0.000000E+00  0.000000E+00
  0.282528E+01  0.427814E-02  0.466088E+00  0.000000E+00  0.000000E+00  0.000000E+00  0.000000E+00
  0.187337E+01 -0.127108E-01  0.199831E+00  0.000000E+00  0.000000E+00  0.000000E+00  0.000000E+00
  0.179620E+01  0.210090E+00  0.377378E-02  0.000000E+00  0.000000E+00  0.000000E+00  0.000000E+00
  0.261929E+01  0.130525E-02  0.420341E+00  0.000000E+00  0.000000E+00  0.000000E+00  0.000000E+00
  0.216474E+01 -0.137054E-01  0.255779E+00  0.000000E+00  0.000000E+00  0.000000E+00  0.000000E+00
  0.264910E+01  0.182357E-01  0.293093E+00  0.000000E+00  0.000000E+00  0.000000E+00  0.000000E+00
  0.282548E+01  0.928539E-02  0.439274E+00  0.000000E+00  0.000000E+00  0.000000E+00  0.000000E+00
  0.229532E+01 -0.110664E-01  0.303882E+00  0.000000E+00  0.000000E+00  0.000000E+00  0.000000E+00
  0.220624E+01  0.157293E-01  0.245880E+00  0.000000E+00  0.000000E+00  0.000000E+00  0.000000E+00
  0.268996E+01 -0.387280E+00  0.117543E-01  0.000000E+00  0.000000E+00  0.000000E+00  0.000000E+00
  0.195182E+01  0.101554E-04  0.251926E+00  0.000000E+00  0.000000E+00  0.000000E+00  0.000000E+00
  0.254148E+01 -0.323524E+00  0.147856E-01  0.000000E+00  0.000000E+00  0.000000E+00  0.000000E+00
  0.266977E+01 -0.191125E-01  0.279571E+00  0.000000E+00  0.000000E+00  0.000000E+00  0.000000E+00
  0.214311E+01  0.167160E-01  0.223341E+00  0.000000E+00  0.000000E+00  0.000000E+00  0.000000E+00
  0.199336E+01 -0.235388E+00  0.110552E-01  0.000000E+00  0.000000E+00  0.000000E+00  0.000000E+00
  0.179223E+01 -0.503881E-02  0.207181E+00  0.000000E+00  0.000000E+00  0.000000E+00  0.000000E+00
  0.197718E+01 -0.219054E+00  0.132537E-01  0.000000E+00  0.000000E+00  0.000000E+00  0.000000E+00
  0.281023E+01 -0.442829E+00  0.827119E-02  0.000000E+00  0.000000E+00  0.000000E+00  0.000000E+00
  0.272901E+01  0.343824E+00  0.160627E-01  0.000000E+00  0.000000E+00  0.000000E+00  0.000000E+00
  0.239514E+01 -0.243551E+00  0.185863E-01  0.000000E+00  0.000000E+00  0.000000E+00  0.000000E+00
  0.276819E+01  0.155745E-01  0.358743E+00  0.000000E+00  0.000000E+00  0.000000E+00  0.000000E+00
  0.234641E+01 -0.305954E+00  0.123433E-01  0.000000E+00  0.000000E+00  0.000000E+00  0.000000E+00
  0.273405E+01  0.174983E-01  0.321373E+00  0.000000E+00  0.000000E+00  0.000000E+00  0.000000E+00
  0.174846E+01 -0.190865E+00  0.763436E-02  0.000000E+00  0.000000E+00  0.000000E+00  0.000000E+00
  0.254545E+01 -0.300459E+00  0.166205E-01  0.000000E+00  0.000000E+00  0.000000E+00  0.000000E+00
  0.234082E+01  0.181432E-01  0.241078E+00  0.000000E+00  0.000000E+00  0.000000E+00  0.000000E+00
  0.178092E+01 -0.181952E+00  0.122374E-01  0.000000E+00  0.000000E+00  0.000000E+00  0.000000E+00
  0.203942E+01  0.273856E+00  0.106503E-02  0.000000E+00  0.000000E+00  0.000000E+00  0.000000E+00
  0.220308E+01  0.298151E+00  0.818436E-02  0.000000E+00  0.000000E+00  0.000000E+00  0.000000E+00
  0.206286E+01 -0.167240E-01  0.208153E+00  0.000000E+00  0.000000E+00  0.000000E+00  0.000000E+00
  0.189424E+01 -0.237345E+00  0.116830E-03  0.000000E+00  0.000000E+00  0.000000E+00  0.000000E+00
  0.223476E+01 -0.285445E+00  0.117718E-01  0.000000E+00  0.000000E+00  0.000000E+00  0.000000E+00
  0.207353E+01 -0.282413E+00  0.120348E-02  0.000000E+00  0.000000E+00  0.000000E+00  0.000000E+00
  0.274955E+01  0.300664E+00  0.187285E-01  0.000000E+00  0.000000E+00  0.000000E+00  0.000000E+00
  0.247779E+01 -0.252171E-02  0.383125E+00  0.000000E+00  0.000000E+00  0.000000E+00  0.000000E+00
  0.218040E+01  0.137989E-01  0.258332E+00  0.000000E+00  0.000000E+00  0.000000E+00  0.000000E+00
  0.164772E+01  0.218527E-02  0.174266E+00  0.000000E+00  0.000000E+00  0.000000E+00  0.000000E+00
  0.279151E+01  0.442965E-02  0.457166E+00  0.000000E+00  0.000000E+00  0.000000E+00  0.000000E+00
  0.188121E+01 -0.590512E-03  0.233985E+00  0.000000E+00  0.000000E+00  0.000000E+00  0.000000E+00
  0.217919E+01  0.288404E+00  0.906992E-02  0.000000E+00  0.000000E+00  0.000000E+00  0.000000E+00
  0.271319E+01  0.343723E-03  0.444647E+00  0.000000E+00  0.000000E+00  0.000000E+00  0.000000E+00
  0.196793E+01  0.124848E-01  0.221797E+00  0.000000E+00  0.000000E+00  0.000000E+00  0.000000E+00
  0.178713E+01  0.190133E+00  0.106669E-01  0.000000E+00  0.000000E+00  0.000000E+00  0.000000E+00
  0.223819E+01  0.622162E-02  0.314221E+00  0.000000E+00  0.000000E+00  0.000000E+00  0.000000E+00
  0.187387E+01 -0.939278E-02  0.215179E+00  0.000000E+00  0.000000E+00  0.000000E+00  0.000000E+00
  0.202244E+01  0.116225E-02  0.269515E+00  0.000000E+00  0.000000E+00  0.000000E+00  0.000000E+00
  0.281471E+01  0.382135E+00  0.145783E-01  0.000000E+00  0.000000E+00  0.000000E+00  0.000000E+00
  0.249979E+01  0.316015E+00  0.146977E-01  0.000000E+00  0.000000E+00  0.000000E+00  0.000000E+00
  0.247715E+01 -0.100853E-01  0.352215E+00  0.000000E+00  0.000000E+00  0.000000E+00  0.000000E+00
  0.284082E+01 -0.362542E-01 -0.350240E-01  0.000000E+00  0.000000E+00  0.000000E+00  0.000000E+00
  0.284082E+01 -0.554066E-01 -0.447423E-01  0.000000E+00  0.000000E+00  0.000000E+00  0.000000E+00
  0.284082E+01  0.175473E+00 -0.147291E+00  0.000000E+00  0.000000E+00  0.000000E+00  0.000000E+00
  0.284082E+01  0.101733E+00 -0.788530E-02  0.000000E+00  0.000000E+00  0.000000E+00  0.000000E+00
  0.284082E+01 -0.180223E-01  0.101154E+00  0.000000E+00  0.000000E+00  0.000000E+00  0.000000E+00
  0.284082E+01 -0.793072E-02  0.317632E-01  0.000000E+00  0.000000E+00  0.000000E+00  0.000000E+00
  0.284082E+01  0.529894E-02  0.712199E-02  0.000000E+00  0.000000E+00  0.000000E+00  0.000000E+00
  0.284082E+01  0.122202E+00 -0.198933E+00  0.000000E+00  0.000000E+00  0.000000E+00  0.000000E+00
  0.284082E+01 -0.216159E+00 -0.125346E+00  0.000000E+00  0.000000E+00  0.000000E+00  0.000000E+00
  0.284082E+01  0.111066E+00 -0.195054E+00  0.000000E+00  0.000000E+00  0.000000E+00  0.000000E+00
  0.284082E+01  0.668533E-01  0.335703E-01  0.000000E+00  0.000000E+00  0.000000E+00  0.000000E+00
  0.284082E+01 -0.362006E-01  0.516000E-01  0.000000E+00  0.000000E+00  0.000000E+00  0.000000E+00
  0.284082E+01 -0.624484E-01  0.498341E-01  0.000000E+00  0.000000E+00  0.000000E+00  0.000000E+00
  0.284082E+01 -0.912326E-01 -0.166751E+00  0.000000E+00  0.000000E+00  0.000000E+00  0.000000E+00
  0.284082E+01  0.132779E+00 -0.191285E+00  0.000000E+00  0.000000E+00  0.000000E+00  0.000000E+00
  0.284082E+01 -0.303315E-01 -0.854787E-01  0.000000E+00  0.000000E+00  0.000000E+00  0.000000E+00
  0.284082E+01  0.103406E-01  0.405955E-02  0.000000E+00  0.000000E+00  0.000000E+00  0.000000E+00
  0.284082E+01  0.428318E-02 -0.178497E-01  0.000000E+00  0.000000E+00  0.000000E+00  0.000000E+00
  0.284082E+01 -0.773133E-01  0.201955E-02  0.000000E+00  0.000000E+00  0.000000E+00  0.000000E+00
  0.284082E+01 -0.656413E-02  0.222516E+00  0.000000E+00  0.000000E+00  0.000000E+00  0.000000E+00
  0.284082E+01 -0.206246E-01 -0.917172E-03  0.000000E+00  0.000000E+00  0.000000E+00  0.000000E+00
  0.284082E+01 -0.134931E+00  0.515396E-01  0.000000E+00  0.000000E+00  0.000000E+00  0.000000E+00
  0.284082E+01  0.177324E-01 -0.957361E-01  0.000000E+00  0.000000E+00  0.000000E+00  0.000000E+00
  0.284082E+01  0.357881E-01 -0.336746E-01  0.000000E+00  0.000000E+00  0.000000E+00  0.000000E+00
  0.284082E+01 -0.175188E+00 -0.247939E-03  0.000000E+00  0.000000E+00  0.000000E+00  0.000000E+00
  0.284082E+01 -0.610484E-01 -0.959267E-01  0.000000E+00  0.000000E+00  0.000000E+00  0.000000E+00
  0.284082E+01 -0.530663E-01  0.156624E+00  0.000000E+00  0.000000E+00  0.000000E+00  0.000000E+00
  0.284082E+01  0.466030E-01  0.182412E+00  0.000000E+00  0.000000E+00  0.000000E+00  0.000000E+00
  0.284082E+01 -0.246166E-01  0.333713E-01  0.000000E+00  0.000000E+00  0.000000E+00  0.000000E+00
  0.284082E+01  0.672871E-01 -0.179407E+00  0.000000E+00  0.000000E+00  0.000000E+00  0.000000E+00
  0.284082E+01 -0.206982E+00  0.123682E+00  0.000000E+00  0.000000E+00  0.000000E+00  0.000000E+00
  0.284082E+01  0.476070E-01  0.869615E-01  0.000000E+00  0.000000E+00  0.000000E+00  0.000000E+00
  0.284082E+01  0.292541E-01 -0.167871E+00  0.000000E+00  0.000000E+00  0.000000E+00  0.000000E+00
  0.284082E+01 -0.707044E-01 -0.479177E-01  0.000000E+00  0.000000E+00  0.000000E+00  0.000000E+00
  0.284082E+01  0.341958E-01 -0.526483E-01  0.000000E+00  0.000000E+00  0.000000E+00  0.000000E+00
  0.284082E+01  0.657956E-01  0.242394E-01  0.000000E+00  0.000000E+00  0.000000E+00  0.000000E+00
  0.284082E+01 -0.106885E+00 -0.190526E+00  0.000000E+00  0.000000E+00  0.000000E+00  0.000000E+00
  0.284082E+01 -0.158709E+00 -0.104428E-01  0.000000E+00  0.000000E+00  0.000000E+00  0.000000E+00
  0.284082E+01  0.137935E+00  0.111943E+00  0.000000E+00  0.000000E+00  0.000000E+00  0.000000E+00
  0.284082E+01  0.459144E-02  0.186799E+00  0.000000E+00  0.000000E+00  0.000000E+00  0.000000E+00
  0.284082E+01  0.192422E-01  0.110196E-01  0.000000E+00  0.000000E+00  0.000000E+00  0.000000E+00
  0.284082E+01  0.502670E-01 -0.280849E-01  0.000000E+00  0.000000E+00  0.000000E+00  0.000000E+00
  0.284082E+01  0.191614E-01  0.966353E-02  0.000000E+00  0.000000E+00  0.000000E+00  0.000000E+00
  0.284082E+01  0.139995E-01 -0.134580E+00  0.000000E+00  0.000000E+00  0.000000E+00  0.000000E+00
  0.284082E+01 -0.461277E-01 -0.364935E-01  0.000000E+00  0.000000E+00  0.000000E+00  0.000000E+00
  0.284082E+01  0.136828E-01  0.151628E+00  0.000000E+00  0.000000E+00  0.000000E+00  0.000000E+00
  0.284082E+01  0.109990E-01  0.469437E-01  0.000000E+00  0.000000E+00  0.000000E+00  0.000000E+00
  0.284082E+01  0.894419E-02 -0.542771E-02  0.000000E+00  0.000000E+00  0.000000E+00  0.000000E+00
  0.284082E+01  0.790516E-01  0.671884E-02  0.000000E+00  0.000000E+00  0.000000E+00  0.000000E+00
  0.284082E+01 -0.679800E-02  0.221759E-01  0.000000E+00  0.000000E+00  0.000000E+00  0.000000E+00
  0.284082E+01 -0.205014E-01 -0.143040E+00  0.000000E+00  0.000000E+00  0.000000E+00  0.000000E+00
  0.284082E+01 -0.118277E+00 -0.175150E+00  0.000000E+00  0.000000E+00  0.000000E+00  0.000000E+00
  0.284082E+01  0.627354E-01 -0.147673E-01  0.000000E+00  0.000000E+00  0.000000E+00  0.000000E+00
  0.284082E+01 -0.127155E+00  0.134078E+00  0.000000E+00  0.000000E+00  0.000000E+00  0.000000E+00
  0.284082E+01 -0.414546E-01  0.512164E-01  0.000000E+00  0.000000E+00  0.000000E+00  0.000000E+00
  0.284082E+01  0.228628E-01 -0.155952E-01  0.000000E+00  0.000000E+00  0.000000E+00  0.000000E+00
  0.284082E+01 -0.124788E+00  0.137539E+00  0.000000E+00  0.000000E+00  0.000000E+00  0.000000E+00
  0.284082E+01  0.146880E+00 -0.153712E+00  0.000000E+00  0.000000E+00  0.000000E+00  0.000000E+00
  0.284082E+01  0.492535E-01  0.125726E-02  0.000000E+00  0.000000E+00  0.000000E+00  0.000000E+00
  0.284082E+01 -0.409779E-02  0.263779E-01  0.000000E+00  0.000000E+00  0.000000E+00  0.000000E+00
  0.284082E+01  0.141582E-01  0.195030E-01  0.000000E+00  0.000000E+00  0.000000E+00  0.000000E+00
  0.284082E+01 -0.340468E-01  0.485959E-02  0.000000E+00  0.000000E+00  0.000000E+00  0.000000E+00
  0.284082E+01  0.103289E-01  0.497662E-01  0.000000E+00  0.000000E+00  0.000000E+00  0.000000E+00
  0.284082E+01 -0.575040E-02  0.108805E+00  0.000000E+00  0.000000E+00  0.000000E+00  0.000000E+00
  0.284082E+01 -0.135714E+00 -0.116206E+00  0.000000E+00  0.000000E+00  0.000000E+00  0.000000E+00
  0.284082E+01  0.383369E-02  0.142393E+00  0.000000E+00  0.000000E+00  0.000000E+00  0.000000E+00
  0.284082E+01  0.176551E+00 -0.175730E+00  0.000000E+00  0.000000E+00  0.000000E+00  0.000000E+00
  0.284082E+01 -0.912945E-01  0.106286E+00  0.000000E+00  0.000000E+00  0.000000E+00  0.000000E+00
  0.284082E+01  0.123382E-01 -0.338663E-01  0.000000E+00  0.000000E+00  0.000000E+00  0.000000E+00
  0.284082E+01  0.154700E+00  0.122265E+00  0.000000E+00  0.000000E+00  0.000000E+00  0.000000E+00
  0.284082E+01  0.120608E+00  0.387070E-02  0.000000E+00  0.000000E+00  0.000000E+00  0.000000E+00
  0.284082E+01 -0.205156E+00  0.212897E-01  0.000000E+00  0.000000E+00  0.000000E+00  0.000000E+00
  0.284082E+01 -0.720198E-01  0.865946E-01  0.000000E+00  0.000000E+00  0.000000E+00  0.000000E+00
  0.284082E+01 -0.307151E-01 -0.485114E-01  0.000000E+00  0.000000E+00  0.000000E+00  0.000000E+00
  0.284082E+01 -0.437907E-01  0.113100E+00  0.000000E+00  0.000000E+00  0.000000E+00  0.000000E+00
  0.284082E+01 -0.149004E+00 -0.327760E-01  0.000000E+00  0.000000E+00  0.000000E+00  0.000000E+00
  0.284082E+01  0.835001E-01  0.418846E-01  0.000000E+00  0.000000E+00  0.000000E+00  0.000000E+00
  0.284082E+01 -0.955834E-01  0.166622E-03  0.000000E+00  0.000000E+00  0.000000E+00  0.000000E+00
  0.284082E+01 -0.843688E-01  0.404228E-01  0.000000E+00  0.000000E+00  0.000000E+00  0.000000E+00
  0.284082E+01  0.153715E+00  0.420782E-02  0.000000E+00  0.000000E+00  0.000000E+00  0.000000E+00
  0.284082E+01 -0.113720E+00  0.138448E+00  0.000000E+00  0.000000E+00  0.000000E+00  0.000000E+00
  0.284082E+01  0.521497E-02  0.794997E-01  0.000000E+00  0.000000E+00  0.000000E+00  0.000000E+00
  0.284082E+01 -0.201658E-01  0.127660E-02  0.000000E+00  0.000000E+00  0.000000E+00  0.000000E+00
  0.284082E+01 -0.150349E-01  0.106988E+00  0.000000E+00  0.000000E+00  0.000000E+00  0.000000E+00
  0.284082E+01  0.103541E-01 -0.833637E-03  0.000000E+00  0.000000E+00  0.000000E+00  0.000000E+00
  0.284082E+01 -0.280555E-01  0.200453E+00  0.000000E+00  0.000000E+00  0.000000E+00  0.000000E+00
  0.284082E+01  0.106797E-02 -0.116647E-01  0.000000E+00  0.000000E+00  0.000000E+00  0.000000E+00
  0.284082E+01 -0.278347E-01 -0.110222E-01  0.000000E+00  0.000000E+00  0.000000E+00  0.000000E+00
  0.284082E+01 -0.204454E-01  0.953676E-02  0.000000E+00  0.000000E+00  0.000000E+00  0.000000E+00
  0.284082E+01  0.739271E-01 -0.225444E+00  0.000000E+00  0.000000E+00  0.000000E+00  0.000000E+00
  0.284082E+01 -0.122059E+00 -0.115275E+00  0.000000E+00  0.000000E+00  0.000000E+00  0.000000E+00
  0.284082E+01  0.162528E+00  0.132832E+00  0.000000E+00  0.000000E+00  0.000000E+00  0.000000E+00
  0.284082E+01 -0.177773E+00 -0.222188E-01  0.000000E+00  0.000000E+00  0.000000E+00  0.000000E+00
  0.284082E+01  0.734772E-01 -0.490421E-02  0.000000E+00  0.000000E+00  0.000000E+00  0.000000E+00
  0.284082E+01  0.301458E-01 -0.526066E-01  0.000000E+00  0.000000E+00  0.000000E+00  0.000000E+00
  0.284082E+01  0.385038E-01 -0.185466E+00  0.000000E+00  0.000000E+00  0.000000E+00  0.000000E+00
  0.284082E+01 -0.111928E+00  0.219200E+00  0.000000E+00  0.000000E+00  0.000000E+00  0.000000E+00
  0.284082E+01  0.293265E-01 -0.313118E-01  0.000000E+00  0.000000E+00  0.000000E+00  0.000000E+00
  0.284082E+01 -0.136168E+00  0.924126E-01  0.000000E+00  0.000000E+00  0.000000E+00  0.000000E+00
  0.284082E+01 -0.218950E+00 -0.627510E-02  0.000000E+00  0.000000E+00  0.000000E+00  0.000000E+00
