  0.267141E+01 -0.126384E-01 -0.374551E+00  0.000000E+00  0.000000E+00  0.000000E+00  0.000000E+00
  0.241482E+01  0.262931E+00  0.175477E-01  0.000000E+00  0.000000E+00  0.000000E+00  0.000000E+00
  0.197690E+01  0.147583E-01  0.208471E+00  0.000000E+00  0.000000E+00  0.000000E+00  0.000000E+00
  0.223691E+01 -0.243469E+00  0.165018E-01  0.000000E+00  0.000000E+00  0.000000E+00  0.000000E+00
  0.243486E+01  0.355197E+00  0.786974E-02  0.000000E+00  0.000000E+00  0.000000E+00  0.000000E+00
  0.205537E+01 -0.144893E-01 -0.226665E+00  0.000000E+00  0.000000E+00  0.000000E+00  0.000000E+00
  0.210578E+01 -0.837576E-02 -0.274095E+00  0.000000E+00  0.000000E+00  0.000000E+00  0.000000E+00
  0.281898E+01  0.460067E+00  0.546549E-02  0.000000E+00  0.000000E+00  0.000000E+00  0.000000E+00
  0.248103E+01  0.189870E-01 -0.251047E+00  0.000000E+00  0.000000E+00  0.000000E+00  0.000000E+00
  0.213032E+01 -0.104649E-01  0.269834E+00  0.000000E+00  0.000000E+00  0.000000E+00  0.000000E+00
  0.171387E+01 -0.191539E+00  0.964814E-03  0.000000E+00  0.000000E+00  0.000000E+00  0.000000E+00
  0.266822E+01 -0.136192E-01  0.363362E+00  0.000000E+00  0.000000E+00  0.000000E+00  0.000000E+00
  0.174110E+01  0.193039E+00 -0.586248E-02  0.000000E+00  0.000000E+00  0.000000E+00  0.000000E+00
  0.185530E+01 -0.667865E-03  0.227408E+00  0.000000E+00  0.000000E+00  0.000000E+00  0.000000E+00
  0.188907E+01  0.212088E+00  0.109730E-01  0.000000E+00  0.000000E+00  0.000000E+00  0.000000E+00
  0.282452E+01 -0.432466E+00 -0.101119E-01  0.000000E+00  0.000000E+00  0.000000E+00  0.000000E+00
  0.279434E+01 -0.138689E-01  0.387080E+00  0.000000E+00  0.000000E+00  0.000000E+00  0.000000E+00
  0.238701E+01 -0.478028E-02 -0.355424E+00  0.000000E+00  0.000000E+00  0.000000E+00  0.000000E+00
  0.222022E+01  0.180905E-01 -0.220779E+00  0.000000E+00  0.000000E+00  0.000000E+00  0.000000E+00
  0.192905E+01 -0.195139E+00  0.152395E-01  0.000000E+00  0.000000E+00  0.000000E+00  0.000000E+00
  0.243588E+01 -0.712331E-02 -0.358957E+00  0.000000E+00  0.000000E+00  0.000000E+00  0.000000E+00
  0.238090E+01  0.164127E-01  0.271977E+00  0.000000E+00  0.000000E+00  0.000000E+00  0.000000E+00
  0.238930E+01 -0.935087E-02 -0.336361E+00  0.000000E+00  0.000000E+00  0.000000E+00  0.000000E+00
  0.274808E+01  0.185503E-01 -0.304036E+00  0.000000E+00  0.000000E+00  0.000000E+00  0.000000E+00
  0.230197E+01 -0.238762E+00  0.178277E-01  0.000000E+00  0.000000E+00  0.000000E+00  0.000000E+00
  0.181598E+01  0.826192E-02  0.205312E+00  0.000000E+00  0.000000E+00  0.000000E+00  0.000000E+00
  0.182035E+01  0.201438E+00 -0.972014E-02  0.000000E+00  0.000000E+00  0.000000E+00  0.000000E+00
  0.208464E+01  0.883044E-02  0.267146E+00  0.000000E+00  0.000000E+00  0.000000E+00  0.000000E+00
  0.223537E+01  0.289386E+00 -0.112040E-01  0.000000E+00  0.000000E+00  0.000000E+00  0.000000E+00
  0.278304E+01 -0.142714E-01 -0.379631E+00  0.000000E+00  0.000000E+00  0.000000E+00  0.000000E+00
  0.278924E+01  0.463926E+00 -0.205608E-03  0.000000E+00  0.000000E+00  0.000000E+00  0.000000E+00
  0.195969E+01 -0.121324E-01  0.222013E+00  0.000000E+00  0.000000E+00  0.000000E+00  0.000000E+00
  0.202484E+01 -0.246467E+00  0.102856E-01  0.000000E+00  0.000000E+00  0.000000E+00  0.000000E+00
  0.184866E+01  0.215174E+00  0.758170E-02  0.000000E+00  0.000000E+00  0.000000E+00  0.000000E+00
  0.202378E+01  0.216074E+00 -0.150053E-01  0.000000E+00  0.000000E+00  0.000000E+00  0.000000E+00
  0.175815E+01 -0.121338E-02  0.202654E+00  0.000000E+00  0.000000E+00  0.000000E+00  0.000000E+00
  0.247649E+01 -0.347083E-02 -0.381034E+00  0.000000E+00  0.000000E+00  0.000000E+00  0.000000E+00
  0.200542E+01 -0.227371E+00 -0.129078E-01  0.000000E+00  0.000000E+00  0.000000E+00  0.000000E+00
  0.242035E+01 -0.367981E+00  0.293676E-02  0.000000E+00  0.000000E+00  0.000000E+00  0.000000E+00
  0.253017E+01  0.178694E-01  0.278588E+00  0.000000E+00  0.000000E+00  0.000000E+00  0.000000E+00
  0.184495E+01 -0.196389E+00 -0.121777E-01  0.000000E+00  0.000000E+00  0.000000E+00  0.000000E+00
  0.258613E+01  0.765400E-02 -0.392709E+00  0.000000E+00  0.000000E+00  0.000000E+00  0.000000E+00
  0.250040E+01 -0.310730E+00  0.151626E-01  0.000000E+00  0.000000E+00  0.000000E+00  0.000000E+00
  0.248484E+01  0.368476E+00 -0.761818E-02  0.000000E+00  0.000000E+00  0.000000E+00  0.000000E+00
  0.163710E+01  0.172143E+00  0.869866E-03  0.000000E+00  0.000000E+00  0.000000E+00  0.000000E+00
  0.199456E+01 -0.100405E-01  0.240625E+00  0.000000E+00  0.000000E+00  0.000000E+00  0.000000E+00
  0.178901E+01  0.199740E-02 -0.210033E+00  0.000000E+00  0.000000E+00  0.000000E+00  0.000000E+00
  0.231063E+01 -0.297724E+00 -0.123884E-01  0.000000E+00  0.000000E+00  0.000000E+00  0.000000E+00
  0.178007E+01 -0.265325E-02 -0.207266E+00  0.000000E+00  0.000000E+00  0.000000E+00  0.000000E+00
  0.195760E+01 -0.210130E-02 -0.252492E+00  0.000000E+00  0.000000E+00  0.000000E+00  0.000000E+00
  0.241006E+01  0.359322E+00  0.537987E-02  0.000000E+00  0.000000E+00  0.000000E+00  0.000000E+00
  0.184833E+01  0.299960E-02 -0.224093E+00  0.000000E+00  0.000000E+00  0.000000E+00  0.000000E+00
  0.237799E+01 -0.110207E-01  0.322975E+00  0.000000E+00  0.000000E+00  0.000000E+00  0.000000E+00
  0.272858E+01  0.300830E+00 -0.185450E-01  0.000000E+00  0.000000E+00  0.000000E+00  0.000000E+00
  0.182726E+01  0.985827E-02  0.202532E+00  0.000000E+00  0.000000E+00  0.000000E+00  0.000000E+00
  0.208285E+01 -0.280687E+00 -0.438146E-02  0.000000E+00  0.000000E+00  0.000000E+00  0.000000E+00
  0.242936E+01 -0.104715E-01  0.338547E+00  0.000000E+00  0.000000E+00  0.000000E+00  0.000000E+00
  0.180856E+01  0.214043E+00 -0.305114E-02  0.000000E+00  0.000000E+00  0.000000E+00  0.000000E+00
  0.272912E+01  0.269235E+00  0.199999E-01  0.000000E+00  0.000000E+00  0.000000E+00  0.000000E+00
  0.269418E+01 -0.373407E+00 -0.132140E-01  0.000000E+00  0.000000E+00  0.000000E+00  0.000000E+00
  0.279535E+01 -0.465273E+00 -0.761279E-03  0.000000E+00  0.000000E+00  0.000000E+00  0.000000E+00
  0.227213E+01  0.124902E-01 -0.288480E+00  0.000000E+00  0.000000E+00  0.000000E+00  0.000000E+00
  0.270690E+01  0.409773E+00 -0.951143E-02  0.000000E+00  0.000000E+00  0.000000E+00  0.000000E+00
  0.252278E+01  0.395593E+00 -0.167201E-02  0.000000E+00  0.000000E+00  0.000000E+00  0.000000E+00
  0.190664E+01  0.202343E+00 -0.135109E-01  0.000000E+00  0.000000E+00  0.000000E+00  0.000000E+00
  0.255169E+01  0.395530E+00 -0.503376E-02  0.000000E+00  0.000000E+00  0.000000E+00  0.000000E+00
  0.216467E+01  0.238237E+00  0.156750E-01  0.000000E+00  0.000000E+00  0.000000E+00  0.000000E+00
  0.180824E+01  0.114875E-01 -0.191468E+00  0.000000E+00  0.000000E+00  0.000000E+00  0.000000E+00
  0.206298E+01 -0.353381E-02 -0.277256E+00  0.000000E+00  0.000000E+00  0.000000E+00  0.000000E+00
  0.169032E+01 -0.185716E+00 -0.146351E-03  0.000000E+00  0.000000E+00  0.000000E+00  0.000000E+00
  0.167456E+01 -0.487709E-02 -0.178238E+00  0.000000E+00  0.000000E+00  0.000000E+00  0.000000E+00
  0.217873E+01 -0.270878E+00  0.120773E-01  0.000000E+00  0.000000E+00  0.000000E+00  0.000000E+00
  0.163718E+01 -0.309916E-02  0.170937E+00  0.000000E+00  0.000000E+00  0.000000E+00  0.000000E+00
  0.178944E+01  0.815190E-02 -0.199294E+00  0.000000E+00  0.000000E+00  0.000000E+00  0.000000E+00
  0.205974E+01  0.269094E+00 -0.668091E-02  0.000000E+00  0.000000E+00  0.000000E+00  0.000000E+00
  0.235305E+01 -0.312036E+00  0.117491E-01  0.000000E+00  0.000000E+00  0.000000E+00  0.000000E+00
  0.280286E+01 -0.440057E-02  0.460093E+00  0.000000E+00  0.000000E+00  0.000000E+00  0.000000E+00
  0.170530E+01  0.172743E+00  0.102817E-01  0.000000E+00  0.000000E+00  0.000000E+00  0.000000E+00
  0.278114E+01  0.166135E-01 -0.345150E+00  0.000000E+00  0.000000E+00  0.000000E+00  0.000000E+00
  0.207727E+01  0.266238E+00  0.863283E-02  0.000000E+00  0.000000E+00  0.000000E+00  0.000000E+00
  0.188158E+01 -0.229414E+00 -0.499892E-02  0.000000E+00  0.000000E+00  0.000000E+00  0.000000E+00
  0.264027E+01  0.259761E+00 -0.198207E-01  0.000000E+00  0.000000E+00  0.000000E+00  0.000000E+00
  0.252937E+01 -0.193327E-01  0.252438E+00  0.000000E+00  0.000000E+00  0.000000E+00  0.000000E+00
  0.205096E+01 -0.256970E+00 -0.933932E-02  0.000000E+00  0.000000E+00  0.000000E+00  0.000000E+00
  0.283586E+01  0.358601E+00 -0.164285E-01  0.000000E+00  0.000000E+00  0.000000E+00  0.000000E+00
  0.222507E+01  0.299817E+00 -0.895170E-02  0.000000E+00  0.000000E+00  0.000000E+00  0.000000E+00
  0.235696E+01 -0.270478E+00 -0.161604E-01  0.000000E+00  0.000000E+00  0.000000E+00  0.000000E+00
  0.250071E+01  0.179676E-01 -0.271795E+00  0.000000E+00  0.000000E+00  0.000000E+00  0.000000E+00
  0.183806E+01 -0.207738E+00 -0.912289E-02  0.000000E+00  0.000000E+00  0.000000E+00  0.000000E+00
  0.173502E+01 -0.111137E-01 -0.176498E+00  0.000000E+00  0.000000E+00  0.000000E+00  0.000000E+00
  0.255420E+01  0.155793E-01  0.316303E+00  0.000000E+00  0.000000E+00  0.000000E+00  0.000000E+00
  0.282198E+01 -0.158731E-01 -0.364835E+00  0.000000E+00  0.000000E+00  0.000000E+00  0.000000E+00
  0.265338E+01 -0.314891E+00 -0.170035E-01  0.000000E+00  0.000000E+00  0.000000E+00  0.000000E+00
  0.258850E+01  0.337208E+00 -0.144426E-01  0.000000E+00  0.000000E+00  0.000000E+00  0.000000E+00
  0.210234E+01  0.249685E+00 -0.127203E-01  0.000000E+00  0.000000E+00  0.000000E+00  0.000000E+00
  0.175801E+01  0.198828E+00  0.495905E-02  0.000000E+00  0.000000E+00  0.000000E+00  0.000000E+00
  0.256494E+01 -0.255797E+00  0.194502E-01  0.000000E+00  0.000000E+00  0.000000E+00  0.000000E+00
  0.261593E+01 -0.121359E-01 -0.367251E+00  0.000000E+00  0.000000E+00  0.000000E+00  0.000000E+00
  0.259308E+01  0.265120E+00 -0.192103E-01  0.000000E+00  0.000000E+00  0.000000E+00  0.000000E+00
  0.200141E+01 -0.262057E+00  0.337715E-02  0.000000E+00  0.000000E+00  0.000000E+00  0.000000E+00
  0.265723E+01  0.101509E-02  0.430164E+00  0.000000E+00  0.000000E+00  0.000000E+00  0.000000E+00
  0.217876E+01 -0.277510E+00  0.110516E-01  0.000000E+00  0.000000E+00  0.000000E+00  0.000000E+00
  0.180586E+01  0.100192E-01  0.196954E+00  0.000000E+00  0.000000E+00  0.000000E+00  0.000000E+00
  0.252468E+01 -0.182298E-01 -0.271645E+00  0.000000E+00  0.000000E+00  0.000000E+00  0.000000E+00
  0.227190E+01  0.173280E-02 -0.332162E+00  0.000000E+00  0.000000E+00  0.000000E+00  0.000000E+00
  0.229979E+01 -0.129095E-01  0.291184E+00  0.000000E+00  0.000000E+00  0.000000E+00  0.000000E+00
  0.264927E+01 -0.342254E+00 -0.150427E-01  0.000000E+00  0.000000E+00  0.000000E+00  0.000000E+00
  0.237947E+01  0.527019E-02  0.352104E+00  0.000000E+00  0.000000E+00  0.000000E+00  0.000000E+00
  0.191454E+01 -0.162463E-02 -0.241974E+00  0.000000E+00  0.000000E+00  0.000000E+00  0.000000E+00
  0.225436E+01 -0.596793E-02 -0.319024E+00  0.000000E+00  0.000000E+00  0.000000E+00  0.000000E+00
  0.194202E+01  0.771307E-02  0.237276E+00  0.000000E+00  0.000000E+00  0.000000E+00  0.000000E+00
  0.214086E+01  0.176009E-01 -0.212898E+00  0.000000E+00  0.000000E+00  0.000000E+00  0.000000E+00
  0.238218E+01  0.173387E-01 -0.259985E+00  0.000000E+00  0.000000E+00  0.000000E+00  0.000000E+00
  0.181161E+01  0.193274E+00 -0.112505E-01  0.000000E+00  0.000000E+00  0.000000E+00  0.000000E+00
  0.258729E+01  0.127887E-01  0.354712E+00  0.000000E+00  0.000000E+00  0.000000E+00  0.000000E+00
  0.204529E+01  0.155909E-01  0.215433E+00  0.000000E+00  0.000000E+00  0.000000E+00  0.000000E+00
  0.181816E+01  0.930392E-02  0.202422E+00  0.000000E+00  0.000000E+00  0.000000E+00  0.000000E+00
  0.184522E+01  0.215363E+00 -0.721591E-02  0.000000E+00  0.000000E+00  0.000000E+00  0.000000E+00
  0.182395E+01  0.131516E-01 -0.186717E+00  0.000000E+00  0.000000E+00  0.000000E+00  0.000000E+00
  0.217597E+01 -0.299679E+00  0.599212E-02  0.000000E+00  0.000000E+00  0.000000E+00  0.000000E+00
  0.214635E+01  0.472799E-02  0.295742E+00  0.000000E+00  0.000000E+00  0.000000E+00  0.000000E+00
  0.217943E+01  0.179418E-01 -0.215566E+00  0.000000E+00  0.000000E+00  0.000000E+00  0.000000E+00
  0.221489E+01 -0.309303E+00 -0.597330E-02  0.000000E+00  0.000000E+00  0.000000E+00  0.000000E+00
  0.190857E+01 -0.631932E-02  0.233150E+00  0.000000E+00  0.000000E+00  0.000000E+00  0.000000E+00
  0.262763E+01  0.169077E-01  0.311609E+00  0.000000E+00  0.000000E+00  0.000000E+00  0.000000E+00
  0.263932E+01 -0.352167E+00  0.140658E-01  0.000000E+00  0.000000E+00  0.000000E+00  0.000000E+00
  0.249655E+01  0.134946E-01  0.328169E+00  0.000000E+00  0.000000E+00  0.000000E+00  0.000000E+00
  0.245322E+01  0.173247E-01  0.273145E+00  0.000000E+00  0.000000E+00  0.000000E+00  0.000000E+00
  0.214667E+01 -0.237813E+00  0.153469E-01  0.000000E+00  0.000000E+00  0.000000E+00  0.000000E+00
  0.247890E+01 -0.137292E-01 -0.322059E+00  0.000000E+00  0.000000E+00  0.000000E+00  0.000000E+00
  0.196894E+01 -0.205781E+00 -0.148989E-01  0.000000E+00  0.000000E+00  0.000000E+00  0.000000E+00
  0.255094E+01 -0.401878E+00  0.231312E-02  0.000000E+00  0.000000E+00  0.000000E+00  0.000000E+00
  0.249407E+01  0.364461E+00 -0.877287E-02  0.000000E+00  0.000000E+00  0.000000E+00  0.000000E+00
  0.272214E+01  0.188516E-01  0.293559E+00  0.000000E+00  0.000000E+00  0.000000E+00  0.000000E+00
  0.208400E+01  0.285360E+00  0.370293E-03  0.000000E+00  0.000000E+00  0.000000E+00  0.000000E+00
  0.235183E+01  0.152660E-01  0.279703E+00  0.000000E+00  0.000000E+00  0.000000E+00  0.000000E+00
  0.256371E+01 -0.107208E-01  0.367537E+00  0.000000E+00  0.000000E+00  0.000000E+00  0.000000E+00
  0.208573E+01 -0.237642E+00 -0.138915E-01  0.000000E+00  0.000000E+00  0.000000E+00  0.000000E+00
  0.231017E+01 -0.102577E-01  0.312482E+00  0.000000E+00  0.000000E+00  0.000000E+00  0.000000E+00
  0.202687E+01 -0.300688E-02 -0.268960E+00  0.000000E+00  0.000000E+00  0.000000E+00  0.000000E+00
  0.208642E+01 -0.152516E-01  0.226615E+00  0.000000E+00  0.000000E+00  0.000000E+00  0.000000E+00
  0.256971E+01  0.210123E-02 -0.406918E+00  0.000000E+00  0.000000E+00  0.000000E+00  0.000000E+00
  0.218114E+01  0.286775E+00  0.949174E-02  0.000000E+00  0.000000E+00  0.000000E+00  0.000000E+00
  0.243130E+01 -0.360833E+00  0.641174E-02  0.000000E+00  0.000000E+00  0.000000E+00  0.000000E+00
  0.223200E+01 -0.178515E-01  0.226031E+00  0.000000E+00  0.000000E+00  0.000000E+00  0.000000E+00
  0.208202E+01 -0.123695E-02 -0.284540E+00  0.000000E+00  0.000000E+00  0.000000E+00  0.000000E+00
  0.162274E+01  0.168557E+00 -0.629645E-03  0.000000E+00  0.000000E+00  0.000000E+00  0.000000E+00
  0.171401E+01 -0.189759E+00 -0.356556E-02  0.000000E+00  0.000000E+00  0.000000E+00  0.000000E+00
  0.177833E+01  0.189524E+00  0.103011E-01  0.000000E+00  0.000000E+00  0.000000E+00  0.000000E+00
  0.212832E+01  0.104254E-01 -0.269590E+00  0.000000E+00  0.000000E+00  0.000000E+00  0.000000E+00
  0.213267E+01  0.724669E-02  0.284932E+00  0.000000E+00  0.000000E+00  0.000000E+00  0.000000E+00
  0.210336E+01  0.249969E+00 -0.127112E-01  0.000000E+00  0.000000E+00  0.000000E+00  0.000000E+00
  0.183903E+01 -0.737001E-02 -0.213443E+00  0.000000E+00  0.000000E+00  0.000000E+00  0.000000E+00
  0.196028E+01 -0.200434E+00  0.153630E-01  0.000000E+00  0.000000E+00  0.000000E+00  0.000000E+00
  0.259575E+01 -0.145181E-01 -0.337815E+00  0.000000E+00  0.000000E+00  0.000000E+00  0.000000E+00
  0.251164E+01  0.119780E-01 -0.345535E+00  0.000000E+00  0.000000E+00  0.000000E+00  0.000000E+00
  0.221077E+01  0.271441E+00 -0.129669E-01  0.000000E+00  0.000000E+00  0.000000E+00  0.000000E+00
  0.168673E+01  0.908431E-02  0.172178E+00  0.000000E+00  0.000000E+00  0.000000E+00  0.000000E+00
  0.194339E+01 -0.238613E+00 -0.739527E-02  0.000000E+00  0.000000E+00  0.000000E+00  0.000000E+00
  0.276454E+01 -0.269664E+00 -0.201999E-01  0.000000E+00  0.000000E+00  0.000000E+00  0.000000E+00
  0.230779E+01 -0.155499E-01 -0.267832E+00  0.000000E+00  0.000000E+00  0.000000E+00  0.000000E+00
  0.277861E+01  0.460282E+00 -0.162027E-02  0.000000E+00  0.000000E+00  0.000000E+00  0.000000E+00
  0.258114E+01  0.155451E-01 -0.322084E+00  0.000000E+00  0.000000E+00  0.000000E+00  0.000000E+00
  0.239696E+01  0.498717E-02  0.357296E+00  0.000000E+00  0.000000E+00  0.000000E+00  0.000000E+00
  0.180303E+01  0.209632E+00  0.516517E-02  0.000000E+00  0.000000E+00  0.000000E+00  0.000000E+00
  0.208147E+01 -0.263156E+00  0.954990E-02  0.000000E+00  0.000000E+00  0.000000E+00  0.000000E+00
  0.245105E+01 -0.318031E+00 -0.135399E-01  0.000000E+00  0.000000E+00  0.000000E+00  0.000000E+00
  0.209228E+01 -0.413553E-02 -0.283527E+00  0.000000E+00  0.000000E+00  0.000000E+00  0.000000E+00
  0.234890E+01  0.286241E+00  0.145870E-01  0.000000E+00  0.000000E+00  0.000000E+00  0.000000E+00
  0.194962E+01 -0.212248E+00  0.133940E-01  0.000000E+00  0.000000E+00  0.000000E+00  0.000000E+00
  0.259472E+01 -0.381407E+00  0.981381E-02  0.000000E+00  0.000000E+00  0.000000E+00  0.000000E+00
  0.203717E+01  0.223059E+00 -0.144700E-01  0.000000E+00  0.000000E+00  0.000000E+00  0.000000E+00
  0.283635E+01 -0.409550E+00  0.127306E-01  0.000000E+00  0.000000E+00  0.000000E+00  0.000000E+00
  0.197987E+01  0.212861E-02 -0.258087E+00  0.000000E+00  0.000000E+00  0.000000E+00  0.000000E+00
  0.233527E+01 -0.235020E+00  0.184820E-01  0.000000E+00  0.000000E+00  0.000000E+00  0.000000E+00
  0.198090E+01 -0.407688E-02  0.255818E+00  0.000000E+00  0.000000E+00  0.000000E+00  0.000000E+00
  0.186730E+01 -0.193251E+00  0.136303E-01  0.000000E+00  0.000000E+00  0.000000E+00  0.000000E+00
  0.220128E+01 -0.288590E+00 -0.100343E-01  0.000000E+00  0.000000E+00  0.000000E+00  0.000000E+00
  0.239164E+01 -0.151266E-01 -0.289234E+00  0.000000E+00  0.000000E+00  0.000000E+00  0.000000E+00
  0.173959E+01  0.184204E+00  0.922591E-02  0.000000E+00  0.000000E+00  0.000000E+00  0.000000E+00
  0.221103E+01 -0.711008E-02 -0.304439E+00  0.000000E+00  0.000000E+00  0.000000E+00  0.000000E+00
  0.198024E+01 -0.213504E+00 -0.141666E-01  0.000000E+00  0.000000E+00  0.000000E+00  0.000000E+00
  0.190264E+01 -0.239313E+00 -0.918690E-03  0.000000E+00  0.000000E+00  0.000000E+00  0.000000E+00
  0.188680E+01 -0.132659E-01 -0.199580E+00  0.000000E+00  0.000000E+00  0.000000E+00  0.000000E+00
  0.223315E+01 -0.279525E+00 -0.125446E-01  0.000000E+00  0.000000E+00  0.000000E+00  0.000000E+00
  0.245912E+01 -0.142674E-01 -0.312339E+00  0.000000E+00  0.000000E+00  0.000000E+00  0.000000E+00
  0.273544E+01 -0.293120E-02 -0.447215E+00  0.000000E+00  0.000000E+00  0.000000E+00  0.000000E+00
  0.193448E+01  0.113376E-01 -0.220618E+00  0.000000E+00  0.000000E+00  0.000000E+00  0.000000E+00
  0.272256E+01  0.341791E+00  0.161147E-01  0.000000E+00  0.000000E+00  0.000000E+00  0.000000E+00
  0.162709E+01  0.294769E-02 -0.168528E+00  0.000000E+00  0.000000E+00  0.000000E+00  0.000000E+00
  0.254578E+01 -0.519264E-02 -0.393530E+00  0.000000E+00  0.000000E+00  0.000000E+00  0.000000E+00
  0.206978E+01  0.281704E+00 -0.625533E-03  0.000000E+00  0.000000E+00  0.000000E+00  0.000000E+00
  0.266298E+01  0.196049E-01  0.268047E+00  0.000000E+00  0.000000E+00  0.000000E+00  0.000000E+00
  0.267760E+01  0.140027E-01  0.360923E+00  0.000000E+00  0.000000E+00  0.000000E+00  0.000000E+00
  0.172807E+01 -0.194833E+00 -0.168494E-02  0.000000E+00  0.000000E+00  0.000000E+00  0.000000E+00
  0.223839E+01  0.245416E+00  0.163546E-01  0.000000E+00  0.000000E+00  0.000000E+00  0.000000E+00
  0.180218E+01 -0.214039E+00  0.867110E-04  0.000000E+00  0.000000E+00  0.000000E+00  0.000000E+00
  0.257460E+01  0.178812E-01  0.286259E+00  0.000000E+00  0.000000E+00  0.000000E+00  0.000000E+00
  0.225747E+01  0.294866E+00 -0.111313E-01  0.000000E+00  0.000000E+00  0.000000E+00  0.000000E+00
  0.196950E+01  0.246969E+00 -0.671853E-02  0.000000E+00  0.000000E+00  0.000000E+00  0.000000E+00
  0.255580E+01  0.323621E+00  0.150207E-01  0.000000E+00  0.000000E+00  0.000000E+00  0.000000E+00
  0.250397E+01  0.103510E-01 -0.356565E+00  0.000000E+00  0.000000E+00  0.000000E+00  0.000000E+00
  0.198316E+01  0.210641E+00  0.146403E-01  0.000000E+00  0.000000E+00  0.000000E+00  0.000000E+00
  0.229645E+01  0.216271E-02 -0.337907E+00  0.000000E+00  0.000000E+00  0.000000E+00  0.000000E+00
  0.266276E+01 -0.247901E-02 -0.429790E+00  0.000000E+00  0.000000E+00  0.000000E+00  0.000000E+00
  0.187046E+01  0.222654E+00 -0.678149E-02  0.000000E+00  0.000000E+00  0.000000E+00  0.000000E+00
  0.269342E+01 -0.116345E-01 -0.389168E+00  0.000000E+00  0.000000E+00  0.000000E+00  0.000000E+00
  0.282065E+01  0.380449E+00 -0.147906E-01  0.000000E+00  0.000000E+00  0.000000E+00  0.000000E+00
  0.186818E+01 -0.223215E+00  0.633689E-02  0.000000E+00  0.000000E+00  0.000000E+00  0.000000E+00
  0.248282E+01 -0.506464E-02 -0.378353E+00  0.000000E+00  0.000000E+00  0.000000E+00  0.000000E+00
  0.247408E+01  0.360295E+00 -0.867255E-02  0.000000E+00  0.000000E+00  0.000000E+00  0.000000E+00
  0.185152E+01 -0.219978E+00 -0.597082E-02  0.000000E+00  0.000000E+00  0.000000E+00  0.000000E+00
  0.164480E+01  0.310807E-02  0.172845E+00  0.000000E+00  0.000000E+00  0.000000E+00  0.000000E+00
  0.195447E+01  0.217139E+00  0.127733E-01  0.000000E+00  0.000000E+00  0.000000E+00  0.000000E+00
  0.221499E+01 -0.174557E-01  0.228046E+00  0.000000E+00  0.000000E+00  0.000000E+00  0.000000E+00
  0.221586E+01  0.278931E+00 -0.121026E-01  0.000000E+00  0.000000E+00  0.000000E+00  0.000000E+00
  0.232897E+01  0.245830E+00 -0.176653E-01  0.000000E+00  0.000000E+00  0.000000E+00  0.000000E+00
  0.191562E+01  0.894719E-02 -0.226682E+00  0.000000E+00  0.000000E+00  0.000000E+00  0.000000E+00
  0.234192E+01  0.268977E+00 -0.160415E-01  0.000000E+00  0.000000E+00  0.000000E+00  0.000000E+00
  0.227346E+01  0.266533E+00  0.150153E-01  0.000000E+00  0.000000E+00  0.000000E+00  0.000000E+00
  0.246086E+01  0.371940E+00  0.536240E-02  0.000000E+00  0.000000E+00  0.000000E+00  0.000000E+00
  0.214107E+01 -0.756653E-02  0.285778E+00  0.000000E+00  0.000000E+00  0.000000E+00  0.000000E+00
  0.258222E+01  0.299995E+00  0.171134E-01  0.000000E+00  0.000000E+00  0.000000E+00  0.000000E+00
  0.266566E+01 -0.184682E-01 -0.291610E+00  0.000000E+00  0.000000E+00  0.000000E+00  0.000000E+00
  0.235983E+01  0.343408E+00 -0.639468E-02  0.000000E+00  0.000000E+00  0.000000E+00  0.000000E+00
  0.178453E+01  0.122634E-01 -0.182626E+00  0.000000E+00  0.000000E+00  0.000000E+00  0.000000E+00
  0.206490E+01 -0.819793E-02 -0.265044E+00  0.000000E+00  0.000000E+00  0.000000E+00  0.000000E+00
  0.177477E+01  0.320842E-02 -0.205388E+00  0.000000E+00  0.000000E+00  0.000000E+00  0.000000E+00
  0.179218E+01  0.684878E-02  0.203417E+00  0.000000E+00  0.000000E+00  0.000000E+00  0.000000E+00
  0.244739E+01  0.231574E-02 -0.375772E+00  0.000000E+00  0.000000E+00  0.000000E+00  0.000000E+00
  0.276381E+01 -0.315055E-02  0.453857E+00  0.000000E+00  0.000000E+00  0.000000E+00  0.000000E+00
  0.215941E+01 -0.169743E-01 -0.223541E+00  0.000000E+00  0.000000E+00  0.000000E+00  0.000000E+00
  0.209613E+01  0.105971E-01 -0.261265E+00  0.000000E+00  0.000000E+00  0.000000E+00  0.000000E+00
  0.186790E+01  0.225705E+00  0.516450E-02  0.000000E+00  0.000000E+00  0.000000E+00  0.000000E+00
  0.254740E+01 -0.374222E+00  0.923638E-02  0.000000E+00  0.000000E+00  0.000000E+00  0.000000E+00
  0.225923E+01  0.245172E+00 -0.167185E-01  0.000000E+00  0.000000E+00  0.000000E+00  0.000000E+00
  0.205050E+01 -0.217787E+00 -0.154400E-01  0.000000E+00  0.000000E+00  0.000000E+00  0.000000E+00
  0.242634E+01 -0.125827E-01 -0.321504E+00  0.000000E+00  0.000000E+00  0.000000E+00  0.000000E+00
  0.263945E+01  0.425455E+00 -0.128657E-02  0.000000E+00  0.000000E+00  0.000000E+00  0.000000E+00
  0.278357E+01 -0.307346E+00 -0.186817E-01  0.000000E+00  0.000000E+00  0.000000E+00  0.000000E+00
  0.166580E+01 -0.178894E+00  0.207530E-02  0.000000E+00  0.000000E+00  0.000000E+00  0.000000E+00
  0.276893E+01 -0.280748E+00 -0.197730E-01  0.000000E+00  0.000000E+00  0.000000E+00  0.000000E+00
  0.186043E+01  0.202250E+00  0.116871E-01  0.000000E+00  0.000000E+00  0.000000E+00  0.000000E+00
  0.217627E+01 -0.149085E-02 -0.308202E+00  0.000000E+00  0.000000E+00  0.000000E+00  0.000000E+00
  0.180350E+01 -0.100300E-01 -0.196365E+00  0.000000E+00  0.000000E+00  0.000000E+00  0.000000E+00
  0.212787E+01  0.171644E-01  0.215571E+00  0.000000E+00  0.000000E+00  0.000000E+00  0.000000E+00
  0.227517E+01  0.326668E-02 -0.330930E+00  0.000000E+00  0.000000E+00  0.000000E+00  0.000000E+00
  0.271468E+01  0.409064E+00 -0.985006E-02  0.000000E+00  0.000000E+00  0.000000E+00  0.000000E+00
  0.274919E+01  0.449402E+00  0.347275E-02  0.000000E+00  0.000000E+00  0.000000E+00  0.000000E+00
  0.208882E+01 -0.286333E+00 -0.110176E-02  0.000000E+00  0.000000E+00  0.000000E+00  0.000000E+00
  0.208777E+01 -0.674982E-02  0.275711E+00  0.000000E+00  0.000000E+00  0.000000E+00  0.000000E+00
  0.266109E+01 -0.428047E+00 -0.315497E-02  0.000000E+00  0.000000E+00  0.000000E+00  0.000000E+00
  0.206737E+01  0.213173E+00 -0.163025E-01  0.000000E+00  0.000000E+00  0.000000E+00  0.000000E+00
  0.235678E+01  0.267647E+00  0.163902E-01  0.000000E+00  0.000000E+00  0.000000E+00  0.000000E+00
  0.167124E+01 -0.192428E-02  0.180352E+00  0.000000E+00  0.000000E+00  0.000000E+00  0.000000E+00
  0.262455E+01  0.178899E-01  0.294945E+00  0.000000E+00  0.000000E+00  0.000000E+00  0.000000E+00
  0.187546E+01  0.215219E+00  0.948053E-02  0.000000E+00  0.000000E+00  0.000000E+00  0.000000E+00
  0.172251E+01  0.188715E+00 -0.572713E-02  0.000000E+00  0.000000E+00  0.000000E+00  0.000000E+00
  0.176745E+01 -0.104722E-01 -0.186372E+00  0.000000E+00  0.000000E+00  0.000000E+00  0.000000E+00
  0.216105E+01 -0.283782E+00 -0.914198E-02  0.000000E+00  0.000000E+00  0.000000E+00  0.000000E+00
  0.208100E+01  0.262813E+00  0.959958E-02  0.000000E+00  0.000000E+00  0.000000E+00  0.000000E+00
  0.180185E+01  0.727406E-02  0.204699E+00  0.000000E+00  0.000000E+00  0.000000E+00  0.000000E+00
  0.175742E+01  0.310424E-02 -0.201140E+00  0.000000E+00  0.000000E+00  0.000000E+00  0.000000E+00
  0.182218E+01 -0.819346E-02  0.207004E+00  0.000000E+00  0.000000E+00  0.000000E+00  0.000000E+00
  0.184559E+01 -0.224753E+00  0.124341E-02  0.000000E+00  0.000000E+00  0.000000E+00  0.000000E+00
  0.280301E+01  0.276624E+00  0.201521E-01  0.000000E+00  0.000000E+00  0.000000E+00  0.000000E+00
  0.186174E+01 -0.117713E-01 -0.202132E+00  0.000000E+00  0.000000E+00  0.000000E+00  0.000000E+00
  0.262410E+01 -0.329648E-02 -0.418447E+00  0.000000E+00  0.000000E+00  0.000000E+00  0.000000E+00
  0.186314E+01  0.227509E+00  0.326596E-02  0.000000E+00  0.000000E+00  0.000000E+00  0.000000E+00
  0.250786E+01 -0.322121E+00  0.142995E-01  0.000000E+00  0.000000E+00  0.000000E+00  0.000000E+00
  0.202967E+01  0.129721E-01  0.232207E+00  0.000000E+00  0.000000E+00  0.000000E+00  0.000000E+00
  0.167885E+01  0.176949E+00 -0.628289E-02  0.000000E+00  0.000000E+00  0.000000E+00  0.000000E+00
  0.223809E+01  0.136077E-01 -0.272136E+00  0.000000E+00  0.000000E+00  0.000000E+00  0.000000E+00
  0.272110E+01 -0.383130E+00 -0.128534E-01  0.000000E+00  0.000000E+00  0.000000E+00  0.000000E+00
  0.251710E+01  0.782711E-02  0.375183E+00  0.000000E+00  0.000000E+00  0.000000E+00  0.000000E+00
  0.220097E+01 -0.312269E+00  0.328808E-02  0.000000E+00  0.000000E+00  0.000000E+00  0.000000E+00
  0.264222E+01  0.426371E+00 -0.101031E-02  0.000000E+00  0.000000E+00  0.000000E+00  0.000000E+00
  0.233900E+01 -0.349932E+00 -0.262831E-03  0.000000E+00  0.000000E+00  0.000000E+00  0.000000E+00
  0.241769E+01 -0.146188E-01  0.300047E+00  0.000000E+00  0.000000E+00  0.000000E+00  0.000000E+00
  0.260314E+01  0.356452E+00 -0.129592E-01  0.000000E+00  0.000000E+00  0.000000E+00  0.000000E+00
  0.263004E+01 -0.260942E+00 -0.196945E-01  0.000000E+00  0.000000E+00  0.000000E+00  0.000000E+00
  0.182185E+01  0.212954E+00 -0.584392E-02  0.000000E+00  0.000000E+00  0.000000E+00  0.000000E+00
  0.195963E+01  0.198804E+00  0.155508E-01  0.000000E+00  0.000000E+00  0.000000E+00  0.000000E+00
  0.190425E+01  0.238302E+00  0.286485E-02  0.000000E+00  0.000000E+00  0.000000E+00  0.000000E+00
  0.206497E+01 -0.461409E-03  0.280524E+00  0.000000E+00  0.000000E+00  0.000000E+00  0.000000E+00
  0.270315E+01  0.195259E-02  0.440795E+00  0.000000E+00  0.000000E+00  0.000000E+00  0.000000E+00
  0.228037E+01  0.149470E-01 -0.268618E+00  0.000000E+00  0.000000E+00  0.000000E+00  0.000000E+00
  0.179571E+01 -0.999894E-02  0.194675E+00  0.000000E+00  0.000000E+00  0.000000E+00  0.000000E+00
  0.195568E+01  0.364500E-02 -0.250200E+00  0.000000E+00  0.000000E+00  0.000000E+00  0.000000E+00
  0.189408E+01  0.193395E+00 -0.144880E-01  0.000000E+00  0.000000E+00  0.000000E+00  0.000000E+00
  0.226405E+01  0.134012E-01  0.279406E+00  0.000000E+00  0.000000E+00  0.000000E+00  0.000000E+00
  0.189144E+01  0.232369E+00 -0.472830E-02  0.000000E+00  0.000000E+00  0.000000E+00  0.000000E+00
  0.252987E+01  0.179096E-02  0.397252E+00  0.000000E+00  0.000000E+00  0.000000E+00  0.000000E+00
  0.258407E+01 -0.305494E+00  0.167740E-01  0.000000E+00  0.000000E+00  0.000000E+00  0.000000E+00
  0.226407E+01  0.309129E+00 -0.893336E-02  0.000000E+00  0.000000E+00  0.000000E+00  0.000000E+00
  0.220163E+01  0.149184E-01 -0.252907E+00  0.000000E+00  0.000000E+00  0.000000E+00  0.000000E+00
  0.222400E+01 -0.300123E+00 -0.883734E-02  0.000000E+00  0.000000E+00  0.000000E+00  0.000000E+00
  0.230172E+01 -0.333805E+00  0.493803E-02  0.000000E+00  0.000000E+00  0.000000E+00  0.000000E+00
  0.283035E+01 -0.108341E-01 -0.427493E+00  0.000000E+00  0.000000E+00  0.000000E+00  0.000000E+00
  0.268483E+01  0.337817E+00  0.158864E-01  0.000000E+00  0.000000E+00  0.000000E+00  0.000000E+00
  0.193506E+01  0.228955E+00  0.953657E-02  0.000000E+00  0.000000E+00  0.000000E+00  0.000000E+00
  0.187151E+01  0.196412E+00  0.132465E-01  0.000000E+00  0.000000E+00  0.000000E+00  0.000000E+00
  0.255309E+01  0.308770E+00 -0.161307E-01  0.000000E+00  0.000000E+00  0.000000E+00  0.000000E+00
  0.205511E+01  0.973761E-02  0.256116E+00  0.000000E+00  0.000000E+00  0.000000E+00  0.000000E+00
  0.204590E+01 -0.213018E+00  0.158749E-01  0.000000E+00  0.000000E+00  0.000000E+00  0.000000E+00
  0.200775E+01 -0.151590E-01  0.211589E+00  0.000000E+00  0.000000E+00  0.000000E+00  0.000000E+00
  0.211818E+01 -0.105503E-01 -0.266579E+00  0.000000E+00  0.000000E+00  0.000000E+00  0.000000E+00
  0.268477E+01  0.134099E-01  0.369230E+00  0.000000E+00  0.000000E+00  0.000000E+00  0.000000E+00
  0.217226E+01  0.145421E-01  0.250318E+00  0.000000E+00  0.000000E+00  0.000000E+00  0.000000E+00
  0.229067E+01 -0.263300E+00 -0.156553E-01  0.000000E+00  0.000000E+00  0.000000E+00  0.000000E+00
  0.186200E+01 -0.129207E-01 -0.196205E+00  0.000000E+00  0.000000E+00  0.000000E+00  0.000000E+00
  0.271801E+01  0.138404E-01 -0.371340E+00  0.000000E+00  0.000000E+00  0.000000E+00  0.000000E+00
  0.278238E+01  0.177314E-01  0.325831E+00  0.000000E+00  0.000000E+00  0.000000E+00  0.000000E+00
  0.243212E+01  0.711564E-02 -0.358077E+00  0.000000E+00  0.000000E+00  0.000000E+00  0.000000E+00
  0.197269E+01 -0.136847E-01 -0.215254E+00  0.000000E+00  0.000000E+00  0.000000E+00  0.000000E+00
  0.171181E+01  0.335349E-02 -0.189435E+00  0.000000E+00  0.000000E+00  0.000000E+00  0.000000E+00
  0.233396E+01 -0.896085E-02  0.325508E+00  0.000000E+00  0.000000E+00  0.000000E+00  0.000000E+00
  0.277924E+01 -0.143208E-01 -0.378204E+00  0.000000E+00  0.000000E+00  0.000000E+00  0.000000E+00
  0.283991E+01  0.183718E-01 -0.323349E+00  0.000000E+00  0.000000E+00  0.000000E+00  0.000000E+00
  0.254765E+01  0.106560E-01  0.364356E+00  0.000000E+00  0.000000E+00  0.000000E+00  0.000000E+00
  0.206021E+01 -0.751697E-02  0.266440E+00  0.000000E+00  0.000000E+00  0.000000E+00  0.000000E+00
  0.237554E+01  0.303401E-03 -0.359177E+00  0.000000E+00  0.000000E+00  0.000000E+00  0.000000E+00
  0.240256E+01  0.142455E-01  0.300804E+00  0.000000E+00  0.000000E+00  0.000000E+00  0.000000E+00
  0.225838E+01  0.890774E-02  0.307912E+00  0.000000E+00  0.000000E+00  0.000000E+00  0.000000E+00
  0.264244E+01 -0.352829E-02 -0.422504E+00  0.000000E+00  0.000000E+00  0.000000E+00  0.000000E+00
  0.246482E+01  0.689275E-02 -0.367009E+00  0.000000E+00  0.000000E+00  0.000000E+00  0.000000E+00
  0.256912E+01  0.325309E+00  0.151024E-01  0.000000E+00  0.000000E+00  0.000000E+00  0.000000E+00
  0.268759E+01  0.185018E-01  0.294707E+00  0.000000E+00  0.000000E+00  0.000000E+00  0.000000E+00
  0.194572E+01  0.234417E+00 -0.878442E-02  0.000000E+00  0.000000E+00  0.000000E+00  0.000000E+00
  0.228913E+01 -0.336737E+00  0.147596E-02  0.000000E+00  0.000000E+00  0.000000E+00  0.000000E+00
  0.200614E+01 -0.113976E-02  0.265403E+00  0.000000E+00  0.000000E+00  0.000000E+00  0.000000E+00
  0.174951E+01  0.185845E+00  0.944101E-02  0.000000E+00  0.000000E+00  0.000000E+00  0.000000E+00
  0.182405E+01  0.211706E+00 -0.663400E-02  0.000000E+00  0.000000E+00  0.000000E+00  0.000000E+00
  0.281245E+01 -0.933754E-03 -0.469491E+00  0.000000E+00  0.000000E+00  0.000000E+00  0.000000E+00
  0.267159E+01 -0.320316E+00 -0.168757E-01  0.000000E+00  0.000000E+00  0.000000E+00  0.000000E+00
  0.262965E+01  0.151591E-01  0.336792E+00  0.000000E+00  0.000000E+00  0.000000E+00  0.000000E+00
  0.213701E+01 -0.152829E-01  0.236477E+00  0.000000E+00  0.000000E+00  0.000000E+00  0.000000E+00
  0.254832E+01 -0.377310E+00 -0.877478E-02  0.000000E+00  0.000000E+00  0.000000E+00  0.000000E+00
  0.182790E+01 -0.780801E-02  0.209521E+00  0.000000E+00  0.000000E+00  0.000000E+00  0.000000E+00
  0.252758E+01  0.118623E-01  0.350075E+00  0.000000E+00  0.000000E+00  0.000000E+00  0.000000E+00
  0.270026E+01 -0.185953E-01 -0.295036E+00  0.000000E+00  0.000000E+00  0.000000E+00  0.000000E+00
  0.266850E+01 -0.179403E-01 -0.301820E+00  0.000000E+00  0.000000E+00  0.000000E+00  0.000000E+00
  0.249701E+01  0.388647E+00 -0.204791E-02  0.000000E+00  0.000000E+00  0.000000E+00  0.000000E+00
  0.180455E+01  0.207620E+00 -0.634145E-02  0.000000E+00  0.000000E+00  0.000000E+00  0.000000E+00
  0.256312E+01 -0.733274E-02 -0.388807E+00  0.000000E+00  0.000000E+00  0.000000E+00  0.000000E+00
  0.207784E+01  0.148617E-01  0.228234E+00  0.000000E+00  0.000000E+00  0.000000E+00  0.000000E+00
  0.167851E+01  0.615874E-02 -0.177100E+00  0.000000E+00  0.000000E+00  0.000000E+00  0.000000E+00
  0.203765E+01 -0.164283E-01  0.206275E+00  0.000000E+00  0.000000E+00  0.000000E+00  0.000000E+00
  0.232570E+01 -0.296510E+00  0.129441E-01  0.000000E+00  0.000000E+00  0.000000E+00  0.000000E+00
  0.232141E+01  0.310231E+00 -0.110039E-01  0.000000E+00  0.000000E+00  0.000000E+00  0.000000E+00
  0.224006E+01  0.439074E-02  0.319851E+00  0.000000E+00  0.000000E+00  0.000000E+00  0.000000E+00
  0.212399E+01 -0.155799E-01 -0.231113E+00  0.000000E+00  0.000000E+00  0.000000E+00  0.000000E+00
  0.233833E+01 -0.248146E+00 -0.176194E-01  0.000000E+00  0.000000E+00  0.000000E+00  0.000000E+00
  0.175662E+01 -0.193332E+00  0.743958E-02  0.000000E+00  0.000000E+00  0.000000E+00  0.000000E+00
  0.185575E+01 -0.202811E+00 -0.113463E-01  0.000000E+00  0.000000E+00  0.000000E+00  0.000000E+00
  0.268166E+01  0.155536E-01 -0.341898E+00  0.000000E+00  0.000000E+00  0.000000E+00  0.000000E+00
  0.246795E+01 -0.540129E-02 -0.373562E+00  0.000000E+00  0.000000E+00  0.000000E+00  0.000000E+00
  0.245362E+01  0.247198E+00  0.189493E-01  0.000000E+00  0.000000E+00  0.000000E+00  0.000000E+00
  0.283917E+01  0.449950E+00  0.824031E-02  0.000000E+00  0.000000E+00  0.000000E+00  0.000000E+00
  0.231622E+01 -0.245503E+00 -0.175218E-01  0.000000E+00  0.000000E+00  0.000000E+00  0.000000E+00
  0.272446E+01 -0.317226E+00 -0.176348E-01  0.000000E+00  0.000000E+00  0.000000E+00  0.000000E+00
  0.184718E+01 -0.237731E-02  0.224413E+00  0.000000E+00  0.000000E+00  0.000000E+00  0.000000E+00
  0.255466E+01  0.331571E+00  0.143233E-01  0.000000E+00  0.000000E+00  0.000000E+00  0.000000E+00
  0.192392E+01  0.995603E-02 -0.224608E+00  0.000000E+00  0.000000E+00  0.000000E+00  0.000000E+00
  0.184621E+01 -0.409748E-02 -0.222142E+00  0.000000E+00  0.000000E+00  0.000000E+00  0.000000E+00
  0.192295E+01  0.915791E-04 -0.244616E+00  0.000000E+00  0.000000E+00  0.000000E+00  0.000000E+00
  0.239207E+01 -0.161332E-01  0.277594E+00  0.000000E+00  0.000000E+00  0.000000E+00  0.000000E+00
  0.211363E+01  0.173181E-01 -0.211236E+00  0.000000E+00  0.000000E+00  0.000000E+00  0.000000E+00
  0.242759E+01 -0.257407E+00  0.180655E-01  0.000000E+00  0.000000E+00  0.000000E+00  0.000000E+00
  0.273325E+01  0.328662E+00 -0.170665E-01  0.000000E+00  0.000000E+00  0.000000E+00  0.000000E+00
  0.248231E+01  0.356505E+00  0.961834E-02  0.000000E+00  0.000000E+00  0.000000E+00  0.000000E+00
  0.253186E+01  0.121213E-01  0.348771E+00  0.000000E+00  0.000000E+00  0.000000E+00  0.000000E+00
  0.226702E+01  0.307184E+00 -0.943722E-02  0.000000E+00  0.000000E+00  0.000000E+00  0.000000E+00
  0.283779E+01  0.476225E+00  0.139530E-03  0.000000E+00  0.000000E+00  0.000000E+00  0.000000E+00
  0.222647E+01 -0.113769E-01  0.286246E+00  0.000000E+00  0.000000E+00  0.000000E+00  0.000000E+00
  0.229715E+01 -0.148235E-01  0.273265E+00  0.000000E+00  0.000000E+00  0.000000E+00  0.000000E+00
  0.248097E+01  0.110127E-01 -0.346436E+00  0.000000E+00  0.000000E+00  0.000000E+00  0.000000E+00
  0.200216E+01  0.254817E+00 -0.675814E-02  0.000000E+00  0.000000E+00  0.000000E+00  0.000000E+00
  0.279155E+01  0.149271E-01 -0.372633E+00  0.000000E+00  0.000000E+00  0.000000E+00  0.000000E+00
  0.283733E+01  0.198697E-01 -0.288950E+00  0.000000E+00  0.000000E+00  0.000000E+00  0.000000E+00
  0.254209E+01 -0.176132E-01 -0.284843E+00  0.000000E+00  0.000000E+00  0.000000E+00  0.000000E+00
  0.224471E+01 -0.270990E+00  0.139049E-01  0.000000E+00  0.000000E+00  0.000000E+00  0.000000E+00
  0.247521E+01 -0.255681E+00  0.186693E-01  0.000000E+00  0.000000E+00  0.000000E+00  0.000000E+00
  0.192068E+01 -0.239576E+00 -0.476119E-02  0.000000E+00  0.000000E+00  0.000000E+00  0.000000E+00
  0.203195E+01 -0.139901E-01 -0.225600E+00  0.000000E+00  0.000000E+00  0.000000E+00  0.000000E+00
  0.228565E+01  0.148357E-01  0.270800E+00  0.000000E+00  0.000000E+00  0.000000E+00  0.000000E+00
  0.263447E+01 -0.384531E+00  0.106196E-01  0.000000E+00  0.000000E+00  0.000000E+00  0.000000E+00
  0.227476E+01  0.314807E+00 -0.829002E-02  0.000000E+00  0.000000E+00  0.000000E+00  0.000000E+00
  0.277938E+01 -0.196419E-01 -0.285469E+00  0.000000E+00  0.000000E+00  0.000000E+00  0.000000E+00
  0.261047E+01  0.224671E-02  0.416988E+00  0.000000E+00  0.000000E+00  0.000000E+00  0.000000E+00
  0.258957E+01  0.133087E-01  0.349946E+00  0.000000E+00  0.000000E+00  0.000000E+00  0.000000E+00
  0.236148E+01 -0.341354E+00 -0.701514E-02  0.000000E+00  0.000000E+00  0.000000E+00  0.000000E+00
  0.235638E+01  0.130531E-01 -0.302216E+00  0.000000E+00  0.000000E+00  0.000000E+00  0.000000E+00
  0.256754E+01  0.947659E-02 -0.377379E+00  0.000000E+00  0.000000E+00  0.000000E+00  0.000000E+00
  0.183249E+01  0.126509E-01 -0.191232E+00  0.000000E+00  0.000000E+00  0.000000E+00  0.000000E+00
  0.193518E+01 -0.212885E+00  0.127826E-01  0.000000E+00  0.000000E+00  0.000000E+00  0.000000E+00
  0.256396E+01 -0.270654E+00 -0.186678E-01  0.000000E+00  0.000000E+00  0.000000E+00  0.000000E+00
  0.221528E+01 -0.173884E-01 -0.228932E+00  0.000000E+00  0.000000E+00  0.000000E+00  0.000000E+00
  0.215316E+01 -0.213780E+00  0.177109E-01  0.000000E+00  0.000000E+00  0.000000E+00  0.000000E+00
  0.177118E+01  0.183612E+00  0.113750E-01  0.000000E+00  0.000000E+00  0.000000E+00  0.000000E+00
  0.174622E+01  0.199847E+00 -0.400510E-03  0.000000E+00  0.000000E+00  0.000000E+00  0.000000E+00
  0.213838E+01 -0.180762E-02  0.298377E+00  0.000000E+00  0.000000E+00  0.000000E+00  0.000000E+00
  0.229033E+01  0.153543E-01 -0.266446E+00  0.000000E+00  0.000000E+00  0.000000E+00  0.000000E+00
  0.275706E+01  0.166989E-01  0.339203E+00  0.000000E+00  0.000000E+00  0.000000E+00  0.000000E+00
  0.221751E+01  0.450995E-02 -0.313955E+00  0.000000E+00  0.000000E+00  0.000000E+00  0.000000E+00
  0.204450E+01 -0.208108E+00 -0.163734E-01  0.000000E+00  0.000000E+00  0.000000E+00  0.000000E+00
  0.204196E+01 -0.661829E-02 -0.264945E+00  0.000000E+00  0.000000E+00  0.000000E+00  0.000000E+00
  0.282168E+01 -0.519322E-02 -0.461856E+00  0.000000E+00  0.000000E+00  0.000000E+00  0.000000E+00
  0.203033E+01 -0.208916E+00  0.159924E-01  0.000000E+00  0.000000E+00  0.000000E+00  0.000000E+00
  0.261858E+01 -0.157775E-01 -0.326364E+00  0.000000E+00  0.000000E+00  0.000000E+00  0.000000E+00
  0.242190E+01 -0.345860E+00  0.903672E-02  0.000000E+00  0.000000E+00  0.000000E+00  0.000000E+00
  0.250059E+01  0.364824E+00  0.897196E-02  0.000000E+00  0.000000E+00  0.000000E+00  0.000000E+00
  0.269315E+01 -0.194988E-01 -0.275128E+00  0.000000E+00  0.000000E+00  0.000000E+00  0.000000E+00
  0.193658E+01 -0.899019E-03  0.247907E+00  0.000000E+00  0.000000E+00  0.000000E+00  0.000000E+00
  0.253910E+01  0.137304E-01  0.334784E+00  0.000000E+00  0.000000E+00  0.000000E+00  0.000000E+00
  0.217147E+01  0.289647E+00  0.840218E-02  0.000000E+00  0.000000E+00  0.000000E+00  0.000000E+00
  0.199473E+01 -0.368705E-02 -0.259917E+00  0.000000E+00  0.000000E+00  0.000000E+00  0.000000E+00
  0.273311E+01  0.438733E+00 -0.549504E-02  0.000000E+00  0.000000E+00  0.000000E+00  0.000000E+00
  0.211194E+01 -0.283957E+00 -0.598640E-02  0.000000E+00  0.000000E+00  0.000000E+00  0.000000E+00
  0.174873E+01 -0.200444E+00  0.633784E-03  0.000000E+00  0.000000E+00  0.000000E+00  0.000000E+00
  0.233050E+01  0.165461E-01  0.260725E+00  0.000000E+00  0.000000E+00  0.000000E+00  0.000000E+00
  0.282918E+01  0.129255E-01 -0.405778E+00  0.000000E+00  0.000000E+00  0.000000E+00  0.000000E+00
  0.230555E+01 -0.280479E+00  0.142604E-01  0.000000E+00  0.000000E+00  0.000000E+00  0.000000E+00
  0.246634E+01  0.178078E-02 -0.381221E+00  0.000000E+00  0.000000E+00  0.000000E+00  0.000000E+00
  0.221652E+01  0.234674E+00  0.169302E-01  0.000000E+00  0.000000E+00  0.000000E+00  0.000000E+00
  0.262727E+01 -0.417381E+00 -0.403772E-02  0.000000E+00  0.000000E+00  0.000000E+00  0.000000E+00
  0.212370E+01  0.153049E-01  0.233609E+00  0.000000E+00  0.000000E+00  0.000000E+00  0.000000E+00
  0.266796E+01  0.419527E+00  0.623953E-02  0.000000E+00  0.000000E+00  0.000000E+00  0.000000E+00
  0.210176E+01 -0.379442E-02  0.286530E+00  0.000000E+00  0.000000E+00  0.000000E+00  0.000000E+00
  0.244406E+01  0.164932E-01  0.282979E+00  0.000000E+00  0.000000E+00  0.000000E+00  0.000000E+00
  0.178169E+01 -0.107704E-01  0.188478E+00  0.000000E+00  0.000000E+00  0.000000E+00  0.000000E+00
  0.284082E+01  0.234901E-01 -0.727582E-01  0.000000E+00  0.000000E+00  0.000000E+00  0.000000E+00
  0.284082E+01  0.104067E+00  0.109473E+00  0.000000E+00  0.000000E+00  0.000000E+00  0.000000E+00
  0.284082E+01  0.677647E-01  0.654034E-01  0.000000E+00  0.000000E+00  0.000000E+00  0.000000E+00
  0.284082E+01  0.126892E-01  0.469839E-01  0.000000E+00  0.000000E+00  0.000000E+00  0.000000E+00
  0.284082E+01 -0.126091E+00  0.503980E-02  0.000000E+00  0.000000E+00  0.000000E+00  0.000000E+00
  0.284082E+01 -0.571701E-01 -0.266340E-01  0.000000E+00  0.000000E+00  0.000000E+00  0.000000E+00
  0.284082E+01  0.840835E-02 -0.170444E-01  0.000000E+00  0.000000E+00  0.000000E+00  0.000000E+00
  0.284082E+01  0.264464E-01 -0.160236E+00  0.000000E+00  0.000000E+00  0.000000E+00  0.000000E+00
  0.284082E+01 -0.140785E+00  0.130888E+00  0.000000E+00  0.000000E+00  0.000000E+00  0.000000E+00
  0.284082E+01  0.254767E-01 -0.872423E-01  0.000000E+00  0.000000E+00  0.000000E+00  0.000000E+00
  0.284082E+01 -0.328293E-01 -0.174601E+00  0.000000E+00  0.000000E+00  0.000000E+00  0.000000E+00
  0.284082E+01 -0.155775E-01 -0.181015E-02  0.000000E+00  0.000000E+00  0.000000E+00  0.000000E+00
  0.284082E+01  0.582108E-02  0.429268E-01  0.000000E+00  0.000000E+00  0.000000E+00  0.000000E+00
  0.284082E+01  0.142885E+00 -0.904311E-01  0.000000E+00  0.000000E+00  0.000000E+00  0.000000E+00
  0.284082E+01  0.318581E-01  0.655691E-02  0.000000E+00  0.000000E+00  0.000000E+00  0.000000E+00
  0.284082E+01  0.507509E-01  0.305502E-01  0.000000E+00  0.000000E+00  0.000000E+00  0.000000E+00
  0.284082E+01 -0.801137E-01 -0.983763E-01  0.000000E+00  0.000000E+00  0.000000E+00  0.000000E+00
  0.284082E+01  0.206029E+00 -0.190124E-01  0.000000E+00  0.000000E+00  0.000000E+00  0.000000E+00
  0.284082E+01  0.676304E-01  0.808711E-01  0.000000E+00  0.000000E+00  0.000000E+00  0.000000E+00
  0.284082E+01  0.488581E-01 -0.936915E-02  0.000000E+00  0.000000E+00  0.000000E+00  0.000000E+00
  0.284082E+01 -0.457302E-01 -0.908056E-01  0.000000E+00  0.000000E+00  0.000000E+00  0.000000E+00
  0.284082E+01 -0.148001E-01 -0.114955E-01  0.000000E+00  0.000000E+00  0.000000E+00  0.000000E+00
  0.284082E+01  0.218621E+00  0.588333E-01  0.000000E+00  0.000000E+00  0.000000E+00  0.000000E+00
  0.284082E+01  0.642041E-01 -0.233306E-01  0.000000E+00  0.000000E+00  0.000000E+00  0.000000E+00
  0.284082E+01 -0.110978E+00  0.656325E-01  0.000000E+00  0.000000E+00  0.000000E+00  0.000000E+00
  0.284082E+01  0.168180E+00  0.551166E-01  0.000000E+00  0.000000E+00  0.000000E+00  0.000000E+00
  0.284082E+01  0.234461E+00 -0.691349E-01  0.000000E+00  0.000000E+00  0.000000E+00  0.000000E+00
  0.284082E+01 -0.200473E+00 -0.195953E-01  0.000000E+00  0.000000E+00  0.000000E+00  0.000000E+00
  0.284082E+01  0.146709E+00  0.558383E-01  0.000000E+00  0.000000E+00  0.000000E+00  0.000000E+00
  0.284082E+01 -0.161960E+00  0.956694E-01  0.000000E+00  0.000000E+00  0.000000E+00  0.000000E+00
  0.284082E+01  0.103319E+00 -0.370492E-01  0.000000E+00  0.000000E+00  0.000000E+00  0.000000E+00
  0.284082E+01  0.152424E+00  0.517617E-01  0.000000E+00  0.000000E+00  0.000000E+00  0.000000E+00
  0.284082E+01  0.206967E+00  0.687214E-01  0.000000E+00  0.000000E+00  0.000000E+00  0.000000E+00
  0.284082E+01 -0.411939E-02  0.280288E-01  0.000000E+00  0.000000E+00  0.000000E+00  0.000000E+00
  0.284082E+01 -0.305410E-01  0.639215E-01  0.000000E+00  0.000000E+00  0.000000E+00  0.000000E+00
  0.284082E+01  0.152280E+00  0.385713E-01  0.000000E+00  0.000000E+00  0.000000E+00  0.000000E+00
  0.284082E+01 -0.157500E-01  0.722338E-02  0.000000E+00  0.000000E+00  0.000000E+00  0.000000E+00
  0.284082E+01  0.386867E-02  0.164159E-01  0.000000E+00  0.000000E+00  0.000000E+00  0.000000E+00
  0.284082E+01 -0.136645E+00  0.793331E-01  0.000000E+00  0.000000E+00  0.000000E+00  0.000000E+00
  0.284082E+01 -0.673662E-01 -0.400004E-01  0.000000E+00  0.000000E+00  0.000000E+00  0.000000E+00
  0.284082E+01  0.160620E+00  0.176451E+00  0.000000E+00  0.000000E+00  0.000000E+00  0.000000E+00
  0.284082E+01 -0.194555E+00 -0.800690E-01  0.000000E+00  0.000000E+00  0.000000E+00  0.000000E+00
  0.284082E+01 -0.428464E-01 -0.170289E-01  0.000000E+00  0.000000E+00  0.000000E+00  0.000000E+00
  0.284082E+01 -0.546897E-01  0.103029E-01  0.000000E+00  0.000000E+00  0.000000E+00  0.000000E+00
  0.284082E+01 -0.763044E-02 -0.959291E-01  0.000000E+00  0.000000E+00  0.000000E+00  0.000000E+00
  0.284082E+01  0.175580E+00  0.964585E-01  0.000000E+00  0.000000E+00  0.000000E+00  0.000000E+00
  0.284082E+01  0.116540E+00  0.322970E-01  0.000000E+00  0.000000E+00  0.000000E+00  0.000000E+00
  0.284082E+01 -0.164481E+00  0.148952E-01  0.000000E+00  0.000000E+00  0.000000E+00  0.000000E+00
  0.284082E+01 -0.793890E-02  0.351175E-01  0.000000E+00  0.000000E+00  0.000000E+00  0.000000E+00
  0.284082E+01 -0.636913E-01  0.137286E+00  0.000000E+00  0.000000E+00  0.000000E+00  0.000000E+00
  0.284082E+01 -0.793190E-02 -0.171372E-01  0.000000E+00  0.000000E+00  0.000000E+00  0.000000E+00
  0.284082E+01 -0.229266E-01  0.188311E-01  0.000000E+00  0.000000E+00  0.000000E+00  0.000000E+00
  0.284082E+01 -0.485758E-01  0.243166E-01  0.000000E+00  0.000000E+00  0.000000E+00  0.000000E+00
  0.284082E+01  0.181227E+00  0.390744E-02  0.000000E+00  0.000000E+00  0.000000E+00  0.000000E+00
  0.284082E+01  0.460999E-01 -0.168150E-01  0.000000E+00  0.000000E+00  0.000000E+00  0.000000E+00
  0.284082E+01  0.423446E-01  0.110277E+00  0.000000E+00  0.000000E+00  0.000000E+00  0.000000E+00
  0.284082E+01  0.686838E-01 -0.151365E+00  0.000000E+00  0.000000E+00  0.000000E+00  0.000000E+00
  0.284082E+01  0.622298E-01  0.719593E-01  0.000000E+00  0.000000E+00  0.000000E+00  0.000000E+00
  0.284082E+01 -0.134688E+00 -0.597055E-01  0.000000E+00  0.000000E+00  0.000000E+00  0.000000E+00
  0.284082E+01  0.411249E-01 -0.782794E-01  0.000000E+00  0.000000E+00  0.000000E+00  0.000000E+00
  0.284082E+01 -0.202027E-01  0.846507E-01  0.000000E+00  0.000000E+00  0.000000E+00  0.000000E+00
  0.284082E+01 -0.142189E+00  0.189739E+00  0.000000E+00  0.000000E+00  0.000000E+00  0.000000E+00
  0.284082E+01 -0.571263E-01 -0.291889E-01  0.000000E+00  0.000000E+00  0.000000E+00  0.000000E+00
  0.284082E+01 -0.131798E+00 -0.780458E-01  0.000000E+00  0.000000E+00  0.000000E+00  0.000000E+00
  0.284082E+01  0.242150E-01  0.108558E+00  0.000000E+00  0.000000E+00  0.000000E+00  0.000000E+00
  0.284082E+01  0.110126E+00 -0.595285E-02  0.000000E+00  0.000000E+00  0.000000E+00  0.000000E+00
  0.284082E+01 -0.259671E-02 -0.776750E-01  0.000000E+00  0.000000E+00  0.000000E+00  0.000000E+00
  0.284082E+01 -0.621917E-02  0.491875E-02  0.000000E+00  0.000000E+00  0.000000E+00  0.000000E+00
  0.284082E+01 -0.178102E-01  0.338869E-01  0.000000E+00  0.000000E+00  0.000000E+00  0.000000E+00
  0.284082E+01 -0.166184E-01  0.117357E-01  0.000000E+00  0.000000E+00  0.000000E+00  0.000000E+00
  0.284082E+01  0.115645E-01 -0.122858E-01  0.000000E+00  0.000000E+00  0.000000E+00  0.000000E+00
  0.284082E+01  0.130352E-02  0.866601E-01  0.000000E+00  0.000000E+00  0.000000E+00  0.000000E+00
  0.284082E+01 -0.133642E+00  0.131955E+00  0.000000E+00  0.000000E+00  0.000000E+00  0.000000E+00
  0.284082E+01 -0.160800E+00  0.140114E+00  0.000000E+00  0.000000E+00  0.000000E+00  0.000000E+00
  0.284082E+01 -0.257511E-01  0.358662E-01  0.000000E+00  0.000000E+00  0.000000E+00  0.000000E+00
  0.284082E+01  0.600041E-01  0.420997E-01  0.000000E+00  0.000000E+00  0.000000E+00  0.000000E+00
  0.284082E+01  0.730766E-01  0.166023E+00  0.000000E+00  0.000000E+00  0.000000E+00  0.000000E+00
  0.284082E+01  0.388113E-01 -0.107127E+00  0.000000E+00  0.000000E+00  0.000000E+00  0.000000E+00
  0.284082E+01 -0.748528E-01 -0.238354E-02  0.000000E+00  0.000000E+00  0.000000E+00  0.000000E+00
  0.284082E+01  0.920397E-01 -0.163058E+00  0.000000E+00  0.000000E+00  0.000000E+00  0.000000E+00
  0.284082E+01  0.979400E-01 -0.127889E+00  0.000000E+00  0.000000E+00  0.000000E+00  0.000000E+00
  0.284082E+01 -0.838207E-01 -0.749625E-01  0.000000E+00  0.000000E+00  0.000000E+00  0.000000E+00
  0.284082E+01 -0.466472E-02  0.134028E+00  0.000000E+00  0.000000E+00  0.000000E+00  0.000000E+00
  0.284082E+01  0.427926E-02 -0.410407E-01  0.000000E+00  0.000000E+00  0.000000E+00  0.000000E+00
  0.284082E+01  0.129900E+00  0.183429E+00  0.000000E+00  0.000000E+00  0.000000E+00  0.000000E+00
  0.284082E+01 -0.623246E-01  0.918335E-01  0.000000E+00  0.000000E+00  0.000000E+00  0.000000E+00
  0.284082E+01 -0.434672E-01 -0.724655E-01  0.000000E+00  0.000000E+00  0.000000E+00  0.000000E+00
  0.284082E+01  0.218790E-01 -0.163173E-01  0.000000E+00  0.000000E+00  0.000000E+00  0.000000E+00
  0.284082E+01 -0.359341E-01 -0.212495E+00  0.000000E+00  0.000000E+00  0.000000E+00  0.000000E+00
  0.284082E+01 -0.460461E-01  0.207629E-01  0.000000E+00  0.000000E+00  0.000000E+00  0.000000E+00
  0.284082E+01 -0.152581E+00  0.186616E+00  0.000000E+00  0.000000E+00  0.000000E+00  0.000000E+00
  0.284082E+01  0.184609E+00 -0.132404E+00  0.000000E+00  0.000000E+00  0.000000E+00  0.000000E+00
  0.284082E+01  0.547940E-01  0.406566E-01  0.000000E+00  0.000000E+00  0.000000E+00  0.000000E+00
  0.284082E+01  0.189858E+00 -0.520438E-01  0.000000E+00  0.000000E+00  0.000000E+00  0.000000E+00
  0.284082E+01 -0.645738E-01  0.639803E-02  0.000000E+00  0.000000E+00  0.000000E+00  0.000000E+00
  0.284082E+01  0.824351E-02 -0.151190E-01  0.000000E+00  0.000000E+00  0.000000E+00  0.000000E+00
  0.284082E+01 -0.621671E-01 -0.468514E-01  0.000000E+00  0.000000E+00  0.000000E+00  0.000000E+00
  0.284082E+01 -0.895094E-01  0.551220E-02  0.000000E+00  0.000000E+00  0.000000E+00  0.000000E+00
  0.284082E+01  0.165799E+00  0.123606E+00  0.000000E+00  0.000000E+00  0.000000E+00  0.000000E+00
  0.284082E+01 -0.226834E+00 -0.304253E-01  0.000000E+00  0.000000E+00  0.000000E+00  0.000000E+00
