  0.274400E+01  0.278504E+00  0.197035E-01  0.000000E+00  0.000000E+00  0.000000E+00  0.000000E+00
  0.222323E+01  0.270165E+00  0.134643E-01  0.000000E+00  0.000000E+00  0.000000E+00  0.000000E+00
  0.173979E+01 -0.175351E-02  0.197757E+00  0.000000E+00  0.000000E+00  0.000000E+00  0.000000E+00
  0.281303E+01 -0.169731E-01  0.345053E+00  0.000000E+00  0.000000E+00  0.000000E+00  0.000000E+00
  0.189554E+01  0.112645E-01  0.212183E+00  0.000000E+00  0.000000E+00  0.000000E+00  0.000000E+00
  0.233168E+01 -0.934818E-02  0.322847E+00  0.000000E+00  0.000000E+00  0.000000E+00  0.000000E+00
  0.249216E+01  0.273085E+00  0.177919E-01  0.000000E+00  0.000000E+00  0.000000E+00  0.000000E+00
  0.207805E+01  0.235200E+00  0.139997E-01  0.000000E+00  0.000000E+00  0.000000E+00  0.000000E+00
  0.232197E+01 -0.126270E-01  0.298312E+00  0.000000E+00  0.000000E+00  0.000000E+00  0.000000E+00
  0.249717E+01 -0.326519E+00  0.136710E-01  0.000000E+00  0.000000E+00  0.000000E+00  0.000000E+00
  0.235309E+01  0.342336E+00  0.623872E-02  0.000000E+00  0.000000E+00  0.000000E+00  0.000000E+00
  0.195371E+01  0.251612E+00  0.197940E-02  0.000000E+00  0.000000E+00  0.000000E+00  0.000000E+00
  0.181251E+01  0.206316E+00  0.763092E-02  0.000000E+00  0.000000E+00  0.000000E+00  0.000000E+00
  0.239664E+01 -0.301298E+00  0.140732E-01  0.000000E+00  0.000000E+00  0.000000E+00  0.000000E+00
  0.164428E+01  0.503621E-02  0.170496E+00  0.000000E+00  0.000000E+00  0.000000E+00  0.000000E+00
  0.197624E+01  0.533534E-02  0.252163E+00  0.000000E+00  0.000000E+00  0.000000E+00  0.000000E+00
  0.165202E+01  0.174983E+00  0.271551E-02  0.000000E+00  0.000000E+00  0.000000E+00  0.000000E+00
  0.179564E+01 -0.207804E+00  0.516439E-02  0.000000E+00  0.000000E+00  0.000000E+00  0.000000E+00
  0.278938E+01 -0.199580E-01  0.279424E+00  0.000000E+00  0.000000E+00  0.000000E+00  0.000000E+00
  0.172927E+01  0.103256E-01  0.178121E+00  0.000000E+00  0.000000E+00  0.000000E+00  0.000000E+00
  0.234884E+01 -0.340440E+00  0.646887E-02  0.000000E+00  0.000000E+00  0.000000E+00  0.000000E+00
  0.178833E+01 -0.207898E+00  0.394353E-02  0.000000E+00  0.000000E+00  0.000000E+00  0.000000E+00
  0.211726E+01  0.248000E+00  0.134056E-01  0.000000E+00  0.000000E+00  0.000000E+00  0.000000E+00
  0.171992E+01 -0.176585E+00  0.101463E-01  0.000000E+00  0.000000E+00  0.000000E+00  0.000000E+00
  0.256274E+01 -0.156138E-01  0.317545E+00  0.000000E+00  0.000000E+00  0.000000E+00  0.000000E+00
  0.203176E+01 -0.271412E+00  0.185993E-02  0.000000E+00  0.000000E+00  0.000000E+00  0.000000E+00
  0.210243E+01  0.778480E-02  0.275637E+00  0.000000E+00  0.000000E+00  0.000000E+00  0.000000E+00
  0.254886E+01 -0.394229E+00  0.521123E-02  0.000000E+00  0.000000E+00  0.000000E+00  0.000000E+00
  0.200933E+01  0.221282E+00  0.139304E-01  0.000000E+00  0.000000E+00  0.000000E+00  0.000000E+00
  0.265761E+01  0.106087E-01  0.389924E+00  0.000000E+00  0.000000E+00  0.000000E+00  0.000000E+00
  0.200533E+01  0.243661E+00  0.992429E-02  0.000000E+00  0.000000E+00  0.000000E+00  0.000000E+00
  0.184102E+01  0.126052E-01  0.193335E+00  0.000000E+00  0.000000E+00  0.000000E+00  0.000000E+00
  0.165167E+01  0.171686E+00  0.546071E-02  0.000000E+00  0.000000E+00  0.000000E+00  0.000000E+00
  0.204705E+01  0.136616E-01  0.231177E+00  0.000000E+00  0.000000E+00  0.000000E+00  0.000000E+00
  0.226943E+01 -0.402418E-02  0.328005E+00  0.000000E+00  0.000000E+00  0.000000E+00  0.000000E+00
  0.190082E+01  0.213397E+00  0.112603E-01  0.000000E+00  0.000000E+00  0.000000E+00  0.000000E+00
  0.173611E+01  0.508665E-02  0.193185E+00  0.000000E+00  0.000000E+00  0.000000E+00  0.000000E+00
  0.258617E+01 -0.703687E-02  0.395851E+00  0.000000E+00  0.000000E+00  0.000000E+00  0.000000E+00
  0.273743E+01 -0.442762E+00  0.470745E-02  0.000000E+00  0.000000E+00  0.000000E+00  0.000000E+00
  0.251316E+01 -0.685977E-02  0.378922E+00  0.000000E+00  0.000000E+00  0.000000E+00  0.000000E+00
  0.267700E+01 -0.151928E-01  0.345875E+00  0.000000E+00  0.000000E+00  0.000000E+00  0.000000E+00
  0.239507E+01  0.245834E+00  0.184433E-01  0.000000E+00  0.000000E+00  0.000000E+00  0.000000E+00
  0.229842E+01  0.164562E-01  0.255710E+00  0.000000E+00  0.000000E+00  0.000000E+00  0.000000E+00
  0.226558E+01  0.184073E-01  0.224221E+00  0.000000E+00  0.000000E+00  0.000000E+00  0.000000E+00
  0.204317E+01  0.271501E+00  0.400561E-02  0.000000E+00  0.000000E+00  0.000000E+00  0.000000E+00
  0.252523E+01 -0.161554E-01  0.303049E+00  0.000000E+00  0.000000E+00  0.000000E+00  0.000000E+00
  0.278874E+01  0.161749E-01  0.353656E+00  0.000000E+00  0.000000E+00  0.000000E+00  0.000000E+00
  0.179569E+01  0.210687E+00  0.316744E-02  0.000000E+00  0.000000E+00  0.000000E+00  0.000000E+00
  0.275719E+01  0.146973E-01  0.368737E+00  0.000000E+00  0.000000E+00  0.000000E+00  0.000000E+00
  0.254008E+01 -0.379233E+00  0.810072E-02  0.000000E+00  0.000000E+00  0.000000E+00  0.000000E+00
  0.258869E+01 -0.172366E-01  0.299265E+00  0.000000E+00  0.000000E+00  0.000000E+00  0.000000E+00
  0.183461E+01 -0.211021E+00  0.784609E-02  0.000000E+00  0.000000E+00  0.000000E+00  0.000000E+00
  0.197533E+01  0.235717E+00  0.101394E-01  0.000000E+00  0.000000E+00  0.000000E+00  0.000000E+00
  0.217598E+01  0.257593E+00  0.137751E-01  0.000000E+00  0.000000E+00  0.000000E+00  0.000000E+00
  0.179251E+01 -0.185045E+00  0.121239E-01  0.000000E+00  0.000000E+00  0.000000E+00  0.000000E+00
  0.233074E+01 -0.143451E-01  0.284895E+00  0.000000E+00  0.000000E+00  0.000000E+00  0.000000E+00
  0.269122E+01 -0.294662E+00  0.185360E-01  0.000000E+00  0.000000E+00  0.000000E+00  0.000000E+00
  0.228811E+01 -0.245256E+00  0.171496E-01  0.000000E+00  0.000000E+00  0.000000E+00  0.000000E+00
  0.263532E+01  0.111246E-01  0.380580E+00  0.000000E+00  0.000000E+00  0.000000E+00  0.000000E+00
  0.236456E+01 -0.103994E-01  0.324123E+00  0.000000E+00  0.000000E+00  0.000000E+00  0.000000E+00
  0.208642E+01 -0.461639E-02  0.281086E+00  0.000000E+00  0.000000E+00  0.000000E+00  0.000000E+00
  0.235123E+01 -0.129236E-01  0.302216E+00  0.000000E+00  0.000000E+00  0.000000E+00  0.000000E+00
  0.255812E+01 -0.296696E+00  0.170377E-01  0.000000E+00  0.000000E+00  0.000000E+00  0.000000E+00
  0.260445E+01 -0.191403E-01  0.268359E+00  0.000000E+00  0.000000E+00  0.000000E+00  0.000000E+00
  0.175288E+01 -0.198271E+00  0.449728E-02  0.000000E+00  0.000000E+00  0.000000E+00  0.000000E+00
  0.170467E+01 -0.185848E+00  0.478752E-02  0.000000E+00  0.000000E+00  0.000000E+00  0.000000E+00
  0.236228E+01 -0.752134E-02  0.339360E+00  0.000000E+00  0.000000E+00  0.000000E+00  0.000000E+00
  0.205934E+01 -0.168826E-02  0.278511E+00  0.000000E+00  0.000000E+00  0.000000E+00  0.000000E+00
  0.205694E+01 -0.839301E-02  0.262376E+00  0.000000E+00  0.000000E+00  0.000000E+00  0.000000E+00
  0.168852E+01  0.569849E-02  0.180387E+00  0.000000E+00  0.000000E+00  0.000000E+00  0.000000E+00
  0.280222E+01  0.816067E-02  0.441635E+00  0.000000E+00  0.000000E+00  0.000000E+00  0.000000E+00
  0.209400E+01  0.324245E-03  0.287899E+00  0.000000E+00  0.000000E+00  0.000000E+00  0.000000E+00
  0.170912E+01  0.126402E-02  0.190237E+00  0.000000E+00  0.000000E+00  0.000000E+00  0.000000E+00
  0.265664E+01 -0.679141E-02  0.414187E+00  0.000000E+00  0.000000E+00  0.000000E+00  0.000000E+00
  0.248036E+01  0.254166E+00  0.188057E-01  0.000000E+00  0.000000E+00  0.000000E+00  0.000000E+00
  0.250671E+01  0.118332E-01  0.345670E+00  0.000000E+00  0.000000E+00  0.000000E+00  0.000000E+00
  0.264317E+01 -0.175621E-01  0.303868E+00  0.000000E+00  0.000000E+00  0.000000E+00  0.000000E+00
  0.222704E+01  0.175704E-01  0.228780E+00  0.000000E+00  0.000000E+00  0.000000E+00  0.000000E+00
  0.182199E+01  0.906082E-02  0.204164E+00  0.000000E+00  0.000000E+00  0.000000E+00  0.000000E+00
  0.221023E+01  0.598172E-02  0.308132E+00  0.000000E+00  0.000000E+00  0.000000E+00  0.000000E+00
  0.263564E+01 -0.196926E-01  0.261857E+00  0.000000E+00  0.000000E+00  0.000000E+00  0.000000E+00
  0.253637E+01  0.398919E+00  0.176878E-02  0.000000E+00  0.000000E+00  0.000000E+00  0.000000E+00
  0.182453E+01 -0.195866E+00  0.113247E-01  0.000000E+00  0.000000E+00  0.000000E+00  0.000000E+00
  0.213128E+01  0.240067E+00  0.147526E-01  0.000000E+00  0.000000E+00  0.000000E+00  0.000000E+00
  0.229081E+01 -0.178633E-01  0.236291E+00  0.000000E+00  0.000000E+00  0.000000E+00  0.000000E+00
  0.193027E+01  0.904976E-02  0.229756E+00  0.000000E+00  0.000000E+00  0.000000E+00  0.000000E+00
  0.235371E+01 -0.143465E-01  0.289644E+00  0.000000E+00  0.000000E+00  0.000000E+00  0.000000E+00
  0.236568E+01  0.897572E-02  0.332923E+00  0.000000E+00  0.000000E+00  0.000000E+00  0.000000E+00
  0.241034E+01  0.829025E-02  0.347191E+00  0.000000E+00  0.000000E+00  0.000000E+00  0.000000E+00
  0.190831E+01 -0.119859E-01  0.211417E+00  0.000000E+00  0.000000E+00  0.000000E+00  0.000000E+00
  0.171263E+01 -0.319323E-02  0.189800E+00  0.000000E+00  0.000000E+00  0.000000E+00  0.000000E+00
  0.243789E+01 -0.160936E-01  0.286955E+00  0.000000E+00  0.000000E+00  0.000000E+00  0.000000E+00
  0.248014E+01 -0.191745E-01  0.247483E+00  0.000000E+00  0.000000E+00  0.000000E+00  0.000000E+00
  0.186787E+01  0.199660E+00  0.125203E-01  0.000000E+00  0.000000E+00  0.000000E+00  0.000000E+00
  0.218244E+01 -0.936979E-02  0.287696E+00  0.000000E+00  0.000000E+00  0.000000E+00  0.000000E+00
  0.282579E+01 -0.471593E+00  0.205637E-02  0.000000E+00  0.000000E+00  0.000000E+00  0.000000E+00
  0.195410E+01  0.214425E+00  0.132020E-01  0.000000E+00  0.000000E+00  0.000000E+00  0.000000E+00
  0.201466E+01  0.267624E+00  0.995321E-03  0.000000E+00  0.000000E+00  0.000000E+00  0.000000E+00
  0.167681E+01  0.819841E-02  0.172219E+00  0.000000E+00  0.000000E+00  0.000000E+00  0.000000E+00
  0.278562E+01  0.351378E+00  0.162809E-01  0.000000E+00  0.000000E+00  0.000000E+00  0.000000E+00
  0.239054E+01  0.556131E-02  0.353905E+00  0.000000E+00  0.000000E+00  0.000000E+00  0.000000E+00
  0.203441E+01 -0.311142E-02  0.270714E+00  0.000000E+00  0.000000E+00  0.000000E+00  0.000000E+00
  0.176338E+01  0.361353E-02  0.202073E+00  0.000000E+00  0.000000E+00  0.000000E+00  0.000000E+00
  0.237322E+01  0.736495E-02  0.342701E+00  0.000000E+00  0.000000E+00  0.000000E+00  0.000000E+00
  0.282998E+01 -0.760090E-02  0.451807E+00  0.000000E+00  0.000000E+00  0.000000E+00  0.000000E+00
  0.221131E+01 -0.887195E-02  0.296949E+00  0.000000E+00  0.000000E+00  0.000000E+00  0.000000E+00
  0.263302E+01 -0.275233E+00  0.190296E-01  0.000000E+00  0.000000E+00  0.000000E+00  0.000000E+00
  0.179451E+01  0.184816E+00  0.122659E-01  0.000000E+00  0.000000E+00  0.000000E+00  0.000000E+00
  0.209327E+01  0.126899E-02  0.287367E+00  0.000000E+00  0.000000E+00  0.000000E+00  0.000000E+00
  0.169892E+01  0.603975E-02  0.182332E+00  0.000000E+00  0.000000E+00  0.000000E+00  0.000000E+00
  0.222105E+01  0.267982E+00  0.136720E-01  0.000000E+00  0.000000E+00  0.000000E+00  0.000000E+00
  0.175586E+01 -0.201859E+00  0.167319E-02  0.000000E+00  0.000000E+00  0.000000E+00  0.000000E+00
  0.280117E+01  0.647607E-03  0.466805E+00  0.000000E+00  0.000000E+00  0.000000E+00  0.000000E+00
  0.248425E+01  0.717645E-02  0.370450E+00  0.000000E+00  0.000000E+00  0.000000E+00  0.000000E+00
  0.173550E+01  0.964151E-02  0.181907E+00  0.000000E+00  0.000000E+00  0.000000E+00  0.000000E+00
  0.274693E+01 -0.107880E-01  0.408861E+00  0.000000E+00  0.000000E+00  0.000000E+00  0.000000E+00
  0.221696E+01 -0.466250E-02  0.313457E+00  0.000000E+00  0.000000E+00  0.000000E+00  0.000000E+00
  0.272329E+01 -0.377032E+00  0.134474E-01  0.000000E+00  0.000000E+00  0.000000E+00  0.000000E+00
  0.185018E+01 -0.114457E-01  0.201096E+00  0.000000E+00  0.000000E+00  0.000000E+00  0.000000E+00
  0.253216E+01 -0.392051E+00  0.459831E-02  0.000000E+00  0.000000E+00  0.000000E+00  0.000000E+00
  0.169460E+01 -0.987054E-02  0.171627E+00  0.000000E+00  0.000000E+00  0.000000E+00  0.000000E+00
  0.255418E+01  0.335688E+00  0.139430E-01  0.000000E+00  0.000000E+00  0.000000E+00  0.000000E+00
  0.268825E+01 -0.414818E+00  0.808475E-02  0.000000E+00  0.000000E+00  0.000000E+00  0.000000E+00
  0.280535E+01 -0.155468E-01  0.366516E+00  0.000000E+00  0.000000E+00  0.000000E+00  0.000000E+00
  0.205057E+01 -0.819518E-02  0.261625E+00  0.000000E+00  0.000000E+00  0.000000E+00  0.000000E+00
  0.173418E+01  0.110681E-01  0.176484E+00  0.000000E+00  0.000000E+00  0.000000E+00  0.000000E+00
  0.181268E+01 -0.109378E-01  0.194858E+00  0.000000E+00  0.000000E+00  0.000000E+00  0.000000E+00
  0.268833E+01  0.420252E+00  0.711754E-02  0.000000E+00  0.000000E+00  0.000000E+00  0.000000E+00
  0.171506E+01 -0.182959E+00  0.757496E-02  0.000000E+00  0.000000E+00  0.000000E+00  0.000000E+00
  0.278776E+01 -0.388654E+00  0.136265E-01  0.000000E+00  0.000000E+00  0.000000E+00  0.000000E+00
  0.282617E+01  0.436777E+00  0.962905E-02  0.000000E+00  0.000000E+00  0.000000E+00  0.000000E+00
  0.205552E+01  0.865205E-02  0.260992E+00  0.000000E+00  0.000000E+00  0.000000E+00  0.000000E+00
  0.269076E+01 -0.346614E+00  0.153427E-01  0.000000E+00  0.000000E+00  0.000000E+00  0.000000E+00
  0.282339E+01  0.113335E-01  0.421236E+00  0.000000E+00  0.000000E+00  0.000000E+00  0.000000E+00
  0.233165E+01 -0.947570E-03  0.347842E+00  0.000000E+00  0.000000E+00  0.000000E+00  0.000000E+00
  0.247645E+01 -0.311435E+00  0.146799E-01  0.000000E+00  0.000000E+00  0.000000E+00  0.000000E+00
  0.207123E+01 -0.159773E-01  0.217017E+00  0.000000E+00  0.000000E+00  0.000000E+00  0.000000E+00
  0.228845E+01  0.149588E-01  0.270138E+00  0.000000E+00  0.000000E+00  0.000000E+00  0.000000E+00
  0.189036E+01 -0.344787E-02  0.234108E+00  0.000000E+00  0.000000E+00  0.000000E+00  0.000000E+00
  0.248301E+01 -0.178191E-01  0.271030E+00  0.000000E+00  0.000000E+00  0.000000E+00  0.000000E+00
  0.170710E+01  0.176947E+00  0.909657E-02  0.000000E+00  0.000000E+00  0.000000E+00  0.000000E+00
  0.283041E+01 -0.194447E-01  0.298150E+00  0.000000E+00  0.000000E+00  0.000000E+00  0.000000E+00
  0.281319E+01 -0.148218E-01  0.378495E+00  0.000000E+00  0.000000E+00  0.000000E+00  0.000000E+00
  0.241289E+01  0.365035E+00  0.349613E-02  0.000000E+00  0.000000E+00  0.000000E+00  0.000000E+00
  0.178434E+01  0.205782E+00  0.470344E-02  0.000000E+00  0.000000E+00  0.000000E+00  0.000000E+00
  0.218665E+01  0.130118E-01  0.265881E+00  0.000000E+00  0.000000E+00  0.000000E+00  0.000000E+00
  0.229719E+01 -0.251224E+00  0.168076E-01  0.000000E+00  0.000000E+00  0.000000E+00  0.000000E+00
  0.260653E+01  0.745904E-04  0.417683E+00  0.000000E+00  0.000000E+00  0.000000E+00  0.000000E+00
  0.174567E+01  0.188817E+00  0.815194E-02  0.000000E+00  0.000000E+00  0.000000E+00  0.000000E+00
  0.266424E+01 -0.209162E-02  0.430780E+00  0.000000E+00  0.000000E+00  0.000000E+00  0.000000E+00
  0.193385E+01  0.193722E-03  0.247369E+00  0.000000E+00  0.000000E+00  0.000000E+00  0.000000E+00
  0.271128E+01  0.841085E-02  0.418310E+00  0.000000E+00  0.000000E+00  0.000000E+00  0.000000E+00
  0.267460E+01 -0.738893E-02  0.415489E+00  0.000000E+00  0.000000E+00  0.000000E+00  0.000000E+00
  0.227303E+01 -0.173710E-01  0.239661E+00  0.000000E+00  0.000000E+00  0.000000E+00  0.000000E+00
  0.197428E+01 -0.450173E-02  0.253402E+00  0.000000E+00  0.000000E+00  0.000000E+00  0.000000E+00
  0.208160E+01  0.225220E+00  0.153004E-01  0.000000E+00  0.000000E+00  0.000000E+00  0.000000E+00
  0.185564E+01  0.213634E+00  0.861553E-02  0.000000E+00  0.000000E+00  0.000000E+00  0.000000E+00
  0.282947E+01  0.276173E+00  0.203210E-01  0.000000E+00  0.000000E+00  0.000000E+00  0.000000E+00
  0.201308E+01 -0.200856E+00  0.165063E-01  0.000000E+00  0.000000E+00  0.000000E+00  0.000000E+00
  0.275709E+01 -0.363369E+00  0.150926E-01  0.000000E+00  0.000000E+00  0.000000E+00  0.000000E+00
  0.261882E+01 -0.418907E+00  0.236562E-02  0.000000E+00  0.000000E+00  0.000000E+00  0.000000E+00
  0.179863E+01 -0.209353E+00  0.469292E-02  0.000000E+00  0.000000E+00  0.000000E+00  0.000000E+00
  0.240961E+01  0.191085E-02  0.366752E+00  0.000000E+00  0.000000E+00  0.000000E+00  0.000000E+00
  0.219865E+01  0.237512E+00  0.163816E-01  0.000000E+00  0.000000E+00  0.000000E+00  0.000000E+00
  0.211851E+01  0.227218E+00  0.158749E-01  0.000000E+00  0.000000E+00  0.000000E+00  0.000000E+00
  0.240187E+01 -0.256256E+00  0.178436E-01  0.000000E+00  0.000000E+00  0.000000E+00  0.000000E+00
  0.171438E+01  0.190513E+00  0.290300E-02  0.000000E+00  0.000000E+00  0.000000E+00  0.000000E+00
  0.184668E+01  0.791208E-02  0.213726E+00  0.000000E+00  0.000000E+00  0.000000E+00  0.000000E+00
  0.203475E+01  0.525147E-02  0.266834E+00  0.000000E+00  0.000000E+00  0.000000E+00  0.000000E+00
  0.212963E+01  0.158328E-01  0.229804E+00  0.000000E+00  0.000000E+00  0.000000E+00  0.000000E+00
  0.182387E+01  0.219148E+00  0.147687E-02  0.000000E+00  0.000000E+00  0.000000E+00  0.000000E+00
  0.217362E+01  0.105539E-01  0.279283E+00  0.000000E+00  0.000000E+00  0.000000E+00  0.000000E+00
  0.186529E+01  0.229627E+00  0.145915E-02  0.000000E+00  0.000000E+00  0.000000E+00  0.000000E+00
  0.213711E+01  0.149846E-01  0.239207E+00  0.000000E+00  0.000000E+00  0.000000E+00  0.000000E+00
  0.179061E+01  0.507369E-02  0.206718E+00  0.000000E+00  0.000000E+00  0.000000E+00  0.000000E+00
  0.196830E+01 -0.256033E+00  0.569942E-03  0.000000E+00  0.000000E+00  0.000000E+00  0.000000E+00
  0.217813E+01  0.500002E-02  0.302976E+00  0.000000E+00  0.000000E+00  0.000000E+00  0.000000E+00
  0.236188E+01 -0.496009E-02  0.348672E+00  0.000000E+00  0.000000E+00  0.000000E+00  0.000000E+00
  0.174630E+01  0.185931E+00  0.917951E-02  0.000000E+00  0.000000E+00  0.000000E+00  0.000000E+00
  0.163087E+01 -0.584732E-02  0.165936E+00  0.000000E+00  0.000000E+00  0.000000E+00  0.000000E+00
  0.243315E+01  0.371507E+00  0.275744E-02  0.000000E+00  0.000000E+00  0.000000E+00  0.000000E+00
  0.269152E+01  0.136553E-01  0.367895E+00  0.000000E+00  0.000000E+00  0.000000E+00  0.000000E+00
  0.271048E+01 -0.197581E-01  0.272034E+00  0.000000E+00  0.000000E+00  0.000000E+00  0.000000E+00
  0.263286E+01  0.197367E-01  0.260463E+00  0.000000E+00  0.000000E+00  0.000000E+00  0.000000E+00
  0.245378E+01  0.405074E-02  0.374003E+00  0.000000E+00  0.000000E+00  0.000000E+00  0.000000E+00
  0.197237E+01  0.256168E+00  0.215798E-02  0.000000E+00  0.000000E+00  0.000000E+00  0.000000E+00
  0.191323E+01  0.238802E+00  0.414578E-02  0.000000E+00  0.000000E+00  0.000000E+00  0.000000E+00
  0.194814E+01 -0.113534E-01  0.223619E+00  0.000000E+00  0.000000E+00  0.000000E+00  0.000000E+00
  0.233460E+01 -0.319964E+00  0.995894E-02  0.000000E+00  0.000000E+00  0.000000E+00  0.000000E+00
  0.190251E+01 -0.286475E-02  0.237864E+00  0.000000E+00  0.000000E+00  0.000000E+00  0.000000E+00
  0.189423E+01  0.191224E+00  0.148090E-01  0.000000E+00  0.000000E+00  0.000000E+00  0.000000E+00
  0.222057E+01  0.113930E-01  0.284811E+00  0.000000E+00  0.000000E+00  0.000000E+00  0.000000E+00
  0.273335E+01  0.175241E-01  0.320791E+00  0.000000E+00  0.000000E+00  0.000000E+00  0.000000E+00
  0.267759E+01  0.425177E+00  0.545486E-02  0.000000E+00  0.000000E+00  0.000000E+00  0.000000E+00
  0.260850E+01  0.190055E-01  0.271680E+00  0.000000E+00  0.000000E+00  0.000000E+00  0.000000E+00
  0.245935E+01  0.340987E+00  0.110842E-01  0.000000E+00  0.000000E+00  0.000000E+00  0.000000E+00
  0.220722E+01  0.139425E-01  0.262781E+00  0.000000E+00  0.000000E+00  0.000000E+00  0.000000E+00
  0.175895E+01  0.201134E+00  0.346663E-02  0.000000E+00  0.000000E+00  0.000000E+00  0.000000E+00
  0.268357E+01 -0.437039E+00  0.657484E-03  0.000000E+00  0.000000E+00  0.000000E+00  0.000000E+00
  0.245342E+01  0.354089E+00  0.890138E-02  0.000000E+00  0.000000E+00  0.000000E+00  0.000000E+00
  0.170015E+01 -0.186289E+00  0.356125E-02  0.000000E+00  0.000000E+00  0.000000E+00  0.000000E+00
  0.221982E+01 -0.278067E+00  0.123455E-01  0.000000E+00  0.000000E+00  0.000000E+00  0.000000E+00
  0.181995E+01 -0.133039E-01  0.185025E+00  0.000000E+00  0.000000E+00  0.000000E+00  0.000000E+00
  0.223145E+01 -0.327565E-02  0.319940E+00  0.000000E+00  0.000000E+00  0.000000E+00  0.000000E+00
  0.243783E+01  0.182750E-01  0.255872E+00  0.000000E+00  0.000000E+00  0.000000E+00  0.000000E+00
  0.259080E+01 -0.413289E+00  0.111555E-02  0.000000E+00  0.000000E+00  0.000000E+00  0.000000E+00
  0.253152E+01 -0.279875E+00  0.178049E-01  0.000000E+00  0.000000E+00  0.000000E+00  0.000000E+00
  0.257373E+01  0.159587E-01  0.315118E+00  0.000000E+00  0.000000E+00  0.000000E+00  0.000000E+00
  0.277254E+01  0.450571E+00  0.496088E-02  0.000000E+00  0.000000E+00  0.000000E+00  0.000000E+00
  0.284082E+01  0.795925E-01  0.103358E+00  0.000000E+00  0.000000E+00  0.000000E+00  0.000000E+00
  0.284082E+01  0.908073E-01 -0.152155E+00  0.000000E+00  0.000000E+00  0.000000E+00  0.000000E+00
  0.284082E+01  0.853516E-01  0.142319E+00  0.000000E+00  0.000000E+00  0.000000E+00  0.000000E+00
  0.284082E+01  0.301981E-01 -0.885439E-01  0.000000E+00  0.000000E+00  0.000000E+00  0.000000E+00
  0.284082E+01 -0.538933E-01  0.261917E-01  0.000000E+00  0.000000E+00  0.000000E+00  0.000000E+00
  0.284082E+01  0.771650E-01  0.350869E-02  0.000000E+00  0.000000E+00  0.000000E+00  0.000000E+00
  0.284082E+01  0.349790E-01  0.192815E-01  0.000000E+00  0.000000E+00  0.000000E+00  0.000000E+00
  0.284082E+01  0.157827E+00  0.116253E+00  0.000000E+00  0.000000E+00  0.000000E+00  0.000000E+00
  0.284082E+01  0.147971E+00  0.128447E+00  0.000000E+00  0.000000E+00  0.000000E+00  0.000000E+00
  0.284082E+01  0.101850E+00 -0.761954E-01  0.000000E+00  0.000000E+00  0.000000E+00  0.000000E+00
  0.284082E+01 -0.159399E-01  0.178544E-02  0.000000E+00  0.000000E+00  0.000000E+00  0.000000E+00
  0.284082E+01 -0.191128E+00  0.997016E-01  0.000000E+00  0.000000E+00  0.000000E+00  0.000000E+00
  0.284082E+01  0.100408E+00  0.504234E-01  0.000000E+00  0.000000E+00  0.000000E+00  0.000000E+00
  0.284082E+01  0.985316E-02 -0.171908E+00  0.000000E+00  0.000000E+00  0.000000E+00  0.000000E+00
  0.284082E+01 -0.143462E+00 -0.131839E+00  0.000000E+00  0.000000E+00  0.000000E+00  0.000000E+00
  0.284082E+01 -0.665456E-01  0.331299E-01  0.000000E+00  0.000000E+00  0.000000E+00  0.000000E+00
  0.284082E+01 -0.219124E+00 -0.621667E-01  0.000000E+00  0.000000E+00  0.000000E+00  0.000000E+00
  0.284082E+01  0.293897E-01 -0.139436E+00  0.000000E+00  0.000000E+00  0.000000E+00  0.000000E+00
  0.284082E+01 -0.352002E-01  0.570715E-01  0.000000E+00  0.000000E+00  0.000000E+00  0.000000E+00
  0.284082E+01  0.631197E-01 -0.236624E+00  0.000000E+00  0.000000E+00  0.000000E+00  0.000000E+00
  0.284082E+01  0.132023E+00  0.925124E-01  0.000000E+00  0.000000E+00  0.000000E+00  0.000000E+00
  0.284082E+01 -0.729805E-01  0.119054E+00  0.000000E+00  0.000000E+00  0.000000E+00  0.000000E+00
  0.284082E+01 -0.162816E-02 -0.128943E-02  0.000000E+00  0.000000E+00  0.000000E+00  0.000000E+00
  0.284082E+01 -0.214544E-01  0.357045E-02  0.000000E+00  0.000000E+00  0.000000E+00  0.000000E+00
  0.284082E+01 -0.926847E-01  0.212455E+00  0.000000E+00  0.000000E+00  0.000000E+00  0.000000E+00
  0.284082E+01  0.104444E+00 -0.155161E+00  0.000000E+00  0.000000E+00  0.000000E+00  0.000000E+00
  0.284082E+01 -0.930584E-01 -0.120285E-01  0.000000E+00  0.000000E+00  0.000000E+00  0.000000E+00
  0.284082E+01 -0.155392E+00  0.954673E-01  0.000000E+00  0.000000E+00  0.000000E+00  0.000000E+00
  0.284082E+01 -0.173785E+00 -0.112971E+00  0.000000E+00  0.000000E+00  0.000000E+00  0.000000E+00
  0.284082E+01 -0.312644E-01  0.113207E-01  0.000000E+00  0.000000E+00  0.000000E+00  0.000000E+00
  0.284082E+01  0.329042E-02 -0.273616E-01  0.000000E+00  0.000000E+00  0.000000E+00  0.000000E+00
  0.284082E+01 -0.955945E-01 -0.137102E+00  0.000000E+00  0.000000E+00  0.000000E+00  0.000000E+00
  0.284082E+01  0.519835E-02  0.171498E+00  0.000000E+00  0.000000E+00  0.000000E+00  0.000000E+00
  0.284082E+01 -0.115472E+00  0.558145E-02  0.000000E+00  0.000000E+00  0.000000E+00  0.000000E+00
  0.284082E+01 -0.519531E-01  0.683230E-01  0.000000E+00  0.000000E+00  0.000000E+00  0.000000E+00
  0.284082E+01 -0.494919E-02  0.280803E-01  0.000000E+00  0.000000E+00  0.000000E+00  0.000000E+00
  0.284082E+01  0.574678E-01  0.236465E+00  0.000000E+00  0.000000E+00  0.000000E+00  0.000000E+00
  0.284082E+01  0.159193E-01  0.144601E+00  0.000000E+00  0.000000E+00  0.000000E+00  0.000000E+00
  0.284082E+01 -0.150302E+00  0.124073E+00  0.000000E+00  0.000000E+00  0.000000E+00  0.000000E+00
  0.284082E+01  0.115458E+00 -0.823790E-02  0.000000E+00  0.000000E+00  0.000000E+00  0.000000E+00
  0.284082E+01 -0.568402E-02 -0.558696E-01  0.000000E+00  0.000000E+00  0.000000E+00  0.000000E+00
  0.284082E+01 -0.960348E-02  0.555795E-01  0.000000E+00  0.000000E+00  0.000000E+00  0.000000E+00
  0.284082E+01  0.460261E-01 -0.122768E+00  0.000000E+00  0.000000E+00  0.000000E+00  0.000000E+00
  0.284082E+01 -0.126941E-02  0.149998E-01  0.000000E+00  0.000000E+00  0.000000E+00  0.000000E+00
  0.284082E+01  0.983714E-01  0.178947E+00  0.000000E+00  0.000000E+00  0.000000E+00  0.000000E+00
  0.284082E+01  0.930245E-01  0.308629E-01  0.000000E+00  0.000000E+00  0.000000E+00  0.000000E+00
  0.284082E+01 -0.952824E-01 -0.699383E-01  0.000000E+00  0.000000E+00  0.000000E+00  0.000000E+00
  0.284082E+01 -0.619170E-01  0.505755E-01  0.000000E+00  0.000000E+00  0.000000E+00  0.000000E+00
  0.284082E+01 -0.214839E+00  0.651239E-01  0.000000E+00  0.000000E+00  0.000000E+00  0.000000E+00
  0.284082E+01 -0.197156E-02  0.219013E+00  0.000000E+00  0.000000E+00  0.000000E+00  0.000000E+00
  0.284082E+01  0.451542E-01  0.690220E-01  0.000000E+00  0.000000E+00  0.000000E+00  0.000000E+00
  0.284082E+01  0.878077E-01 -0.156217E+00  0.000000E+00  0.000000E+00  0.000000E+00  0.000000E+00
  0.284082E+01  0.285996E-02  0.617475E-03  0.000000E+00  0.000000E+00  0.000000E+00  0.000000E+00
  0.284082E+01  0.149060E+00  0.700130E-01  0.000000E+00  0.000000E+00  0.000000E+00  0.000000E+00
  0.284082E+01 -0.216665E-01  0.740652E-01  0.000000E+00  0.000000E+00  0.000000E+00  0.000000E+00
  0.284082E+01 -0.212133E-01  0.615747E-02  0.000000E+00  0.000000E+00  0.000000E+00  0.000000E+00
  0.284082E+01  0.393494E-01 -0.226648E+00  0.000000E+00  0.000000E+00  0.000000E+00  0.000000E+00
  0.284082E+01 -0.106242E+00 -0.319278E-01  0.000000E+00  0.000000E+00  0.000000E+00  0.000000E+00
  0.284082E+01 -0.949656E-01 -0.995979E-01  0.000000E+00  0.000000E+00  0.000000E+00  0.000000E+00
  0.284082E+01 -0.120881E+00  0.797473E-01  0.000000E+00  0.000000E+00  0.000000E+00  0.000000E+00
  0.284082E+01 -0.114056E+00  0.677036E-01  0.000000E+00  0.000000E+00  0.000000E+00  0.000000E+00
  0.284082E+01 -0.112061E+00 -0.209691E+00  0.000000E+00  0.000000E+00  0.000000E+00  0.000000E+00
  0.284082E+01  0.186152E+00  0.142668E+00  0.000000E+00  0.000000E+00  0.000000E+00  0.000000E+00
  0.284082E+01  0.121934E+00 -0.363809E-01  0.000000E+00  0.000000E+00  0.000000E+00  0.000000E+00
  0.284082E+01  0.797048E-01 -0.782617E-01  0.000000E+00  0.000000E+00  0.000000E+00  0.000000E+00
  0.284082E+01 -0.414748E-01  0.153951E-01  0.000000E+00  0.000000E+00  0.000000E+00  0.000000E+00
  0.284082E+01 -0.191436E+00 -0.139565E+00  0.000000E+00  0.000000E+00  0.000000E+00  0.000000E+00
  0.284082E+01 -0.850508E-02  0.896413E-02  0.000000E+00  0.000000E+00  0.000000E+00  0.000000E+00
  0.284082E+01 -0.959965E-01 -0.151640E+00  0.000000E+00  0.000000E+00  0.000000E+00  0.000000E+00
  0.284082E+01 -0.771719E-01 -0.470997E-01  0.000000E+00  0.000000E+00  0.000000E+00  0.000000E+00
  0.284082E+01  0.119049E+00  0.868989E-01  0.000000E+00  0.000000E+00  0.000000E+00  0.000000E+00
  0.284082E+01 -0.188397E+00 -0.160973E+00  0.000000E+00  0.000000E+00  0.000000E+00  0.000000E+00
  0.284082E+01  0.128485E+00 -0.133664E+00  0.000000E+00  0.000000E+00  0.000000E+00  0.000000E+00
  0.284082E+01  0.102301E-01 -0.204777E-01  0.000000E+00  0.000000E+00  0.000000E+00  0.000000E+00
  0.284082E+01 -0.103847E+00 -0.962162E-01  0.000000E+00  0.000000E+00  0.000000E+00  0.000000E+00
  0.284082E+01 -0.260422E-02  0.546452E-01  0.000000E+00  0.000000E+00  0.000000E+00  0.000000E+00
  0.284082E+01 -0.304394E-01  0.208291E-02  0.000000E+00  0.000000E+00  0.000000E+00  0.000000E+00
  0.284082E+01 -0.185566E-01  0.115259E+00  0.000000E+00  0.000000E+00  0.000000E+00  0.000000E+00
  0.284082E+01 -0.450030E-01 -0.309044E-01  0.000000E+00  0.000000E+00  0.000000E+00  0.000000E+00
  0.284082E+01  0.536585E-01 -0.265746E-01  0.000000E+00  0.000000E+00  0.000000E+00  0.000000E+00
  0.284082E+01 -0.940612E-01 -0.937637E-01  0.000000E+00  0.000000E+00  0.000000E+00  0.000000E+00
  0.284082E+01  0.356301E-01  0.119828E+00  0.000000E+00  0.000000E+00  0.000000E+00  0.000000E+00
  0.284082E+01 -0.242344E-01  0.182644E+00  0.000000E+00  0.000000E+00  0.000000E+00  0.000000E+00
  0.284082E+01 -0.683556E-01 -0.332964E-01  0.000000E+00  0.000000E+00  0.000000E+00  0.000000E+00
  0.284082E+01  0.101148E+00 -0.179072E+00  0.000000E+00  0.000000E+00  0.000000E+00  0.000000E+00
  0.284082E+01 -0.497010E-01 -0.110378E+00  0.000000E+00  0.000000E+00  0.000000E+00  0.000000E+00
  0.284082E+01 -0.495057E-01  0.644392E-01  0.000000E+00  0.000000E+00  0.000000E+00  0.000000E+00
  0.284082E+01 -0.242175E-01 -0.211406E+00  0.000000E+00  0.000000E+00  0.000000E+00  0.000000E+00
  0.284082E+01  0.123336E+00  0.194829E+00  0.000000E+00  0.000000E+00  0.000000E+00  0.000000E+00
  0.284082E+01  0.174740E+00 -0.417796E-01  0.000000E+00  0.000000E+00  0.000000E+00  0.000000E+00
  0.284082E+01  0.657646E-01  0.115478E+00  0.000000E+00  0.000000E+00  0.000000E+00  0.000000E+00
  0.284082E+01 -0.169872E+00  0.100285E+00  0.000000E+00  0.000000E+00  0.000000E+00  0.000000E+00
  0.284082E+01  0.399225E-02  0.118030E-01  0.000000E+00  0.000000E+00  0.000000E+00  0.000000E+00
  0.284082E+01  0.127125E+00 -0.125358E+00  0.000000E+00  0.000000E+00  0.000000E+00  0.000000E+00
  0.284082E+01 -0.224976E-01 -0.192265E+00  0.000000E+00  0.000000E+00  0.000000E+00  0.000000E+00
  0.284082E+01 -0.179715E+00  0.236672E-01  0.000000E+00  0.000000E+00  0.000000E+00  0.000000E+00
  0.284082E+01 -0.332845E-01  0.600421E-01  0.000000E+00  0.000000E+00  0.000000E+00  0.000000E+00
  0.284082E+01  0.224391E-01 -0.949479E-01  0.000000E+00  0.000000E+00  0.000000E+00  0.000000E+00
  0.284082E+01  0.140081E+00  0.142587E-01  0.000000E+00  0.000000E+00  0.000000E+00  0.000000E+00
  0.284082E+01 -0.739663E-01  0.108041E-01  0.000000E+00  0.000000E+00  0.000000E+00  0.000000E+00
