  0.225523E+01 -0.295994E+00 -0.108774E-01  0.000000E+00  0.000000E+00  0.000000E+00  0.000000E+00
  0.261604E+01 -0.470039E-02 -0.412599E+00  0.000000E+00  0.000000E+00  0.000000E+00  0.000000E+00
  0.204313E+01 -0.269929E+00  0.479834E-02  0.000000E+00  0.000000E+00  0.000000E+00  0.000000E+00
  0.171657E+01  0.190576E+00 -0.340345E-02  0.000000E+00  0.000000E+00  0.000000E+00  0.000000E+00
  0.230729E+01  0.341876E+00 -0.418961E-03  0.000000E+00  0.000000E+00  0.000000E+00  0.000000E+00
  0.275655E+01  0.277040E+00 -0.198486E-01  0.000000E+00  0.000000E+00  0.000000E+00  0.000000E+00
  0.207029E+01 -0.149397E-01  0.226045E+00  0.000000E+00  0.000000E+00  0.000000E+00  0.000000E+00
  0.252765E+01 -0.150612E-02 -0.396991E+00  0.000000E+00  0.000000E+00  0.000000E+00  0.000000E+00
  0.273969E+01 -0.451011E+00  0.103594E-02  0.000000E+00  0.000000E+00  0.000000E+00  0.000000E+00
  0.224735E+01  0.265766E+00  0.145439E-01  0.000000E+00  0.000000E+00  0.000000E+00  0.000000E+00
  0.195678E+01 -0.350519E-02 -0.250681E+00  0.000000E+00  0.000000E+00  0.000000E+00  0.000000E+00
  0.228766E+01 -0.426320E-02  0.332017E+00  0.000000E+00  0.000000E+00  0.000000E+00  0.000000E+00
  0.173463E+01  0.178886E+00  0.104562E-01  0.000000E+00  0.000000E+00  0.000000E+00  0.000000E+00
  0.203119E+01 -0.531518E-02  0.265801E+00  0.000000E+00  0.000000E+00  0.000000E+00  0.000000E+00
  0.216722E+01  0.304986E+00  0.244913E-02  0.000000E+00  0.000000E+00  0.000000E+00  0.000000E+00
  0.272142E+01  0.121050E-01 -0.390907E+00  0.000000E+00  0.000000E+00  0.000000E+00  0.000000E+00
  0.225011E+01 -0.321126E+00  0.488841E-02  0.000000E+00  0.000000E+00  0.000000E+00  0.000000E+00
  0.194752E+01 -0.222841E+00  0.114774E-01  0.000000E+00  0.000000E+00  0.000000E+00  0.000000E+00
  0.255057E+01 -0.400857E+00 -0.286560E-02  0.000000E+00  0.000000E+00  0.000000E+00  0.000000E+00
  0.279427E+01  0.159098E-01 -0.358852E+00  0.000000E+00  0.000000E+00  0.000000E+00  0.000000E+00
  0.243179E+01  0.280093E+00 -0.165352E-01  0.000000E+00  0.000000E+00  0.000000E+00  0.000000E+00
  0.272975E+01  0.276426E+00  0.196974E-01  0.000000E+00  0.000000E+00  0.000000E+00  0.000000E+00
  0.277312E+01  0.169383E-01  0.338224E+00  0.000000E+00  0.000000E+00  0.000000E+00  0.000000E+00
  0.218666E+01 -0.272507E+00  0.120963E-01  0.000000E+00  0.000000E+00  0.000000E+00  0.000000E+00
  0.170522E+01  0.187177E+00 -0.389776E-02  0.000000E+00  0.000000E+00  0.000000E+00  0.000000E+00
  0.262553E+01 -0.182841E-01  0.288135E+00  0.000000E+00  0.000000E+00  0.000000E+00  0.000000E+00
  0.282149E+01  0.814628E-02 -0.446340E+00  0.000000E+00  0.000000E+00  0.000000E+00  0.000000E+00
  0.213588E+01 -0.293271E+00  0.466983E-02  0.000000E+00  0.000000E+00  0.000000E+00  0.000000E+00
  0.203400E+01  0.218237E+00 -0.149938E-01  0.000000E+00  0.000000E+00  0.000000E+00  0.000000E+00
  0.201744E+01  0.143553E-02 -0.268097E+00  0.000000E+00  0.000000E+00  0.000000E+00  0.000000E+00
  0.251129E+01 -0.710701E-03 -0.393412E+00  0.000000E+00  0.000000E+00  0.000000E+00  0.000000E+00
  0.248048E+01 -0.288293E+00  0.166117E-01  0.000000E+00  0.000000E+00  0.000000E+00  0.000000E+00
  0.181990E+01 -0.586770E-02  0.212423E+00  0.000000E+00  0.000000E+00  0.000000E+00  0.000000E+00
  0.279506E+01 -0.304774E+00 -0.188941E-01  0.000000E+00  0.000000E+00  0.000000E+00  0.000000E+00
  0.267967E+01 -0.178553E-01 -0.305311E+00  0.000000E+00  0.000000E+00  0.000000E+00  0.000000E+00
  0.230502E+01  0.154568E-01  0.268289E+00  0.000000E+00  0.000000E+00  0.000000E+00  0.000000E+00
  0.222750E+01  0.111312E-01 -0.288073E+00  0.000000E+00  0.000000E+00  0.000000E+00  0.000000E+00
  0.175617E+01 -0.196675E+00 -0.589974E-02  0.000000E+00  0.000000E+00  0.000000E+00  0.000000E+00
  0.191921E+01  0.233039E+00 -0.730398E-02  0.000000E+00  0.000000E+00  0.000000E+00  0.000000E+00
  0.170723E+01  0.583435E-02 -0.184755E+00  0.000000E+00  0.000000E+00  0.000000E+00  0.000000E+00
  0.188815E+01  0.580329E-02  0.229364E+00  0.000000E+00  0.000000E+00  0.000000E+00  0.000000E+00
  0.242865E+01  0.777097E-02 -0.354189E+00  0.000000E+00  0.000000E+00  0.000000E+00  0.000000E+00
  0.206626E+01 -0.280842E+00  0.502895E-03  0.000000E+00  0.000000E+00  0.000000E+00  0.000000E+00
  0.211190E+01  0.230199E+00 -0.154197E-01  0.000000E+00  0.000000E+00  0.000000E+00  0.000000E+00
  0.230077E+01  0.227452E-02  0.338862E+00  0.000000E+00  0.000000E+00  0.000000E+00  0.000000E+00
  0.247006E+01 -0.262392E+00 -0.182169E-01  0.000000E+00  0.000000E+00  0.000000E+00  0.000000E+00
  0.268499E+01 -0.158933E-01  0.337748E+00  0.000000E+00  0.000000E+00  0.000000E+00  0.000000E+00
  0.261869E+01 -0.118791E-01 -0.370228E+00  0.000000E+00  0.000000E+00  0.000000E+00  0.000000E+00
  0.269319E+01  0.433630E+00 -0.411382E-02  0.000000E+00  0.000000E+00  0.000000E+00  0.000000E+00
  0.244737E+01 -0.246822E+00 -0.189118E-01  0.000000E+00  0.000000E+00  0.000000E+00  0.000000E+00
  0.261479E+01  0.187803E-01 -0.277076E+00  0.000000E+00  0.000000E+00  0.000000E+00  0.000000E+00
  0.272197E+01  0.386843E+00 -0.125187E-01  0.000000E+00  0.000000E+00  0.000000E+00  0.000000E+00
  0.237897E+01 -0.146208E-01 -0.292074E+00  0.000000E+00  0.000000E+00  0.000000E+00  0.000000E+00
  0.177392E+01  0.205583E+00 -0.280124E-02  0.000000E+00  0.000000E+00  0.000000E+00  0.000000E+00
  0.254286E+01  0.192164E-01 -0.256866E+00  0.000000E+00  0.000000E+00  0.000000E+00  0.000000E+00
  0.195047E+01  0.146665E-01  0.203742E+00  0.000000E+00  0.000000E+00  0.000000E+00  0.000000E+00
  0.186075E+01 -0.106383E-01  0.207115E+00  0.000000E+00  0.000000E+00  0.000000E+00  0.000000E+00
  0.169118E+01  0.802919E-02 -0.176087E+00  0.000000E+00  0.000000E+00  0.000000E+00  0.000000E+00
  0.259977E+01  0.996575E-02 -0.381494E+00  0.000000E+00  0.000000E+00  0.000000E+00  0.000000E+00
  0.230156E+01  0.330372E+00  0.604416E-02  0.000000E+00  0.000000E+00  0.000000E+00  0.000000E+00
  0.227227E+01  0.324299E+00  0.569571E-02  0.000000E+00  0.000000E+00  0.000000E+00  0.000000E+00
  0.167269E+01  0.177390E+00  0.513566E-02  0.000000E+00  0.000000E+00  0.000000E+00  0.000000E+00
  0.252251E+01  0.276723E+00 -0.179008E-01  0.000000E+00  0.000000E+00  0.000000E+00  0.000000E+00
  0.283358E+01 -0.122103E-01  0.414639E+00  0.000000E+00  0.000000E+00  0.000000E+00  0.000000E+00
  0.193850E+01  0.106873E-01  0.224697E+00  0.000000E+00  0.000000E+00  0.000000E+00  0.000000E+00
  0.269396E+01  0.971089E-02 -0.405283E+00  0.000000E+00  0.000000E+00  0.000000E+00  0.000000E+00
  0.257563E+01 -0.374484E+00  0.101603E-01  0.000000E+00  0.000000E+00  0.000000E+00  0.000000E+00
  0.205428E+01 -0.120712E-02  0.277543E+00  0.000000E+00  0.000000E+00  0.000000E+00  0.000000E+00
  0.204392E+01  0.207454E+00  0.164302E-01  0.000000E+00  0.000000E+00  0.000000E+00  0.000000E+00
  0.228508E+01 -0.258822E+00 -0.159628E-01  0.000000E+00  0.000000E+00  0.000000E+00  0.000000E+00
  0.267501E+01 -0.308079E+00  0.176505E-01  0.000000E+00  0.000000E+00  0.000000E+00  0.000000E+00
  0.229288E+01  0.125113E-01 -0.292866E+00  0.000000E+00  0.000000E+00  0.000000E+00  0.000000E+00
  0.198938E+01  0.141532E-01  0.215505E+00  0.000000E+00  0.000000E+00  0.000000E+00  0.000000E+00
  0.245435E+01 -0.139440E-01  0.314699E+00  0.000000E+00  0.000000E+00  0.000000E+00  0.000000E+00
  0.264773E+01 -0.976227E-02 -0.394125E+00  0.000000E+00  0.000000E+00  0.000000E+00  0.000000E+00
  0.191208E+01 -0.231987E+00 -0.707189E-02  0.000000E+00  0.000000E+00  0.000000E+00  0.000000E+00
  0.197691E+01 -0.258073E+00 -0.997038E-03  0.000000E+00  0.000000E+00  0.000000E+00  0.000000E+00
  0.196101E+01 -0.252511E+00 -0.292108E-02  0.000000E+00  0.000000E+00  0.000000E+00  0.000000E+00
  0.170716E+01  0.187479E+00 -0.404691E-02  0.000000E+00  0.000000E+00  0.000000E+00  0.000000E+00
  0.247322E+01 -0.166284E-01 -0.286692E+00  0.000000E+00  0.000000E+00  0.000000E+00  0.000000E+00
  0.279097E+01  0.386463E+00 -0.138614E-01  0.000000E+00  0.000000E+00  0.000000E+00  0.000000E+00
  0.190501E+01 -0.123436E-01  0.208772E+00  0.000000E+00  0.000000E+00  0.000000E+00  0.000000E+00
  0.253225E+01  0.337021E+00  0.133722E-01  0.000000E+00  0.000000E+00  0.000000E+00  0.000000E+00
  0.197051E+01 -0.225264E+00  0.119813E-01  0.000000E+00  0.000000E+00  0.000000E+00  0.000000E+00
  0.254605E+01  0.261733E-02 -0.400161E+00  0.000000E+00  0.000000E+00  0.000000E+00  0.000000E+00
  0.248535E+01 -0.628313E-02  0.374582E+00  0.000000E+00  0.000000E+00  0.000000E+00  0.000000E+00
  0.255544E+01  0.370841E+00  0.100166E-01  0.000000E+00  0.000000E+00  0.000000E+00  0.000000E+00
  0.260390E+01  0.407975E-02 -0.411428E+00  0.000000E+00  0.000000E+00  0.000000E+00  0.000000E+00
  0.213958E+01  0.213112E+00 -0.175635E-01  0.000000E+00  0.000000E+00  0.000000E+00  0.000000E+00
  0.162717E+01 -0.268083E-02  0.168752E+00  0.000000E+00  0.000000E+00  0.000000E+00  0.000000E+00
  0.270987E+01  0.927988E-03 -0.443542E+00  0.000000E+00  0.000000E+00  0.000000E+00  0.000000E+00
  0.180234E+01  0.130306E-01 -0.182701E+00  0.000000E+00  0.000000E+00  0.000000E+00  0.000000E+00
  0.253381E+01  0.367268E+00 -0.980706E-02  0.000000E+00  0.000000E+00  0.000000E+00  0.000000E+00
  0.164489E+01 -0.170815E+00 -0.491739E-02  0.000000E+00  0.000000E+00  0.000000E+00  0.000000E+00
  0.222435E+01  0.311758E+00 -0.593247E-02  0.000000E+00  0.000000E+00  0.000000E+00  0.000000E+00
  0.193550E+01 -0.100624E-01 -0.226837E+00  0.000000E+00  0.000000E+00  0.000000E+00  0.000000E+00
  0.237194E+01 -0.261501E+00 -0.170900E-01  0.000000E+00  0.000000E+00  0.000000E+00  0.000000E+00
  0.232807E+01 -0.302419E+00 -0.122794E-01  0.000000E+00  0.000000E+00  0.000000E+00  0.000000E+00
  0.247000E+01 -0.108421E-01 -0.345214E+00  0.000000E+00  0.000000E+00  0.000000E+00  0.000000E+00
  0.204457E+01  0.243540E+00  0.116737E-01  0.000000E+00  0.000000E+00  0.000000E+00  0.000000E+00
  0.238165E+01 -0.320814E+00  0.114332E-01  0.000000E+00  0.000000E+00  0.000000E+00  0.000000E+00
  0.224474E+01  0.129924E-01 -0.278593E+00  0.000000E+00  0.000000E+00  0.000000E+00  0.000000E+00
  0.275825E+01  0.349915E+00 -0.160353E-01  0.000000E+00  0.000000E+00  0.000000E+00  0.000000E+00
  0.212770E+01  0.117496E-01 -0.261672E+00  0.000000E+00  0.000000E+00  0.000000E+00  0.000000E+00
  0.174889E+01  0.798843E-02  0.190034E+00  0.000000E+00  0.000000E+00  0.000000E+00  0.000000E+00
  0.185003E+01  0.189150E+00 -0.137042E-01  0.000000E+00  0.000000E+00  0.000000E+00  0.000000E+00
  0.213047E+01  0.104954E-01 -0.269703E+00  0.000000E+00  0.000000E+00  0.000000E+00  0.000000E+00
  0.279556E+01  0.340234E+00  0.170639E-01  0.000000E+00  0.000000E+00  0.000000E+00  0.000000E+00
  0.242414E+01 -0.458843E-02 -0.365197E+00  0.000000E+00  0.000000E+00  0.000000E+00  0.000000E+00
  0.280784E+01 -0.134561E-01  0.394974E+00  0.000000E+00  0.000000E+00  0.000000E+00  0.000000E+00
  0.245540E+01 -0.327166E+00 -0.126611E-01  0.000000E+00  0.000000E+00  0.000000E+00  0.000000E+00
  0.248515E+01 -0.361493E+00  0.891840E-02  0.000000E+00  0.000000E+00  0.000000E+00  0.000000E+00
  0.231192E+01 -0.100736E-01 -0.314008E+00  0.000000E+00  0.000000E+00  0.000000E+00  0.000000E+00
  0.212324E+01  0.280169E+00 -0.790636E-02  0.000000E+00  0.000000E+00  0.000000E+00  0.000000E+00
  0.241656E+01  0.316798E+00 -0.128761E-01  0.000000E+00  0.000000E+00  0.000000E+00  0.000000E+00
  0.238527E+01  0.167653E-01  0.268286E+00  0.000000E+00  0.000000E+00  0.000000E+00  0.000000E+00
  0.222404E+01  0.320205E+00 -0.158085E-02  0.000000E+00  0.000000E+00  0.000000E+00  0.000000E+00
  0.216063E+01 -0.303658E+00 -0.215515E-02  0.000000E+00  0.000000E+00  0.000000E+00  0.000000E+00
  0.223181E+01 -0.159245E-01  0.248850E+00  0.000000E+00  0.000000E+00  0.000000E+00  0.000000E+00
  0.199661E+01 -0.151787E-01  0.209188E+00  0.000000E+00  0.000000E+00  0.000000E+00  0.000000E+00
  0.248186E+01  0.381108E+00 -0.401526E-02  0.000000E+00  0.000000E+00  0.000000E+00  0.000000E+00
  0.162657E+01  0.256441E-02  0.168687E+00  0.000000E+00  0.000000E+00  0.000000E+00  0.000000E+00
  0.188162E+01 -0.897790E-02  0.218534E+00  0.000000E+00  0.000000E+00  0.000000E+00  0.000000E+00
  0.236900E+01 -0.339938E+00 -0.774879E-02  0.000000E+00  0.000000E+00  0.000000E+00  0.000000E+00
  0.202690E+01 -0.402949E-02  0.267394E+00  0.000000E+00  0.000000E+00  0.000000E+00  0.000000E+00
  0.214074E+01 -0.695916E-03 -0.299641E+00  0.000000E+00  0.000000E+00  0.000000E+00  0.000000E+00
  0.163495E+01  0.167265E+00  0.564682E-02  0.000000E+00  0.000000E+00  0.000000E+00  0.000000E+00
  0.244938E+01  0.336808E+00  0.113370E-01  0.000000E+00  0.000000E+00  0.000000E+00  0.000000E+00
  0.259429E+01  0.369721E+00  0.113115E-01  0.000000E+00  0.000000E+00  0.000000E+00  0.000000E+00
  0.192512E+01  0.215210E+00 -0.119751E-01  0.000000E+00  0.000000E+00  0.000000E+00  0.000000E+00
  0.184513E+01 -0.730903E-02  0.215089E+00  0.000000E+00  0.000000E+00  0.000000E+00  0.000000E+00
  0.251956E+01 -0.165457E-01 -0.296613E+00  0.000000E+00  0.000000E+00  0.000000E+00  0.000000E+00
  0.171854E+01 -0.369901E-02  0.190741E+00  0.000000E+00  0.000000E+00  0.000000E+00  0.000000E+00
  0.215388E+01 -0.277880E+00 -0.998130E-02  0.000000E+00  0.000000E+00  0.000000E+00  0.000000E+00
  0.230945E+01  0.320275E+00  0.885345E-02  0.000000E+00  0.000000E+00  0.000000E+00  0.000000E+00
  0.208747E+01 -0.211993E+00 -0.168004E-01  0.000000E+00  0.000000E+00  0.000000E+00  0.000000E+00
  0.185197E+01 -0.226632E+00 -0.288856E-03  0.000000E+00  0.000000E+00  0.000000E+00  0.000000E+00
  0.278634E+01 -0.402817E+00  0.123429E-01  0.000000E+00  0.000000E+00  0.000000E+00  0.000000E+00
  0.224795E+01  0.288694E+00 -0.117285E-01  0.000000E+00  0.000000E+00  0.000000E+00  0.000000E+00
  0.233031E+01 -0.133839E-01 -0.293720E+00  0.000000E+00  0.000000E+00  0.000000E+00  0.000000E+00
  0.226295E+01  0.165196E-01 -0.248214E+00  0.000000E+00  0.000000E+00  0.000000E+00  0.000000E+00
  0.270574E+01 -0.181734E-01  0.304074E+00  0.000000E+00  0.000000E+00  0.000000E+00  0.000000E+00
  0.250860E+01 -0.171490E-01  0.285882E+00  0.000000E+00  0.000000E+00  0.000000E+00  0.000000E+00
  0.246247E+01  0.610860E-02  0.369656E+00  0.000000E+00  0.000000E+00  0.000000E+00  0.000000E+00
  0.261019E+01  0.313529E+00  0.165649E-01  0.000000E+00  0.000000E+00  0.000000E+00  0.000000E+00
  0.221189E+01  0.310267E+00 -0.540105E-02  0.000000E+00  0.000000E+00  0.000000E+00  0.000000E+00
  0.237524E+01 -0.357563E+00 -0.233060E-02  0.000000E+00  0.000000E+00  0.000000E+00  0.000000E+00
  0.250018E+01 -0.354542E+00 -0.105112E-01  0.000000E+00  0.000000E+00  0.000000E+00  0.000000E+00
  0.223237E+01 -0.285470E+00 -0.116906E-01  0.000000E+00  0.000000E+00  0.000000E+00  0.000000E+00
  0.265297E+01  0.198277E-01  0.261565E+00  0.000000E+00  0.000000E+00  0.000000E+00  0.000000E+00
  0.204025E+01 -0.135969E-01  0.230195E+00  0.000000E+00  0.000000E+00  0.000000E+00  0.000000E+00
  0.282093E+01  0.285523E+00 -0.199063E-01  0.000000E+00  0.000000E+00  0.000000E+00  0.000000E+00
  0.215235E+01  0.382369E-02 -0.299135E+00  0.000000E+00  0.000000E+00  0.000000E+00  0.000000E+00
  0.204220E+01  0.243549E+00 -0.115803E-01  0.000000E+00  0.000000E+00  0.000000E+00  0.000000E+00
  0.278975E+01 -0.144927E-01  0.378137E+00  0.000000E+00  0.000000E+00  0.000000E+00  0.000000E+00
  0.236614E+01  0.106374E-01 -0.322911E+00  0.000000E+00  0.000000E+00  0.000000E+00  0.000000E+00
  0.235294E+01 -0.309624E+00  0.120611E-01  0.000000E+00  0.000000E+00  0.000000E+00  0.000000E+00
  0.201090E+01  0.251807E+00  0.828366E-02  0.000000E+00  0.000000E+00  0.000000E+00  0.000000E+00
  0.254127E+01  0.506127E-02  0.392854E+00  0.000000E+00  0.000000E+00  0.000000E+00  0.000000E+00
  0.238321E+01 -0.789046E-02 -0.342686E+00  0.000000E+00  0.000000E+00  0.000000E+00  0.000000E+00
  0.177376E+01 -0.206814E+00 -0.436373E-03  0.000000E+00  0.000000E+00  0.000000E+00  0.000000E+00
  0.268989E+01 -0.322701E+00 -0.169399E-01  0.000000E+00  0.000000E+00  0.000000E+00  0.000000E+00
  0.238735E+01 -0.152397E-01 -0.287117E+00  0.000000E+00  0.000000E+00  0.000000E+00  0.000000E+00
  0.183494E+01  0.657983E-02 -0.214496E+00  0.000000E+00  0.000000E+00  0.000000E+00  0.000000E+00
  0.238875E+01  0.326190E+00 -0.109119E-01  0.000000E+00  0.000000E+00  0.000000E+00  0.000000E+00
  0.230560E+01  0.277571E+00  0.145631E-01  0.000000E+00  0.000000E+00  0.000000E+00  0.000000E+00
  0.187312E+01 -0.491458E-02  0.227474E+00  0.000000E+00  0.000000E+00  0.000000E+00  0.000000E+00
  0.247390E+01 -0.155957E-01 -0.300202E+00  0.000000E+00  0.000000E+00  0.000000E+00  0.000000E+00
  0.175648E+01 -0.888884E-02  0.189241E+00  0.000000E+00  0.000000E+00  0.000000E+00  0.000000E+00
  0.277363E+01  0.421801E+00 -0.997356E-02  0.000000E+00  0.000000E+00  0.000000E+00  0.000000E+00
  0.213914E+01 -0.295992E+00  0.373468E-02  0.000000E+00  0.000000E+00  0.000000E+00  0.000000E+00
  0.254975E+01  0.250088E+00 -0.196133E-01  0.000000E+00  0.000000E+00  0.000000E+00  0.000000E+00
  0.210837E+01  0.104369E-01 -0.264938E+00  0.000000E+00  0.000000E+00  0.000000E+00  0.000000E+00
  0.254770E+01 -0.382557E+00 -0.782398E-02  0.000000E+00  0.000000E+00  0.000000E+00  0.000000E+00
  0.164038E+01 -0.174196E-02  0.172655E+00  0.000000E+00  0.000000E+00  0.000000E+00  0.000000E+00
  0.209414E+01 -0.936653E-02 -0.266983E+00  0.000000E+00  0.000000E+00  0.000000E+00  0.000000E+00
  0.261005E+01  0.168311E-01 -0.309504E+00  0.000000E+00  0.000000E+00  0.000000E+00  0.000000E+00
  0.247094E+01  0.381171E+00  0.266498E-02  0.000000E+00  0.000000E+00  0.000000E+00  0.000000E+00
  0.217687E+01  0.147362E-01 -0.249535E+00  0.000000E+00  0.000000E+00  0.000000E+00  0.000000E+00
  0.190037E+01  0.191258E+00 -0.149807E-01  0.000000E+00  0.000000E+00  0.000000E+00  0.000000E+00
  0.233523E+01  0.263256E+00 -0.164126E-01  0.000000E+00  0.000000E+00  0.000000E+00  0.000000E+00
  0.165402E+01  0.176459E+00  0.706321E-03  0.000000E+00  0.000000E+00  0.000000E+00  0.000000E+00
  0.179487E+01 -0.193138E+00  0.103536E-01  0.000000E+00  0.000000E+00  0.000000E+00  0.000000E+00
  0.256551E+01  0.158529E-01  0.314940E+00  0.000000E+00  0.000000E+00  0.000000E+00  0.000000E+00
  0.250149E+01 -0.159292E-01  0.301422E+00  0.000000E+00  0.000000E+00  0.000000E+00  0.000000E+00
  0.162553E+01  0.168341E+00  0.267987E-02  0.000000E+00  0.000000E+00  0.000000E+00  0.000000E+00
  0.173343E+01  0.194861E+00  0.335160E-02  0.000000E+00  0.000000E+00  0.000000E+00  0.000000E+00
  0.246100E+01  0.168117E-01  0.281870E+00  0.000000E+00  0.000000E+00  0.000000E+00  0.000000E+00
  0.251092E+01 -0.950242E-02  0.363945E+00  0.000000E+00  0.000000E+00  0.000000E+00  0.000000E+00
  0.188572E+01  0.206353E+00  0.119946E-01  0.000000E+00  0.000000E+00  0.000000E+00  0.000000E+00
  0.181688E+01  0.186515E+00  0.129035E-01  0.000000E+00  0.000000E+00  0.000000E+00  0.000000E+00
  0.170678E+01  0.100513E-01  0.173863E+00  0.000000E+00  0.000000E+00  0.000000E+00  0.000000E+00
  0.278920E+01  0.165993E-01 -0.346908E+00  0.000000E+00  0.000000E+00  0.000000E+00  0.000000E+00
  0.208416E+01 -0.282527E+00  0.355794E-02  0.000000E+00  0.000000E+00  0.000000E+00  0.000000E+00
  0.250066E+01 -0.400782E-02 -0.385826E+00  0.000000E+00  0.000000E+00  0.000000E+00  0.000000E+00
  0.221327E+01  0.109078E-01 -0.286243E+00  0.000000E+00  0.000000E+00  0.000000E+00  0.000000E+00
  0.221495E+01 -0.296932E+00  0.905201E-02  0.000000E+00  0.000000E+00  0.000000E+00  0.000000E+00
  0.184515E+01  0.100309E-01  0.206021E+00  0.000000E+00  0.000000E+00  0.000000E+00  0.000000E+00
  0.229198E+01  0.161678E-01  0.257840E+00  0.000000E+00  0.000000E+00  0.000000E+00  0.000000E+00
  0.180649E+01  0.190318E+00 -0.116562E-01  0.000000E+00  0.000000E+00  0.000000E+00  0.000000E+00
  0.274358E+01 -0.154112E-01 -0.356203E+00  0.000000E+00  0.000000E+00  0.000000E+00  0.000000E+00
  0.199479E+01  0.155294E-01  0.205954E+00  0.000000E+00  0.000000E+00  0.000000E+00  0.000000E+00
  0.238605E+01  0.342295E+00  0.810947E-02  0.000000E+00  0.000000E+00  0.000000E+00  0.000000E+00
  0.241916E+01  0.913324E-03  0.369999E+00  0.000000E+00  0.000000E+00  0.000000E+00  0.000000E+00
  0.241504E+01  0.359297E+00  0.575225E-02  0.000000E+00  0.000000E+00  0.000000E+00  0.000000E+00
  0.209633E+01  0.268452E+00  0.915911E-02  0.000000E+00  0.000000E+00  0.000000E+00  0.000000E+00
  0.273540E+01 -0.300078E+00 -0.186403E-01  0.000000E+00  0.000000E+00  0.000000E+00  0.000000E+00
  0.190040E+01 -0.856820E-02 -0.224438E+00  0.000000E+00  0.000000E+00  0.000000E+00  0.000000E+00
  0.233811E+01  0.263992E+00  0.163974E-01  0.000000E+00  0.000000E+00  0.000000E+00  0.000000E+00
  0.181301E+01 -0.115194E-01  0.192399E+00  0.000000E+00  0.000000E+00  0.000000E+00  0.000000E+00
  0.222750E+01 -0.114183E-01  0.286205E+00  0.000000E+00  0.000000E+00  0.000000E+00  0.000000E+00
  0.209668E+01  0.253794E+00  0.119023E-01  0.000000E+00  0.000000E+00  0.000000E+00  0.000000E+00
  0.200276E+01 -0.139227E-01 -0.219955E+00  0.000000E+00  0.000000E+00  0.000000E+00  0.000000E+00
  0.235868E+01  0.266549E+00 -0.165081E-01  0.000000E+00  0.000000E+00  0.000000E+00  0.000000E+00
  0.227515E+01 -0.319647E+00 -0.719953E-02  0.000000E+00  0.000000E+00  0.000000E+00  0.000000E+00
  0.221564E+01  0.236563E+00 -0.167536E-01  0.000000E+00  0.000000E+00  0.000000E+00  0.000000E+00
  0.221816E+01  0.534800E-02  0.311965E+00  0.000000E+00  0.000000E+00  0.000000E+00  0.000000E+00
  0.216690E+01  0.427168E-02  0.301875E+00  0.000000E+00  0.000000E+00  0.000000E+00  0.000000E+00
  0.269884E+01  0.323023E+00 -0.170223E-01  0.000000E+00  0.000000E+00  0.000000E+00  0.000000E+00
  0.221486E+01  0.140859E-01  0.263151E+00  0.000000E+00  0.000000E+00  0.000000E+00  0.000000E+00
  0.259593E+01 -0.101681E-01  0.379123E+00  0.000000E+00  0.000000E+00  0.000000E+00  0.000000E+00
  0.217350E+01 -0.134893E-01  0.259360E+00  0.000000E+00  0.000000E+00  0.000000E+00  0.000000E+00
  0.190136E+01 -0.237702E+00  0.274846E-02  0.000000E+00  0.000000E+00  0.000000E+00  0.000000E+00
  0.246646E+01  0.361390E+00  0.814047E-02  0.000000E+00  0.000000E+00  0.000000E+00  0.000000E+00
  0.254391E+01  0.187423E-01 -0.265925E+00  0.000000E+00  0.000000E+00  0.000000E+00  0.000000E+00
  0.207692E+01  0.132666E-01 -0.240374E+00  0.000000E+00  0.000000E+00  0.000000E+00  0.000000E+00
  0.242229E+01 -0.127754E-01  0.318934E+00  0.000000E+00  0.000000E+00  0.000000E+00  0.000000E+00
  0.282697E+01  0.199717E-01 -0.284810E+00  0.000000E+00  0.000000E+00  0.000000E+00  0.000000E+00
  0.234135E+01  0.344606E+00  0.458263E-02  0.000000E+00  0.000000E+00  0.000000E+00  0.000000E+00
  0.183639E+01  0.185730E+00  0.137948E-01  0.000000E+00  0.000000E+00  0.000000E+00  0.000000E+00
  0.203239E+01 -0.226103E+00 -0.139341E-01  0.000000E+00  0.000000E+00  0.000000E+00  0.000000E+00
  0.183196E+01 -0.187126E+00  0.133889E-01  0.000000E+00  0.000000E+00  0.000000E+00  0.000000E+00
  0.188767E+01 -0.208957E+00 -0.115637E-01  0.000000E+00  0.000000E+00  0.000000E+00  0.000000E+00
  0.263290E+01 -0.570642E-03  0.424249E+00  0.000000E+00  0.000000E+00  0.000000E+00  0.000000E+00
  0.247703E+01  0.134958E-01 -0.323995E+00  0.000000E+00  0.000000E+00  0.000000E+00  0.000000E+00
  0.178972E+01  0.889716E-02 -0.197078E+00  0.000000E+00  0.000000E+00  0.000000E+00  0.000000E+00
  0.170202E+01  0.180641E+00 -0.722045E-02  0.000000E+00  0.000000E+00  0.000000E+00  0.000000E+00
  0.173496E+01 -0.700185E-03  0.196946E+00  0.000000E+00  0.000000E+00  0.000000E+00  0.000000E+00
  0.260489E+01  0.160260E-01  0.320258E+00  0.000000E+00  0.000000E+00  0.000000E+00  0.000000E+00
  0.224401E+01 -0.112750E-01 -0.290876E+00  0.000000E+00  0.000000E+00  0.000000E+00  0.000000E+00
  0.267208E+01 -0.426754E+00  0.463405E-02  0.000000E+00  0.000000E+00  0.000000E+00  0.000000E+00
  0.237985E+01 -0.356358E+00 -0.368509E-02  0.000000E+00  0.000000E+00  0.000000E+00  0.000000E+00
  0.168302E+01 -0.870079E-02 -0.172378E+00  0.000000E+00  0.000000E+00  0.000000E+00  0.000000E+00
  0.223628E+01  0.546258E-02  0.316117E+00  0.000000E+00  0.000000E+00  0.000000E+00  0.000000E+00
  0.229969E+01 -0.131136E-01 -0.289469E+00  0.000000E+00  0.000000E+00  0.000000E+00  0.000000E+00
  0.257226E+01  0.254230E+00 -0.195838E-01  0.000000E+00  0.000000E+00  0.000000E+00  0.000000E+00
  0.180375E+01 -0.183767E+00  0.128841E-01  0.000000E+00  0.000000E+00  0.000000E+00  0.000000E+00
  0.170793E+01 -0.189832E+00  0.150689E-02  0.000000E+00  0.000000E+00  0.000000E+00  0.000000E+00
  0.264370E+01 -0.278840E+00  0.189366E-01  0.000000E+00  0.000000E+00  0.000000E+00  0.000000E+00
  0.270174E+01 -0.441407E+00  0.103909E-02  0.000000E+00  0.000000E+00  0.000000E+00  0.000000E+00
  0.236414E+01  0.285981E+00  0.149127E-01  0.000000E+00  0.000000E+00  0.000000E+00  0.000000E+00
  0.176923E+01 -0.205665E+00 -0.460886E-03  0.000000E+00  0.000000E+00  0.000000E+00  0.000000E+00
  0.169963E+01  0.323743E-02  0.186493E+00  0.000000E+00  0.000000E+00  0.000000E+00  0.000000E+00
  0.276715E+01  0.589013E-02 -0.445446E+00  0.000000E+00  0.000000E+00  0.000000E+00  0.000000E+00
  0.208849E+01 -0.835297E-02 -0.270063E+00  0.000000E+00  0.000000E+00  0.000000E+00  0.000000E+00
  0.165827E+01 -0.176724E+00 -0.248980E-02  0.000000E+00  0.000000E+00  0.000000E+00  0.000000E+00
  0.278285E+01 -0.174452E-01  0.331155E+00  0.000000E+00  0.000000E+00  0.000000E+00  0.000000E+00
  0.251818E+01  0.305454E+00  0.158698E-01  0.000000E+00  0.000000E+00  0.000000E+00  0.000000E+00
  0.266508E+01 -0.415255E+00  0.699065E-02  0.000000E+00  0.000000E+00  0.000000E+00  0.000000E+00
  0.279214E+01  0.162680E-02 -0.463691E+00  0.000000E+00  0.000000E+00  0.000000E+00  0.000000E+00
  0.180111E+01  0.203821E+00 -0.753851E-02  0.000000E+00  0.000000E+00  0.000000E+00  0.000000E+00
  0.249578E+01  0.381073E+00 -0.521458E-02  0.000000E+00  0.000000E+00  0.000000E+00  0.000000E+00
  0.176638E+01 -0.181442E+00  0.116314E-01  0.000000E+00  0.000000E+00  0.000000E+00  0.000000E+00
  0.251971E+01  0.560803E-02  0.385618E+00  0.000000E+00  0.000000E+00  0.000000E+00  0.000000E+00
  0.220789E+01  0.287733E+00 -0.104542E-01  0.000000E+00  0.000000E+00  0.000000E+00  0.000000E+00
  0.274358E+01 -0.328739E+00  0.171743E-01  0.000000E+00  0.000000E+00  0.000000E+00  0.000000E+00
  0.249328E+01  0.175705E-01 -0.276731E+00  0.000000E+00  0.000000E+00  0.000000E+00  0.000000E+00
  0.244240E+01  0.169440E-01  0.276562E+00  0.000000E+00  0.000000E+00  0.000000E+00  0.000000E+00
  0.251150E+01  0.191158E-01 -0.253678E+00  0.000000E+00  0.000000E+00  0.000000E+00  0.000000E+00
  0.281423E+01  0.340032E+00 -0.172697E-01  0.000000E+00  0.000000E+00  0.000000E+00  0.000000E+00
  0.197949E+01 -0.211321E+00 -0.144468E-01  0.000000E+00  0.000000E+00  0.000000E+00  0.000000E+00
  0.206233E+01  0.455250E-02  0.275224E+00  0.000000E+00  0.000000E+00  0.000000E+00  0.000000E+00
  0.187017E+01  0.226314E+00 -0.513929E-02  0.000000E+00  0.000000E+00  0.000000E+00  0.000000E+00
  0.179477E+01 -0.199619E+00  0.846974E-02  0.000000E+00  0.000000E+00  0.000000E+00  0.000000E+00
  0.196236E+01  0.106236E-01  0.230463E+00  0.000000E+00  0.000000E+00  0.000000E+00  0.000000E+00
  0.212794E+01 -0.232415E+00 -0.155247E-01  0.000000E+00  0.000000E+00  0.000000E+00  0.000000E+00
  0.230581E+01  0.339441E+00  0.277276E-02  0.000000E+00  0.000000E+00  0.000000E+00  0.000000E+00
  0.188614E+01  0.320163E-03  0.235278E+00  0.000000E+00  0.000000E+00  0.000000E+00  0.000000E+00
  0.246546E+01  0.166537E-01  0.284880E+00  0.000000E+00  0.000000E+00  0.000000E+00  0.000000E+00
  0.243285E+01 -0.185544E-01  0.250463E+00  0.000000E+00  0.000000E+00  0.000000E+00  0.000000E+00
  0.186595E+01 -0.229664E+00  0.168308E-02  0.000000E+00  0.000000E+00  0.000000E+00  0.000000E+00
  0.272656E+01 -0.329592E+00 -0.169361E-01  0.000000E+00  0.000000E+00  0.000000E+00  0.000000E+00
  0.224143E+01  0.292007E+00 -0.110104E-01  0.000000E+00  0.000000E+00  0.000000E+00  0.000000E+00
  0.210218E+01 -0.250054E+00 -0.126612E-01  0.000000E+00  0.000000E+00  0.000000E+00  0.000000E+00
  0.228649E+01 -0.487353E-02  0.330198E+00  0.000000E+00  0.000000E+00  0.000000E+00  0.000000E+00
  0.264285E+01 -0.881153E-02  0.399484E+00  0.000000E+00  0.000000E+00  0.000000E+00  0.000000E+00
  0.213423E+01 -0.240058E+00  0.148226E-01  0.000000E+00  0.000000E+00  0.000000E+00  0.000000E+00
  0.266537E+01  0.416194E+00 -0.681583E-02  0.000000E+00  0.000000E+00  0.000000E+00  0.000000E+00
  0.278860E+01 -0.411385E+00  0.115429E-01  0.000000E+00  0.000000E+00  0.000000E+00  0.000000E+00
  0.201671E+01  0.262447E-02  0.266873E+00  0.000000E+00  0.000000E+00  0.000000E+00  0.000000E+00
  0.235146E+01 -0.135378E-01  0.296854E+00  0.000000E+00  0.000000E+00  0.000000E+00  0.000000E+00
  0.196157E+01 -0.122608E-01 -0.221699E+00  0.000000E+00  0.000000E+00  0.000000E+00  0.000000E+00
  0.236063E+01  0.257216E+00 -0.172534E-01  0.000000E+00  0.000000E+00  0.000000E+00  0.000000E+00
  0.232775E+01  0.329398E+00 -0.788255E-02  0.000000E+00  0.000000E+00  0.000000E+00  0.000000E+00
  0.258559E+01 -0.379631E+00 -0.976388E-02  0.000000E+00  0.000000E+00  0.000000E+00  0.000000E+00
  0.271298E+01 -0.454737E-02  0.437216E+00  0.000000E+00  0.000000E+00  0.000000E+00  0.000000E+00
  0.192414E+01 -0.235610E+00 -0.682630E-02  0.000000E+00  0.000000E+00  0.000000E+00  0.000000E+00
  0.258368E+01 -0.147150E-01  0.332988E+00  0.000000E+00  0.000000E+00  0.000000E+00  0.000000E+00
  0.260262E+01  0.324393E+00  0.156914E-01  0.000000E+00  0.000000E+00  0.000000E+00  0.000000E+00
  0.236894E+01 -0.238728E+00  0.186105E-01  0.000000E+00  0.000000E+00  0.000000E+00  0.000000E+00
  0.221098E+01 -0.164028E-02  0.316857E+00  0.000000E+00  0.000000E+00  0.000000E+00  0.000000E+00
  0.160556E+01 -0.133026E-02  0.164029E+00  0.000000E+00  0.000000E+00  0.000000E+00  0.000000E+00
  0.267393E+01  0.188861E-01  0.284853E+00  0.000000E+00  0.000000E+00  0.000000E+00  0.000000E+00
  0.263308E+01  0.628138E-02  0.410791E+00  0.000000E+00  0.000000E+00  0.000000E+00  0.000000E+00
  0.251518E+01 -0.351449E+00 -0.113627E-01  0.000000E+00  0.000000E+00  0.000000E+00  0.000000E+00
  0.235094E+01  0.343397E+00 -0.578427E-02  0.000000E+00  0.000000E+00  0.000000E+00  0.000000E+00
  0.193883E+01  0.193785E+00  0.156636E-01  0.000000E+00  0.000000E+00  0.000000E+00  0.000000E+00
  0.252442E+01  0.394651E+00  0.265530E-02  0.000000E+00  0.000000E+00  0.000000E+00  0.000000E+00
  0.167342E+01 -0.709825E-02 -0.173975E+00  0.000000E+00  0.000000E+00  0.000000E+00  0.000000E+00
  0.271172E+01 -0.143493E-01  0.363839E+00  0.000000E+00  0.000000E+00  0.000000E+00  0.000000E+00
  0.272014E+01 -0.430520E+00  0.661789E-02  0.000000E+00  0.000000E+00  0.000000E+00  0.000000E+00
  0.252534E+01 -0.394084E+00  0.308987E-02  0.000000E+00  0.000000E+00  0.000000E+00  0.000000E+00
  0.190722E+01 -0.132027E-01 -0.204342E+00  0.000000E+00  0.000000E+00  0.000000E+00  0.000000E+00
  0.225592E+01 -0.328861E+00  0.465476E-03  0.000000E+00  0.000000E+00  0.000000E+00  0.000000E+00
  0.275313E+01 -0.720523E-02 -0.435501E+00  0.000000E+00  0.000000E+00  0.000000E+00  0.000000E+00
  0.212413E+01 -0.244954E+00  0.139885E-01  0.000000E+00  0.000000E+00  0.000000E+00  0.000000E+00
  0.224937E+01  0.321011E+00 -0.486144E-02  0.000000E+00  0.000000E+00  0.000000E+00  0.000000E+00
  0.188995E+01 -0.201978E+00  0.129703E-01  0.000000E+00  0.000000E+00  0.000000E+00  0.000000E+00
  0.234793E+01 -0.266814E+00 -0.163197E-01  0.000000E+00  0.000000E+00  0.000000E+00  0.000000E+00
  0.205596E+01  0.226145E+00 -0.145699E-01  0.000000E+00  0.000000E+00  0.000000E+00  0.000000E+00
  0.204739E+01 -0.215547E+00  0.156251E-01  0.000000E+00  0.000000E+00  0.000000E+00  0.000000E+00
  0.193942E+01  0.248599E+00  0.973653E-03  0.000000E+00  0.000000E+00  0.000000E+00  0.000000E+00
  0.280001E+01  0.458153E+00  0.475421E-02  0.000000E+00  0.000000E+00  0.000000E+00  0.000000E+00
  0.192179E+01  0.142108E-01  0.201012E+00  0.000000E+00  0.000000E+00  0.000000E+00  0.000000E+00
  0.242164E+01  0.178754E-01 -0.259282E+00  0.000000E+00  0.000000E+00  0.000000E+00  0.000000E+00
  0.245062E+01  0.374640E+00 -0.342718E-02  0.000000E+00  0.000000E+00  0.000000E+00  0.000000E+00
  0.281855E+01  0.302900E+00 -0.191549E-01  0.000000E+00  0.000000E+00  0.000000E+00  0.000000E+00
  0.248084E+01 -0.246945E-02  0.383975E+00  0.000000E+00  0.000000E+00  0.000000E+00  0.000000E+00
  0.264596E+01 -0.260402E+00 -0.198314E-01  0.000000E+00  0.000000E+00  0.000000E+00  0.000000E+00
  0.192595E+01  0.224911E+00 -0.999525E-02  0.000000E+00  0.000000E+00  0.000000E+00  0.000000E+00
  0.218859E+01  0.167567E-01  0.231446E+00  0.000000E+00  0.000000E+00  0.000000E+00  0.000000E+00
  0.261533E+01 -0.384535E+00 -0.100436E-01  0.000000E+00  0.000000E+00  0.000000E+00  0.000000E+00
  0.270760E+01 -0.177307E-01  0.312498E+00  0.000000E+00  0.000000E+00  0.000000E+00  0.000000E+00
  0.177093E+01 -0.205906E+00  0.116235E-02  0.000000E+00  0.000000E+00  0.000000E+00  0.000000E+00
  0.216878E+01  0.245963E+00  0.149478E-01  0.000000E+00  0.000000E+00  0.000000E+00  0.000000E+00
  0.267637E+01  0.294767E+00 -0.183983E-01  0.000000E+00  0.000000E+00  0.000000E+00  0.000000E+00
  0.219669E+01  0.156690E-01  0.244611E+00  0.000000E+00  0.000000E+00  0.000000E+00  0.000000E+00
  0.190408E+01 -0.267324E-02  0.238465E+00  0.000000E+00  0.000000E+00  0.000000E+00  0.000000E+00
  0.260429E+01 -0.179068E-01 -0.291072E+00  0.000000E+00  0.000000E+00  0.000000E+00  0.000000E+00
  0.260374E+01  0.835066E-02 -0.393029E+00  0.000000E+00  0.000000E+00  0.000000E+00  0.000000E+00
  0.240939E+01 -0.301166E+00 -0.143488E-01  0.000000E+00  0.000000E+00  0.000000E+00  0.000000E+00
  0.243941E+01 -0.179144E-01  0.261825E+00  0.000000E+00  0.000000E+00  0.000000E+00  0.000000E+00
  0.250382E+01  0.167262E-01 -0.291104E+00  0.000000E+00  0.000000E+00  0.000000E+00  0.000000E+00
  0.259357E+01  0.406145E+00 -0.496599E-02  0.000000E+00  0.000000E+00  0.000000E+00  0.000000E+00
  0.192557E+01 -0.245072E+00 -0.102779E-02  0.000000E+00  0.000000E+00  0.000000E+00  0.000000E+00
  0.177653E+01  0.201095E+00  0.618467E-02  0.000000E+00  0.000000E+00  0.000000E+00  0.000000E+00
  0.177437E+01  0.193073E+00  0.901483E-02  0.000000E+00  0.000000E+00  0.000000E+00  0.000000E+00
  0.275138E+01  0.295352E+00  0.189974E-01  0.000000E+00  0.000000E+00  0.000000E+00  0.000000E+00
  0.217131E+01  0.290449E+00  0.820854E-02  0.000000E+00  0.000000E+00  0.000000E+00  0.000000E+00
  0.272592E+01 -0.122710E-01  0.390244E+00  0.000000E+00  0.000000E+00  0.000000E+00  0.000000E+00
  0.253665E+01  0.255978E+00 -0.192103E-01  0.000000E+00  0.000000E+00  0.000000E+00  0.000000E+00
  0.205519E+01 -0.215917E+00 -0.157558E-01  0.000000E+00  0.000000E+00  0.000000E+00  0.000000E+00
  0.200620E+01  0.243465E+00  0.100100E-01  0.000000E+00  0.000000E+00  0.000000E+00  0.000000E+00
  0.235980E+01 -0.773126E-02  0.337805E+00  0.000000E+00  0.000000E+00  0.000000E+00  0.000000E+00
  0.190403E+01  0.200729E+00 -0.136809E-01  0.000000E+00  0.000000E+00  0.000000E+00  0.000000E+00
  0.280127E+01  0.137416E-01 -0.390115E+00  0.000000E+00  0.000000E+00  0.000000E+00  0.000000E+00
  0.215958E+01 -0.234782E+00 -0.159217E-01  0.000000E+00  0.000000E+00  0.000000E+00  0.000000E+00
  0.226399E+01 -0.264830E+00 -0.149938E-01  0.000000E+00  0.000000E+00  0.000000E+00  0.000000E+00
  0.245193E+01 -0.368186E+00 -0.580781E-02  0.000000E+00  0.000000E+00  0.000000E+00  0.000000E+00
  0.241255E+01 -0.587446E-02  0.358253E+00  0.000000E+00  0.000000E+00  0.000000E+00  0.000000E+00
  0.193777E+01 -0.395882E-02  0.245236E+00  0.000000E+00  0.000000E+00  0.000000E+00  0.000000E+00
  0.201054E+01  0.775401E-02  0.253635E+00  0.000000E+00  0.000000E+00  0.000000E+00  0.000000E+00
  0.229963E+01 -0.339778E+00 -0.869574E-03  0.000000E+00  0.000000E+00  0.000000E+00  0.000000E+00
  0.175375E+01 -0.464043E-02 -0.198274E+00  0.000000E+00  0.000000E+00  0.000000E+00  0.000000E+00
  0.168473E+01  0.181251E+00 -0.453226E-02  0.000000E+00  0.000000E+00  0.000000E+00  0.000000E+00
  0.250192E+01  0.111399E-01  0.350214E+00  0.000000E+00  0.000000E+00  0.000000E+00  0.000000E+00
  0.175162E+01  0.111706E-01  0.180034E+00  0.000000E+00  0.000000E+00  0.000000E+00  0.000000E+00
  0.198142E+01 -0.256831E+00  0.352312E-02  0.000000E+00  0.000000E+00  0.000000E+00  0.000000E+00
  0.211685E+01  0.251025E+00  0.129789E-01  0.000000E+00  0.000000E+00  0.000000E+00  0.000000E+00
  0.252886E+01  0.138206E-01 -0.331670E+00  0.000000E+00  0.000000E+00  0.000000E+00  0.000000E+00
  0.260371E+01 -0.172015E-01 -0.302577E+00  0.000000E+00  0.000000E+00  0.000000E+00  0.000000E+00
  0.180902E+01 -0.214149E+00 -0.306174E-02  0.000000E+00  0.000000E+00  0.000000E+00  0.000000E+00
  0.197709E+01 -0.255751E+00  0.351980E-02  0.000000E+00  0.000000E+00  0.000000E+00  0.000000E+00
  0.195919E+01 -0.253725E+00 -0.579572E-03  0.000000E+00  0.000000E+00  0.000000E+00  0.000000E+00
  0.264858E+01  0.163260E-01  0.324386E+00  0.000000E+00  0.000000E+00  0.000000E+00  0.000000E+00
  0.258022E+01 -0.145552E-02  0.410325E+00  0.000000E+00  0.000000E+00  0.000000E+00  0.000000E+00
  0.215308E+01 -0.109463E-01 -0.272303E+00  0.000000E+00  0.000000E+00  0.000000E+00  0.000000E+00
  0.236164E+01  0.185222E-01  0.238887E+00  0.000000E+00  0.000000E+00  0.000000E+00  0.000000E+00
  0.168434E+01  0.175003E+00 -0.780332E-02  0.000000E+00  0.000000E+00  0.000000E+00  0.000000E+00
  0.228091E+01  0.173342E-01  0.241572E+00  0.000000E+00  0.000000E+00  0.000000E+00  0.000000E+00
  0.233578E+01 -0.329431E+00  0.828027E-02  0.000000E+00  0.000000E+00  0.000000E+00  0.000000E+00
  0.254803E+01  0.402865E+00  0.159978E-03  0.000000E+00  0.000000E+00  0.000000E+00  0.000000E+00
  0.271546E+01 -0.122355E-01  0.388291E+00  0.000000E+00  0.000000E+00  0.000000E+00  0.000000E+00
  0.271675E+01  0.145385E-01  0.362495E+00  0.000000E+00  0.000000E+00  0.000000E+00  0.000000E+00
  0.283224E+01  0.401398E+00 -0.133553E-01  0.000000E+00  0.000000E+00  0.000000E+00  0.000000E+00
  0.194938E+01  0.251309E+00  0.527170E-05  0.000000E+00  0.000000E+00  0.000000E+00  0.000000E+00
  0.183121E+01  0.857994E-02  0.207945E+00  0.000000E+00  0.000000E+00  0.000000E+00  0.000000E+00
  0.196621E+01 -0.230119E+00 -0.108756E-01  0.000000E+00  0.000000E+00  0.000000E+00  0.000000E+00
  0.248017E+01 -0.153107E-01  0.304900E+00  0.000000E+00  0.000000E+00  0.000000E+00  0.000000E+00
  0.174150E+01  0.726477E-02 -0.190105E+00  0.000000E+00  0.000000E+00  0.000000E+00  0.000000E+00
  0.237590E+01  0.331851E+00 -0.958284E-02  0.000000E+00  0.000000E+00  0.000000E+00  0.000000E+00
  0.169705E+01  0.411490E-02 -0.184867E+00  0.000000E+00  0.000000E+00  0.000000E+00  0.000000E+00
  0.170148E+01  0.513920E-02 -0.184520E+00  0.000000E+00  0.000000E+00  0.000000E+00  0.000000E+00
  0.189434E+01  0.727002E-02 -0.227115E+00  0.000000E+00  0.000000E+00  0.000000E+00  0.000000E+00
  0.191356E+01 -0.986974E-02 -0.222562E+00  0.000000E+00  0.000000E+00  0.000000E+00  0.000000E+00
  0.167568E+01 -0.204105E-02 -0.181405E+00  0.000000E+00  0.000000E+00  0.000000E+00  0.000000E+00
  0.196408E+01 -0.127410E-01 -0.219424E+00  0.000000E+00  0.000000E+00  0.000000E+00  0.000000E+00
  0.175161E+01 -0.263264E-02 -0.200120E+00  0.000000E+00  0.000000E+00  0.000000E+00  0.000000E+00
  0.234370E+01  0.349017E-02 -0.347702E+00  0.000000E+00  0.000000E+00  0.000000E+00  0.000000E+00
  0.284082E+01 -0.113876E+00  0.142228E+00  0.000000E+00  0.000000E+00  0.000000E+00  0.000000E+00
  0.284082E+01  0.204564E-02  0.107396E-02  0.000000E+00  0.000000E+00  0.000000E+00  0.000000E+00
  0.284082E+01  0.965195E-02 -0.455646E-01  0.000000E+00  0.000000E+00  0.000000E+00  0.000000E+00
  0.284082E+01  0.216596E+00 -0.264709E-01  0.000000E+00  0.000000E+00  0.000000E+00  0.000000E+00
  0.284082E+01 -0.115325E+00 -0.140723E+00  0.000000E+00  0.000000E+00  0.000000E+00  0.000000E+00
  0.284082E+01 -0.513723E-01  0.391432E-01  0.000000E+00  0.000000E+00  0.000000E+00  0.000000E+00
  0.284082E+01 -0.705681E-01 -0.882209E-01  0.000000E+00  0.000000E+00  0.000000E+00  0.000000E+00
  0.284082E+01  0.143112E+00  0.110302E+00  0.000000E+00  0.000000E+00  0.000000E+00  0.000000E+00
  0.284082E+01  0.811592E-01  0.136258E+00  0.000000E+00  0.000000E+00  0.000000E+00  0.000000E+00
  0.284082E+01 -0.118190E+00 -0.232961E-01  0.000000E+00  0.000000E+00  0.000000E+00  0.000000E+00
  0.284082E+01  0.658913E-02 -0.117313E+00  0.000000E+00  0.000000E+00  0.000000E+00  0.000000E+00
  0.284082E+01 -0.655681E-01  0.700185E-01  0.000000E+00  0.000000E+00  0.000000E+00  0.000000E+00
  0.284082E+01 -0.187837E+00  0.119832E+00  0.000000E+00  0.000000E+00  0.000000E+00  0.000000E+00
  0.284082E+01 -0.349354E-01  0.548393E-01  0.000000E+00  0.000000E+00  0.000000E+00  0.000000E+00
  0.284082E+01  0.145645E-01 -0.666689E-02  0.000000E+00  0.000000E+00  0.000000E+00  0.000000E+00
  0.284082E+01  0.125218E+00  0.881846E-01  0.000000E+00  0.000000E+00  0.000000E+00  0.000000E+00
  0.284082E+01 -0.119908E+00  0.150193E+00  0.000000E+00  0.000000E+00  0.000000E+00  0.000000E+00
  0.284082E+01  0.539973E-01 -0.153000E+00  0.000000E+00  0.000000E+00  0.000000E+00  0.000000E+00
  0.284082E+01 -0.256547E-01  0.612223E-01  0.000000E+00  0.000000E+00  0.000000E+00  0.000000E+00
  0.284082E+01  0.769355E-01  0.432095E-01  0.000000E+00  0.000000E+00  0.000000E+00  0.000000E+00
  0.284082E+01 -0.442166E-01  0.639729E-01  0.000000E+00  0.000000E+00  0.000000E+00  0.000000E+00
  0.284082E+01  0.132613E+00  0.911067E-01  0.000000E+00  0.000000E+00  0.000000E+00  0.000000E+00
  0.284082E+01 -0.164254E+00  0.849207E-01  0.000000E+00  0.000000E+00  0.000000E+00  0.000000E+00
  0.284082E+01  0.232495E-01  0.285660E-01  0.000000E+00  0.000000E+00  0.000000E+00  0.000000E+00
  0.284082E+01 -0.208340E-01  0.242237E+00  0.000000E+00  0.000000E+00  0.000000E+00  0.000000E+00
  0.284082E+01 -0.140551E-02  0.665667E-01  0.000000E+00  0.000000E+00  0.000000E+00  0.000000E+00
  0.284082E+01 -0.374441E-01 -0.539561E-01  0.000000E+00  0.000000E+00  0.000000E+00  0.000000E+00
  0.284082E+01 -0.325870E-01  0.669953E-01  0.000000E+00  0.000000E+00  0.000000E+00  0.000000E+00
  0.284082E+01 -0.206118E+00  0.416255E-01  0.000000E+00  0.000000E+00  0.000000E+00  0.000000E+00
  0.284082E+01  0.484936E-03  0.777997E-03  0.000000E+00  0.000000E+00  0.000000E+00  0.000000E+00
  0.284082E+01 -0.834215E-02 -0.761490E-01  0.000000E+00  0.000000E+00  0.000000E+00  0.000000E+00
  0.284082E+01 -0.112355E-01  0.238743E+00  0.000000E+00  0.000000E+00  0.000000E+00  0.000000E+00
  0.284082E+01 -0.118653E+00 -0.942924E-01  0.000000E+00  0.000000E+00  0.000000E+00  0.000000E+00
  0.284082E+01  0.442112E-02 -0.562322E-02  0.000000E+00  0.000000E+00  0.000000E+00  0.000000E+00
  0.284082E+01 -0.163499E+00  0.141744E+00  0.000000E+00  0.000000E+00  0.000000E+00  0.000000E+00
  0.284082E+01 -0.859639E-02  0.109285E+00  0.000000E+00  0.000000E+00  0.000000E+00  0.000000E+00
  0.284082E+01 -0.760273E-01  0.899219E-01  0.000000E+00  0.000000E+00  0.000000E+00  0.000000E+00
  0.284082E+01 -0.864251E-01 -0.170293E+00  0.000000E+00  0.000000E+00  0.000000E+00  0.000000E+00
  0.284082E+01  0.143645E-01  0.129837E-01  0.000000E+00  0.000000E+00  0.000000E+00  0.000000E+00
  0.284082E+01  0.700884E-01  0.168766E+00  0.000000E+00  0.000000E+00  0.000000E+00  0.000000E+00
  0.284082E+01  0.273359E-01 -0.490469E-01  0.000000E+00  0.000000E+00  0.000000E+00  0.000000E+00
  0.284082E+01 -0.128460E+00  0.798530E-01  0.000000E+00  0.000000E+00  0.000000E+00  0.000000E+00
  0.284082E+01 -0.155715E-01  0.198970E+00  0.000000E+00  0.000000E+00  0.000000E+00  0.000000E+00
  0.284082E+01  0.980140E-02  0.139044E-01  0.000000E+00  0.000000E+00  0.000000E+00  0.000000E+00
  0.284082E+01 -0.621104E-01 -0.672811E-01  0.000000E+00  0.000000E+00  0.000000E+00  0.000000E+00
  0.284082E+01  0.720057E-01 -0.245586E-01  0.000000E+00  0.000000E+00  0.000000E+00  0.000000E+00
  0.284082E+01 -0.926976E-01  0.806619E-01  0.000000E+00  0.000000E+00  0.000000E+00  0.000000E+00
  0.284082E+01  0.126861E+00 -0.113107E+00  0.000000E+00  0.000000E+00  0.000000E+00  0.000000E+00
  0.284082E+01 -0.154163E+00  0.127282E+00  0.000000E+00  0.000000E+00  0.000000E+00  0.000000E+00
  0.284082E+01  0.245350E-01  0.295119E-01  0.000000E+00  0.000000E+00  0.000000E+00  0.000000E+00
  0.284082E+01  0.750753E-02  0.551472E-01  0.000000E+00  0.000000E+00  0.000000E+00  0.000000E+00
  0.284082E+01 -0.363916E-01  0.165422E+00  0.000000E+00  0.000000E+00  0.000000E+00  0.000000E+00
  0.284082E+01 -0.302371E-01  0.196344E+00  0.000000E+00  0.000000E+00  0.000000E+00  0.000000E+00
  0.284082E+01 -0.256845E-01  0.144335E+00  0.000000E+00  0.000000E+00  0.000000E+00  0.000000E+00
  0.284082E+01  0.222257E-02  0.568056E-02  0.000000E+00  0.000000E+00  0.000000E+00  0.000000E+00
  0.284082E+01  0.152826E+00 -0.154501E+00  0.000000E+00  0.000000E+00  0.000000E+00  0.000000E+00
  0.284082E+01 -0.214933E+00 -0.853831E-01  0.000000E+00  0.000000E+00  0.000000E+00  0.000000E+00
  0.284082E+01 -0.137676E+00 -0.593138E-01  0.000000E+00  0.000000E+00  0.000000E+00  0.000000E+00
  0.284082E+01 -0.309331E-01 -0.102245E-01  0.000000E+00  0.000000E+00  0.000000E+00  0.000000E+00
  0.284082E+01  0.225826E+00  0.895543E-01  0.000000E+00  0.000000E+00  0.000000E+00  0.000000E+00
  0.284082E+01 -0.456394E-01  0.205987E+00  0.000000E+00  0.000000E+00  0.000000E+00  0.000000E+00
  0.284082E+01 -0.191783E-01 -0.194213E-01  0.000000E+00  0.000000E+00  0.000000E+00  0.000000E+00
  0.284082E+01 -0.149968E+00  0.159604E+00  0.000000E+00  0.000000E+00  0.000000E+00  0.000000E+00
  0.284082E+01 -0.385707E-01 -0.137735E+00  0.000000E+00  0.000000E+00  0.000000E+00  0.000000E+00
  0.284082E+01 -0.134633E-01 -0.257275E-01  0.000000E+00  0.000000E+00  0.000000E+00  0.000000E+00
  0.284082E+01 -0.953696E-01  0.254438E-01  0.000000E+00  0.000000E+00  0.000000E+00  0.000000E+00
  0.284082E+01  0.178706E+00  0.313102E-01  0.000000E+00  0.000000E+00  0.000000E+00  0.000000E+00
  0.284082E+01 -0.209188E+00  0.121739E+00  0.000000E+00  0.000000E+00  0.000000E+00  0.000000E+00
  0.284082E+01  0.686221E-01  0.134179E+00  0.000000E+00  0.000000E+00  0.000000E+00  0.000000E+00
  0.284082E+01  0.698634E-01  0.903556E-01  0.000000E+00  0.000000E+00  0.000000E+00  0.000000E+00
  0.284082E+01 -0.115659E+00 -0.895799E-02  0.000000E+00  0.000000E+00  0.000000E+00  0.000000E+00
  0.284082E+01 -0.452512E-01 -0.139910E+00  0.000000E+00  0.000000E+00  0.000000E+00  0.000000E+00
  0.284082E+01  0.933824E-01  0.514121E-01  0.000000E+00  0.000000E+00  0.000000E+00  0.000000E+00
  0.284082E+01  0.520633E-02 -0.377074E-01  0.000000E+00  0.000000E+00  0.000000E+00  0.000000E+00
  0.284082E+01  0.121569E+00  0.484027E-01  0.000000E+00  0.000000E+00  0.000000E+00  0.000000E+00
  0.284082E+01  0.763066E-02  0.226127E-01  0.000000E+00  0.000000E+00  0.000000E+00  0.000000E+00
  0.284082E+01  0.663163E-01 -0.539681E-01  0.000000E+00  0.000000E+00  0.000000E+00  0.000000E+00
  0.284082E+01  0.216616E+00  0.783793E-01  0.000000E+00  0.000000E+00  0.000000E+00  0.000000E+00
  0.284082E+01  0.312875E-02 -0.937647E-02  0.000000E+00  0.000000E+00  0.000000E+00  0.000000E+00
  0.284082E+01 -0.222475E+00 -0.671379E-01  0.000000E+00  0.000000E+00  0.000000E+00  0.000000E+00
  0.284082E+01 -0.274421E-01  0.150735E-03  0.000000E+00  0.000000E+00  0.000000E+00  0.000000E+00
  0.284082E+01 -0.270018E-01  0.249074E-01  0.000000E+00  0.000000E+00  0.000000E+00  0.000000E+00
  0.284082E+01 -0.124300E+00  0.185396E+00  0.000000E+00  0.000000E+00  0.000000E+00  0.000000E+00
  0.284082E+01  0.305313E-01 -0.234327E+00  0.000000E+00  0.000000E+00  0.000000E+00  0.000000E+00
  0.284082E+01  0.576970E-01  0.160468E+00  0.000000E+00  0.000000E+00  0.000000E+00  0.000000E+00
  0.284082E+01 -0.115637E+00 -0.152960E+00  0.000000E+00  0.000000E+00  0.000000E+00  0.000000E+00
  0.284082E+01  0.141506E+00 -0.185386E+00  0.000000E+00  0.000000E+00  0.000000E+00  0.000000E+00
  0.284082E+01 -0.735967E-01 -0.451200E-01  0.000000E+00  0.000000E+00  0.000000E+00  0.000000E+00
  0.284082E+01 -0.262082E-01  0.203391E+00  0.000000E+00  0.000000E+00  0.000000E+00  0.000000E+00
  0.284082E+01  0.305751E-01 -0.765176E-01  0.000000E+00  0.000000E+00  0.000000E+00  0.000000E+00
  0.284082E+01 -0.189496E-01 -0.280378E-01  0.000000E+00  0.000000E+00  0.000000E+00  0.000000E+00
  0.284082E+01  0.789983E-01  0.351069E-01  0.000000E+00  0.000000E+00  0.000000E+00  0.000000E+00
  0.284082E+01  0.117321E+00 -0.622450E-01  0.000000E+00  0.000000E+00  0.000000E+00  0.000000E+00
  0.284082E+01 -0.812222E-03  0.197317E-02  0.000000E+00  0.000000E+00  0.000000E+00  0.000000E+00
  0.284082E+01  0.849099E-01 -0.130193E+00  0.000000E+00  0.000000E+00  0.000000E+00  0.000000E+00
  0.284082E+01  0.385682E-01 -0.624175E-01  0.000000E+00  0.000000E+00  0.000000E+00  0.000000E+00
  0.284082E+01  0.122106E+00 -0.772047E-01  0.000000E+00  0.000000E+00  0.000000E+00  0.000000E+00
  0.284082E+01  0.813636E-01  0.161108E-01  0.000000E+00  0.000000E+00  0.000000E+00  0.000000E+00
  0.284082E+01  0.120899E+00  0.719336E-01  0.000000E+00  0.000000E+00  0.000000E+00  0.000000E+00
  0.284082E+01  0.776852E-01 -0.341633E-01  0.000000E+00  0.000000E+00  0.000000E+00  0.000000E+00
