  0.273118E+01 -0.377046E+00 -0.135919E-01  0.000000E+00  0.000000E+00  0.000000E+00  0.000000E+00
  0.214966E+01 -0.301972E+00  0.425418E-03  0.000000E+00  0.000000E+00  0.000000E+00  0.000000E+00
  0.195595E+01  0.134471E-01  0.213261E+00  0.000000E+00  0.000000E+00  0.000000E+00  0.000000E+00
  0.200857E+01  0.458941E-02  0.261768E+00  0.000000E+00  0.000000E+00  0.000000E+00  0.000000E+00
  0.193105E+01  0.236900E+00  0.696560E-02  0.000000E+00  0.000000E+00  0.000000E+00  0.000000E+00
  0.253682E+01 -0.909826E-02  0.372603E+00  0.000000E+00  0.000000E+00  0.000000E+00  0.000000E+00
  0.220162E+01  0.310851E+00 -0.412492E-02  0.000000E+00  0.000000E+00  0.000000E+00  0.000000E+00
  0.276203E+01 -0.373752E+00  0.143895E-01  0.000000E+00  0.000000E+00  0.000000E+00  0.000000E+00
  0.206418E+01 -0.223591E-03 -0.280361E+00  0.000000E+00  0.000000E+00  0.000000E+00  0.000000E+00
  0.171478E+01  0.302445E-02  0.190503E+00  0.000000E+00  0.000000E+00  0.000000E+00  0.000000E+00
  0.213102E+01 -0.421927E-02 -0.293030E+00  0.000000E+00  0.000000E+00  0.000000E+00  0.000000E+00
  0.187338E+01 -0.231133E+00  0.224119E-02  0.000000E+00  0.000000E+00  0.000000E+00  0.000000E+00
  0.189407E+01  0.653651E-02 -0.229049E+00  0.000000E+00  0.000000E+00  0.000000E+00  0.000000E+00
  0.274339E+01  0.493701E-02 -0.443426E+00  0.000000E+00  0.000000E+00  0.000000E+00  0.000000E+00
  0.265823E+01  0.306888E+00 -0.175440E-01  0.000000E+00  0.000000E+00  0.000000E+00  0.000000E+00
  0.235831E+01 -0.137350E-01  0.296491E+00  0.000000E+00  0.000000E+00  0.000000E+00  0.000000E+00
  0.282104E+01  0.633447E-02  0.456591E+00  0.000000E+00  0.000000E+00  0.000000E+00  0.000000E+00
  0.269014E+01  0.341932E+00  0.156709E-01  0.000000E+00  0.000000E+00  0.000000E+00  0.000000E+00
  0.215318E+01  0.106070E-01 -0.274291E+00  0.000000E+00  0.000000E+00  0.000000E+00  0.000000E+00
  0.244125E+01 -0.375496E+00  0.106662E-02  0.000000E+00  0.000000E+00  0.000000E+00  0.000000E+00
  0.191474E+01  0.137511E-01 -0.202552E+00  0.000000E+00  0.000000E+00  0.000000E+00  0.000000E+00
  0.252948E+01 -0.988798E-02 -0.365709E+00  0.000000E+00  0.000000E+00  0.000000E+00  0.000000E+00
  0.201879E+01  0.212185E-02  0.267911E+00  0.000000E+00  0.000000E+00  0.000000E+00  0.000000E+00
  0.217506E+01 -0.686706E-02 -0.296581E+00  0.000000E+00  0.000000E+00  0.000000E+00  0.000000E+00
  0.194179E+01  0.194535E+00 -0.156427E-01  0.000000E+00  0.000000E+00  0.000000E+00  0.000000E+00
  0.252347E+01 -0.595026E-02  0.385256E+00  0.000000E+00  0.000000E+00  0.000000E+00  0.000000E+00
  0.190077E+01 -0.105169E-01 -0.216824E+00  0.000000E+00  0.000000E+00  0.000000E+00  0.000000E+00
  0.229758E+01  0.876209E-02  0.317933E+00  0.000000E+00  0.000000E+00  0.000000E+00  0.000000E+00
  0.193735E+01  0.104589E-01 -0.225493E+00  0.000000E+00  0.000000E+00  0.000000E+00  0.000000E+00
  0.203897E+01  0.273033E+00  0.208870E-02  0.000000E+00  0.000000E+00  0.000000E+00  0.000000E+00
  0.196385E+01 -0.158141E-01 -0.197478E+00  0.000000E+00  0.000000E+00  0.000000E+00  0.000000E+00
  0.195538E+01 -0.222578E+00  0.118580E-01  0.000000E+00  0.000000E+00  0.000000E+00  0.000000E+00
  0.283842E+01  0.433536E+00  0.103632E-01  0.000000E+00  0.000000E+00  0.000000E+00  0.000000E+00
  0.213298E+01  0.248940E+00  0.137202E-01  0.000000E+00  0.000000E+00  0.000000E+00  0.000000E+00
  0.244088E+01 -0.368083E+00  0.502269E-02  0.000000E+00  0.000000E+00  0.000000E+00  0.000000E+00
  0.204144E+01  0.206062E+00 -0.165256E-01  0.000000E+00  0.000000E+00  0.000000E+00  0.000000E+00
  0.198121E+01  0.256991E+00  0.337633E-02  0.000000E+00  0.000000E+00  0.000000E+00  0.000000E+00
  0.247130E+01 -0.285271E+00 -0.167055E-01  0.000000E+00  0.000000E+00  0.000000E+00  0.000000E+00
  0.241197E+01  0.317452E+00 -0.126879E-01  0.000000E+00  0.000000E+00  0.000000E+00  0.000000E+00
  0.217016E+01  0.411900E-02  0.303008E+00  0.000000E+00  0.000000E+00  0.000000E+00  0.000000E+00
  0.274943E+01 -0.405615E+00 -0.112169E-01  0.000000E+00  0.000000E+00  0.000000E+00  0.000000E+00
  0.241903E+01 -0.243868E+00 -0.188097E-01  0.000000E+00  0.000000E+00  0.000000E+00  0.000000E+00
  0.250354E+01 -0.251084E+00 -0.191852E-01  0.000000E+00  0.000000E+00  0.000000E+00  0.000000E+00
  0.190445E+01  0.198867E+00  0.139872E-01  0.000000E+00  0.000000E+00  0.000000E+00  0.000000E+00
  0.247626E+01 -0.185174E-01 -0.258459E+00  0.000000E+00  0.000000E+00  0.000000E+00  0.000000E+00
  0.192296E+01  0.134300E-01  0.206327E+00  0.000000E+00  0.000000E+00  0.000000E+00  0.000000E+00
  0.189036E+01 -0.207773E+00 -0.119192E-01  0.000000E+00  0.000000E+00  0.000000E+00  0.000000E+00
  0.201521E+01 -0.247833E+00 -0.950914E-02  0.000000E+00  0.000000E+00  0.000000E+00  0.000000E+00
  0.174305E+01  0.197036E+00 -0.356459E-02  0.000000E+00  0.000000E+00  0.000000E+00  0.000000E+00
  0.273757E+01 -0.187405E-01 -0.298411E+00  0.000000E+00  0.000000E+00  0.000000E+00  0.000000E+00
  0.233400E+01 -0.241628E+00  0.180242E-01  0.000000E+00  0.000000E+00  0.000000E+00  0.000000E+00
  0.266371E+01 -0.388587E+00  0.109399E-01  0.000000E+00  0.000000E+00  0.000000E+00  0.000000E+00
  0.167495E+01 -0.181309E+00  0.189082E-02  0.000000E+00  0.000000E+00  0.000000E+00  0.000000E+00
  0.213705E+01  0.392674E-02  0.295113E+00  0.000000E+00  0.000000E+00  0.000000E+00  0.000000E+00
  0.261271E+01  0.335985E+00 -0.149532E-01  0.000000E+00  0.000000E+00  0.000000E+00  0.000000E+00
  0.265666E+01  0.151309E-01 -0.342599E+00  0.000000E+00  0.000000E+00  0.000000E+00  0.000000E+00
  0.234919E+01 -0.250571E+00 -0.175855E-01  0.000000E+00  0.000000E+00  0.000000E+00  0.000000E+00
  0.251961E+01 -0.264206E+00 -0.186101E-01  0.000000E+00  0.000000E+00  0.000000E+00  0.000000E+00
  0.178455E+01 -0.205843E+00  0.469805E-02  0.000000E+00  0.000000E+00  0.000000E+00  0.000000E+00
  0.265221E+01  0.421643E+00  0.468523E-02  0.000000E+00  0.000000E+00  0.000000E+00  0.000000E+00
  0.273801E+01 -0.892510E-02  0.421254E+00  0.000000E+00  0.000000E+00  0.000000E+00  0.000000E+00
  0.200200E+01 -0.151217E-01  0.210732E+00  0.000000E+00  0.000000E+00  0.000000E+00  0.000000E+00
  0.261514E+01 -0.191087E-01 -0.270730E+00  0.000000E+00  0.000000E+00  0.000000E+00  0.000000E+00
  0.207603E+01  0.814374E-03  0.283223E+00  0.000000E+00  0.000000E+00  0.000000E+00  0.000000E+00
  0.189147E+01 -0.119463E-01  0.207880E+00  0.000000E+00  0.000000E+00  0.000000E+00  0.000000E+00
  0.247545E+01  0.720715E-02  0.368174E+00  0.000000E+00  0.000000E+00  0.000000E+00  0.000000E+00
  0.168095E+01  0.776482E-02  0.174279E+00  0.000000E+00  0.000000E+00  0.000000E+00  0.000000E+00
  0.282286E+01 -0.347597E-02 -0.467865E+00  0.000000E+00  0.000000E+00  0.000000E+00  0.000000E+00
  0.220227E+01 -0.294048E+00 -0.902953E-02  0.000000E+00  0.000000E+00  0.000000E+00  0.000000E+00
  0.232523E+01  0.249678E+00  0.173327E-01  0.000000E+00  0.000000E+00  0.000000E+00  0.000000E+00
  0.268175E+01 -0.995053E-02 -0.400644E+00  0.000000E+00  0.000000E+00  0.000000E+00  0.000000E+00
  0.275723E+01  0.445634E+00 -0.526007E-02  0.000000E+00  0.000000E+00  0.000000E+00  0.000000E+00
  0.226387E+01  0.130814E-01  0.282011E+00  0.000000E+00  0.000000E+00  0.000000E+00  0.000000E+00
  0.192347E+01 -0.215876E+00  0.117798E-01  0.000000E+00  0.000000E+00  0.000000E+00  0.000000E+00
  0.237146E+01 -0.344664E+00 -0.680017E-02  0.000000E+00  0.000000E+00  0.000000E+00  0.000000E+00
  0.224421E+01  0.884692E-02  0.304861E+00  0.000000E+00  0.000000E+00  0.000000E+00  0.000000E+00
  0.201639E+01  0.267546E-02 -0.266735E+00  0.000000E+00  0.000000E+00  0.000000E+00  0.000000E+00
  0.221194E+01  0.311969E+00  0.476044E-02  0.000000E+00  0.000000E+00  0.000000E+00  0.000000E+00
  0.201988E+01  0.138558E-01 -0.224037E+00  0.000000E+00  0.000000E+00  0.000000E+00  0.000000E+00
  0.178673E+01 -0.521739E-02  0.205503E+00  0.000000E+00  0.000000E+00  0.000000E+00  0.000000E+00
  0.226166E+01  0.330242E+00  0.698573E-03  0.000000E+00  0.000000E+00  0.000000E+00  0.000000E+00
  0.273613E+01 -0.283670E+00 -0.194213E-01  0.000000E+00  0.000000E+00  0.000000E+00  0.000000E+00
  0.245009E+01  0.137092E-02  0.377509E+00  0.000000E+00  0.000000E+00  0.000000E+00  0.000000E+00
  0.225038E+01 -0.265224E+00  0.146676E-01  0.000000E+00  0.000000E+00  0.000000E+00  0.000000E+00
  0.283030E+01  0.461180E+00  0.584736E-02  0.000000E+00  0.000000E+00  0.000000E+00  0.000000E+00
  0.191628E+01 -0.192361E+00  0.152681E-01  0.000000E+00  0.000000E+00  0.000000E+00  0.000000E+00
  0.225704E+01  0.243629E+00 -0.168135E-01  0.000000E+00  0.000000E+00  0.000000E+00  0.000000E+00
  0.206444E+01  0.862728E-02 -0.263212E+00  0.000000E+00  0.000000E+00  0.000000E+00  0.000000E+00
  0.271252E+01  0.351313E+00 -0.153172E-01  0.000000E+00  0.000000E+00  0.000000E+00  0.000000E+00
  0.212008E+01  0.114454E-01  0.261848E+00  0.000000E+00  0.000000E+00  0.000000E+00  0.000000E+00
  0.185060E+01  0.224438E+00  0.320096E-02  0.000000E+00  0.000000E+00  0.000000E+00  0.000000E+00
  0.269059E+01 -0.185362E-01  0.294551E+00  0.000000E+00  0.000000E+00  0.000000E+00  0.000000E+00
  0.191576E+01  0.146954E-01 -0.196420E+00  0.000000E+00  0.000000E+00  0.000000E+00  0.000000E+00
  0.166422E+01  0.820701E-02  0.169186E+00  0.000000E+00  0.000000E+00  0.000000E+00  0.000000E+00
  0.205889E+01  0.131847E-01  0.237074E+00  0.000000E+00  0.000000E+00  0.000000E+00  0.000000E+00
  0.209977E+01  0.126311E-01 -0.249731E+00  0.000000E+00  0.000000E+00  0.000000E+00  0.000000E+00
  0.250242E+01 -0.986820E-02 -0.359550E+00  0.000000E+00  0.000000E+00  0.000000E+00  0.000000E+00
  0.227983E+01 -0.183255E-01  0.227851E+00  0.000000E+00  0.000000E+00  0.000000E+00  0.000000E+00
  0.209279E+01  0.166245E-01 -0.214809E+00  0.000000E+00  0.000000E+00  0.000000E+00  0.000000E+00
  0.217229E+01 -0.230931E+00 -0.165246E-01  0.000000E+00  0.000000E+00  0.000000E+00  0.000000E+00
  0.187175E+01  0.938053E-02 -0.214730E+00  0.000000E+00  0.000000E+00  0.000000E+00  0.000000E+00
  0.274640E+01  0.173930E-01  0.325466E+00  0.000000E+00  0.000000E+00  0.000000E+00  0.000000E+00
  0.249281E+01 -0.331896E+00 -0.130298E-01  0.000000E+00  0.000000E+00  0.000000E+00  0.000000E+00
  0.268380E+01 -0.429816E+00 -0.458934E-02  0.000000E+00  0.000000E+00  0.000000E+00  0.000000E+00
  0.270212E+01 -0.438334E+00  0.316329E-02  0.000000E+00  0.000000E+00  0.000000E+00  0.000000E+00
  0.195854E+01 -0.252983E+00 -0.177978E-02  0.000000E+00  0.000000E+00  0.000000E+00  0.000000E+00
  0.274576E+01  0.128722E-01 -0.388281E+00  0.000000E+00  0.000000E+00  0.000000E+00  0.000000E+00
  0.279932E+01  0.188157E-01  0.307162E+00  0.000000E+00  0.000000E+00  0.000000E+00  0.000000E+00
  0.282450E+01 -0.368925E+00 -0.156387E-01  0.000000E+00  0.000000E+00  0.000000E+00  0.000000E+00
  0.200041E+01  0.133010E-01 -0.223727E+00  0.000000E+00  0.000000E+00  0.000000E+00  0.000000E+00
  0.172703E+01  0.193367E+00  0.324139E-02  0.000000E+00  0.000000E+00  0.000000E+00  0.000000E+00
  0.249401E+01 -0.925303E-02 -0.361557E+00  0.000000E+00  0.000000E+00  0.000000E+00  0.000000E+00
  0.248189E+01 -0.179601E-01 -0.268601E+00  0.000000E+00  0.000000E+00  0.000000E+00  0.000000E+00
  0.197458E+01 -0.257253E+00  0.145415E-02  0.000000E+00  0.000000E+00  0.000000E+00  0.000000E+00
  0.269262E+01 -0.326659E+00 -0.167243E-01  0.000000E+00  0.000000E+00  0.000000E+00  0.000000E+00
  0.252915E+01  0.357998E+00  0.109341E-01  0.000000E+00  0.000000E+00  0.000000E+00  0.000000E+00
  0.177686E+01 -0.198453E+00 -0.735112E-02  0.000000E+00  0.000000E+00  0.000000E+00  0.000000E+00
  0.236740E+01  0.329967E+00  0.956504E-02  0.000000E+00  0.000000E+00  0.000000E+00  0.000000E+00
  0.191765E+01 -0.108752E-01 -0.219051E+00  0.000000E+00  0.000000E+00  0.000000E+00  0.000000E+00
  0.174956E+01 -0.195407E+00 -0.571308E-02  0.000000E+00  0.000000E+00  0.000000E+00  0.000000E+00
  0.203517E+01  0.271634E+00  0.252328E-02  0.000000E+00  0.000000E+00  0.000000E+00  0.000000E+00
  0.193898E+01  0.142973E-01 -0.203996E+00  0.000000E+00  0.000000E+00  0.000000E+00  0.000000E+00
  0.225450E+01  0.284418E+00  0.125161E-01  0.000000E+00  0.000000E+00  0.000000E+00  0.000000E+00
  0.283418E+01  0.463104E+00  0.563141E-02  0.000000E+00  0.000000E+00  0.000000E+00  0.000000E+00
  0.199103E+01  0.342873E-02 -0.259378E+00  0.000000E+00  0.000000E+00  0.000000E+00  0.000000E+00
  0.200826E+01 -0.205926E+00 -0.158439E-01  0.000000E+00  0.000000E+00  0.000000E+00  0.000000E+00
  0.199756E+01  0.230103E+00 -0.121826E-01  0.000000E+00  0.000000E+00  0.000000E+00  0.000000E+00
  0.182583E+01  0.903362E-02  0.205161E+00  0.000000E+00  0.000000E+00  0.000000E+00  0.000000E+00
  0.190679E+01  0.238687E+00 -0.308427E-02  0.000000E+00  0.000000E+00  0.000000E+00  0.000000E+00
  0.242860E+01 -0.593646E-03 -0.372531E+00  0.000000E+00  0.000000E+00  0.000000E+00  0.000000E+00
  0.232729E+01 -0.271100E+00  0.156041E-01  0.000000E+00  0.000000E+00  0.000000E+00  0.000000E+00
  0.205992E+01 -0.210876E+00 -0.163923E-01  0.000000E+00  0.000000E+00  0.000000E+00  0.000000E+00
  0.167143E+01 -0.180600E+00 -0.152682E-02  0.000000E+00  0.000000E+00  0.000000E+00  0.000000E+00
  0.231156E+01  0.144557E-01  0.279848E+00  0.000000E+00  0.000000E+00  0.000000E+00  0.000000E+00
  0.224303E+01 -0.282620E+00 -0.124204E-01  0.000000E+00  0.000000E+00  0.000000E+00  0.000000E+00
  0.189821E+01 -0.911733E-02  0.221938E+00  0.000000E+00  0.000000E+00  0.000000E+00  0.000000E+00
  0.220540E+01 -0.124784E-01  0.273931E+00  0.000000E+00  0.000000E+00  0.000000E+00  0.000000E+00
  0.252666E+01 -0.364915E+00 -0.990812E-02  0.000000E+00  0.000000E+00  0.000000E+00  0.000000E+00
  0.262700E+01  0.111298E-02  0.422447E+00  0.000000E+00  0.000000E+00  0.000000E+00  0.000000E+00
  0.186745E+01 -0.192335E+00  0.137872E-01  0.000000E+00  0.000000E+00  0.000000E+00  0.000000E+00
  0.283776E+01 -0.376571E+00  0.153038E-01  0.000000E+00  0.000000E+00  0.000000E+00  0.000000E+00
  0.178493E+01  0.180086E+00  0.128042E-01  0.000000E+00  0.000000E+00  0.000000E+00  0.000000E+00
  0.246087E+01 -0.172805E-01  0.275188E+00  0.000000E+00  0.000000E+00  0.000000E+00  0.000000E+00
  0.170198E+01  0.697404E-02  0.181183E+00  0.000000E+00  0.000000E+00  0.000000E+00  0.000000E+00
  0.193218E+01 -0.222598E+00 -0.108261E-01  0.000000E+00  0.000000E+00  0.000000E+00  0.000000E+00
  0.250331E+01 -0.389251E+00  0.270567E-02  0.000000E+00  0.000000E+00  0.000000E+00  0.000000E+00
  0.195145E+01  0.251743E+00 -0.669554E-03  0.000000E+00  0.000000E+00  0.000000E+00  0.000000E+00
  0.276426E+01 -0.270539E+00 -0.201633E-01  0.000000E+00  0.000000E+00  0.000000E+00  0.000000E+00
  0.176310E+01 -0.163284E-02 -0.203712E+00  0.000000E+00  0.000000E+00  0.000000E+00  0.000000E+00
  0.254465E+01  0.119682E-01  0.352958E+00  0.000000E+00  0.000000E+00  0.000000E+00  0.000000E+00
  0.183806E+01  0.130669E-01 -0.190221E+00  0.000000E+00  0.000000E+00  0.000000E+00  0.000000E+00
  0.281989E+01 -0.359164E+00  0.162065E-01  0.000000E+00  0.000000E+00  0.000000E+00  0.000000E+00
  0.260641E+01  0.948555E-02 -0.386422E+00  0.000000E+00  0.000000E+00  0.000000E+00  0.000000E+00
  0.206286E+01 -0.169592E-01  0.205750E+00  0.000000E+00  0.000000E+00  0.000000E+00  0.000000E+00
  0.195293E+01  0.252104E+00  0.712526E-03  0.000000E+00  0.000000E+00  0.000000E+00  0.000000E+00
  0.275119E+01  0.450652E+00 -0.316541E-02  0.000000E+00  0.000000E+00  0.000000E+00  0.000000E+00
  0.277097E+01 -0.748719E-02 -0.438235E+00  0.000000E+00  0.000000E+00  0.000000E+00  0.000000E+00
  0.165623E+01  0.405684E-02  0.174743E+00  0.000000E+00  0.000000E+00  0.000000E+00  0.000000E+00
  0.269043E+01 -0.331135E+00  0.164097E-01  0.000000E+00  0.000000E+00  0.000000E+00  0.000000E+00
  0.174501E+01 -0.184250E+00  0.960487E-02  0.000000E+00  0.000000E+00  0.000000E+00  0.000000E+00
  0.239349E+01 -0.688071E-02 -0.349699E+00  0.000000E+00  0.000000E+00  0.000000E+00  0.000000E+00
  0.166144E+01  0.175308E+00  0.464026E-02  0.000000E+00  0.000000E+00  0.000000E+00  0.000000E+00
  0.267434E+01 -0.192283E-01 -0.277910E+00  0.000000E+00  0.000000E+00  0.000000E+00  0.000000E+00
  0.250394E+01  0.690489E-02 -0.376474E+00  0.000000E+00  0.000000E+00  0.000000E+00  0.000000E+00
  0.186534E+01 -0.778783E-02  0.218585E+00  0.000000E+00  0.000000E+00  0.000000E+00  0.000000E+00
  0.224499E+01  0.155772E-02  0.325517E+00  0.000000E+00  0.000000E+00  0.000000E+00  0.000000E+00
  0.167002E+01 -0.251674E-02  0.179663E+00  0.000000E+00  0.000000E+00  0.000000E+00  0.000000E+00
  0.247967E+01 -0.368663E+00  0.732101E-02  0.000000E+00  0.000000E+00  0.000000E+00  0.000000E+00
  0.165057E+01 -0.391468E-02  0.173490E+00  0.000000E+00  0.000000E+00  0.000000E+00  0.000000E+00
  0.259891E+01  0.328846E+00  0.152966E-01  0.000000E+00  0.000000E+00  0.000000E+00  0.000000E+00
  0.170893E+01 -0.959228E-02 -0.175857E+00  0.000000E+00  0.000000E+00  0.000000E+00  0.000000E+00
  0.185489E+01 -0.113680E-01  0.202517E+00  0.000000E+00  0.000000E+00  0.000000E+00  0.000000E+00
  0.191159E+01 -0.195740E+00  0.146707E-01  0.000000E+00  0.000000E+00  0.000000E+00  0.000000E+00
  0.194035E+01 -0.198725E+00 -0.150657E-01  0.000000E+00  0.000000E+00  0.000000E+00  0.000000E+00
  0.224068E+01  0.345170E-03  0.325029E+00  0.000000E+00  0.000000E+00  0.000000E+00  0.000000E+00
  0.226007E+01 -0.147356E-01 -0.266556E+00  0.000000E+00  0.000000E+00  0.000000E+00  0.000000E+00
  0.279573E+01  0.462519E+00 -0.286412E-02  0.000000E+00  0.000000E+00  0.000000E+00  0.000000E+00
  0.195310E+01  0.241378E+00  0.726067E-02  0.000000E+00  0.000000E+00  0.000000E+00  0.000000E+00
  0.193663E+01  0.150918E-01 -0.197778E+00  0.000000E+00  0.000000E+00  0.000000E+00  0.000000E+00
  0.248036E+01  0.184900E-02 -0.384684E+00  0.000000E+00  0.000000E+00  0.000000E+00  0.000000E+00
  0.181606E+01 -0.217554E+00 -0.696640E-04  0.000000E+00  0.000000E+00  0.000000E+00  0.000000E+00
  0.273224E+01  0.298338E+00  0.187001E-01  0.000000E+00  0.000000E+00  0.000000E+00  0.000000E+00
  0.204334E+01 -0.266886E+00 -0.606270E-02  0.000000E+00  0.000000E+00  0.000000E+00  0.000000E+00
  0.277414E+01 -0.454412E+00 -0.392541E-02  0.000000E+00  0.000000E+00  0.000000E+00  0.000000E+00
  0.196036E+01  0.215131E+00 -0.133028E-01  0.000000E+00  0.000000E+00  0.000000E+00  0.000000E+00
  0.210206E+01 -0.218832E+00  0.164021E-01  0.000000E+00  0.000000E+00  0.000000E+00  0.000000E+00
  0.188870E+01  0.221599E+00 -0.858455E-02  0.000000E+00  0.000000E+00  0.000000E+00  0.000000E+00
  0.187297E+01 -0.221624E+00  0.738035E-02  0.000000E+00  0.000000E+00  0.000000E+00  0.000000E+00
  0.238817E+01 -0.301496E+00  0.138717E-01  0.000000E+00  0.000000E+00  0.000000E+00  0.000000E+00
  0.259530E+01  0.345520E-03 -0.414801E+00  0.000000E+00  0.000000E+00  0.000000E+00  0.000000E+00
  0.212133E+01  0.132203E-01 -0.250245E+00  0.000000E+00  0.000000E+00  0.000000E+00  0.000000E+00
  0.183121E+01 -0.737835E-02 -0.211530E+00  0.000000E+00  0.000000E+00  0.000000E+00  0.000000E+00
  0.186540E+01 -0.411289E-02 -0.226913E+00  0.000000E+00  0.000000E+00  0.000000E+00  0.000000E+00
  0.263835E+01  0.176065E-01  0.302252E+00  0.000000E+00  0.000000E+00  0.000000E+00  0.000000E+00
  0.256558E+01 -0.255643E+00 -0.194628E-01  0.000000E+00  0.000000E+00  0.000000E+00  0.000000E+00
  0.259587E+01 -0.804325E-03 -0.414770E+00  0.000000E+00  0.000000E+00  0.000000E+00  0.000000E+00
  0.211550E+01 -0.218218E+00  0.167088E-01  0.000000E+00  0.000000E+00  0.000000E+00  0.000000E+00
  0.253020E+01  0.251427E+00  0.193914E-01  0.000000E+00  0.000000E+00  0.000000E+00  0.000000E+00
  0.255926E+01  0.677650E-02  0.390527E+00  0.000000E+00  0.000000E+00  0.000000E+00  0.000000E+00
  0.222139E+01 -0.128157E-01  0.274907E+00  0.000000E+00  0.000000E+00  0.000000E+00  0.000000E+00
  0.208134E+01  0.149464E-01  0.228231E+00  0.000000E+00  0.000000E+00  0.000000E+00  0.000000E+00
  0.263195E+01  0.838394E-02 -0.399561E+00  0.000000E+00  0.000000E+00  0.000000E+00  0.000000E+00
  0.185364E+01 -0.211560E+00 -0.908053E-02  0.000000E+00  0.000000E+00  0.000000E+00  0.000000E+00
  0.227698E+01  0.250158E+00 -0.165807E-01  0.000000E+00  0.000000E+00  0.000000E+00  0.000000E+00
  0.221730E+01 -0.164128E-01  0.240732E+00  0.000000E+00  0.000000E+00  0.000000E+00  0.000000E+00
  0.273189E+01 -0.438520E+00  0.547297E-02  0.000000E+00  0.000000E+00  0.000000E+00  0.000000E+00
  0.265676E+01 -0.195918E-01 -0.267355E+00  0.000000E+00  0.000000E+00  0.000000E+00  0.000000E+00
  0.242281E+01 -0.289558E+00 -0.156407E-01  0.000000E+00  0.000000E+00  0.000000E+00  0.000000E+00
  0.175594E+01 -0.201107E+00  0.274968E-02  0.000000E+00  0.000000E+00  0.000000E+00  0.000000E+00
  0.182527E+01  0.213049E+00  0.618555E-02  0.000000E+00  0.000000E+00  0.000000E+00  0.000000E+00
  0.168447E+01  0.180644E+00  0.491423E-02  0.000000E+00  0.000000E+00  0.000000E+00  0.000000E+00
  0.257202E+01 -0.384784E+00 -0.846620E-02  0.000000E+00  0.000000E+00  0.000000E+00  0.000000E+00
  0.176118E+01 -0.518135E-02 -0.199239E+00  0.000000E+00  0.000000E+00  0.000000E+00  0.000000E+00
  0.195419E+01  0.203985E+00  0.147372E-01  0.000000E+00  0.000000E+00  0.000000E+00  0.000000E+00
  0.196750E+01 -0.152741E-01  0.202583E+00  0.000000E+00  0.000000E+00  0.000000E+00  0.000000E+00
  0.160659E+01 -0.228152E-03 -0.164516E+00  0.000000E+00  0.000000E+00  0.000000E+00  0.000000E+00
  0.214635E+01  0.251751E+00  0.137224E-01  0.000000E+00  0.000000E+00  0.000000E+00  0.000000E+00
  0.274724E+01  0.172185E-01 -0.328653E+00  0.000000E+00  0.000000E+00  0.000000E+00  0.000000E+00
  0.261915E+01  0.283717E+00 -0.184659E-01  0.000000E+00  0.000000E+00  0.000000E+00  0.000000E+00
  0.179904E+01  0.315673E-02 -0.211540E+00  0.000000E+00  0.000000E+00  0.000000E+00  0.000000E+00
  0.255428E+01 -0.132673E-02 -0.403887E+00  0.000000E+00  0.000000E+00  0.000000E+00  0.000000E+00
  0.201626E+01  0.117424E-01 -0.236812E+00  0.000000E+00  0.000000E+00  0.000000E+00  0.000000E+00
  0.192538E+01  0.139354E-01 -0.203599E+00  0.000000E+00  0.000000E+00  0.000000E+00  0.000000E+00
  0.204957E+01 -0.259466E-02 -0.275180E+00  0.000000E+00  0.000000E+00  0.000000E+00  0.000000E+00
  0.235152E+01 -0.351277E+00 -0.255269E-02  0.000000E+00  0.000000E+00  0.000000E+00  0.000000E+00
  0.219513E+01 -0.281218E-02  0.311537E+00  0.000000E+00  0.000000E+00  0.000000E+00  0.000000E+00
  0.165438E+01 -0.175366E+00  0.297412E-02  0.000000E+00  0.000000E+00  0.000000E+00  0.000000E+00
  0.186206E+01 -0.411859E-02  0.226070E+00  0.000000E+00  0.000000E+00  0.000000E+00  0.000000E+00
  0.244051E+01 -0.245052E+00  0.189482E-01  0.000000E+00  0.000000E+00  0.000000E+00  0.000000E+00
  0.218190E+01 -0.306897E+00 -0.362670E-02  0.000000E+00  0.000000E+00  0.000000E+00  0.000000E+00
  0.261803E+01 -0.183509E-01 -0.285631E+00  0.000000E+00  0.000000E+00  0.000000E+00  0.000000E+00
  0.239131E+01  0.119653E-01 -0.318895E+00  0.000000E+00  0.000000E+00  0.000000E+00  0.000000E+00
  0.171286E+01  0.187607E+00  0.497008E-02  0.000000E+00  0.000000E+00  0.000000E+00  0.000000E+00
  0.256364E+01  0.133899E-01  0.343554E+00  0.000000E+00  0.000000E+00  0.000000E+00  0.000000E+00
  0.171868E+01 -0.182897E+00 -0.794651E-02  0.000000E+00  0.000000E+00  0.000000E+00  0.000000E+00
  0.279561E+01  0.395532E+00  0.131860E-01  0.000000E+00  0.000000E+00  0.000000E+00  0.000000E+00
  0.222297E+01 -0.222846E+00 -0.179718E-01  0.000000E+00  0.000000E+00  0.000000E+00  0.000000E+00
  0.254654E+01 -0.190378E-01  0.260878E+00  0.000000E+00  0.000000E+00  0.000000E+00  0.000000E+00
  0.204981E+01 -0.218581E+00 -0.153323E-01  0.000000E+00  0.000000E+00  0.000000E+00  0.000000E+00
  0.211630E+01  0.293403E+00 -0.842605E-03  0.000000E+00  0.000000E+00  0.000000E+00  0.000000E+00
  0.256862E+01 -0.406975E+00  0.184413E-02  0.000000E+00  0.000000E+00  0.000000E+00  0.000000E+00
  0.281881E+01 -0.162500E-01 -0.358256E+00  0.000000E+00  0.000000E+00  0.000000E+00  0.000000E+00
  0.194723E+01 -0.207540E+00  0.140319E-01  0.000000E+00  0.000000E+00  0.000000E+00  0.000000E+00
  0.213899E+01  0.261887E-02 -0.297667E+00  0.000000E+00  0.000000E+00  0.000000E+00  0.000000E+00
  0.267236E+01 -0.986158E-02 -0.399130E+00  0.000000E+00  0.000000E+00  0.000000E+00  0.000000E+00
  0.271481E+01 -0.335743E+00  0.164130E-01  0.000000E+00  0.000000E+00  0.000000E+00  0.000000E+00
  0.257408E+01 -0.167890E-01  0.303396E+00  0.000000E+00  0.000000E+00  0.000000E+00  0.000000E+00
  0.217913E+01  0.114858E-01  0.274880E+00  0.000000E+00  0.000000E+00  0.000000E+00  0.000000E+00
  0.201605E+01 -0.267333E+00  0.199532E-02  0.000000E+00  0.000000E+00  0.000000E+00  0.000000E+00
  0.238349E+01 -0.323041E+00  0.111860E-01  0.000000E+00  0.000000E+00  0.000000E+00  0.000000E+00
  0.208945E+01 -0.142980E-01 -0.235242E+00  0.000000E+00  0.000000E+00  0.000000E+00  0.000000E+00
  0.200652E+01 -0.247934E+00 -0.900554E-02  0.000000E+00  0.000000E+00  0.000000E+00  0.000000E+00
  0.194103E+01 -0.775509E-02  0.236901E+00  0.000000E+00  0.000000E+00  0.000000E+00  0.000000E+00
  0.212336E+01 -0.227024E+00  0.159919E-01  0.000000E+00  0.000000E+00  0.000000E+00  0.000000E+00
  0.204683E+01  0.818607E-02  0.260767E+00  0.000000E+00  0.000000E+00  0.000000E+00  0.000000E+00
  0.181001E+01  0.962480E-02 -0.199373E+00  0.000000E+00  0.000000E+00  0.000000E+00  0.000000E+00
  0.276257E+01  0.122369E-01  0.398678E+00  0.000000E+00  0.000000E+00  0.000000E+00  0.000000E+00
  0.190871E+01 -0.212149E+00  0.118633E-01  0.000000E+00  0.000000E+00  0.000000E+00  0.000000E+00
  0.245804E+01 -0.356898E+00 -0.859899E-02  0.000000E+00  0.000000E+00  0.000000E+00  0.000000E+00
  0.222720E+01  0.181575E-01  0.221092E+00  0.000000E+00  0.000000E+00  0.000000E+00  0.000000E+00
  0.277864E+01 -0.123486E-01  0.401062E+00  0.000000E+00  0.000000E+00  0.000000E+00  0.000000E+00
  0.271432E+01  0.434611E+00  0.536399E-02  0.000000E+00  0.000000E+00  0.000000E+00  0.000000E+00
  0.283991E+01 -0.139859E-01  0.395183E+00  0.000000E+00  0.000000E+00  0.000000E+00  0.000000E+00
  0.209154E+01 -0.274207E+00 -0.746130E-02  0.000000E+00  0.000000E+00  0.000000E+00  0.000000E+00
  0.183727E+01  0.131883E-01 -0.189383E+00  0.000000E+00  0.000000E+00  0.000000E+00  0.000000E+00
  0.206985E+01 -0.159276E-01  0.217212E+00  0.000000E+00  0.000000E+00  0.000000E+00  0.000000E+00
  0.171824E+01 -0.107738E-01 -0.173967E+00  0.000000E+00  0.000000E+00  0.000000E+00  0.000000E+00
  0.235065E+01 -0.279121E+00 -0.152977E-01  0.000000E+00  0.000000E+00  0.000000E+00  0.000000E+00
  0.246805E+01 -0.143892E-01 -0.312893E+00  0.000000E+00  0.000000E+00  0.000000E+00  0.000000E+00
  0.232691E+01  0.161331E-01 -0.264993E+00  0.000000E+00  0.000000E+00  0.000000E+00  0.000000E+00
  0.184212E+01 -0.195828E+00  0.121645E-01  0.000000E+00  0.000000E+00  0.000000E+00  0.000000E+00
  0.199638E+01  0.141810E-01 -0.216766E+00  0.000000E+00  0.000000E+00  0.000000E+00  0.000000E+00
  0.192690E+01  0.315373E-02  0.243654E+00  0.000000E+00  0.000000E+00  0.000000E+00  0.000000E+00
  0.281272E+01  0.454057E+00 -0.643440E-02  0.000000E+00  0.000000E+00  0.000000E+00  0.000000E+00
  0.247119E+01 -0.183548E-01 -0.260320E+00  0.000000E+00  0.000000E+00  0.000000E+00  0.000000E+00
  0.177821E+01  0.206940E+00 -0.248720E-02  0.000000E+00  0.000000E+00  0.000000E+00  0.000000E+00
  0.241407E+01  0.188726E-01  0.241975E+00  0.000000E+00  0.000000E+00  0.000000E+00  0.000000E+00
  0.219894E+01 -0.277476E+00  0.117673E-01  0.000000E+00  0.000000E+00  0.000000E+00  0.000000E+00
  0.237002E+01  0.163409E-01  0.270791E+00  0.000000E+00  0.000000E+00  0.000000E+00  0.000000E+00
  0.233604E+01 -0.240533E+00  0.181236E-01  0.000000E+00  0.000000E+00  0.000000E+00  0.000000E+00
  0.232643E+01  0.267628E+00 -0.158973E-01  0.000000E+00  0.000000E+00  0.000000E+00  0.000000E+00
  0.182961E+01 -0.130067E-01  0.188723E+00  0.000000E+00  0.000000E+00  0.000000E+00  0.000000E+00
  0.237505E+01 -0.170773E-01 -0.262247E+00  0.000000E+00  0.000000E+00  0.000000E+00  0.000000E+00
  0.202001E+01 -0.257237E+00 -0.736707E-02  0.000000E+00  0.000000E+00  0.000000E+00  0.000000E+00
  0.231695E+01  0.539324E-02 -0.336260E+00  0.000000E+00  0.000000E+00  0.000000E+00  0.000000E+00
  0.206115E+01  0.279231E+00  0.129641E-02  0.000000E+00  0.000000E+00  0.000000E+00  0.000000E+00
  0.283350E+01  0.353285E+00  0.167177E-01  0.000000E+00  0.000000E+00  0.000000E+00  0.000000E+00
  0.193057E+01 -0.220010E+00 -0.112828E-01  0.000000E+00  0.000000E+00  0.000000E+00  0.000000E+00
  0.237693E+01  0.350207E+00 -0.566343E-02  0.000000E+00  0.000000E+00  0.000000E+00  0.000000E+00
  0.199047E+01 -0.233908E+00 -0.112134E-01  0.000000E+00  0.000000E+00  0.000000E+00  0.000000E+00
  0.278552E+01  0.107681E-01 -0.417851E+00  0.000000E+00  0.000000E+00  0.000000E+00  0.000000E+00
  0.238726E+01  0.247359E+00 -0.182606E-01  0.000000E+00  0.000000E+00  0.000000E+00  0.000000E+00
  0.275683E+01  0.343443E+00  0.164333E-01  0.000000E+00  0.000000E+00  0.000000E+00  0.000000E+00
  0.184560E+01 -0.991614E-02  0.206574E+00  0.000000E+00  0.000000E+00  0.000000E+00  0.000000E+00
  0.183386E+01  0.239421E-02  0.221040E+00  0.000000E+00  0.000000E+00  0.000000E+00  0.000000E+00
  0.257955E+01  0.115449E-01 -0.364421E+00  0.000000E+00  0.000000E+00  0.000000E+00  0.000000E+00
  0.192329E+01  0.210286E+00 -0.127845E-01  0.000000E+00  0.000000E+00  0.000000E+00  0.000000E+00
  0.270522E+01 -0.400850E+00  0.106072E-01  0.000000E+00  0.000000E+00  0.000000E+00  0.000000E+00
  0.203780E+01 -0.163102E-01  0.207425E+00  0.000000E+00  0.000000E+00  0.000000E+00  0.000000E+00
  0.225263E+01  0.119769E-01  0.287983E+00  0.000000E+00  0.000000E+00  0.000000E+00  0.000000E+00
  0.272658E+01 -0.177450E-01  0.315628E+00  0.000000E+00  0.000000E+00  0.000000E+00  0.000000E+00
  0.265199E+01  0.336312E+00  0.155319E-01  0.000000E+00  0.000000E+00  0.000000E+00  0.000000E+00
  0.199752E+01 -0.686301E-02 -0.253373E+00  0.000000E+00  0.000000E+00  0.000000E+00  0.000000E+00
  0.227639E+01  0.129487E-01 -0.285793E+00  0.000000E+00  0.000000E+00  0.000000E+00  0.000000E+00
  0.242724E+01  0.526214E-02 -0.363950E+00  0.000000E+00  0.000000E+00  0.000000E+00  0.000000E+00
  0.254692E+01  0.688816E-02  0.387010E+00  0.000000E+00  0.000000E+00  0.000000E+00  0.000000E+00
  0.263733E+01 -0.354911E+00  0.137888E-01  0.000000E+00  0.000000E+00  0.000000E+00  0.000000E+00
  0.212530E+01 -0.987076E-03 -0.295616E+00  0.000000E+00  0.000000E+00  0.000000E+00  0.000000E+00
  0.217391E+01 -0.268573E+00 -0.122575E-01  0.000000E+00  0.000000E+00  0.000000E+00  0.000000E+00
  0.268375E+01 -0.357901E+00  0.143606E-01  0.000000E+00  0.000000E+00  0.000000E+00  0.000000E+00
  0.218395E+01  0.490637E-02 -0.304654E+00  0.000000E+00  0.000000E+00  0.000000E+00  0.000000E+00
  0.181268E+01 -0.121657E-01  0.189312E+00  0.000000E+00  0.000000E+00  0.000000E+00  0.000000E+00
  0.207593E+01  0.276687E+00 -0.538846E-02  0.000000E+00  0.000000E+00  0.000000E+00  0.000000E+00
  0.208614E+01  0.673202E-02 -0.275371E+00  0.000000E+00  0.000000E+00  0.000000E+00  0.000000E+00
  0.207957E+01 -0.234330E+00  0.141531E-01  0.000000E+00  0.000000E+00  0.000000E+00  0.000000E+00
  0.246243E+01 -0.312904E+00 -0.142791E-01  0.000000E+00  0.000000E+00  0.000000E+00  0.000000E+00
  0.211766E+01 -0.105415E-01  0.266507E+00  0.000000E+00  0.000000E+00  0.000000E+00  0.000000E+00
  0.198963E+01 -0.110437E-01  0.234602E+00  0.000000E+00  0.000000E+00  0.000000E+00  0.000000E+00
  0.235060E+01  0.344635E+00  0.537522E-02  0.000000E+00  0.000000E+00  0.000000E+00  0.000000E+00
  0.197256E+01 -0.239704E+00  0.905761E-02  0.000000E+00  0.000000E+00  0.000000E+00  0.000000E+00
  0.268292E+01  0.291188E+00  0.186422E-01  0.000000E+00  0.000000E+00  0.000000E+00  0.000000E+00
  0.212364E+01 -0.295384E+00 -0.424941E-03  0.000000E+00  0.000000E+00  0.000000E+00  0.000000E+00
  0.236928E+01  0.125219E-01 -0.309525E+00  0.000000E+00  0.000000E+00  0.000000E+00  0.000000E+00
  0.192327E+01  0.556564E-02  0.238558E+00  0.000000E+00  0.000000E+00  0.000000E+00  0.000000E+00
  0.181572E+01 -0.100994E-01 -0.198934E+00  0.000000E+00  0.000000E+00  0.000000E+00  0.000000E+00
  0.266805E+01 -0.119145E-01  0.380891E+00  0.000000E+00  0.000000E+00  0.000000E+00  0.000000E+00
  0.165655E+01 -0.883103E-03  0.177059E+00  0.000000E+00  0.000000E+00  0.000000E+00  0.000000E+00
  0.192858E+01  0.200287E+00  0.145203E-01  0.000000E+00  0.000000E+00  0.000000E+00  0.000000E+00
  0.258998E+01  0.358535E+00 -0.124541E-01  0.000000E+00  0.000000E+00  0.000000E+00  0.000000E+00
  0.216315E+01 -0.703886E-02 -0.293074E+00  0.000000E+00  0.000000E+00  0.000000E+00  0.000000E+00
  0.281919E+01 -0.457034E+00 -0.615007E-02  0.000000E+00  0.000000E+00  0.000000E+00  0.000000E+00
  0.271444E+01 -0.984091E-02 -0.409078E+00  0.000000E+00  0.000000E+00  0.000000E+00  0.000000E+00
  0.239329E+01  0.348386E+00 -0.717725E-02  0.000000E+00  0.000000E+00  0.000000E+00  0.000000E+00
  0.280833E+01  0.286525E+00  0.197865E-01  0.000000E+00  0.000000E+00  0.000000E+00  0.000000E+00
  0.269520E+01 -0.318600E+00 -0.172483E-01  0.000000E+00  0.000000E+00  0.000000E+00  0.000000E+00
  0.176175E+01  0.112542E-01 -0.181987E+00  0.000000E+00  0.000000E+00  0.000000E+00  0.000000E+00
  0.277139E+01  0.366760E+00  0.150564E-01  0.000000E+00  0.000000E+00  0.000000E+00  0.000000E+00
  0.198606E+01 -0.942179E-02  0.241379E+00  0.000000E+00  0.000000E+00  0.000000E+00  0.000000E+00
  0.171103E+01 -0.657040E-02  0.184250E+00  0.000000E+00  0.000000E+00  0.000000E+00  0.000000E+00
  0.180971E+01  0.207898E+00 -0.676166E-02  0.000000E+00  0.000000E+00  0.000000E+00  0.000000E+00
  0.251827E+01  0.251459E+00 -0.192910E-01  0.000000E+00  0.000000E+00  0.000000E+00  0.000000E+00
  0.246517E+01 -0.173165E-01  0.275447E+00  0.000000E+00  0.000000E+00  0.000000E+00  0.000000E+00
  0.200473E+01  0.257536E+00  0.601178E-02  0.000000E+00  0.000000E+00  0.000000E+00  0.000000E+00
  0.194276E+01 -0.245601E+00 -0.447552E-02  0.000000E+00  0.000000E+00  0.000000E+00  0.000000E+00
  0.209149E+01  0.279436E+00 -0.580453E-02  0.000000E+00  0.000000E+00  0.000000E+00  0.000000E+00
  0.248291E+01  0.248922E+00 -0.191208E-01  0.000000E+00  0.000000E+00  0.000000E+00  0.000000E+00
  0.277716E+01 -0.201944E-01 -0.271686E+00  0.000000E+00  0.000000E+00  0.000000E+00  0.000000E+00
  0.238729E+01  0.358154E+00  0.371609E-02  0.000000E+00  0.000000E+00  0.000000E+00  0.000000E+00
  0.183817E+01 -0.218354E+00  0.515636E-02  0.000000E+00  0.000000E+00  0.000000E+00  0.000000E+00
  0.232133E+01  0.585015E-02  0.335885E+00  0.000000E+00  0.000000E+00  0.000000E+00  0.000000E+00
  0.274091E+01  0.390152E+00 -0.125989E-01  0.000000E+00  0.000000E+00  0.000000E+00  0.000000E+00
  0.213564E+01  0.848819E-02  0.280735E+00  0.000000E+00  0.000000E+00  0.000000E+00  0.000000E+00
  0.178642E+01 -0.478239E-02 -0.206172E+00  0.000000E+00  0.000000E+00  0.000000E+00  0.000000E+00
  0.265785E+01  0.356631E+00 -0.140157E-01  0.000000E+00  0.000000E+00  0.000000E+00  0.000000E+00
  0.232360E+01  0.126885E-02 -0.345607E+00  0.000000E+00  0.000000E+00  0.000000E+00  0.000000E+00
  0.234993E+01  0.140023E-01  0.292202E+00  0.000000E+00  0.000000E+00  0.000000E+00  0.000000E+00
  0.250529E+01 -0.354022E+00  0.107411E-01  0.000000E+00  0.000000E+00  0.000000E+00  0.000000E+00
  0.181100E+01 -0.210528E+00 -0.572446E-02  0.000000E+00  0.000000E+00  0.000000E+00  0.000000E+00
  0.262087E+01  0.828775E-03 -0.421083E+00  0.000000E+00  0.000000E+00  0.000000E+00  0.000000E+00
  0.223833E+01 -0.305040E+00 -0.852023E-02  0.000000E+00  0.000000E+00  0.000000E+00  0.000000E+00
  0.193368E+01  0.241279E+00 -0.549784E-02  0.000000E+00  0.000000E+00  0.000000E+00  0.000000E+00
  0.261836E+01  0.164821E-01  0.316306E+00  0.000000E+00  0.000000E+00  0.000000E+00  0.000000E+00
  0.280046E+01  0.433376E+00 -0.928758E-02  0.000000E+00  0.000000E+00  0.000000E+00  0.000000E+00
  0.234430E+01  0.349868E+00 -0.224936E-02  0.000000E+00  0.000000E+00  0.000000E+00  0.000000E+00
  0.245802E+01  0.116323E-01 -0.336435E+00  0.000000E+00  0.000000E+00  0.000000E+00  0.000000E+00
  0.248966E+01  0.275702E+00  0.175950E-01  0.000000E+00  0.000000E+00  0.000000E+00  0.000000E+00
  0.213107E+01 -0.170526E-01 -0.217408E+00  0.000000E+00  0.000000E+00  0.000000E+00  0.000000E+00
  0.167071E+01  0.171248E+00  0.800147E-02  0.000000E+00  0.000000E+00  0.000000E+00  0.000000E+00
  0.274352E+01  0.326729E+00 -0.172905E-01  0.000000E+00  0.000000E+00  0.000000E+00  0.000000E+00
  0.246444E+01  0.302056E+00 -0.152849E-01  0.000000E+00  0.000000E+00  0.000000E+00  0.000000E+00
  0.220010E+01  0.125456E-01  0.272280E+00  0.000000E+00  0.000000E+00  0.000000E+00  0.000000E+00
  0.263276E+01  0.774085E-02  0.403471E+00  0.000000E+00  0.000000E+00  0.000000E+00  0.000000E+00
  0.222332E+01 -0.597679E-02 -0.311365E+00  0.000000E+00  0.000000E+00  0.000000E+00  0.000000E+00
  0.235175E+01 -0.351940E+00  0.209293E-02  0.000000E+00  0.000000E+00  0.000000E+00  0.000000E+00
  0.180665E+01  0.608999E-02  0.208691E+00  0.000000E+00  0.000000E+00  0.000000E+00  0.000000E+00
  0.161587E+01  0.657482E-03  0.166813E+00  0.000000E+00  0.000000E+00  0.000000E+00  0.000000E+00
  0.217797E+01 -0.309181E+00 -0.699031E-04  0.000000E+00  0.000000E+00  0.000000E+00  0.000000E+00
  0.239105E+01 -0.336691E+00 -0.936456E-02  0.000000E+00  0.000000E+00  0.000000E+00  0.000000E+00
  0.179018E+01 -0.203204E+00  0.673428E-02  0.000000E+00  0.000000E+00  0.000000E+00  0.000000E+00
  0.253758E+01 -0.780312E-03 -0.400034E+00  0.000000E+00  0.000000E+00  0.000000E+00  0.000000E+00
  0.260692E+01  0.315415E+00  0.163938E-01  0.000000E+00  0.000000E+00  0.000000E+00  0.000000E+00
  0.200754E+01 -0.200355E+00 -0.164471E-01  0.000000E+00  0.000000E+00  0.000000E+00  0.000000E+00
  0.171169E+01  0.189245E+00 -0.350324E-02  0.000000E+00  0.000000E+00  0.000000E+00  0.000000E+00
  0.208724E+01  0.284909E+00  0.238368E-02  0.000000E+00  0.000000E+00  0.000000E+00  0.000000E+00
  0.168846E+01  0.622029E-02 -0.179423E+00  0.000000E+00  0.000000E+00  0.000000E+00  0.000000E+00
  0.184843E+01  0.219875E+00 -0.566611E-02  0.000000E+00  0.000000E+00  0.000000E+00  0.000000E+00
  0.163953E+01  0.598122E-02  0.167841E+00  0.000000E+00  0.000000E+00  0.000000E+00  0.000000E+00
  0.273620E+01  0.449486E+00  0.168730E-02  0.000000E+00  0.000000E+00  0.000000E+00  0.000000E+00
  0.165386E+01  0.729622E-02  0.168806E+00  0.000000E+00  0.000000E+00  0.000000E+00  0.000000E+00
  0.170859E+01 -0.183291E+00  0.674339E-02  0.000000E+00  0.000000E+00  0.000000E+00  0.000000E+00
  0.244161E+01  0.309750E+00 -0.141663E-01  0.000000E+00  0.000000E+00  0.000000E+00  0.000000E+00
  0.168569E+01  0.180507E+00  0.520333E-02  0.000000E+00  0.000000E+00  0.000000E+00  0.000000E+00
  0.249389E+01 -0.103415E-01  0.354310E+00  0.000000E+00  0.000000E+00  0.000000E+00  0.000000E+00
  0.266846E+01 -0.246522E-03 -0.433343E+00  0.000000E+00  0.000000E+00  0.000000E+00  0.000000E+00
  0.265537E+01  0.572800E-02  0.418608E+00  0.000000E+00  0.000000E+00  0.000000E+00  0.000000E+00
  0.182668E+01 -0.447485E-02 -0.216687E+00  0.000000E+00  0.000000E+00  0.000000E+00  0.000000E+00
  0.199678E+01  0.222059E+00 -0.134345E-01  0.000000E+00  0.000000E+00  0.000000E+00  0.000000E+00
  0.242758E+01  0.260325E+00 -0.178760E-01  0.000000E+00  0.000000E+00  0.000000E+00  0.000000E+00
  0.242670E+01  0.341492E+00  0.993716E-02  0.000000E+00  0.000000E+00  0.000000E+00  0.000000E+00
  0.237007E+01 -0.663100E-02  0.345003E+00  0.000000E+00  0.000000E+00  0.000000E+00  0.000000E+00
  0.195534E+01 -0.152805E-01 -0.200096E+00  0.000000E+00  0.000000E+00  0.000000E+00  0.000000E+00
  0.210241E+01 -0.230304E+00  0.151976E-01  0.000000E+00  0.000000E+00  0.000000E+00  0.000000E+00
  0.245851E+01  0.367969E+00  0.629245E-02  0.000000E+00  0.000000E+00  0.000000E+00  0.000000E+00
  0.277675E+01  0.144634E-01  0.375839E+00  0.000000E+00  0.000000E+00  0.000000E+00  0.000000E+00
  0.243051E+01 -0.110008E-01 -0.335055E+00  0.000000E+00  0.000000E+00  0.000000E+00  0.000000E+00
  0.249287E+01  0.468981E-02 -0.382004E+00  0.000000E+00  0.000000E+00  0.000000E+00  0.000000E+00
  0.275823E+01 -0.275461E+00  0.199253E-01  0.000000E+00  0.000000E+00  0.000000E+00  0.000000E+00
  0.213310E+01  0.269507E+00 -0.106392E-01  0.000000E+00  0.000000E+00  0.000000E+00  0.000000E+00
  0.201173E+01  0.145964E-01  0.216841E+00  0.000000E+00  0.000000E+00  0.000000E+00  0.000000E+00
  0.234654E+01  0.241818E+00 -0.181604E-01  0.000000E+00  0.000000E+00  0.000000E+00  0.000000E+00
  0.193562E+01  0.237550E-02 -0.246704E+00  0.000000E+00  0.000000E+00  0.000000E+00  0.000000E+00
  0.245543E+01 -0.378513E+00 -0.173487E-02  0.000000E+00  0.000000E+00  0.000000E+00  0.000000E+00
  0.173618E+01 -0.191743E+00  0.590742E-02  0.000000E+00  0.000000E+00  0.000000E+00  0.000000E+00
  0.240324E+01  0.759145E-02 -0.348923E+00  0.000000E+00  0.000000E+00  0.000000E+00  0.000000E+00
  0.280994E+01  0.148457E-01 -0.377501E+00  0.000000E+00  0.000000E+00  0.000000E+00  0.000000E+00
  0.228993E+01  0.298574E+00  0.116591E-01  0.000000E+00  0.000000E+00  0.000000E+00  0.000000E+00
  0.243757E+01 -0.129306E-01  0.320864E+00  0.000000E+00  0.000000E+00  0.000000E+00  0.000000E+00
  0.214452E+01  0.104088E-02 -0.300454E+00  0.000000E+00  0.000000E+00  0.000000E+00  0.000000E+00
  0.221574E+01 -0.129776E-01 -0.272436E+00  0.000000E+00  0.000000E+00  0.000000E+00  0.000000E+00
  0.198179E+01 -0.254833E+00  0.472686E-02  0.000000E+00  0.000000E+00  0.000000E+00  0.000000E+00
  0.175485E+01  0.811639E-02 -0.191114E+00  0.000000E+00  0.000000E+00  0.000000E+00  0.000000E+00
  0.257971E+01  0.297380E+00  0.172519E-01  0.000000E+00  0.000000E+00  0.000000E+00  0.000000E+00
  0.269529E+01 -0.122474E-02  0.439628E+00  0.000000E+00  0.000000E+00  0.000000E+00  0.000000E+00
  0.246765E+01  0.328299E+00 -0.128308E-01  0.000000E+00  0.000000E+00  0.000000E+00  0.000000E+00
  0.276514E+01  0.371551E+00 -0.146079E-01  0.000000E+00  0.000000E+00  0.000000E+00  0.000000E+00
  0.236863E+01 -0.357454E+00  0.450170E-04  0.000000E+00  0.000000E+00  0.000000E+00  0.000000E+00
  0.217745E+01  0.307605E+00  0.241565E-02  0.000000E+00  0.000000E+00  0.000000E+00  0.000000E+00
  0.210958E+01 -0.289835E+00  0.294513E-02  0.000000E+00  0.000000E+00  0.000000E+00  0.000000E+00
  0.284082E+01 -0.332868E-01  0.114731E+00  0.000000E+00  0.000000E+00  0.000000E+00  0.000000E+00
  0.284082E+01  0.132846E+00  0.149302E+00  0.000000E+00  0.000000E+00  0.000000E+00  0.000000E+00
  0.284082E+01 -0.778603E-01  0.161301E+00  0.000000E+00  0.000000E+00  0.000000E+00  0.000000E+00
  0.284082E+01  0.562374E-01 -0.764503E-02  0.000000E+00  0.000000E+00  0.000000E+00  0.000000E+00
  0.284082E+01  0.151822E+00 -0.723923E-01  0.000000E+00  0.000000E+00  0.000000E+00  0.000000E+00
  0.284082E+01  0.328375E-01  0.205391E+00  0.000000E+00  0.000000E+00  0.000000E+00  0.000000E+00
  0.284082E+01  0.712604E-01  0.133407E-01  0.000000E+00  0.000000E+00  0.000000E+00  0.000000E+00
  0.284082E+01  0.127204E+00  0.535960E-03  0.000000E+00  0.000000E+00  0.000000E+00  0.000000E+00
  0.284082E+01  0.120751E+00 -0.640855E-01  0.000000E+00  0.000000E+00  0.000000E+00  0.000000E+00
  0.284082E+01 -0.672859E-01  0.257479E-01  0.000000E+00  0.000000E+00  0.000000E+00  0.000000E+00
  0.284082E+01  0.910297E-01 -0.114353E+00  0.000000E+00  0.000000E+00  0.000000E+00  0.000000E+00
  0.284082E+01 -0.490892E-01 -0.648764E-01  0.000000E+00  0.000000E+00  0.000000E+00  0.000000E+00
  0.284082E+01  0.201841E+00  0.735421E-01  0.000000E+00  0.000000E+00  0.000000E+00  0.000000E+00
  0.284082E+01 -0.194645E+00  0.958217E-01  0.000000E+00  0.000000E+00  0.000000E+00  0.000000E+00
  0.284082E+01  0.365323E-01  0.322332E-01  0.000000E+00  0.000000E+00  0.000000E+00  0.000000E+00
  0.284082E+01 -0.279518E-02  0.418001E-01  0.000000E+00  0.000000E+00  0.000000E+00  0.000000E+00
  0.284082E+01 -0.593046E-01 -0.222708E+00  0.000000E+00  0.000000E+00  0.000000E+00  0.000000E+00
  0.284082E+01  0.466504E-01 -0.827366E-01  0.000000E+00  0.000000E+00  0.000000E+00  0.000000E+00
  0.284082E+01 -0.115341E+00  0.841021E-01  0.000000E+00  0.000000E+00  0.000000E+00  0.000000E+00
  0.284082E+01 -0.112644E+00  0.843028E-01  0.000000E+00  0.000000E+00  0.000000E+00  0.000000E+00
  0.284082E+01  0.119289E+00  0.405093E-01  0.000000E+00  0.000000E+00  0.000000E+00  0.000000E+00
  0.284082E+01 -0.692412E-01 -0.146017E+00  0.000000E+00  0.000000E+00  0.000000E+00  0.000000E+00
  0.284082E+01  0.191095E-01  0.979424E-01  0.000000E+00  0.000000E+00  0.000000E+00  0.000000E+00
  0.284082E+01 -0.393916E-01  0.292559E-02  0.000000E+00  0.000000E+00  0.000000E+00  0.000000E+00
  0.284082E+01 -0.124192E+00 -0.181910E+00  0.000000E+00  0.000000E+00  0.000000E+00  0.000000E+00
  0.284082E+01  0.607754E-01 -0.124235E+00  0.000000E+00  0.000000E+00  0.000000E+00  0.000000E+00
  0.284082E+01 -0.625416E-01 -0.148299E+00  0.000000E+00  0.000000E+00  0.000000E+00  0.000000E+00
  0.284082E+01  0.371181E-01 -0.214406E+00  0.000000E+00  0.000000E+00  0.000000E+00  0.000000E+00
  0.284082E+01  0.849171E-01  0.212419E+00  0.000000E+00  0.000000E+00  0.000000E+00  0.000000E+00
  0.284082E+01 -0.755440E-03  0.314815E-02  0.000000E+00  0.000000E+00  0.000000E+00  0.000000E+00
  0.284082E+01 -0.669113E-03  0.910754E-03  0.000000E+00  0.000000E+00  0.000000E+00  0.000000E+00
  0.284082E+01  0.769701E-01 -0.150651E+00  0.000000E+00  0.000000E+00  0.000000E+00  0.000000E+00
  0.284082E+01  0.157442E+00  0.137071E-02  0.000000E+00  0.000000E+00  0.000000E+00  0.000000E+00
  0.284082E+01  0.167532E+00  0.174176E+00  0.000000E+00  0.000000E+00  0.000000E+00  0.000000E+00
  0.284082E+01 -0.246110E-03  0.232203E-02  0.000000E+00  0.000000E+00  0.000000E+00  0.000000E+00
  0.284082E+01  0.298323E-01 -0.586315E-01  0.000000E+00  0.000000E+00  0.000000E+00  0.000000E+00
  0.284082E+01  0.145463E+00  0.680387E-01  0.000000E+00  0.000000E+00  0.000000E+00  0.000000E+00
  0.284082E+01  0.187595E-01 -0.121246E+00  0.000000E+00  0.000000E+00  0.000000E+00  0.000000E+00
  0.284082E+01 -0.667521E-01  0.462312E-01  0.000000E+00  0.000000E+00  0.000000E+00  0.000000E+00
  0.284082E+01 -0.906480E-02 -0.178818E+00  0.000000E+00  0.000000E+00  0.000000E+00  0.000000E+00
  0.284082E+01  0.135567E+00  0.756066E-01  0.000000E+00  0.000000E+00  0.000000E+00  0.000000E+00
  0.284082E+01 -0.307748E-01 -0.377042E-01  0.000000E+00  0.000000E+00  0.000000E+00  0.000000E+00
  0.284082E+01  0.464819E-01  0.206806E+00  0.000000E+00  0.000000E+00  0.000000E+00  0.000000E+00
  0.284082E+01  0.378645E-01 -0.993036E-01  0.000000E+00  0.000000E+00  0.000000E+00  0.000000E+00
  0.284082E+01  0.106546E+00 -0.233920E-01  0.000000E+00  0.000000E+00  0.000000E+00  0.000000E+00
  0.284082E+01 -0.115946E-01 -0.471366E-01  0.000000E+00  0.000000E+00  0.000000E+00  0.000000E+00
  0.284082E+01 -0.175631E+00 -0.517929E-01  0.000000E+00  0.000000E+00  0.000000E+00  0.000000E+00
  0.284082E+01 -0.223434E-01  0.223123E-01  0.000000E+00  0.000000E+00  0.000000E+00  0.000000E+00
  0.284082E+01 -0.278245E-02 -0.172678E-01  0.000000E+00  0.000000E+00  0.000000E+00  0.000000E+00
  0.284082E+01 -0.363325E-01 -0.149456E-01  0.000000E+00  0.000000E+00  0.000000E+00  0.000000E+00
  0.284082E+01 -0.200275E-01 -0.555885E-01  0.000000E+00  0.000000E+00  0.000000E+00  0.000000E+00
  0.284082E+01 -0.121657E+00  0.132591E+00  0.000000E+00  0.000000E+00  0.000000E+00  0.000000E+00
  0.284082E+01  0.603434E-01  0.845956E-01  0.000000E+00  0.000000E+00  0.000000E+00  0.000000E+00
  0.284082E+01  0.147964E+00 -0.123855E+00  0.000000E+00  0.000000E+00  0.000000E+00  0.000000E+00
  0.284082E+01  0.721878E-01 -0.882629E-01  0.000000E+00  0.000000E+00  0.000000E+00  0.000000E+00
  0.284082E+01  0.150687E+00  0.173733E-02  0.000000E+00  0.000000E+00  0.000000E+00  0.000000E+00
  0.284082E+01 -0.228195E+00  0.340725E-01  0.000000E+00  0.000000E+00  0.000000E+00  0.000000E+00
  0.284082E+01 -0.104627E+00  0.329143E-01  0.000000E+00  0.000000E+00  0.000000E+00  0.000000E+00
  0.284082E+01  0.167296E+00 -0.137441E+00  0.000000E+00  0.000000E+00  0.000000E+00  0.000000E+00
  0.284082E+01  0.106194E+00 -0.213397E+00  0.000000E+00  0.000000E+00  0.000000E+00  0.000000E+00
  0.284082E+01 -0.211882E-01 -0.691234E-01  0.000000E+00  0.000000E+00  0.000000E+00  0.000000E+00
  0.284082E+01 -0.583685E-01  0.971449E-01  0.000000E+00  0.000000E+00  0.000000E+00  0.000000E+00
  0.284082E+01  0.186093E+00  0.303213E-01  0.000000E+00  0.000000E+00  0.000000E+00  0.000000E+00
  0.284082E+01 -0.691830E-01 -0.201668E+00  0.000000E+00  0.000000E+00  0.000000E+00  0.000000E+00
  0.284082E+01 -0.389226E-01 -0.159375E+00  0.000000E+00  0.000000E+00  0.000000E+00  0.000000E+00
  0.284082E+01  0.564831E-01 -0.612677E-01  0.000000E+00  0.000000E+00  0.000000E+00  0.000000E+00
  0.284082E+01 -0.197721E-02  0.504327E-02  0.000000E+00  0.000000E+00  0.000000E+00  0.000000E+00
  0.284082E+01 -0.202326E-01  0.203897E-01  0.000000E+00  0.000000E+00  0.000000E+00  0.000000E+00
  0.284082E+01  0.128731E+00 -0.335016E-01  0.000000E+00  0.000000E+00  0.000000E+00  0.000000E+00
  0.284082E+01  0.494598E-02  0.195387E+00  0.000000E+00  0.000000E+00  0.000000E+00  0.000000E+00
  0.284082E+01  0.127673E-01  0.114196E+00  0.000000E+00  0.000000E+00  0.000000E+00  0.000000E+00
  0.284082E+01  0.244823E+00  0.441547E-01  0.000000E+00  0.000000E+00  0.000000E+00  0.000000E+00
  0.284082E+01  0.210204E-01  0.392820E-02  0.000000E+00  0.000000E+00  0.000000E+00  0.000000E+00
  0.284082E+01 -0.436867E-01 -0.232710E-01  0.000000E+00  0.000000E+00  0.000000E+00  0.000000E+00
  0.284082E+01  0.156796E+00 -0.171052E+00  0.000000E+00  0.000000E+00  0.000000E+00  0.000000E+00
  0.284082E+01 -0.846110E-02 -0.163866E-01  0.000000E+00  0.000000E+00  0.000000E+00  0.000000E+00
  0.284082E+01  0.131358E-01  0.117465E-01  0.000000E+00  0.000000E+00  0.000000E+00  0.000000E+00
  0.284082E+01  0.327300E-02  0.899554E-01  0.000000E+00  0.000000E+00  0.000000E+00  0.000000E+00
  0.284082E+01  0.501777E-01 -0.105695E+00  0.000000E+00  0.000000E+00  0.000000E+00  0.000000E+00
  0.284082E+01  0.951215E-01  0.288079E-01  0.000000E+00  0.000000E+00  0.000000E+00  0.000000E+00
  0.284082E+01 -0.435121E-01 -0.119403E+00  0.000000E+00  0.000000E+00  0.000000E+00  0.000000E+00
  0.284082E+01 -0.440388E-01 -0.578193E-01  0.000000E+00  0.000000E+00  0.000000E+00  0.000000E+00
  0.284082E+01  0.491089E-02  0.245276E-01  0.000000E+00  0.000000E+00  0.000000E+00  0.000000E+00
  0.284082E+01 -0.206124E-01  0.566767E-01  0.000000E+00  0.000000E+00  0.000000E+00  0.000000E+00
  0.284082E+01  0.177148E+00 -0.114836E+00  0.000000E+00  0.000000E+00  0.000000E+00  0.000000E+00
  0.284082E+01  0.943177E-01  0.118537E+00  0.000000E+00  0.000000E+00  0.000000E+00  0.000000E+00
  0.284082E+01  0.224707E+00  0.105372E+00  0.000000E+00  0.000000E+00  0.000000E+00  0.000000E+00
  0.284082E+01  0.116331E+00  0.134354E+00  0.000000E+00  0.000000E+00  0.000000E+00  0.000000E+00
  0.284082E+01  0.642979E-01 -0.277059E-01  0.000000E+00  0.000000E+00  0.000000E+00  0.000000E+00
  0.284082E+01 -0.881996E-01 -0.185905E+00  0.000000E+00  0.000000E+00  0.000000E+00  0.000000E+00
  0.284082E+01  0.171163E+00  0.597179E-01  0.000000E+00  0.000000E+00  0.000000E+00  0.000000E+00
  0.284082E+01 -0.231841E+00  0.974585E-02  0.000000E+00  0.000000E+00  0.000000E+00  0.000000E+00
  0.284082E+01  0.360659E-01 -0.690275E-01  0.000000E+00  0.000000E+00  0.000000E+00  0.000000E+00
  0.284082E+01 -0.533724E-01  0.922884E-01  0.000000E+00  0.000000E+00  0.000000E+00  0.000000E+00
  0.284082E+01  0.883525E-01 -0.156034E+00  0.000000E+00  0.000000E+00  0.000000E+00  0.000000E+00
  0.284082E+01  0.119961E+00  0.175668E+00  0.000000E+00  0.000000E+00  0.000000E+00  0.000000E+00
  0.284082E+01 -0.159702E+00  0.279131E-02  0.000000E+00  0.000000E+00  0.000000E+00  0.000000E+00
  0.284082E+01 -0.107040E+00 -0.153814E+00  0.000000E+00  0.000000E+00  0.000000E+00  0.000000E+00
  0.284082E+01  0.192010E+00 -0.621707E-01  0.000000E+00  0.000000E+00  0.000000E+00  0.000000E+00
  0.284082E+01 -0.184684E-01 -0.190420E-01  0.000000E+00  0.000000E+00  0.000000E+00  0.000000E+00
