  0.200084E+01 -0.235552E+00  0.113451E-01  0.000000E+00  0.000000E+00  0.000000E+00  0.000000E+00
  0.260525E+01  0.360462E+00 -0.126015E-01  0.000000E+00  0.000000E+00  0.000000E+00  0.000000E+00
  0.226397E+01  0.308453E+00  0.906107E-02  0.000000E+00  0.000000E+00  0.000000E+00  0.000000E+00
  0.182450E+01 -0.110417E-01 -0.197102E+00  0.000000E+00  0.000000E+00  0.000000E+00  0.000000E+00
  0.185294E+01  0.135943E-01  0.190416E+00  0.000000E+00  0.000000E+00  0.000000E+00  0.000000E+00
  0.257567E+01  0.295478E+00  0.173259E-01  0.000000E+00  0.000000E+00  0.000000E+00  0.000000E+00
  0.209542E+01 -0.271494E+00  0.840724E-02  0.000000E+00  0.000000E+00  0.000000E+00  0.000000E+00
  0.272290E+01 -0.295540E+00  0.187608E-01  0.000000E+00  0.000000E+00  0.000000E+00  0.000000E+00
  0.241763E+01  0.313691E+00  0.132444E-01  0.000000E+00  0.000000E+00  0.000000E+00  0.000000E+00
  0.252109E+01  0.740898E-02  0.378261E+00  0.000000E+00  0.000000E+00  0.000000E+00  0.000000E+00
  0.243257E+01  0.167371E-01  0.277550E+00  0.000000E+00  0.000000E+00  0.000000E+00  0.000000E+00
  0.202252E+01  0.154800E-01 -0.211877E+00  0.000000E+00  0.000000E+00  0.000000E+00  0.000000E+00
  0.203504E+01 -0.205575E+00 -0.164495E-01  0.000000E+00  0.000000E+00  0.000000E+00  0.000000E+00
  0.195411E+01 -0.120948E-01  0.220989E+00  0.000000E+00  0.000000E+00  0.000000E+00  0.000000E+00
  0.210380E+01 -0.154282E-01  0.228508E+00  0.000000E+00  0.000000E+00  0.000000E+00  0.000000E+00
  0.179509E+01  0.182035E+00 -0.128554E-01  0.000000E+00  0.000000E+00  0.000000E+00  0.000000E+00
  0.194497E+01  0.204540E+00 -0.143970E-01  0.000000E+00  0.000000E+00  0.000000E+00  0.000000E+00
  0.282452E+01 -0.102654E-01  0.431172E+00  0.000000E+00  0.000000E+00  0.000000E+00  0.000000E+00
  0.208957E+01  0.236303E+00  0.141673E-01  0.000000E+00  0.000000E+00  0.000000E+00  0.000000E+00
  0.193916E+01  0.119233E-01 -0.218611E+00  0.000000E+00  0.000000E+00  0.000000E+00  0.000000E+00
  0.265713E+01  0.199244E-01 -0.260022E+00  0.000000E+00  0.000000E+00  0.000000E+00  0.000000E+00
  0.217916E+01 -0.263519E+00 -0.131099E-01  0.000000E+00  0.000000E+00  0.000000E+00  0.000000E+00
  0.194674E+01 -0.249856E+00 -0.197656E-02  0.000000E+00  0.000000E+00  0.000000E+00  0.000000E+00
  0.221872E+01  0.307693E+00 -0.673337E-02  0.000000E+00  0.000000E+00  0.000000E+00  0.000000E+00
  0.192487E+01 -0.225737E+00  0.973996E-02  0.000000E+00  0.000000E+00  0.000000E+00  0.000000E+00
  0.259802E+01 -0.847721E-02 -0.390912E+00  0.000000E+00  0.000000E+00  0.000000E+00  0.000000E+00
  0.208076E+01  0.234605E+00 -0.141495E-01  0.000000E+00  0.000000E+00  0.000000E+00  0.000000E+00
  0.253408E+01 -0.159887E-01 -0.306995E+00  0.000000E+00  0.000000E+00  0.000000E+00  0.000000E+00
  0.263632E+01 -0.103102E-01  0.387380E+00  0.000000E+00  0.000000E+00  0.000000E+00  0.000000E+00
  0.259432E+01 -0.138238E-01 -0.345445E+00  0.000000E+00  0.000000E+00  0.000000E+00  0.000000E+00
  0.273847E+01 -0.335396E+00  0.167177E-01  0.000000E+00  0.000000E+00  0.000000E+00  0.000000E+00
  0.208378E+01  0.280164E+00  0.473834E-02  0.000000E+00  0.000000E+00  0.000000E+00  0.000000E+00
  0.198229E+01  0.197793E+00 -0.161955E-01  0.000000E+00  0.000000E+00  0.000000E+00  0.000000E+00
  0.271331E+01  0.357186E+00 -0.148937E-01  0.000000E+00  0.000000E+00  0.000000E+00  0.000000E+00
  0.183271E+01 -0.200142E+00 -0.107685E-01  0.000000E+00  0.000000E+00  0.000000E+00  0.000000E+00
  0.190683E+01  0.235834E+00 -0.491872E-02  0.000000E+00  0.000000E+00  0.000000E+00  0.000000E+00
  0.227349E+01  0.280593E+00 -0.134987E-01  0.000000E+00  0.000000E+00  0.000000E+00  0.000000E+00
  0.222599E+01 -0.306551E+00 -0.749679E-02  0.000000E+00  0.000000E+00  0.000000E+00  0.000000E+00
  0.219771E+01  0.249148E+00 -0.152303E-01  0.000000E+00  0.000000E+00  0.000000E+00  0.000000E+00
  0.175293E+01 -0.115664E-01  0.178700E+00  0.000000E+00  0.000000E+00  0.000000E+00  0.000000E+00
  0.220607E+01 -0.313754E+00  0.316334E-02  0.000000E+00  0.000000E+00  0.000000E+00  0.000000E+00
  0.262871E+01 -0.261513E+00 -0.196584E-01  0.000000E+00  0.000000E+00  0.000000E+00  0.000000E+00
  0.253289E+01  0.345224E+00  0.125384E-01  0.000000E+00  0.000000E+00  0.000000E+00  0.000000E+00
  0.230156E+01 -0.169036E-01  0.250850E+00  0.000000E+00  0.000000E+00  0.000000E+00  0.000000E+00
  0.238710E+01  0.343361E+00  0.794370E-02  0.000000E+00  0.000000E+00  0.000000E+00  0.000000E+00
  0.232914E+01 -0.278189E-02  0.345298E+00  0.000000E+00  0.000000E+00  0.000000E+00  0.000000E+00
  0.262924E+01 -0.144484E-01 -0.345558E+00  0.000000E+00  0.000000E+00  0.000000E+00  0.000000E+00
  0.198205E+01  0.259353E+00  0.104649E-02  0.000000E+00  0.000000E+00  0.000000E+00  0.000000E+00
  0.211253E+01  0.119554E-01  0.256988E+00  0.000000E+00  0.000000E+00  0.000000E+00  0.000000E+00
  0.244122E+01 -0.145014E-01 -0.306143E+00  0.000000E+00  0.000000E+00  0.000000E+00  0.000000E+00
  0.277376E+01 -0.357015E+00 -0.157659E-01  0.000000E+00  0.000000E+00  0.000000E+00  0.000000E+00
  0.234918E+01  0.275085E+00 -0.156346E-01  0.000000E+00  0.000000E+00  0.000000E+00  0.000000E+00
  0.214395E+01  0.104592E-01 -0.273000E+00  0.000000E+00  0.000000E+00  0.000000E+00  0.000000E+00
  0.199978E+01 -0.810355E-02 -0.249812E+00  0.000000E+00  0.000000E+00  0.000000E+00  0.000000E+00
  0.242587E+01 -0.358247E+00 -0.672207E-02  0.000000E+00  0.000000E+00  0.000000E+00  0.000000E+00
  0.237696E+01  0.323646E+00  0.108916E-01  0.000000E+00  0.000000E+00  0.000000E+00  0.000000E+00
  0.223765E+01  0.163934E-01 -0.244839E+00  0.000000E+00  0.000000E+00  0.000000E+00  0.000000E+00
  0.165012E+01  0.602302E-02  0.170373E+00  0.000000E+00  0.000000E+00  0.000000E+00  0.000000E+00
  0.270313E+01  0.342488E+00 -0.158109E-01  0.000000E+00  0.000000E+00  0.000000E+00  0.000000E+00
  0.249379E+01  0.263468E+00  0.183984E-01  0.000000E+00  0.000000E+00  0.000000E+00  0.000000E+00
  0.252986E+01  0.138844E-03 -0.398268E+00  0.000000E+00  0.000000E+00  0.000000E+00  0.000000E+00
  0.231367E+01 -0.305479E+00  0.114374E-01  0.000000E+00  0.000000E+00  0.000000E+00  0.000000E+00
  0.272773E+01  0.107300E-01  0.404971E+00  0.000000E+00  0.000000E+00  0.000000E+00  0.000000E+00
  0.173003E+01 -0.182715E+00  0.897732E-02  0.000000E+00  0.000000E+00  0.000000E+00  0.000000E+00
  0.246750E+01  0.296657E+00 -0.157806E-01  0.000000E+00  0.000000E+00  0.000000E+00  0.000000E+00
  0.222153E+01  0.125847E-01 -0.276682E+00  0.000000E+00  0.000000E+00  0.000000E+00  0.000000E+00
  0.186530E+01 -0.212351E+00 -0.960905E-02  0.000000E+00  0.000000E+00  0.000000E+00  0.000000E+00
  0.168971E+01  0.183412E+00  0.379785E-02  0.000000E+00  0.000000E+00  0.000000E+00  0.000000E+00
  0.226703E+01  0.997294E-02 -0.304192E+00  0.000000E+00  0.000000E+00  0.000000E+00  0.000000E+00
  0.219941E+01 -0.439805E-02  0.309703E+00  0.000000E+00  0.000000E+00  0.000000E+00  0.000000E+00
  0.228559E+01 -0.898805E-02 -0.313935E+00  0.000000E+00  0.000000E+00  0.000000E+00  0.000000E+00
  0.187052E+01 -0.208892E+00  0.107435E-01  0.000000E+00  0.000000E+00  0.000000E+00  0.000000E+00
  0.169502E+01  0.186044E+00  0.240270E-02  0.000000E+00  0.000000E+00  0.000000E+00  0.000000E+00
  0.219764E+01 -0.913623E-02  0.292433E+00  0.000000E+00  0.000000E+00  0.000000E+00  0.000000E+00
  0.249778E+01 -0.111769E-01  0.348988E+00  0.000000E+00  0.000000E+00  0.000000E+00  0.000000E+00
  0.223980E+01 -0.263339E+00 -0.146372E-01  0.000000E+00  0.000000E+00  0.000000E+00  0.000000E+00
  0.218424E+01  0.304339E+00 -0.505968E-02  0.000000E+00  0.000000E+00  0.000000E+00  0.000000E+00
  0.205503E+01 -0.217760E+00 -0.155458E-01  0.000000E+00  0.000000E+00  0.000000E+00  0.000000E+00
  0.279691E+01  0.541854E-02 -0.454810E+00  0.000000E+00  0.000000E+00  0.000000E+00  0.000000E+00
  0.177087E+01  0.205782E+00 -0.141897E-02  0.000000E+00  0.000000E+00  0.000000E+00  0.000000E+00
  0.216122E+01 -0.299914E+00 -0.452108E-02  0.000000E+00  0.000000E+00  0.000000E+00  0.000000E+00
  0.264539E+01 -0.891170E-02  0.399439E+00  0.000000E+00  0.000000E+00  0.000000E+00  0.000000E+00
  0.269249E+01 -0.200226E-02 -0.438037E+00  0.000000E+00  0.000000E+00  0.000000E+00  0.000000E+00
  0.241591E+01  0.252454E+00 -0.182517E-01  0.000000E+00  0.000000E+00  0.000000E+00  0.000000E+00
  0.257748E+01 -0.185890E-01 -0.274374E+00  0.000000E+00  0.000000E+00  0.000000E+00  0.000000E+00
  0.244031E+01  0.300451E+00  0.150026E-01  0.000000E+00  0.000000E+00  0.000000E+00  0.000000E+00
  0.283569E+01 -0.438290E+00 -0.971803E-02  0.000000E+00  0.000000E+00  0.000000E+00  0.000000E+00
  0.237638E+01 -0.698909E-02 -0.345084E+00  0.000000E+00  0.000000E+00  0.000000E+00  0.000000E+00
  0.183567E+01  0.218705E+00  0.460977E-02  0.000000E+00  0.000000E+00  0.000000E+00  0.000000E+00
  0.252820E+01  0.336308E+00 -0.133569E-01  0.000000E+00  0.000000E+00  0.000000E+00  0.000000E+00
  0.232554E+01 -0.298982E+00  0.126407E-01  0.000000E+00  0.000000E+00  0.000000E+00  0.000000E+00
  0.244440E+01 -0.251852E+00 -0.185886E-01  0.000000E+00  0.000000E+00  0.000000E+00  0.000000E+00
  0.191002E+01  0.983055E-02  0.221901E+00  0.000000E+00  0.000000E+00  0.000000E+00  0.000000E+00
  0.200640E+01 -0.141370E-01  0.219176E+00  0.000000E+00  0.000000E+00  0.000000E+00  0.000000E+00
  0.274575E+01 -0.108738E-01 -0.407843E+00  0.000000E+00  0.000000E+00  0.000000E+00  0.000000E+00
  0.238309E+01 -0.343909E+00 -0.762450E-02  0.000000E+00  0.000000E+00  0.000000E+00  0.000000E+00
  0.194343E+01 -0.231796E+00  0.931954E-02  0.000000E+00  0.000000E+00  0.000000E+00  0.000000E+00
  0.187382E+01  0.865463E-02 -0.217822E+00  0.000000E+00  0.000000E+00  0.000000E+00  0.000000E+00
  0.186691E+01 -0.196652E+00  0.130309E-01  0.000000E+00  0.000000E+00  0.000000E+00  0.000000E+00
  0.240590E+01  0.262360E+00 -0.174757E-01  0.000000E+00  0.000000E+00  0.000000E+00  0.000000E+00
  0.227549E+01  0.240852E+00  0.173132E-01  0.000000E+00  0.000000E+00  0.000000E+00  0.000000E+00
  0.275051E+01 -0.182278E-01 -0.310808E+00  0.000000E+00  0.000000E+00  0.000000E+00  0.000000E+00
  0.172248E+01  0.332970E-02 -0.192135E+00  0.000000E+00  0.000000E+00  0.000000E+00  0.000000E+00
  0.186856E+01 -0.856332E-02  0.216881E+00  0.000000E+00  0.000000E+00  0.000000E+00  0.000000E+00
  0.245304E+01 -0.172365E-01 -0.274390E+00  0.000000E+00  0.000000E+00  0.000000E+00  0.000000E+00
  0.165146E+01  0.167985E+00  0.740776E-02  0.000000E+00  0.000000E+00  0.000000E+00  0.000000E+00
  0.195792E+01  0.231932E+00 -0.100849E-01  0.000000E+00  0.000000E+00  0.000000E+00  0.000000E+00
  0.202712E+01 -0.884055E-02 -0.253481E+00  0.000000E+00  0.000000E+00  0.000000E+00  0.000000E+00
  0.241214E+01 -0.147769E-01 -0.297214E+00  0.000000E+00  0.000000E+00  0.000000E+00  0.000000E+00
  0.244220E+01 -0.292066E+00  0.157496E-01  0.000000E+00  0.000000E+00  0.000000E+00  0.000000E+00
  0.230260E+01  0.282152E+00  0.140157E-01  0.000000E+00  0.000000E+00  0.000000E+00  0.000000E+00
  0.221288E+01 -0.283505E+00  0.113270E-01  0.000000E+00  0.000000E+00  0.000000E+00  0.000000E+00
  0.198406E+01  0.224839E+00 -0.125672E-01  0.000000E+00  0.000000E+00  0.000000E+00  0.000000E+00
  0.209343E+01 -0.242128E+00  0.135117E-01  0.000000E+00  0.000000E+00  0.000000E+00  0.000000E+00
  0.220324E+01 -0.319558E-02  0.312992E+00  0.000000E+00  0.000000E+00  0.000000E+00  0.000000E+00
  0.210200E+01  0.900236E-03 -0.289760E+00  0.000000E+00  0.000000E+00  0.000000E+00  0.000000E+00
  0.259236E+01  0.124054E-01 -0.359519E+00  0.000000E+00  0.000000E+00  0.000000E+00  0.000000E+00
  0.217756E+01  0.125812E-01 -0.267088E+00  0.000000E+00  0.000000E+00  0.000000E+00  0.000000E+00
  0.217727E+01 -0.269840E+00 -0.121815E-01  0.000000E+00  0.000000E+00  0.000000E+00  0.000000E+00
  0.175947E+01 -0.110012E-01  0.182492E+00  0.000000E+00  0.000000E+00  0.000000E+00  0.000000E+00
  0.256559E+01 -0.297686E+00  0.170637E-01  0.000000E+00  0.000000E+00  0.000000E+00  0.000000E+00
  0.245472E+01  0.149693E-01  0.303749E+00  0.000000E+00  0.000000E+00  0.000000E+00  0.000000E+00
  0.235741E+01  0.763751E-02  0.337660E+00  0.000000E+00  0.000000E+00  0.000000E+00  0.000000E+00
  0.283586E+01 -0.171100E-01 -0.346868E+00  0.000000E+00  0.000000E+00  0.000000E+00  0.000000E+00
  0.260226E+01 -0.712210E-02  0.399340E+00  0.000000E+00  0.000000E+00  0.000000E+00  0.000000E+00
  0.175846E+01  0.183609E+00 -0.106565E-01  0.000000E+00  0.000000E+00  0.000000E+00  0.000000E+00
  0.249022E+01  0.170996E-01  0.283217E+00  0.000000E+00  0.000000E+00  0.000000E+00  0.000000E+00
  0.170815E+01 -0.189474E+00  0.223493E-02  0.000000E+00  0.000000E+00  0.000000E+00  0.000000E+00
  0.174302E+01  0.194039E+00 -0.558079E-02  0.000000E+00  0.000000E+00  0.000000E+00  0.000000E+00
  0.273625E+01  0.778875E-02  0.428104E+00  0.000000E+00  0.000000E+00  0.000000E+00  0.000000E+00
  0.269464E+01  0.386975E+00  0.118972E-01  0.000000E+00  0.000000E+00  0.000000E+00  0.000000E+00
  0.214570E+01  0.319180E-02 -0.298549E+00  0.000000E+00  0.000000E+00  0.000000E+00  0.000000E+00
  0.195780E+01  0.147175E-01 -0.204869E+00  0.000000E+00  0.000000E+00  0.000000E+00  0.000000E+00
  0.250908E+01  0.376126E+00  0.724944E-02  0.000000E+00  0.000000E+00  0.000000E+00  0.000000E+00
  0.183736E+01 -0.218621E+00  0.490077E-02  0.000000E+00  0.000000E+00  0.000000E+00  0.000000E+00
  0.180953E+01 -0.209550E+00 -0.601917E-02  0.000000E+00  0.000000E+00  0.000000E+00  0.000000E+00
  0.255554E+01  0.203045E-02 -0.403438E+00  0.000000E+00  0.000000E+00  0.000000E+00  0.000000E+00
  0.264115E+01 -0.148756E-01  0.342739E+00  0.000000E+00  0.000000E+00  0.000000E+00  0.000000E+00
  0.262202E+01 -0.168368E-01 -0.311656E+00  0.000000E+00  0.000000E+00  0.000000E+00  0.000000E+00
  0.249229E+01 -0.257533E+00  0.187277E-01  0.000000E+00  0.000000E+00  0.000000E+00  0.000000E+00
  0.253198E+01 -0.263278E+00 -0.187781E-01  0.000000E+00  0.000000E+00  0.000000E+00  0.000000E+00
  0.257522E+01 -0.137584E-01  0.342124E+00  0.000000E+00  0.000000E+00  0.000000E+00  0.000000E+00
  0.171188E+01 -0.176570E+00  0.958461E-02  0.000000E+00  0.000000E+00  0.000000E+00  0.000000E+00
  0.172863E+01  0.230978E-02  0.194584E+00  0.000000E+00  0.000000E+00  0.000000E+00  0.000000E+00
  0.279697E+01 -0.185283E-01 -0.312787E+00  0.000000E+00  0.000000E+00  0.000000E+00  0.000000E+00
  0.206116E+01 -0.276255E+00  0.386007E-02  0.000000E+00  0.000000E+00  0.000000E+00  0.000000E+00
  0.209160E+01  0.247231E+00  0.127369E-01  0.000000E+00  0.000000E+00  0.000000E+00  0.000000E+00
  0.188251E+01  0.826954E-03 -0.234251E+00  0.000000E+00  0.000000E+00  0.000000E+00  0.000000E+00
  0.235097E+01  0.266912E+00 -0.163596E-01  0.000000E+00  0.000000E+00  0.000000E+00  0.000000E+00
  0.253622E+01 -0.297804E+00 -0.166842E-01  0.000000E+00  0.000000E+00  0.000000E+00  0.000000E+00
  0.177425E+01  0.100322E-01  0.189574E+00  0.000000E+00  0.000000E+00  0.000000E+00  0.000000E+00
  0.241452E+01 -0.362259E+00  0.478096E-02  0.000000E+00  0.000000E+00  0.000000E+00  0.000000E+00
  0.179702E+01 -0.212228E+00  0.172616E-02  0.000000E+00  0.000000E+00  0.000000E+00  0.000000E+00
  0.164485E+01 -0.173742E+00  0.182900E-02  0.000000E+00  0.000000E+00  0.000000E+00  0.000000E+00
  0.218391E+01  0.124270E-01 -0.269584E+00  0.000000E+00  0.000000E+00  0.000000E+00  0.000000E+00
  0.254225E+01 -0.319279E+00 -0.151522E-01  0.000000E+00  0.000000E+00  0.000000E+00  0.000000E+00
  0.253261E+01  0.398694E+00  0.929482E-03  0.000000E+00  0.000000E+00  0.000000E+00  0.000000E+00
  0.193162E+01  0.213582E+00  0.125286E-01  0.000000E+00  0.000000E+00  0.000000E+00  0.000000E+00
  0.190088E+01  0.844812E-02 -0.224968E+00  0.000000E+00  0.000000E+00  0.000000E+00  0.000000E+00
  0.179077E+01 -0.190664E+00 -0.107424E-01  0.000000E+00  0.000000E+00  0.000000E+00  0.000000E+00
  0.247007E+01 -0.367556E+00 -0.705662E-02  0.000000E+00  0.000000E+00  0.000000E+00  0.000000E+00
  0.270329E+01  0.320778E+00 -0.172070E-01  0.000000E+00  0.000000E+00  0.000000E+00  0.000000E+00
  0.224588E+01 -0.263975E+00 -0.147018E-01  0.000000E+00  0.000000E+00  0.000000E+00  0.000000E+00
  0.181943E+01 -0.212569E+00 -0.574137E-02  0.000000E+00  0.000000E+00  0.000000E+00  0.000000E+00
  0.253828E+01  0.367255E+00 -0.996031E-02  0.000000E+00  0.000000E+00  0.000000E+00  0.000000E+00
  0.207923E+01 -0.712548E-02  0.272395E+00  0.000000E+00  0.000000E+00  0.000000E+00  0.000000E+00
  0.261027E+01  0.157621E-01  0.324942E+00  0.000000E+00  0.000000E+00  0.000000E+00  0.000000E+00
  0.173618E+01 -0.187530E+00 -0.778059E-02  0.000000E+00  0.000000E+00  0.000000E+00  0.000000E+00
  0.259683E+01  0.177613E-01 -0.292215E+00  0.000000E+00  0.000000E+00  0.000000E+00  0.000000E+00
  0.205442E+01 -0.266121E+00 -0.720224E-02  0.000000E+00  0.000000E+00  0.000000E+00  0.000000E+00
  0.200962E+01 -0.207054E+00  0.157449E-01  0.000000E+00  0.000000E+00  0.000000E+00  0.000000E+00
  0.191991E+01 -0.932294E-02  0.226257E+00  0.000000E+00  0.000000E+00  0.000000E+00  0.000000E+00
  0.188521E+01  0.201806E+00  0.128194E-01  0.000000E+00  0.000000E+00  0.000000E+00  0.000000E+00
  0.254918E+01  0.321445E-02  0.399819E+00  0.000000E+00  0.000000E+00  0.000000E+00  0.000000E+00
  0.219040E+01 -0.113169E-01  0.278497E+00  0.000000E+00  0.000000E+00  0.000000E+00  0.000000E+00
  0.256829E+01  0.396787E+00  0.582158E-02  0.000000E+00  0.000000E+00  0.000000E+00  0.000000E+00
  0.249743E+01  0.116945E-02 -0.389635E+00  0.000000E+00  0.000000E+00  0.000000E+00  0.000000E+00
  0.203861E+01 -0.264326E+00 -0.655157E-02  0.000000E+00  0.000000E+00  0.000000E+00  0.000000E+00
  0.200666E+01 -0.244446E+00  0.981962E-02  0.000000E+00  0.000000E+00  0.000000E+00  0.000000E+00
  0.256547E+01 -0.300224E+00 -0.168938E-01  0.000000E+00  0.000000E+00  0.000000E+00  0.000000E+00
  0.229075E+01  0.427008E-02  0.332774E+00  0.000000E+00  0.000000E+00  0.000000E+00  0.000000E+00
  0.174002E+01 -0.931426E-03  0.198165E+00  0.000000E+00  0.000000E+00  0.000000E+00  0.000000E+00
  0.172962E+01  0.816050E-02 -0.184951E+00  0.000000E+00  0.000000E+00  0.000000E+00  0.000000E+00
  0.189044E+01  0.226868E+00  0.702241E-02  0.000000E+00  0.000000E+00  0.000000E+00  0.000000E+00
  0.263107E+01  0.153413E-01 -0.334698E+00  0.000000E+00  0.000000E+00  0.000000E+00  0.000000E+00
  0.219337E+01 -0.237288E+00 -0.163090E-01  0.000000E+00  0.000000E+00  0.000000E+00  0.000000E+00
  0.226424E+01 -0.244001E+00 -0.168943E-01  0.000000E+00  0.000000E+00  0.000000E+00  0.000000E+00
  0.197442E+01 -0.564553E-02 -0.250993E+00  0.000000E+00  0.000000E+00  0.000000E+00  0.000000E+00
  0.231848E+01 -0.310580E+00  0.108521E-01  0.000000E+00  0.000000E+00  0.000000E+00  0.000000E+00
  0.231601E+01 -0.253076E+00  0.169408E-01  0.000000E+00  0.000000E+00  0.000000E+00  0.000000E+00
  0.229256E+01  0.151826E-01 -0.268685E+00  0.000000E+00  0.000000E+00  0.000000E+00  0.000000E+00
  0.200913E+01  0.848218E-02 -0.250631E+00  0.000000E+00  0.000000E+00  0.000000E+00  0.000000E+00
  0.205609E+01  0.127909E-01  0.239138E+00  0.000000E+00  0.000000E+00  0.000000E+00  0.000000E+00
  0.283090E+01 -0.453924E-02  0.466602E+00  0.000000E+00  0.000000E+00  0.000000E+00  0.000000E+00
  0.198938E+01  0.255290E+00  0.538886E-02  0.000000E+00  0.000000E+00  0.000000E+00  0.000000E+00
  0.193533E+01  0.172002E-02 -0.247164E+00  0.000000E+00  0.000000E+00  0.000000E+00  0.000000E+00
  0.237116E+01 -0.357640E+00 -0.125838E-02  0.000000E+00  0.000000E+00  0.000000E+00  0.000000E+00
  0.161230E+01 -0.165386E+00 -0.208846E-02  0.000000E+00  0.000000E+00  0.000000E+00  0.000000E+00
  0.198185E+01  0.130792E-01  0.221180E+00  0.000000E+00  0.000000E+00  0.000000E+00  0.000000E+00
  0.248545E+01  0.340618E+00 -0.118705E-01  0.000000E+00  0.000000E+00  0.000000E+00  0.000000E+00
  0.248125E+01  0.139204E-01 -0.320597E+00  0.000000E+00  0.000000E+00  0.000000E+00  0.000000E+00
  0.208535E+01  0.211797E+00  0.167810E-01  0.000000E+00  0.000000E+00  0.000000E+00  0.000000E+00
  0.239910E+01  0.237501E+00 -0.189900E-01  0.000000E+00  0.000000E+00  0.000000E+00  0.000000E+00
  0.189704E+01  0.218436E+00  0.993890E-02  0.000000E+00  0.000000E+00  0.000000E+00  0.000000E+00
  0.190384E+01  0.478407E-02 -0.235347E+00  0.000000E+00  0.000000E+00  0.000000E+00  0.000000E+00
  0.202178E+01 -0.203838E+00  0.163653E-01  0.000000E+00  0.000000E+00  0.000000E+00  0.000000E+00
  0.218656E+01 -0.433845E-02 -0.306632E+00  0.000000E+00  0.000000E+00  0.000000E+00  0.000000E+00
  0.282670E+01  0.327851E+00  0.180353E-01  0.000000E+00  0.000000E+00  0.000000E+00  0.000000E+00
  0.243052E+01  0.333325E+00  0.112344E-01  0.000000E+00  0.000000E+00  0.000000E+00  0.000000E+00
  0.246290E+01 -0.146081E-01  0.309449E+00  0.000000E+00  0.000000E+00  0.000000E+00  0.000000E+00
  0.272158E+01  0.196519E-01  0.276187E+00  0.000000E+00  0.000000E+00  0.000000E+00  0.000000E+00
  0.237381E+01 -0.301554E+00 -0.135439E-01  0.000000E+00  0.000000E+00  0.000000E+00  0.000000E+00
  0.262779E+01 -0.108959E-01  0.380771E+00  0.000000E+00  0.000000E+00  0.000000E+00  0.000000E+00
  0.165297E+01  0.598743E-03  0.176214E+00  0.000000E+00  0.000000E+00  0.000000E+00  0.000000E+00
  0.184427E+01 -0.493137E-02 -0.220281E+00  0.000000E+00  0.000000E+00  0.000000E+00  0.000000E+00
  0.226694E+01 -0.280118E+00  0.133898E-01  0.000000E+00  0.000000E+00  0.000000E+00  0.000000E+00
  0.175756E+01 -0.995317E-02 -0.185984E+00  0.000000E+00  0.000000E+00  0.000000E+00  0.000000E+00
  0.278551E+01 -0.199215E-02 -0.461526E+00  0.000000E+00  0.000000E+00  0.000000E+00  0.000000E+00
  0.248312E+01  0.167236E-01 -0.287246E+00  0.000000E+00  0.000000E+00  0.000000E+00  0.000000E+00
  0.195070E+01 -0.237878E+00  0.815473E-02  0.000000E+00  0.000000E+00  0.000000E+00  0.000000E+00
  0.206307E+01 -0.773008E-02 -0.266367E+00  0.000000E+00  0.000000E+00  0.000000E+00  0.000000E+00
  0.193942E+01 -0.209991E+00  0.134061E-01  0.000000E+00  0.000000E+00  0.000000E+00  0.000000E+00
  0.215152E+01  0.145224E-01  0.246216E+00  0.000000E+00  0.000000E+00  0.000000E+00  0.000000E+00
  0.172794E+01 -0.180893E+00 -0.940780E-02  0.000000E+00  0.000000E+00  0.000000E+00  0.000000E+00
  0.171339E+01 -0.188057E+00  0.476034E-02  0.000000E+00  0.000000E+00  0.000000E+00  0.000000E+00
  0.255712E+01  0.715331E-02  0.388235E+00  0.000000E+00  0.000000E+00  0.000000E+00  0.000000E+00
  0.236435E+01 -0.765880E-03 -0.356203E+00  0.000000E+00  0.000000E+00  0.000000E+00  0.000000E+00
  0.190289E+01 -0.218989E+00  0.101310E-01  0.000000E+00  0.000000E+00  0.000000E+00  0.000000E+00
  0.276070E+01 -0.378355E+00  0.140025E-01  0.000000E+00  0.000000E+00  0.000000E+00  0.000000E+00
  0.279248E+01 -0.202121E-01  0.273522E+00  0.000000E+00  0.000000E+00  0.000000E+00  0.000000E+00
  0.273582E+01 -0.896001E-02 -0.420495E+00  0.000000E+00  0.000000E+00  0.000000E+00  0.000000E+00
  0.256278E+01  0.251807E+00 -0.196291E-01  0.000000E+00  0.000000E+00  0.000000E+00  0.000000E+00
  0.222418E+01 -0.280390E+00  0.121565E-01  0.000000E+00  0.000000E+00  0.000000E+00  0.000000E+00
  0.245547E+01  0.593631E-02 -0.368586E+00  0.000000E+00  0.000000E+00  0.000000E+00  0.000000E+00
  0.175497E+01 -0.199749E+00 -0.379254E-02  0.000000E+00  0.000000E+00  0.000000E+00  0.000000E+00
  0.257966E+01  0.337160E+00  0.142883E-01  0.000000E+00  0.000000E+00  0.000000E+00  0.000000E+00
  0.179887E+01  0.103954E-01 -0.193898E+00  0.000000E+00  0.000000E+00  0.000000E+00  0.000000E+00
  0.183475E+01 -0.192598E+00 -0.124820E-01  0.000000E+00  0.000000E+00  0.000000E+00  0.000000E+00
  0.236322E+01  0.249702E+00  0.178230E-01  0.000000E+00  0.000000E+00  0.000000E+00  0.000000E+00
  0.198476E+01  0.123058E-01 -0.226552E+00  0.000000E+00  0.000000E+00  0.000000E+00  0.000000E+00
  0.222819E+01  0.526406E-02  0.314681E+00  0.000000E+00  0.000000E+00  0.000000E+00  0.000000E+00
  0.193918E+01 -0.129363E-01  0.212837E+00  0.000000E+00  0.000000E+00  0.000000E+00  0.000000E+00
  0.211420E+01 -0.384839E-02 -0.289544E+00  0.000000E+00  0.000000E+00  0.000000E+00  0.000000E+00
  0.199379E+01  0.237637E-02 -0.261364E+00  0.000000E+00  0.000000E+00  0.000000E+00  0.000000E+00
  0.244555E+01  0.250492E+00  0.186808E-01  0.000000E+00  0.000000E+00  0.000000E+00  0.000000E+00
  0.231149E+01 -0.110207E-02 -0.342652E+00  0.000000E+00  0.000000E+00  0.000000E+00  0.000000E+00
  0.163704E+01  0.171059E+00  0.291202E-02  0.000000E+00  0.000000E+00  0.000000E+00  0.000000E+00
  0.215560E+01 -0.102975E-01 -0.276574E+00  0.000000E+00  0.000000E+00  0.000000E+00  0.000000E+00
  0.185701E+01  0.190971E+00  0.136465E-01  0.000000E+00  0.000000E+00  0.000000E+00  0.000000E+00
  0.260397E+01  0.416998E+00 -0.339912E-03  0.000000E+00  0.000000E+00  0.000000E+00  0.000000E+00
  0.219924E+01  0.244755E+00  0.157045E-01  0.000000E+00  0.000000E+00  0.000000E+00  0.000000E+00
  0.255288E+01  0.348360E+00  0.126702E-01  0.000000E+00  0.000000E+00  0.000000E+00  0.000000E+00
  0.277843E+01  0.436117E+00  0.813322E-02  0.000000E+00  0.000000E+00  0.000000E+00  0.000000E+00
  0.203320E+01  0.103748E-01 -0.247953E+00  0.000000E+00  0.000000E+00  0.000000E+00  0.000000E+00
  0.221901E+01 -0.131696E-01 -0.271637E+00  0.000000E+00  0.000000E+00  0.000000E+00  0.000000E+00
  0.225204E+01 -0.123849E-01  0.284867E+00  0.000000E+00  0.000000E+00  0.000000E+00  0.000000E+00
  0.267096E+01  0.289967E+00 -0.186011E-01  0.000000E+00  0.000000E+00  0.000000E+00  0.000000E+00
  0.218656E+01 -0.225547E+00 -0.172345E-01  0.000000E+00  0.000000E+00  0.000000E+00  0.000000E+00
  0.186163E+01 -0.226191E+00  0.396627E-02  0.000000E+00  0.000000E+00  0.000000E+00  0.000000E+00
  0.169861E+01 -0.100451E-01  0.171991E+00  0.000000E+00  0.000000E+00  0.000000E+00  0.000000E+00
  0.267883E+01 -0.371457E+00 -0.130891E-01  0.000000E+00  0.000000E+00  0.000000E+00  0.000000E+00
  0.247053E+01 -0.383249E+00  0.840779E-04  0.000000E+00  0.000000E+00  0.000000E+00  0.000000E+00
  0.206170E+01  0.269963E+00  0.655311E-02  0.000000E+00  0.000000E+00  0.000000E+00  0.000000E+00
  0.181776E+01 -0.197177E+00  0.106596E-01  0.000000E+00  0.000000E+00  0.000000E+00  0.000000E+00
  0.245246E+01 -0.349236E+00  0.966455E-02  0.000000E+00  0.000000E+00  0.000000E+00  0.000000E+00
  0.247766E+01 -0.332139E+00  0.126483E-01  0.000000E+00  0.000000E+00  0.000000E+00  0.000000E+00
  0.248766E+01 -0.121748E-01  0.338522E+00  0.000000E+00  0.000000E+00  0.000000E+00  0.000000E+00
  0.263629E+01 -0.300456E+00  0.176905E-01  0.000000E+00  0.000000E+00  0.000000E+00  0.000000E+00
  0.246389E+01  0.192947E-01  0.242633E+00  0.000000E+00  0.000000E+00  0.000000E+00  0.000000E+00
  0.191094E+01  0.122681E-01 -0.210490E+00  0.000000E+00  0.000000E+00  0.000000E+00  0.000000E+00
  0.217972E+01 -0.248366E+00  0.149281E-01  0.000000E+00  0.000000E+00  0.000000E+00  0.000000E+00
  0.190870E+01  0.121416E-01  0.210677E+00  0.000000E+00  0.000000E+00  0.000000E+00  0.000000E+00
  0.273886E+01  0.311268E+00 -0.180980E-01  0.000000E+00  0.000000E+00  0.000000E+00  0.000000E+00
  0.259594E+01  0.118615E-01 -0.365317E+00  0.000000E+00  0.000000E+00  0.000000E+00  0.000000E+00
  0.239193E+01 -0.179453E-01  0.252979E+00  0.000000E+00  0.000000E+00  0.000000E+00  0.000000E+00
  0.248092E+01  0.665824E-02 -0.371945E+00  0.000000E+00  0.000000E+00  0.000000E+00  0.000000E+00
  0.278545E+01 -0.174055E-02 -0.461859E+00  0.000000E+00  0.000000E+00  0.000000E+00  0.000000E+00
  0.283849E+01  0.367258E+00  0.159244E-01  0.000000E+00  0.000000E+00  0.000000E+00  0.000000E+00
  0.281874E+01  0.655575E-02  0.454914E+00  0.000000E+00  0.000000E+00  0.000000E+00  0.000000E+00
  0.186889E+01  0.230846E+00  0.674438E-03  0.000000E+00  0.000000E+00  0.000000E+00  0.000000E+00
  0.211416E+01 -0.169925E-01 -0.214933E+00  0.000000E+00  0.000000E+00  0.000000E+00  0.000000E+00
  0.253529E+01 -0.364710E+00 -0.102227E-01  0.000000E+00  0.000000E+00  0.000000E+00  0.000000E+00
  0.260673E+01  0.195155E-01 -0.261086E+00  0.000000E+00  0.000000E+00  0.000000E+00  0.000000E+00
  0.235146E+01  0.338240E+00  0.717762E-02  0.000000E+00  0.000000E+00  0.000000E+00  0.000000E+00
  0.232832E+01  0.327214E+00  0.836854E-02  0.000000E+00  0.000000E+00  0.000000E+00  0.000000E+00
  0.208896E+01  0.946573E-02 -0.265305E+00  0.000000E+00  0.000000E+00  0.000000E+00  0.000000E+00
  0.218782E+01  0.299082E+00 -0.703491E-02  0.000000E+00  0.000000E+00  0.000000E+00  0.000000E+00
  0.181850E+01  0.213787E+00  0.498686E-02  0.000000E+00  0.000000E+00  0.000000E+00  0.000000E+00
  0.205555E+01 -0.691311E-02  0.267342E+00  0.000000E+00  0.000000E+00  0.000000E+00  0.000000E+00
  0.171646E+01 -0.191939E+00 -0.161256E-02  0.000000E+00  0.000000E+00  0.000000E+00  0.000000E+00
  0.257448E+01  0.396347E+00  0.630120E-02  0.000000E+00  0.000000E+00  0.000000E+00  0.000000E+00
  0.216682E+01  0.225900E+00 -0.168873E-01  0.000000E+00  0.000000E+00  0.000000E+00  0.000000E+00
  0.276540E+01  0.457414E-02 -0.450176E+00  0.000000E+00  0.000000E+00  0.000000E+00  0.000000E+00
  0.251806E+01 -0.148384E-01  0.318128E+00  0.000000E+00  0.000000E+00  0.000000E+00  0.000000E+00
  0.175402E+01  0.201744E+00  0.797842E-03  0.000000E+00  0.000000E+00  0.000000E+00  0.000000E+00
  0.170914E+01 -0.183549E+00  0.668440E-02  0.000000E+00  0.000000E+00  0.000000E+00  0.000000E+00
  0.237221E+01  0.157963E-01 -0.277761E+00  0.000000E+00  0.000000E+00  0.000000E+00  0.000000E+00
  0.256475E+01 -0.368560E+00 -0.106183E-01  0.000000E+00  0.000000E+00  0.000000E+00  0.000000E+00
  0.249398E+01  0.156642E-01  0.303320E+00  0.000000E+00  0.000000E+00  0.000000E+00  0.000000E+00
  0.279511E+01 -0.442878E+00  0.768719E-02  0.000000E+00  0.000000E+00  0.000000E+00  0.000000E+00
  0.213712E+01 -0.293074E+00 -0.488712E-02  0.000000E+00  0.000000E+00  0.000000E+00  0.000000E+00
  0.275955E+01  0.160530E-01 -0.349897E+00  0.000000E+00  0.000000E+00  0.000000E+00  0.000000E+00
  0.234246E+01  0.183940E-01  0.237594E+00  0.000000E+00  0.000000E+00  0.000000E+00  0.000000E+00
  0.241740E+01  0.167429E-01 -0.274621E+00  0.000000E+00  0.000000E+00  0.000000E+00  0.000000E+00
  0.216652E+01 -0.303694E+00  0.324344E-02  0.000000E+00  0.000000E+00  0.000000E+00  0.000000E+00
  0.215417E+01  0.262066E+00  0.125677E-01  0.000000E+00  0.000000E+00  0.000000E+00  0.000000E+00
  0.245049E+01 -0.307980E+00  0.145084E-01  0.000000E+00  0.000000E+00  0.000000E+00  0.000000E+00
  0.176800E+01  0.134221E-02  0.205091E+00  0.000000E+00  0.000000E+00  0.000000E+00  0.000000E+00
  0.214270E+01  0.162488E-01  0.228184E+00  0.000000E+00  0.000000E+00  0.000000E+00  0.000000E+00
  0.264001E+01 -0.317913E+00  0.166488E-01  0.000000E+00  0.000000E+00  0.000000E+00  0.000000E+00
  0.247165E+01 -0.248568E+00  0.190390E-01  0.000000E+00  0.000000E+00  0.000000E+00  0.000000E+00
  0.214444E+01  0.119514E-01  0.264108E+00  0.000000E+00  0.000000E+00  0.000000E+00  0.000000E+00
  0.223402E+01  0.311189E+00 -0.679802E-02  0.000000E+00  0.000000E+00  0.000000E+00  0.000000E+00
  0.165944E+01 -0.176510E+00  0.312183E-02  0.000000E+00  0.000000E+00  0.000000E+00  0.000000E+00
  0.263823E+01 -0.191193E-01 -0.274286E+00  0.000000E+00  0.000000E+00  0.000000E+00  0.000000E+00
  0.189231E+01  0.300788E-02 -0.235138E+00  0.000000E+00  0.000000E+00  0.000000E+00  0.000000E+00
  0.216458E+01  0.237931E+00  0.157041E-01  0.000000E+00  0.000000E+00  0.000000E+00  0.000000E+00
  0.189297E+01  0.134763E-01  0.199642E+00  0.000000E+00  0.000000E+00  0.000000E+00  0.000000E+00
  0.205407E+01  0.273728E+00  0.427142E-02  0.000000E+00  0.000000E+00  0.000000E+00  0.000000E+00
  0.227112E+01  0.834914E-02 -0.313661E+00  0.000000E+00  0.000000E+00  0.000000E+00  0.000000E+00
  0.195387E+01  0.882913E-02 -0.236178E+00  0.000000E+00  0.000000E+00  0.000000E+00  0.000000E+00
  0.265723E+01 -0.428952E+00 -0.213139E-02  0.000000E+00  0.000000E+00  0.000000E+00  0.000000E+00
  0.265271E+01  0.154438E-01 -0.337649E+00  0.000000E+00  0.000000E+00  0.000000E+00  0.000000E+00
  0.196217E+01 -0.232384E+00  0.102030E-01  0.000000E+00  0.000000E+00  0.000000E+00  0.000000E+00
  0.236506E+01 -0.284218E+00  0.150950E-01  0.000000E+00  0.000000E+00  0.000000E+00  0.000000E+00
  0.196469E+01  0.134622E-01  0.215027E+00  0.000000E+00  0.000000E+00  0.000000E+00  0.000000E+00
  0.173477E+01 -0.351852E-02  0.195013E+00  0.000000E+00  0.000000E+00  0.000000E+00  0.000000E+00
  0.171081E+01 -0.189252E+00 -0.328577E-02  0.000000E+00  0.000000E+00  0.000000E+00  0.000000E+00
  0.190966E+01 -0.241069E+00  0.976009E-03  0.000000E+00  0.000000E+00  0.000000E+00  0.000000E+00
  0.256626E+01 -0.270901E+00 -0.186754E-01  0.000000E+00  0.000000E+00  0.000000E+00  0.000000E+00
  0.199073E+01  0.258690E+00  0.382814E-02  0.000000E+00  0.000000E+00  0.000000E+00  0.000000E+00
  0.260972E+01 -0.635246E-02  0.404757E+00  0.000000E+00  0.000000E+00  0.000000E+00  0.000000E+00
  0.168155E+01 -0.174807E+00  0.760300E-02  0.000000E+00  0.000000E+00  0.000000E+00  0.000000E+00
  0.243051E+01  0.645133E-02  0.360483E+00  0.000000E+00  0.000000E+00  0.000000E+00  0.000000E+00
  0.164804E+01 -0.373972E-02 -0.173048E+00  0.000000E+00  0.000000E+00  0.000000E+00  0.000000E+00
  0.247799E+01  0.319387E+00 -0.139711E-01  0.000000E+00  0.000000E+00  0.000000E+00  0.000000E+00
  0.228261E+01 -0.648411E-02  0.324188E+00  0.000000E+00  0.000000E+00  0.000000E+00  0.000000E+00
  0.197459E+01 -0.257684E+00 -0.192485E-03  0.000000E+00  0.000000E+00  0.000000E+00  0.000000E+00
  0.184529E+01  0.224707E+00 -0.117328E-02  0.000000E+00  0.000000E+00  0.000000E+00  0.000000E+00
  0.232722E+01  0.346668E+00 -0.104045E-02  0.000000E+00  0.000000E+00  0.000000E+00  0.000000E+00
  0.273452E+01  0.427990E+00  0.773753E-02  0.000000E+00  0.000000E+00  0.000000E+00  0.000000E+00
  0.235278E+01 -0.169206E-01 -0.260182E+00  0.000000E+00  0.000000E+00  0.000000E+00  0.000000E+00
  0.182194E+01 -0.190840E+00  0.122714E-01  0.000000E+00  0.000000E+00  0.000000E+00  0.000000E+00
  0.165893E+01 -0.176572E+00  0.290099E-02  0.000000E+00  0.000000E+00  0.000000E+00  0.000000E+00
  0.266889E+01  0.186113E-01 -0.289420E+00  0.000000E+00  0.000000E+00  0.000000E+00  0.000000E+00
  0.218855E+01  0.155551E-01 -0.244141E+00  0.000000E+00  0.000000E+00  0.000000E+00  0.000000E+00
  0.182912E+01  0.206315E+00  0.892252E-02  0.000000E+00  0.000000E+00  0.000000E+00  0.000000E+00
  0.282968E+01 -0.196171E-01 -0.293943E+00  0.000000E+00  0.000000E+00  0.000000E+00  0.000000E+00
  0.238238E+01  0.238457E+00  0.187670E-01  0.000000E+00  0.000000E+00  0.000000E+00  0.000000E+00
  0.233329E+01  0.814430E-03  0.348322E+00  0.000000E+00  0.000000E+00  0.000000E+00  0.000000E+00
  0.219430E+01  0.232348E+00  0.167717E-01  0.000000E+00  0.000000E+00  0.000000E+00  0.000000E+00
  0.201123E+01  0.963169E-02  0.246360E+00  0.000000E+00  0.000000E+00  0.000000E+00  0.000000E+00
  0.253822E+01  0.140723E-01  0.330934E+00  0.000000E+00  0.000000E+00  0.000000E+00  0.000000E+00
  0.245620E+01 -0.281031E+00 -0.168072E-01  0.000000E+00  0.000000E+00  0.000000E+00  0.000000E+00
  0.258325E+01  0.325238E+00 -0.153336E-01  0.000000E+00  0.000000E+00  0.000000E+00  0.000000E+00
  0.173193E+01  0.185578E+00 -0.813315E-02  0.000000E+00  0.000000E+00  0.000000E+00  0.000000E+00
  0.218538E+01  0.310016E+00  0.204541E-02  0.000000E+00  0.000000E+00  0.000000E+00  0.000000E+00
  0.173192E+01 -0.196102E+00  0.976993E-03  0.000000E+00  0.000000E+00  0.000000E+00  0.000000E+00
  0.239920E+01  0.126168E-01 -0.315275E+00  0.000000E+00  0.000000E+00  0.000000E+00  0.000000E+00
  0.284082E+01 -0.144324E+00  0.853597E-01  0.000000E+00  0.000000E+00  0.000000E+00  0.000000E+00
  0.284082E+01 -0.132743E-01 -0.480550E-01  0.000000E+00  0.000000E+00  0.000000E+00  0.000000E+00
  0.284082E+01 -0.145398E+00  0.186495E+00  0.000000E+00  0.000000E+00  0.000000E+00  0.000000E+00
  0.284082E+01 -0.552834E-01 -0.162990E-01  0.000000E+00  0.000000E+00  0.000000E+00  0.000000E+00
  0.284082E+01 -0.103239E+00 -0.108640E+00  0.000000E+00  0.000000E+00  0.000000E+00  0.000000E+00
  0.284082E+01 -0.272482E-01 -0.189760E+00  0.000000E+00  0.000000E+00  0.000000E+00  0.000000E+00
  0.284082E+01 -0.187419E+00 -0.112043E+00  0.000000E+00  0.000000E+00  0.000000E+00  0.000000E+00
  0.284082E+01 -0.184844E+00 -0.972294E-01  0.000000E+00  0.000000E+00  0.000000E+00  0.000000E+00
  0.284082E+01  0.136883E-01 -0.763447E-01  0.000000E+00  0.000000E+00  0.000000E+00  0.000000E+00
  0.284082E+01  0.278291E-02 -0.244919E+00  0.000000E+00  0.000000E+00  0.000000E+00  0.000000E+00
  0.284082E+01 -0.132976E+00 -0.138864E+00  0.000000E+00  0.000000E+00  0.000000E+00  0.000000E+00
  0.284082E+01  0.764709E-01  0.517502E-01  0.000000E+00  0.000000E+00  0.000000E+00  0.000000E+00
  0.284082E+01  0.267322E-03 -0.114886E-01  0.000000E+00  0.000000E+00  0.000000E+00  0.000000E+00
  0.284082E+01  0.269619E-01 -0.251272E-01  0.000000E+00  0.000000E+00  0.000000E+00  0.000000E+00
  0.284082E+01  0.385850E-02 -0.237990E-02  0.000000E+00  0.000000E+00  0.000000E+00  0.000000E+00
  0.284082E+01 -0.107369E+00  0.197860E+00  0.000000E+00  0.000000E+00  0.000000E+00  0.000000E+00
  0.284082E+01  0.149078E+00  0.127855E+00  0.000000E+00  0.000000E+00  0.000000E+00  0.000000E+00
  0.284082E+01 -0.239208E+00  0.358498E-01  0.000000E+00  0.000000E+00  0.000000E+00  0.000000E+00
  0.284082E+01 -0.999210E-01  0.124806E+00  0.000000E+00  0.000000E+00  0.000000E+00  0.000000E+00
  0.284082E+01 -0.217597E-01 -0.108401E+00  0.000000E+00  0.000000E+00  0.000000E+00  0.000000E+00
  0.284082E+01 -0.328820E-01  0.212003E+00  0.000000E+00  0.000000E+00  0.000000E+00  0.000000E+00
  0.284082E+01 -0.167643E-01  0.135225E+00  0.000000E+00  0.000000E+00  0.000000E+00  0.000000E+00
  0.284082E+01  0.164975E-01 -0.183994E+00  0.000000E+00  0.000000E+00  0.000000E+00  0.000000E+00
  0.284082E+01 -0.156600E+00  0.130903E+00  0.000000E+00  0.000000E+00  0.000000E+00  0.000000E+00
  0.284082E+01  0.107271E-01  0.111419E+00  0.000000E+00  0.000000E+00  0.000000E+00  0.000000E+00
  0.284082E+01  0.167772E-01  0.519450E-01  0.000000E+00  0.000000E+00  0.000000E+00  0.000000E+00
  0.284082E+01 -0.169196E-01 -0.341469E-01  0.000000E+00  0.000000E+00  0.000000E+00  0.000000E+00
  0.284082E+01 -0.141837E-02 -0.302229E-02  0.000000E+00  0.000000E+00  0.000000E+00  0.000000E+00
  0.284082E+01  0.216874E+00 -0.235810E-01  0.000000E+00  0.000000E+00  0.000000E+00  0.000000E+00
  0.284082E+01 -0.964934E-01  0.870614E-01  0.000000E+00  0.000000E+00  0.000000E+00  0.000000E+00
  0.284082E+01 -0.141471E-01  0.679343E-01  0.000000E+00  0.000000E+00  0.000000E+00  0.000000E+00
  0.284082E+01  0.125750E+00 -0.603091E-01  0.000000E+00  0.000000E+00  0.000000E+00  0.000000E+00
  0.284082E+01 -0.161909E+00  0.294890E-01  0.000000E+00  0.000000E+00  0.000000E+00  0.000000E+00
  0.284082E+01  0.374518E-01  0.238380E+00  0.000000E+00  0.000000E+00  0.000000E+00  0.000000E+00
  0.284082E+01 -0.762550E-01  0.113218E+00  0.000000E+00  0.000000E+00  0.000000E+00  0.000000E+00
  0.284082E+01 -0.335485E-01 -0.314204E-01  0.000000E+00  0.000000E+00  0.000000E+00  0.000000E+00
  0.284082E+01  0.184628E-03 -0.921530E-01  0.000000E+00  0.000000E+00  0.000000E+00  0.000000E+00
  0.284082E+01 -0.853479E-01  0.885987E-01  0.000000E+00  0.000000E+00  0.000000E+00  0.000000E+00
  0.284082E+01 -0.459312E-01  0.135605E+00  0.000000E+00  0.000000E+00  0.000000E+00  0.000000E+00
  0.284082E+01 -0.458341E-01 -0.189179E+00  0.000000E+00  0.000000E+00  0.000000E+00  0.000000E+00
  0.284082E+01  0.424343E-01  0.131692E+00  0.000000E+00  0.000000E+00  0.000000E+00  0.000000E+00
  0.284082E+01 -0.219398E-01  0.952551E-02  0.000000E+00  0.000000E+00  0.000000E+00  0.000000E+00
  0.284082E+01 -0.142624E-02 -0.141159E+00  0.000000E+00  0.000000E+00  0.000000E+00  0.000000E+00
  0.284082E+01  0.350525E-01  0.518052E-01  0.000000E+00  0.000000E+00  0.000000E+00  0.000000E+00
  0.284082E+01 -0.306172E-01  0.198100E-01  0.000000E+00  0.000000E+00  0.000000E+00  0.000000E+00
  0.284082E+01 -0.249428E-01  0.268550E-01  0.000000E+00  0.000000E+00  0.000000E+00  0.000000E+00
  0.284082E+01  0.169171E+00 -0.182055E+00  0.000000E+00  0.000000E+00  0.000000E+00  0.000000E+00
  0.284082E+01 -0.306595E-01 -0.332598E-01  0.000000E+00  0.000000E+00  0.000000E+00  0.000000E+00
  0.284082E+01  0.210516E+00 -0.458209E-02  0.000000E+00  0.000000E+00  0.000000E+00  0.000000E+00
  0.284082E+01  0.222607E+00 -0.320972E-01  0.000000E+00  0.000000E+00  0.000000E+00  0.000000E+00
  0.284082E+01  0.845415E-01 -0.507728E-01  0.000000E+00  0.000000E+00  0.000000E+00  0.000000E+00
  0.284082E+01 -0.941735E-01  0.194510E+00  0.000000E+00  0.000000E+00  0.000000E+00  0.000000E+00
  0.284082E+01  0.333945E-01  0.844432E-01  0.000000E+00  0.000000E+00  0.000000E+00  0.000000E+00
  0.284082E+01 -0.621233E-01 -0.123649E-01  0.000000E+00  0.000000E+00  0.000000E+00  0.000000E+00
  0.284082E+01  0.204116E+00 -0.579834E-01  0.000000E+00  0.000000E+00  0.000000E+00  0.000000E+00
  0.284082E+01  0.211279E+00 -0.606645E-01  0.000000E+00  0.000000E+00  0.000000E+00  0.000000E+00
  0.284082E+01  0.130180E+00 -0.264991E-01  0.000000E+00  0.000000E+00  0.000000E+00  0.000000E+00
  0.284082E+01 -0.114343E-01 -0.220948E+00  0.000000E+00  0.000000E+00  0.000000E+00  0.000000E+00
  0.284082E+01  0.100309E+00  0.489708E-01  0.000000E+00  0.000000E+00  0.000000E+00  0.000000E+00
  0.284082E+01  0.335050E-02  0.155065E+00  0.000000E+00  0.000000E+00  0.000000E+00  0.000000E+00
  0.284082E+01 -0.197360E+00  0.143862E+00  0.000000E+00  0.000000E+00  0.000000E+00  0.000000E+00
  0.284082E+01 -0.122294E+00 -0.142096E+00  0.000000E+00  0.000000E+00  0.000000E+00  0.000000E+00
  0.284082E+01  0.100520E+00  0.576726E-01  0.000000E+00  0.000000E+00  0.000000E+00  0.000000E+00
  0.284082E+01  0.254091E-02  0.158517E-02  0.000000E+00  0.000000E+00  0.000000E+00  0.000000E+00
  0.284082E+01 -0.796665E-02  0.109872E+00  0.000000E+00  0.000000E+00  0.000000E+00  0.000000E+00
  0.284082E+01 -0.109193E+00  0.190534E+00  0.000000E+00  0.000000E+00  0.000000E+00  0.000000E+00
  0.284082E+01 -0.120649E+00  0.119443E+00  0.000000E+00  0.000000E+00  0.000000E+00  0.000000E+00
  0.284082E+01  0.257848E-01  0.975053E-01  0.000000E+00  0.000000E+00  0.000000E+00  0.000000E+00
  0.284082E+01  0.986531E-01 -0.235586E-01  0.000000E+00  0.000000E+00  0.000000E+00  0.000000E+00
  0.284082E+01 -0.196238E-01 -0.105069E-01  0.000000E+00  0.000000E+00  0.000000E+00  0.000000E+00
  0.284082E+01  0.143286E+00 -0.640105E-01  0.000000E+00  0.000000E+00  0.000000E+00  0.000000E+00
  0.284082E+01 -0.162753E+00  0.146780E+00  0.000000E+00  0.000000E+00  0.000000E+00  0.000000E+00
  0.284082E+01  0.173996E-01  0.922737E-01  0.000000E+00  0.000000E+00  0.000000E+00  0.000000E+00
  0.284082E+01  0.564441E-01 -0.135553E+00  0.000000E+00  0.000000E+00  0.000000E+00  0.000000E+00
  0.284082E+01  0.866034E-01  0.117019E+00  0.000000E+00  0.000000E+00  0.000000E+00  0.000000E+00
  0.284082E+01  0.117438E+00  0.642517E-01  0.000000E+00  0.000000E+00  0.000000E+00  0.000000E+00
  0.284082E+01  0.134361E+00 -0.197893E-01  0.000000E+00  0.000000E+00  0.000000E+00  0.000000E+00
  0.284082E+01 -0.772345E-01 -0.619112E-01  0.000000E+00  0.000000E+00  0.000000E+00  0.000000E+00
  0.284082E+01 -0.483270E-01  0.212155E-01  0.000000E+00  0.000000E+00  0.000000E+00  0.000000E+00
  0.284082E+01  0.140501E-01  0.429473E-02  0.000000E+00  0.000000E+00  0.000000E+00  0.000000E+00
  0.284082E+01  0.178048E+00 -0.378450E-01  0.000000E+00  0.000000E+00  0.000000E+00  0.000000E+00
  0.284082E+01 -0.595305E-01  0.203019E+00  0.000000E+00  0.000000E+00  0.000000E+00  0.000000E+00
  0.284082E+01  0.625355E-01  0.287047E-01  0.000000E+00  0.000000E+00  0.000000E+00  0.000000E+00
  0.284082E+01  0.195388E+00 -0.820771E-01  0.000000E+00  0.000000E+00  0.000000E+00  0.000000E+00
  0.284082E+01  0.235622E+00 -0.307679E-01  0.000000E+00  0.000000E+00  0.000000E+00  0.000000E+00
  0.284082E+01  0.356080E-01 -0.724278E-01  0.000000E+00  0.000000E+00  0.000000E+00  0.000000E+00
  0.284082E+01 -0.852346E-01  0.261675E-01  0.000000E+00  0.000000E+00  0.000000E+00  0.000000E+00
  0.284082E+01  0.141418E-02 -0.192146E+00  0.000000E+00  0.000000E+00  0.000000E+00  0.000000E+00
  0.284082E+01 -0.574633E-01 -0.224970E+00  0.000000E+00  0.000000E+00  0.000000E+00  0.000000E+00
  0.284082E+01 -0.110743E-01 -0.334244E-02  0.000000E+00  0.000000E+00  0.000000E+00  0.000000E+00
  0.284082E+01 -0.158898E+00 -0.103833E+00  0.000000E+00  0.000000E+00  0.000000E+00  0.000000E+00
  0.284082E+01 -0.152007E+00  0.412399E-01  0.000000E+00  0.000000E+00  0.000000E+00  0.000000E+00
  0.284082E+01  0.254825E-01  0.227957E+00  0.000000E+00  0.000000E+00  0.000000E+00  0.000000E+00
  0.284082E+01 -0.855896E-01  0.140237E+00  0.000000E+00  0.000000E+00  0.000000E+00  0.000000E+00
  0.284082E+01  0.170566E-01 -0.232131E+00  0.000000E+00  0.000000E+00  0.000000E+00  0.000000E+00
  0.284082E+01  0.768530E-02 -0.155756E+00  0.000000E+00  0.000000E+00  0.000000E+00  0.000000E+00
  0.284082E+01  0.195132E+00  0.347015E-01  0.000000E+00  0.000000E+00  0.000000E+00  0.000000E+00
  0.284082E+01  0.456985E-01 -0.755320E-01  0.000000E+00  0.000000E+00  0.000000E+00  0.000000E+00
  0.284082E+01 -0.153438E+00  0.173921E+00  0.000000E+00  0.000000E+00  0.000000E+00  0.000000E+00
  0.284082E+01 -0.330978E-01 -0.880304E-01  0.000000E+00  0.000000E+00  0.000000E+00  0.000000E+00
