# Name            mach          Mach    Gamma   Alpha   Beta    CD           CL,y         CL,z         L/D          CA           CN,y         CN,z         Cm,x cg      Cm,y cg      Cm,z cg      Cm,x O       Cm,y O       Cm,z O       Cm_q cg      CP_x         CP_y   
input1     1.00           1.00     1.40     0.00     0.00   0.01263619   0.00001506   0.00027568   0.02181648   0.01263619   0.00001506   0.00027568   0.00000000  -0.00003503  -0.00001764   0.00000000  -0.00021046  -0.00000806  -0.08279524   1.19881202   0.04286936
input2     1.38           1.38     1.40     0.00     0.00   0.01452137   0.00071984   0.00013045   0.00898313   0.01452137   0.00071984   0.00013045  -0.00000000  -0.00006529   0.00000281  -0.00000000  -0.00014830   0.00046089  -0.09472350   1.49409732  -0.07295160
input3     1.76           1.76     1.40     0.00     0.00   0.01572752  -0.00040899  -0.00026830  -0.01705921   0.01572752  -0.00040899  -0.00026830  -0.00000000  -0.00011670   0.00004497  -0.00000000   0.00005403  -0.00021529  -0.10378953   1.53061656  -0.00938939
input4     2.14           2.14     1.40     0.00     0.00   0.01665007  -0.00052475   0.00063961   0.03841494   0.01665007  -0.00052475   0.00063961  -0.00000000  -0.00008471  -0.00001403  -0.00000000  -0.00049174  -0.00034796  -0.10871889   1.83674831  -0.05865213
input5     2.52           2.52     1.40     0.00     0.00   0.01695879  -0.00021104  -0.00001277  -0.00075308   0.01695879  -0.00021104  -0.00001277  -0.00000000   0.00011214  -0.00006861  -0.00000000   0.00012027  -0.00020291  -0.11073905  -0.48070045  -0.36989196
input6     2.90           2.90     1.40     0.00     0.00   0.01715507  -0.00055926   0.00001174   0.00068423   0.01715507  -0.00055926   0.00001174  -0.00000000   0.00014255   0.00004015  -0.00000000   0.00013508  -0.00031574  -0.11286067   1.04878517  -0.01353524
input7     3.28           3.28     1.40     0.00     0.00   0.01734471  -0.00022741  -0.00085155  -0.04909559   0.01734471  -0.00022741  -0.00085155  -0.00000000   0.00003774  -0.00014344  -0.00000000   0.00057963  -0.00028815  -0.11355380   1.55614099  -0.21318710
input8     3.66           3.66     1.40     0.00     0.00   0.01747629   0.00005896  -0.00017665  -0.01010792   0.01747629   0.00005896  -0.00017665  -0.00000000   0.00011419   0.00004360  -0.00000000   0.00022661   0.00008112  -0.11435295   2.29830891  -0.06630426
input9     4.04           4.04     1.40     0.00     0.00   0.01765210  -0.00040376   0.00027166   0.01538986   0.01765210  -0.00040376   0.00027166  -0.00000000  -0.00004407  -0.00018963  -0.00000000  -0.00021695  -0.00044657  -0.11531737   1.85820028  -0.20395335
input10     4.42           4.42     1.40     0.00     0.00   0.01778555  -0.00038616  -0.00073532  -0.04134372   0.01778555  -0.00038616  -0.00073532   0.00000000   0.00014882   0.00007335   0.00000000   0.00061676  -0.00017239  -0.11655599   3.66655132  -0.16918708
input11     4.80           4.80     1.40     0.00     0.00   0.01763824  -0.00003733  -0.00005884  -0.00333616   0.01763824  -0.00003733  -0.00005884  -0.00000000  -0.00015389  -0.00007464  -0.00000000  -0.00011644  -0.00009840  -0.11692852   2.35990810  -0.18153120
input12     5.18           5.18     1.40     0.00     0.00   0.01781289  -0.00004847  -0.00001653  -0.00092816   0.01781289  -0.00004847  -0.00001653   0.00000000   0.00022234   0.00000630   0.00000000   0.00023286  -0.00002455  -0.11714366   2.18743611   0.35444262
input13     5.56           5.56     1.40     0.00     0.00   0.01786273   0.00057253  -0.00016408  -0.00918587   0.01786273   0.00057253  -0.00016408   0.00000000   0.00005347   0.00018706   0.00000000   0.00015789   0.00055139  -0.11720295   1.59370075   0.07239860
input14     5.94           5.94     1.40     0.00     0.00   0.01775517  -0.00019680  -0.00009040  -0.00509160   0.01775517  -0.00019680  -0.00009040  -0.00000000   0.00006064   0.00014656  -0.00000000   0.00011817   0.00002132  -0.11762128   0.09620151   0.16916873
input15     6.32           6.32     1.40     0.00     0.00   0.01803408  -0.00013346   0.00027375   0.01517951   0.01803408  -0.00013346   0.00027375   0.00000000  -0.00011638  -0.00007167   0.00000000  -0.00029059  -0.00015660  -0.11768826   0.19188391  -0.01764493
input16     6.70           6.70     1.40     0.00     0.00   0.01801686   0.00067308   0.00032521   0.01805047   0.01801686   0.00067308   0.00032521   0.00000000  -0.00007856   0.00014723   0.00000000  -0.00028551   0.00057556  -0.11741499   1.90359062  -0.01290075
input17     7.08           7.08     1.40     0.00     0.00   0.01799108  -0.00003487  -0.00063020  -0.03502855   0.01799108  -0.00003487  -0.00063020  -0.00000000   0.00007535  -0.00014381  -0.00000000   0.00047639  -0.00016600  -0.11834290   4.49260209  -0.15639274
input18     7.46           7.46     1.40     0.00     0.00   0.01800726   0.00021414   0.00015518   0.00861743   0.01800726   0.00021414   0.00015518   0.00000000   0.00017227   0.00022120   0.00000000   0.00007352   0.00035747  -0.11770112   2.31064248   1.21047865
input19     7.84           7.84     1.40     0.00     0.00   0.01804001   0.00052788  -0.00030000  -0.01662962   0.01804001   0.00052788  -0.00030000   0.00000000  -0.00016035   0.00005951   0.00000000   0.00003056   0.00039544  -0.11867457   7.45401778   0.28855580
input20     8.22           8.22     1.40     0.00     0.00   0.01790222   0.00021303   0.00025729   0.01437210   0.01790222   0.00021303   0.00025729  -0.00000000  -0.00018947  -0.00012816  -0.00000000  -0.00035320   0.00000741  -0.11802353   5.86463330  -0.93001749
input21     8.60           8.60     1.40     0.00     0.00   0.01795822  -0.00020444   0.00037684   0.02098408   0.01795822  -0.00020444   0.00037684  -0.00000000  -0.00012303  -0.00000976  -0.00000000  -0.00036284  -0.00013987  -0.11806143  -1.56605254   0.37271810
input22     8.98           8.98     1.40     0.00     0.00   0.01791926  -0.00064836  -0.00031907  -0.01780598   0.01791926  -0.00064836  -0.00031907  -0.00000000   0.00002376  -0.00005665  -0.00000000   0.00022681  -0.00046924  -0.11826637  -8.92123257  -2.44268066
input23     9.36           9.36     1.40     0.00     0.00   0.01788408   0.00013175  -0.00076667  -0.04286869   0.01788408   0.00013175  -0.00076667   0.00000000  -0.00014440  -0.00010666   0.00000000   0.00034348  -0.00002282  -0.11847500   1.33249042  -0.01159259
input24     9.74           9.74     1.40     0.00     0.00   0.01802107   0.00004385  -0.00061479  -0.03411508   0.01802107   0.00004385  -0.00061479   0.00000000  -0.00002200   0.00007167   0.00000000   0.00036923   0.00009957  -0.11833271   1.97469168  -0.05627068
input25     10.12          10.12     1.40     0.00     0.00   0.01812825   0.00032193   0.00064298   0.03546843   0.01812825   0.00032193   0.00064298  -0.00000000  -0.00009312   0.00010228  -0.00000000  -0.00050229   0.00030714  -0.11947284   0.78717371  -0.12929177
input26     10.50          10.50     1.40     0.00     0.00   0.01801274   0.00032811   0.00004300   0.00238702   0.01801274   0.00032811   0.00004300  -0.00000000  -0.00005774  -0.00003690  -0.00000000  -0.00008510   0.00017190  -0.11855184   1.70356374  -0.00939357
input27     10.88          10.88     1.40     0.00     0.00   0.01801989   0.00073975  -0.00032269  -0.01790716   0.01801989   0.00073975  -0.00032269   0.00000000   0.00007017   0.00003654   0.00000000   0.00027552   0.00050729  -0.11918336  -0.08361137  -0.75581186
input28     11.26          11.26     1.40     0.00     0.00   0.01814568  -0.00092590   0.00007556   0.00416426   0.01814568  -0.00092590   0.00007556   0.00000000  -0.00010145  -0.00014212   0.00000000  -0.00014954  -0.00073133  -0.11795773   1.74155643   0.04752492
input29     11.64          11.64     1.40     0.00     0.00   0.01796658   0.00030578   0.00009892   0.00550588   0.01796658   0.00030578   0.00009892  -0.00000000  -0.00001145   0.00004752  -0.00000000  -0.00007440   0.00024211  -0.11818846   1.93589781  -0.00179901
input30     12.02          12.02     1.40     0.00     0.00   0.01823496  -0.00045708   0.00039184   0.02148860   0.01823496  -0.00045708   0.00039184   0.00000000   0.00014503  -0.00011271   0.00000000  -0.00010433  -0.00040358  -0.11955961   1.33900482  -0.07509330
input31     12.40          12.40     1.40     0.00     0.00   0.01810532   0.00009649  -0.00034023  -0.01879174   0.01810532   0.00009649  -0.00034023   0.00000000   0.00000372  -0.00001650   0.00000000   0.00022023   0.00004490  -0.11746159   3.25219383   0.12369536
input32     12.78          12.78     1.40     0.00     0.00   0.01807512  -0.00041050  -0.00004660  -0.00257805   0.01807512  -0.00041050  -0.00004660   0.00000000   0.00001496   0.00007077   0.00000000   0.00004461  -0.00019045  -0.11801586   1.97668158  -0.07156666
input33     13.16          13.16     1.40     0.00     0.00   0.01825612   0.00014992  -0.00056158  -0.03076126   0.01825612   0.00014992  -0.00056158   0.00000000   0.00000162  -0.00018140   0.00000000   0.00035899  -0.00008600  -0.11830068   3.20113081  -0.01212726
input34     13.54          13.54     1.40     0.00     0.00   0.01798848   0.00030080   0.00003686   0.00204911   0.01798848   0.00030080   0.00003686  -0.00000000   0.00002734   0.00006568  -0.00000000   0.00000388   0.00025710  -0.11843081   1.46026682   0.04103133
input35     13.92          13.92     1.40     0.00     0.00   0.01811002  -0.00006612   0.00020811   0.01149154   0.01811002  -0.00006612   0.00020811   0.00000000   0.00013747   0.00004046   0.00000000   0.00000504  -0.00000162  -0.11897904   1.84955301   0.29909981
input36     14.30          14.30     1.40     0.00     0.00   0.01808572  -0.00000353   0.00029639   0.01638783   0.01808572  -0.00000353   0.00029639   0.00000000  -0.00004128  -0.00014790   0.00000000  -0.00022988  -0.00015015  -0.11805757   0.00835275   0.05989932
input37     14.68          14.68     1.40     0.00     0.00   0.01807165  -0.00011804  -0.00046845  -0.02592196   0.01807165  -0.00011804  -0.00046845  -0.00000000   0.00007700  -0.00010085  -0.00000000   0.00037511  -0.00017596  -0.11809817   2.99867561  -0.43504953
input38     15.06          15.06     1.40     0.00     0.00   0.01809288   0.00040186   0.00042495   0.02348725   0.01809288   0.00040186   0.00042495   0.00000000  -0.00033220   0.00008534   0.00000000  -0.00060262   0.00034107  -0.11873487   2.58463095   0.24431687
input39     15.44          15.44     1.40     0.00     0.00   0.01808253  -0.00026715   0.00050209   0.02776645   0.01808253  -0.00026715   0.00050209  -0.00000000   0.00017700  -0.00006838  -0.00000000  -0.00014251  -0.00023839  -0.11891499   1.98251352   0.14526862
input40     15.82          15.82     1.40     0.00     0.00   0.01800904   0.00012626   0.00009459   0.00525212   0.01800904   0.00012626   0.00009459  -0.00000000  -0.00011934   0.00003108  -0.00000000  -0.00017953   0.00011143  -0.11843874   0.54927382  -0.31911986
input41     16.20          16.20     1.40     0.00     0.00   0.01796498   0.00033793  -0.00104227  -0.05801654   0.01796498   0.00033793  -0.00104227   0.00000000   0.00018481   0.00019746   0.00000000   0.00084807   0.00041250  -0.11888741   2.10615500  -0.03651467
input42     16.58          16.58     1.40     0.00     0.00   0.01799200  -0.00030835   0.00036373   0.02021595   0.01799200  -0.00030835   0.00036373  -0.00000000  -0.00007617  -0.00017475  -0.00000000  -0.00030763  -0.00037098  -0.11901358   0.32478093   0.26159578
input43     16.96          16.96     1.40     0.00     0.00   0.01819366   0.00035641   0.00081254   0.04466034   0.01819366   0.00035641   0.00081254   0.00000000  -0.00001431  -0.00023125   0.00000000  -0.00053138  -0.00000444  -0.11862455  -0.18646033  -0.03554877
input44     17.34          17.34     1.40     0.00     0.00   0.01808359   0.00046063  -0.00071514  -0.03954638   0.01808359   0.00046063  -0.00071514  -0.00000000   0.00012268   0.00021699  -0.00000000   0.00057777   0.00051012  -0.11928692   0.77901209  -0.21268501
input45     17.72          17.72     1.40     0.00     0.00   0.01802468   0.00090726  -0.00020807  -0.01154363   0.01802468   0.00090726  -0.00020807   0.00000000   0.00032663  -0.00000034   0.00000000   0.00045903   0.00057701  -0.11879171   1.49640724   0.08114110
input46     18.10          18.10     1.40     0.00     0.00   0.01809068   0.00001906   0.00004159   0.00229922   0.01809068   0.00001906   0.00004159   0.00000000  -0.00014713   0.00000477   0.00000000  -0.00017360   0.00001689  -0.11797315  -1.25691110  -0.17946056
input47     18.48          18.48     1.40     0.00     0.00   0.01802407   0.00023337  -0.00000054  -0.00003020   0.01802407   0.00023337  -0.00000054   0.00000000   0.00003263   0.00010216   0.00000000   0.00003297   0.00025067  -0.11803389   1.60825221   0.02343377
input48     18.86          18.86     1.40     0.00     0.00   0.01815448  -0.00001804  -0.00022302  -0.01228448   0.01815448  -0.00001804  -0.00022302   0.00000000   0.00014162  -0.00001359   0.00000000   0.00028354  -0.00002507  -0.11841741   1.31822358  -0.05721837
input49     19.24          19.24     1.40     0.00     0.00   0.01815099  -0.00026416   0.00000551   0.00030369   0.01815099  -0.00026416   0.00000551   0.00000000  -0.00004890   0.00015505   0.00000000  -0.00005241  -0.00001305  -0.11745875   1.14728960   0.23252917
input50     19.62          19.62     1.40     0.00     0.00   0.01814245   0.00035424   0.00022899   0.01262177   0.01814245   0.00035424   0.00022899  -0.00000000  -0.00016927  -0.00023227  -0.00000000  -0.00031499  -0.00000685  -0.11813817   2.56622068   0.17685515
