  0.192311E+01  0.205011E+00  0.136438E-01  0.000000E+00  0.000000E+00  0.000000E+00  0.000000E+00
  0.283310E+01  0.331344E+00  0.179147E-01  0.000000E+00  0.000000E+00  0.000000E+00  0.000000E+00
  0.263337E+01 -0.300707E+00 -0.176449E-01  0.000000E+00  0.000000E+00  0.000000E+00  0.000000E+00
  0.176635E+01 -0.187091E+00 -0.102114E-01  0.000000E+00  0.000000E+00  0.000000E+00  0.000000E+00
  0.198569E+01  0.259791E+00 -0.184575E-02  0.000000E+00  0.000000E+00  0.000000E+00  0.000000E+00
  0.174276E+01 -0.434417E-02  0.195970E+00  0.000000E+00  0.000000E+00  0.000000E+00  0.000000E+00
  0.189841E+01 -0.956456E-03  0.238230E+00  0.000000E+00  0.000000E+00  0.000000E+00  0.000000E+00
  0.248972E+01  0.148125E-01  0.312651E+00  0.000000E+00  0.000000E+00  0.000000E+00  0.000000E+00
  0.226008E+01 -0.161881E-01  0.251452E+00  0.000000E+00  0.000000E+00  0.000000E+00  0.000000E+00
  0.207312E+01 -0.160978E-01 -0.216246E+00  0.000000E+00  0.000000E+00  0.000000E+00  0.000000E+00
  0.190442E+01  0.861955E-02  0.225215E+00  0.000000E+00  0.000000E+00  0.000000E+00  0.000000E+00
  0.208389E+01 -0.272588E+00  0.739671E-02  0.000000E+00  0.000000E+00  0.000000E+00  0.000000E+00
  0.202663E+01  0.141218E-01 -0.223514E+00  0.000000E+00  0.000000E+00  0.000000E+00  0.000000E+00
  0.197919E+01 -0.140360E-01  0.214208E+00  0.000000E+00  0.000000E+00  0.000000E+00  0.000000E+00
  0.215011E+01 -0.126110E-01 -0.260873E+00  0.000000E+00  0.000000E+00  0.000000E+00  0.000000E+00
  0.239847E+01 -0.116654E-01  0.322835E+00  0.000000E+00  0.000000E+00  0.000000E+00  0.000000E+00
  0.214594E+01 -0.161760E-01 -0.229555E+00  0.000000E+00  0.000000E+00  0.000000E+00  0.000000E+00
  0.284052E+01  0.395032E+00 -0.140075E-01  0.000000E+00  0.000000E+00  0.000000E+00  0.000000E+00
  0.249598E+01 -0.989865E-02  0.357848E+00  0.000000E+00  0.000000E+00  0.000000E+00  0.000000E+00
  0.212407E+01  0.286625E+00  0.609293E-02  0.000000E+00  0.000000E+00  0.000000E+00  0.000000E+00
  0.173214E+01 -0.276338E-02 -0.195106E+00  0.000000E+00  0.000000E+00  0.000000E+00  0.000000E+00
  0.256471E+01 -0.722413E-02  0.389729E+00  0.000000E+00  0.000000E+00  0.000000E+00  0.000000E+00
  0.188265E+01  0.192907E+00  0.142036E-01  0.000000E+00  0.000000E+00  0.000000E+00  0.000000E+00
  0.248392E+01 -0.186510E-01  0.257464E+00  0.000000E+00  0.000000E+00  0.000000E+00  0.000000E+00
  0.241788E+01 -0.170378E-01  0.270711E+00  0.000000E+00  0.000000E+00  0.000000E+00  0.000000E+00
  0.238823E+01 -0.571541E-02 -0.352817E+00  0.000000E+00  0.000000E+00  0.000000E+00  0.000000E+00
  0.197164E+01 -0.224370E+00  0.121831E-01  0.000000E+00  0.000000E+00  0.000000E+00  0.000000E+00
  0.210160E+01  0.263276E+00 -0.104567E-01  0.000000E+00  0.000000E+00  0.000000E+00  0.000000E+00
  0.206190E+01  0.147781E-01 -0.225677E+00  0.000000E+00  0.000000E+00  0.000000E+00  0.000000E+00
  0.173073E+01 -0.193727E+00  0.375594E-02  0.000000E+00  0.000000E+00  0.000000E+00  0.000000E+00
  0.275913E+01 -0.336476E+00 -0.168871E-01  0.000000E+00  0.000000E+00  0.000000E+00  0.000000E+00
  0.215671E+01 -0.283263E+00  0.903585E-02  0.000000E+00  0.000000E+00  0.000000E+00  0.000000E+00
  0.187810E+01 -0.189267E+00 -0.146127E-01  0.000000E+00  0.000000E+00  0.000000E+00  0.000000E+00
  0.248351E+01 -0.367537E+00 -0.774181E-02  0.000000E+00  0.000000E+00  0.000000E+00  0.000000E+00
  0.253328E+01  0.330253E+00  0.140398E-01  0.000000E+00  0.000000E+00  0.000000E+00  0.000000E+00
  0.248283E+01 -0.335329E+00  0.124184E-01  0.000000E+00  0.000000E+00  0.000000E+00  0.000000E+00
  0.221093E+01 -0.291789E+00  0.985984E-02  0.000000E+00  0.000000E+00  0.000000E+00  0.000000E+00
  0.183797E+01 -0.210740E+00  0.820644E-02  0.000000E+00  0.000000E+00  0.000000E+00  0.000000E+00
  0.274869E+01  0.154067E-01  0.357286E+00  0.000000E+00  0.000000E+00  0.000000E+00  0.000000E+00
  0.278618E+01 -0.187232E-01 -0.306919E+00  0.000000E+00  0.000000E+00  0.000000E+00  0.000000E+00
  0.182830E+01  0.194464E+00 -0.118135E-01  0.000000E+00  0.000000E+00  0.000000E+00  0.000000E+00
  0.246397E+01  0.819451E-02  0.360511E+00  0.000000E+00  0.000000E+00  0.000000E+00  0.000000E+00
  0.254392E+01  0.331724E+00  0.141090E-01  0.000000E+00  0.000000E+00  0.000000E+00  0.000000E+00
  0.265618E+01 -0.265110E+00 -0.196903E-01  0.000000E+00  0.000000E+00  0.000000E+00  0.000000E+00
  0.280262E+01  0.412062E+00 -0.117935E-01  0.000000E+00  0.000000E+00  0.000000E+00  0.000000E+00
  0.275811E+01 -0.311642E+00  0.182526E-01  0.000000E+00  0.000000E+00  0.000000E+00  0.000000E+00
  0.182621E+01  0.207065E+00 -0.848332E-02  0.000000E+00  0.000000E+00  0.000000E+00  0.000000E+00
  0.181664E+01 -0.881327E-02  0.203725E+00  0.000000E+00  0.000000E+00  0.000000E+00  0.000000E+00
  0.186737E+01  0.208405E+00 -0.106901E-01  0.000000E+00  0.000000E+00  0.000000E+00  0.000000E+00
  0.185593E+01  0.223244E+00  0.489451E-02  0.000000E+00  0.000000E+00  0.000000E+00  0.000000E+00
  0.223512E+01 -0.156998E-01 -0.251872E+00  0.000000E+00  0.000000E+00  0.000000E+00  0.000000E+00
  0.166517E+01 -0.175084E+00 -0.542200E-02  0.000000E+00  0.000000E+00  0.000000E+00  0.000000E+00
  0.250007E+01 -0.255614E+00 -0.189082E-01  0.000000E+00  0.000000E+00  0.000000E+00  0.000000E+00
  0.162244E+01  0.168316E+00  0.127492E-02  0.000000E+00  0.000000E+00  0.000000E+00  0.000000E+00
  0.188298E+01  0.354338E-02  0.232131E+00  0.000000E+00  0.000000E+00  0.000000E+00  0.000000E+00
  0.160680E+01 -0.164541E+00 -0.497827E-03  0.000000E+00  0.000000E+00  0.000000E+00  0.000000E+00
  0.248502E+01 -0.797129E-02  0.366725E+00  0.000000E+00  0.000000E+00  0.000000E+00  0.000000E+00
  0.239232E+01 -0.307514E+00  0.133259E-01  0.000000E+00  0.000000E+00  0.000000E+00  0.000000E+00
  0.273239E+01 -0.671621E-02 -0.433023E+00  0.000000E+00  0.000000E+00  0.000000E+00  0.000000E+00
  0.188172E+01  0.211606E+00  0.107088E-01  0.000000E+00  0.000000E+00  0.000000E+00  0.000000E+00
  0.225988E+01  0.329485E+00 -0.128266E-02  0.000000E+00  0.000000E+00  0.000000E+00  0.000000E+00
  0.180796E+01 -0.191493E+00 -0.114681E-01  0.000000E+00  0.000000E+00  0.000000E+00  0.000000E+00
  0.197695E+01  0.243834E+00  0.824621E-02  0.000000E+00  0.000000E+00  0.000000E+00  0.000000E+00
  0.281336E+01 -0.181099E-02 -0.468814E+00  0.000000E+00  0.000000E+00  0.000000E+00  0.000000E+00
  0.234350E+01  0.121023E-01  0.307211E+00  0.000000E+00  0.000000E+00  0.000000E+00  0.000000E+00
  0.230878E+01 -0.321324E+00 -0.861735E-02  0.000000E+00  0.000000E+00  0.000000E+00  0.000000E+00
  0.176398E+01  0.110018E-02 -0.204171E+00  0.000000E+00  0.000000E+00  0.000000E+00  0.000000E+00
  0.162895E+01 -0.868962E-03 -0.170080E+00  0.000000E+00  0.000000E+00  0.000000E+00  0.000000E+00
  0.219962E+01 -0.130515E-01 -0.268378E+00  0.000000E+00  0.000000E+00  0.000000E+00  0.000000E+00
  0.197305E+01 -0.107174E-01  0.232459E+00  0.000000E+00  0.000000E+00  0.000000E+00  0.000000E+00
  0.187456E+01 -0.373590E-02 -0.229756E+00  0.000000E+00  0.000000E+00  0.000000E+00  0.000000E+00
  0.267493E+01 -0.540408E-02  0.424717E+00  0.000000E+00  0.000000E+00  0.000000E+00  0.000000E+00
  0.219719E+01 -0.241639E+00 -0.159682E-01  0.000000E+00  0.000000E+00  0.000000E+00  0.000000E+00
  0.203935E+01  0.225407E+00  0.142229E-01  0.000000E+00  0.000000E+00  0.000000E+00  0.000000E+00
  0.209050E+01  0.248705E+00  0.124814E-01  0.000000E+00  0.000000E+00  0.000000E+00  0.000000E+00
  0.250288E+01  0.356029E+00  0.103910E-01  0.000000E+00  0.000000E+00  0.000000E+00  0.000000E+00
  0.194005E+01 -0.453087E-02 -0.244823E+00  0.000000E+00  0.000000E+00  0.000000E+00  0.000000E+00
  0.262995E+01 -0.273108E-04  0.423613E+00  0.000000E+00  0.000000E+00  0.000000E+00  0.000000E+00
  0.188039E+01 -0.103891E-01  0.212694E+00  0.000000E+00  0.000000E+00  0.000000E+00  0.000000E+00
  0.174798E+01  0.187622E+00 -0.875912E-02  0.000000E+00  0.000000E+00  0.000000E+00  0.000000E+00
  0.169538E+01  0.455787E-02  0.183868E+00  0.000000E+00  0.000000E+00  0.000000E+00  0.000000E+00
  0.267620E+01  0.422577E+00  0.600515E-02  0.000000E+00  0.000000E+00  0.000000E+00  0.000000E+00
  0.216082E+01 -0.233825E+00 -0.160399E-01  0.000000E+00  0.000000E+00  0.000000E+00  0.000000E+00
  0.174751E+01 -0.187085E+00  0.889968E-02  0.000000E+00  0.000000E+00  0.000000E+00  0.000000E+00
  0.198260E+01  0.157129E-01  0.202008E+00  0.000000E+00  0.000000E+00  0.000000E+00  0.000000E+00
  0.226101E+01 -0.318396E-02  0.327518E+00  0.000000E+00  0.000000E+00  0.000000E+00  0.000000E+00
  0.215796E+01 -0.415713E-03 -0.304074E+00  0.000000E+00  0.000000E+00  0.000000E+00  0.000000E+00
  0.233065E+01  0.316865E+00 -0.103124E-01  0.000000E+00  0.000000E+00  0.000000E+00  0.000000E+00
  0.247030E+01  0.601569E-02 -0.371934E+00  0.000000E+00  0.000000E+00  0.000000E+00  0.000000E+00
  0.180308E+01  0.299187E-02 -0.212729E+00  0.000000E+00  0.000000E+00  0.000000E+00  0.000000E+00
  0.267011E+01 -0.139034E-01  0.360511E+00  0.000000E+00  0.000000E+00  0.000000E+00  0.000000E+00
  0.190578E+01 -0.239240E+00  0.231331E-02  0.000000E+00  0.000000E+00  0.000000E+00  0.000000E+00
  0.243369E+01 -0.157887E-01 -0.289918E+00  0.000000E+00  0.000000E+00  0.000000E+00  0.000000E+00
  0.242675E+01 -0.287996E+00 -0.158348E-01  0.000000E+00  0.000000E+00  0.000000E+00  0.000000E+00
  0.209182E+01  0.126675E-01  0.247749E+00  0.000000E+00  0.000000E+00  0.000000E+00  0.000000E+00
  0.271037E+01  0.378292E+00 -0.130862E-01  0.000000E+00  0.000000E+00  0.000000E+00  0.000000E+00
  0.185556E+01 -0.204081E+00 -0.110589E-01  0.000000E+00  0.000000E+00  0.000000E+00  0.000000E+00
  0.189266E+01 -0.108009E-01 -0.213695E+00  0.000000E+00  0.000000E+00  0.000000E+00  0.000000E+00
  0.269109E+01 -0.296729E+00  0.184277E-01  0.000000E+00  0.000000E+00  0.000000E+00  0.000000E+00
  0.177412E+01  0.204226E+00 -0.403243E-02  0.000000E+00  0.000000E+00  0.000000E+00  0.000000E+00
  0.189566E+01  0.205810E+00 -0.125094E-01  0.000000E+00  0.000000E+00  0.000000E+00  0.000000E+00
  0.188168E+01  0.466452E-02  0.230057E+00  0.000000E+00  0.000000E+00  0.000000E+00  0.000000E+00
  0.274626E+01  0.431005E+00 -0.770505E-02  0.000000E+00  0.000000E+00  0.000000E+00  0.000000E+00
  0.229273E+01  0.318851E+00 -0.834229E-02  0.000000E+00  0.000000E+00  0.000000E+00  0.000000E+00
  0.273115E+01 -0.309447E+00 -0.181231E-01  0.000000E+00  0.000000E+00  0.000000E+00  0.000000E+00
  0.256907E+01  0.386106E+00 -0.811325E-02  0.000000E+00  0.000000E+00  0.000000E+00  0.000000E+00
  0.217973E+01  0.296953E+00  0.707947E-02  0.000000E+00  0.000000E+00  0.000000E+00  0.000000E+00
  0.218274E+01  0.144753E-01  0.253067E+00  0.000000E+00  0.000000E+00  0.000000E+00  0.000000E+00
  0.163789E+01  0.340646E-02  0.170837E+00  0.000000E+00  0.000000E+00  0.000000E+00  0.000000E+00
  0.255304E+01  0.250599E+00  0.196136E-01  0.000000E+00  0.000000E+00  0.000000E+00  0.000000E+00
  0.267612E+01  0.196739E-01  0.268585E+00  0.000000E+00  0.000000E+00  0.000000E+00  0.000000E+00
  0.190035E+01 -0.106548E-01  0.216112E+00  0.000000E+00  0.000000E+00  0.000000E+00  0.000000E+00
  0.268045E+01 -0.515937E-02 -0.427004E+00  0.000000E+00  0.000000E+00  0.000000E+00  0.000000E+00
  0.247624E+01  0.168594E-01 -0.284056E+00  0.000000E+00  0.000000E+00  0.000000E+00  0.000000E+00
  0.186119E+01 -0.459607E-02 -0.225078E+00  0.000000E+00  0.000000E+00  0.000000E+00  0.000000E+00
  0.261068E+01 -0.167343E-01 -0.311090E+00  0.000000E+00  0.000000E+00  0.000000E+00  0.000000E+00
  0.198034E+01 -0.202749E+00  0.155703E-01  0.000000E+00  0.000000E+00  0.000000E+00  0.000000E+00
  0.244113E+01 -0.374274E+00 -0.225615E-02  0.000000E+00  0.000000E+00  0.000000E+00  0.000000E+00
  0.204549E+01 -0.466529E-02  0.270799E+00  0.000000E+00  0.000000E+00  0.000000E+00  0.000000E+00
  0.261125E+01  0.416630E+00  0.258685E-02  0.000000E+00  0.000000E+00  0.000000E+00  0.000000E+00
  0.222489E+01  0.267902E+00 -0.137780E-01  0.000000E+00  0.000000E+00  0.000000E+00  0.000000E+00
  0.195427E+01 -0.129954E-01 -0.215746E+00  0.000000E+00  0.000000E+00  0.000000E+00  0.000000E+00
  0.250340E+01  0.273524E+00  0.178897E-01  0.000000E+00  0.000000E+00  0.000000E+00  0.000000E+00
  0.241898E+01  0.271259E+00 -0.170129E-01  0.000000E+00  0.000000E+00  0.000000E+00  0.000000E+00
  0.269466E+01 -0.184176E-01 -0.297533E+00  0.000000E+00  0.000000E+00  0.000000E+00  0.000000E+00
  0.255449E+01  0.282250E+00 -0.179083E-01  0.000000E+00  0.000000E+00  0.000000E+00  0.000000E+00
  0.207469E+01 -0.212330E+00  0.165305E-01  0.000000E+00  0.000000E+00  0.000000E+00  0.000000E+00
  0.217112E+01 -0.279221E-03 -0.307430E+00  0.000000E+00  0.000000E+00  0.000000E+00  0.000000E+00
  0.205846E+01 -0.145019E-01  0.227201E+00  0.000000E+00  0.000000E+00  0.000000E+00  0.000000E+00
  0.271273E+01  0.607093E-02 -0.431263E+00  0.000000E+00  0.000000E+00  0.000000E+00  0.000000E+00
  0.265709E+01  0.417229E-02 -0.424447E+00  0.000000E+00  0.000000E+00  0.000000E+00  0.000000E+00
  0.239087E+01 -0.103969E-01 -0.330196E+00  0.000000E+00  0.000000E+00  0.000000E+00  0.000000E+00
  0.220507E+01  0.288965E+00 -0.101247E-01  0.000000E+00  0.000000E+00  0.000000E+00  0.000000E+00
  0.282108E+01  0.300452E+00  0.192810E-01  0.000000E+00  0.000000E+00  0.000000E+00  0.000000E+00
  0.256187E+01  0.837015E-02  0.382925E+00  0.000000E+00  0.000000E+00  0.000000E+00  0.000000E+00
  0.171537E+01  0.999965E-02 -0.176029E+00  0.000000E+00  0.000000E+00  0.000000E+00  0.000000E+00
  0.257154E+01 -0.194782E-01 -0.256277E+00  0.000000E+00  0.000000E+00  0.000000E+00  0.000000E+00
  0.283962E+01  0.390339E+00  0.143505E-01  0.000000E+00  0.000000E+00  0.000000E+00  0.000000E+00
  0.264075E+01 -0.274556E+00 -0.191263E-01  0.000000E+00  0.000000E+00  0.000000E+00  0.000000E+00
  0.263999E+01 -0.426131E+00  0.261988E-03  0.000000E+00  0.000000E+00  0.000000E+00  0.000000E+00
  0.267265E+01  0.427799E+00 -0.434961E-02  0.000000E+00  0.000000E+00  0.000000E+00  0.000000E+00
  0.180887E+01 -0.126377E-01  0.186140E+00  0.000000E+00  0.000000E+00  0.000000E+00  0.000000E+00
  0.254367E+01 -0.191131E-01 -0.258980E+00  0.000000E+00  0.000000E+00  0.000000E+00  0.000000E+00
  0.177995E+01  0.180287E+00  0.125424E-01  0.000000E+00  0.000000E+00  0.000000E+00  0.000000E+00
  0.165812E+01  0.190656E-02 -0.177052E+00  0.000000E+00  0.000000E+00  0.000000E+00  0.000000E+00
  0.223081E+01 -0.108538E-01  0.290575E+00  0.000000E+00  0.000000E+00  0.000000E+00  0.000000E+00
  0.239323E+01 -0.833511E-03  0.363480E+00  0.000000E+00  0.000000E+00  0.000000E+00  0.000000E+00
  0.266598E+01  0.414488E+00 -0.718336E-02  0.000000E+00  0.000000E+00  0.000000E+00  0.000000E+00
  0.253622E+01  0.258883E+00  0.190538E-01  0.000000E+00  0.000000E+00  0.000000E+00  0.000000E+00
  0.164007E+01  0.238392E-02  0.172209E+00  0.000000E+00  0.000000E+00  0.000000E+00  0.000000E+00
  0.280940E+01 -0.120528E-01  0.410935E+00  0.000000E+00  0.000000E+00  0.000000E+00  0.000000E+00
  0.278055E+01 -0.386284E+00  0.136961E-01  0.000000E+00  0.000000E+00  0.000000E+00  0.000000E+00
  0.214284E+01 -0.917455E-02  0.279337E+00  0.000000E+00  0.000000E+00  0.000000E+00  0.000000E+00
  0.270087E+01  0.329135E+00 -0.166661E-01  0.000000E+00  0.000000E+00  0.000000E+00  0.000000E+00
  0.172190E+01 -0.107297E-01 -0.174967E+00  0.000000E+00  0.000000E+00  0.000000E+00  0.000000E+00
  0.237014E+01 -0.183707E-01 -0.242704E+00  0.000000E+00  0.000000E+00  0.000000E+00  0.000000E+00
  0.160142E+01 -0.544081E-03  0.163174E+00  0.000000E+00  0.000000E+00  0.000000E+00  0.000000E+00
  0.220277E+01 -0.170704E-01 -0.230473E+00  0.000000E+00  0.000000E+00  0.000000E+00  0.000000E+00
  0.178449E+01  0.208103E+00  0.294459E-02  0.000000E+00  0.000000E+00  0.000000E+00  0.000000E+00
  0.215305E+01 -0.247703E+00  0.143861E-01  0.000000E+00  0.000000E+00  0.000000E+00  0.000000E+00
  0.230500E+01  0.326024E+00  0.740544E-02  0.000000E+00  0.000000E+00  0.000000E+00  0.000000E+00
  0.218042E+01 -0.754378E-02  0.295361E+00  0.000000E+00  0.000000E+00  0.000000E+00  0.000000E+00
  0.180932E+01  0.654960E-02 -0.208310E+00  0.000000E+00  0.000000E+00  0.000000E+00  0.000000E+00
  0.196010E+01  0.530138E-02 -0.248246E+00  0.000000E+00  0.000000E+00  0.000000E+00  0.000000E+00
  0.279773E+01  0.462411E+00 -0.313539E-02  0.000000E+00  0.000000E+00  0.000000E+00  0.000000E+00
  0.166054E+01 -0.173340E+00  0.578765E-02  0.000000E+00  0.000000E+00  0.000000E+00  0.000000E+00
  0.250362E+01  0.153543E-01 -0.309064E+00  0.000000E+00  0.000000E+00  0.000000E+00  0.000000E+00
  0.232458E+01  0.303164E+00  0.120832E-01  0.000000E+00  0.000000E+00  0.000000E+00  0.000000E+00
  0.244069E+01  0.146616E-01 -0.304305E+00  0.000000E+00  0.000000E+00  0.000000E+00  0.000000E+00
  0.263359E+01 -0.423725E+00 -0.154251E-02  0.000000E+00  0.000000E+00  0.000000E+00  0.000000E+00
  0.187320E+01 -0.133368E-01  0.196249E+00  0.000000E+00  0.000000E+00  0.000000E+00  0.000000E+00
  0.249965E+01  0.371742E+00  0.767894E-02  0.000000E+00  0.000000E+00  0.000000E+00  0.000000E+00
  0.173475E+01 -0.402153E-02 -0.194404E+00  0.000000E+00  0.000000E+00  0.000000E+00  0.000000E+00
  0.200588E+01 -0.436834E-02  0.261526E+00  0.000000E+00  0.000000E+00  0.000000E+00  0.000000E+00
  0.176732E+01  0.191069E+00  0.912141E-02  0.000000E+00  0.000000E+00  0.000000E+00  0.000000E+00
  0.261153E+01  0.394657E+00  0.838935E-02  0.000000E+00  0.000000E+00  0.000000E+00  0.000000E+00
  0.187593E+01  0.216812E+00 -0.908259E-02  0.000000E+00  0.000000E+00  0.000000E+00  0.000000E+00
  0.252936E+01  0.358566E+00 -0.108668E-01  0.000000E+00  0.000000E+00  0.000000E+00  0.000000E+00
  0.166884E+01 -0.269309E-02  0.179233E+00  0.000000E+00  0.000000E+00  0.000000E+00  0.000000E+00
  0.247923E+01 -0.359875E+00  0.895544E-02  0.000000E+00  0.000000E+00  0.000000E+00  0.000000E+00
  0.221357E+01 -0.210229E-02  0.317069E+00  0.000000E+00  0.000000E+00  0.000000E+00  0.000000E+00
  0.274146E+01 -0.400689E+00 -0.115547E-01  0.000000E+00  0.000000E+00  0.000000E+00  0.000000E+00
  0.193939E+01 -0.124784E-01 -0.215574E+00  0.000000E+00  0.000000E+00  0.000000E+00  0.000000E+00
  0.270863E+01 -0.196721E-01 -0.273704E+00  0.000000E+00  0.000000E+00  0.000000E+00  0.000000E+00
  0.226731E+01  0.243471E+00 -0.169846E-01  0.000000E+00  0.000000E+00  0.000000E+00  0.000000E+00
  0.203826E+01  0.163771E-01 -0.206879E+00  0.000000E+00  0.000000E+00  0.000000E+00  0.000000E+00
  0.193097E+01  0.506041E-04 -0.246647E+00  0.000000E+00  0.000000E+00  0.000000E+00  0.000000E+00
  0.264538E+01 -0.323371E+00  0.163531E-01  0.000000E+00  0.000000E+00  0.000000E+00  0.000000E+00
  0.234382E+01 -0.343411E+00  0.522704E-02  0.000000E+00  0.000000E+00  0.000000E+00  0.000000E+00
  0.224222E+01 -0.250834E+00 -0.159290E-01  0.000000E+00  0.000000E+00  0.000000E+00  0.000000E+00
  0.177888E+01 -0.179397E+00 -0.126768E-01  0.000000E+00  0.000000E+00  0.000000E+00  0.000000E+00
  0.266627E+01  0.424403E+00  0.490350E-02  0.000000E+00  0.000000E+00  0.000000E+00  0.000000E+00
  0.233932E+01  0.142817E-01 -0.287294E+00  0.000000E+00  0.000000E+00  0.000000E+00  0.000000E+00
  0.237091E+01  0.174190E-01  0.256817E+00  0.000000E+00  0.000000E+00  0.000000E+00  0.000000E+00
  0.166844E+01  0.480737E-02  0.176819E+00  0.000000E+00  0.000000E+00  0.000000E+00  0.000000E+00
  0.250497E+01  0.190559E-01 -0.253722E+00  0.000000E+00  0.000000E+00  0.000000E+00  0.000000E+00
  0.171622E+01  0.727063E-02 -0.183966E+00  0.000000E+00  0.000000E+00  0.000000E+00  0.000000E+00
  0.265358E+01  0.181239E-01 -0.295904E+00  0.000000E+00  0.000000E+00  0.000000E+00  0.000000E+00
  0.274463E+01 -0.127376E-01  0.389490E+00  0.000000E+00  0.000000E+00  0.000000E+00  0.000000E+00
  0.238537E+01 -0.169428E-01  0.265962E+00  0.000000E+00  0.000000E+00  0.000000E+00  0.000000E+00
  0.218752E+01 -0.294065E+00 -0.826824E-02  0.000000E+00  0.000000E+00  0.000000E+00  0.000000E+00
  0.222295E+01 -0.252947E+00 -0.153580E-01  0.000000E+00  0.000000E+00  0.000000E+00  0.000000E+00
  0.245378E+01  0.179391E-01 -0.263977E+00  0.000000E+00  0.000000E+00  0.000000E+00  0.000000E+00
  0.203844E+01 -0.251058E+00  0.998660E-02  0.000000E+00  0.000000E+00  0.000000E+00  0.000000E+00
  0.178463E+01 -0.458065E-02 -0.206048E+00  0.000000E+00  0.000000E+00  0.000000E+00  0.000000E+00
  0.282123E+01  0.314686E+00 -0.186343E-01  0.000000E+00  0.000000E+00  0.000000E+00  0.000000E+00
  0.243129E+01  0.185297E-01 -0.250608E+00  0.000000E+00  0.000000E+00  0.000000E+00  0.000000E+00
  0.184441E+01 -0.787399E-02  0.213294E+00  0.000000E+00  0.000000E+00  0.000000E+00  0.000000E+00
  0.195938E+01  0.393378E-02  0.250679E+00  0.000000E+00  0.000000E+00  0.000000E+00  0.000000E+00
  0.197215E+01 -0.612872E-02 -0.249229E+00  0.000000E+00  0.000000E+00  0.000000E+00  0.000000E+00
  0.253278E+01  0.102512E-01  0.363925E+00  0.000000E+00  0.000000E+00  0.000000E+00  0.000000E+00
  0.235569E+01 -0.263173E+00 -0.167308E-01  0.000000E+00  0.000000E+00  0.000000E+00  0.000000E+00
  0.266068E+01  0.195453E-01  0.268979E+00  0.000000E+00  0.000000E+00  0.000000E+00  0.000000E+00
  0.251488E+01  0.351290E+00 -0.113740E-01  0.000000E+00  0.000000E+00  0.000000E+00  0.000000E+00
  0.230986E+01 -0.264880E+00  0.158539E-01  0.000000E+00  0.000000E+00  0.000000E+00  0.000000E+00
  0.196218E+01  0.252614E+00  0.307596E-02  0.000000E+00  0.000000E+00  0.000000E+00  0.000000E+00
  0.240672E+01 -0.552280E-03  0.367006E+00  0.000000E+00  0.000000E+00  0.000000E+00  0.000000E+00
  0.206246E+01 -0.146772E-01  0.226616E+00  0.000000E+00  0.000000E+00  0.000000E+00  0.000000E+00
  0.238241E+01 -0.355857E+00 -0.418192E-02  0.000000E+00  0.000000E+00  0.000000E+00  0.000000E+00
  0.223042E+01 -0.320854E+00 -0.249245E-02  0.000000E+00  0.000000E+00  0.000000E+00  0.000000E+00
  0.198584E+01  0.748351E-02 -0.248593E+00  0.000000E+00  0.000000E+00  0.000000E+00  0.000000E+00
  0.277925E+01  0.441805E+00 -0.721044E-02  0.000000E+00  0.000000E+00  0.000000E+00  0.000000E+00
  0.238466E+01 -0.279234E+00 -0.158782E-01  0.000000E+00  0.000000E+00  0.000000E+00  0.000000E+00
  0.217221E+01  0.219922E+00 -0.174865E-01  0.000000E+00  0.000000E+00  0.000000E+00  0.000000E+00
  0.218109E+01  0.172202E-01 -0.224713E+00  0.000000E+00  0.000000E+00  0.000000E+00  0.000000E+00
  0.242953E+01 -0.369593E+00  0.330842E-02  0.000000E+00  0.000000E+00  0.000000E+00  0.000000E+00
  0.163749E+01  0.168613E+00  0.517360E-02  0.000000E+00  0.000000E+00  0.000000E+00  0.000000E+00
  0.240781E+01 -0.598542E-02  0.356687E+00  0.000000E+00  0.000000E+00  0.000000E+00  0.000000E+00
  0.251113E+01 -0.152773E-01 -0.311503E+00  0.000000E+00  0.000000E+00  0.000000E+00  0.000000E+00
  0.222846E+01 -0.230963E+00 -0.174178E-01  0.000000E+00  0.000000E+00  0.000000E+00  0.000000E+00
  0.209594E+01  0.277703E+00  0.674967E-02  0.000000E+00  0.000000E+00  0.000000E+00  0.000000E+00
  0.243432E+01  0.244904E+00 -0.188978E-01  0.000000E+00  0.000000E+00  0.000000E+00  0.000000E+00
  0.261166E+01 -0.155364E-01  0.328252E+00  0.000000E+00  0.000000E+00  0.000000E+00  0.000000E+00
  0.171247E+01  0.181857E+00 -0.776891E-02  0.000000E+00  0.000000E+00  0.000000E+00  0.000000E+00
  0.264602E+01 -0.153868E-01  0.337081E+00  0.000000E+00  0.000000E+00  0.000000E+00  0.000000E+00
  0.198702E+01 -0.216700E+00 -0.139147E-01  0.000000E+00  0.000000E+00  0.000000E+00  0.000000E+00
  0.178653E+01 -0.209628E+00  0.163470E-02  0.000000E+00  0.000000E+00  0.000000E+00  0.000000E+00
  0.252648E+01 -0.283932E+00  0.174923E-01  0.000000E+00  0.000000E+00  0.000000E+00  0.000000E+00
  0.169238E+01 -0.185755E+00  0.180859E-02  0.000000E+00  0.000000E+00  0.000000E+00  0.000000E+00
  0.197694E+01  0.776590E-02  0.245508E+00  0.000000E+00  0.000000E+00  0.000000E+00  0.000000E+00
  0.249716E+01  0.129367E-01  0.333720E+00  0.000000E+00  0.000000E+00  0.000000E+00  0.000000E+00
  0.251443E+01  0.174122E-01 -0.282984E+00  0.000000E+00  0.000000E+00  0.000000E+00  0.000000E+00
  0.233322E+01 -0.296458E+00  0.131414E-01  0.000000E+00  0.000000E+00  0.000000E+00  0.000000E+00
  0.209408E+01  0.273547E+00 -0.780610E-02  0.000000E+00  0.000000E+00  0.000000E+00  0.000000E+00
  0.190471E+01 -0.142095E-01 -0.197464E+00  0.000000E+00  0.000000E+00  0.000000E+00  0.000000E+00
  0.211807E+01 -0.114241E-01  0.261524E+00  0.000000E+00  0.000000E+00  0.000000E+00  0.000000E+00
  0.200384E+01  0.826461E-02 -0.250192E+00  0.000000E+00  0.000000E+00  0.000000E+00  0.000000E+00
  0.209314E+01 -0.472225E-02 -0.282526E+00  0.000000E+00  0.000000E+00  0.000000E+00  0.000000E+00
  0.256706E+01 -0.355014E+00  0.122912E-01  0.000000E+00  0.000000E+00  0.000000E+00  0.000000E+00
  0.275666E+01 -0.188287E-01 -0.299778E+00  0.000000E+00  0.000000E+00  0.000000E+00  0.000000E+00
  0.217703E+01  0.232869E+00 -0.164287E-01  0.000000E+00  0.000000E+00  0.000000E+00  0.000000E+00
  0.186735E+01 -0.193386E+00  0.136095E-01  0.000000E+00  0.000000E+00  0.000000E+00  0.000000E+00
  0.253378E+01 -0.648127E-02  0.385615E+00  0.000000E+00  0.000000E+00  0.000000E+00  0.000000E+00
  0.230216E+01 -0.328367E+00 -0.664629E-02  0.000000E+00  0.000000E+00  0.000000E+00  0.000000E+00
  0.265912E+01  0.297220E+00 -0.181046E-01  0.000000E+00  0.000000E+00  0.000000E+00  0.000000E+00
  0.173921E+01  0.614687E-03 -0.198039E+00  0.000000E+00  0.000000E+00  0.000000E+00  0.000000E+00
  0.194571E+01  0.201746E+00  0.148059E-01  0.000000E+00  0.000000E+00  0.000000E+00  0.000000E+00
  0.260390E+01  0.392972E+00  0.836666E-02  0.000000E+00  0.000000E+00  0.000000E+00  0.000000E+00
  0.269074E+01 -0.533860E-02  0.428877E+00  0.000000E+00  0.000000E+00  0.000000E+00  0.000000E+00
  0.230294E+01  0.147953E-01  0.274728E+00  0.000000E+00  0.000000E+00  0.000000E+00  0.000000E+00
  0.195588E+01  0.117798E-01  0.223114E+00  0.000000E+00  0.000000E+00  0.000000E+00  0.000000E+00
  0.245432E+01  0.301689E+00 -0.151422E-01  0.000000E+00  0.000000E+00  0.000000E+00  0.000000E+00
  0.211619E+01  0.292081E+00  0.248971E-02  0.000000E+00  0.000000E+00  0.000000E+00  0.000000E+00
  0.182840E+01 -0.352563E-02 -0.218474E+00  0.000000E+00  0.000000E+00  0.000000E+00  0.000000E+00
  0.238460E+01 -0.139538E-01  0.299949E+00  0.000000E+00  0.000000E+00  0.000000E+00  0.000000E+00
  0.270766E+01 -0.166240E-01  0.331082E+00  0.000000E+00  0.000000E+00  0.000000E+00  0.000000E+00
  0.274360E+01  0.428479E-02 -0.445693E+00  0.000000E+00  0.000000E+00  0.000000E+00  0.000000E+00
  0.274383E+01  0.415361E-02 -0.446158E+00  0.000000E+00  0.000000E+00  0.000000E+00  0.000000E+00
  0.276723E+01  0.142979E-01 -0.376006E+00  0.000000E+00  0.000000E+00  0.000000E+00  0.000000E+00
  0.267176E+01  0.269573E+00  0.195982E-01  0.000000E+00  0.000000E+00  0.000000E+00  0.000000E+00
  0.273953E+01 -0.158143E-01 -0.349577E+00  0.000000E+00  0.000000E+00  0.000000E+00  0.000000E+00
  0.237720E+01 -0.355596E+00 -0.373043E-02  0.000000E+00  0.000000E+00  0.000000E+00  0.000000E+00
  0.234624E+01  0.351784E+00 -0.210203E-04  0.000000E+00  0.000000E+00  0.000000E+00  0.000000E+00
  0.234545E+01  0.273836E+00 -0.156798E-01  0.000000E+00  0.000000E+00  0.000000E+00  0.000000E+00
  0.256027E+01 -0.186356E-01 -0.270618E+00  0.000000E+00  0.000000E+00  0.000000E+00  0.000000E+00
  0.283884E+01  0.311509E+00  0.189179E-01  0.000000E+00  0.000000E+00  0.000000E+00  0.000000E+00
  0.198196E+01 -0.994375E-02  0.238143E+00  0.000000E+00  0.000000E+00  0.000000E+00  0.000000E+00
  0.177802E+01  0.599018E-02 -0.201868E+00  0.000000E+00  0.000000E+00  0.000000E+00  0.000000E+00
  0.274207E+01 -0.200800E-01  0.269262E+00  0.000000E+00  0.000000E+00  0.000000E+00  0.000000E+00
  0.252280E+01  0.330110E+00  0.138472E-01  0.000000E+00  0.000000E+00  0.000000E+00  0.000000E+00
  0.264770E+01  0.421164E+00  0.448417E-02  0.000000E+00  0.000000E+00  0.000000E+00  0.000000E+00
  0.230461E+01 -0.121819E-01 -0.297990E+00  0.000000E+00  0.000000E+00  0.000000E+00  0.000000E+00
  0.228887E+01 -0.311237E+00  0.962967E-02  0.000000E+00  0.000000E+00  0.000000E+00  0.000000E+00
  0.240899E+01  0.272531E+00 -0.167811E-01  0.000000E+00  0.000000E+00  0.000000E+00  0.000000E+00
  0.212499E+01  0.248504E+00 -0.135569E-01  0.000000E+00  0.000000E+00  0.000000E+00  0.000000E+00
  0.204305E+01  0.231244E+00 -0.135330E-01  0.000000E+00  0.000000E+00  0.000000E+00  0.000000E+00
  0.190471E+01 -0.197316E+00  0.142316E-01  0.000000E+00  0.000000E+00  0.000000E+00  0.000000E+00
  0.167798E+01  0.819797E-02  0.172500E+00  0.000000E+00  0.000000E+00  0.000000E+00  0.000000E+00
  0.223424E+01 -0.124138E-01  0.280739E+00  0.000000E+00  0.000000E+00  0.000000E+00  0.000000E+00
  0.248750E+01  0.114005E-01 -0.344907E+00  0.000000E+00  0.000000E+00  0.000000E+00  0.000000E+00
  0.232208E+01 -0.233388E+00 -0.184413E-01  0.000000E+00  0.000000E+00  0.000000E+00  0.000000E+00
  0.244352E+01  0.180955E-01  0.259722E+00  0.000000E+00  0.000000E+00  0.000000E+00  0.000000E+00
  0.226160E+01 -0.155749E-01  0.258412E+00  0.000000E+00  0.000000E+00  0.000000E+00  0.000000E+00
  0.257137E+01  0.264007E+00  0.190868E-01  0.000000E+00  0.000000E+00  0.000000E+00  0.000000E+00
  0.228994E+01  0.797015E-02  0.319918E+00  0.000000E+00  0.000000E+00  0.000000E+00  0.000000E+00
  0.207366E+01 -0.159973E-01 -0.217301E+00  0.000000E+00  0.000000E+00  0.000000E+00  0.000000E+00
  0.266002E+01  0.146649E-01  0.349242E+00  0.000000E+00  0.000000E+00  0.000000E+00  0.000000E+00
  0.164588E+01  0.174423E+00 -0.581071E-03  0.000000E+00  0.000000E+00  0.000000E+00  0.000000E+00
  0.210310E+01  0.269577E+00  0.926125E-02  0.000000E+00  0.000000E+00  0.000000E+00  0.000000E+00
  0.166184E+01  0.173135E+00 -0.608879E-02  0.000000E+00  0.000000E+00  0.000000E+00  0.000000E+00
  0.250185E+01  0.283151E+00  0.172494E-01  0.000000E+00  0.000000E+00  0.000000E+00  0.000000E+00
  0.231356E+01  0.275543E+00  0.149284E-01  0.000000E+00  0.000000E+00  0.000000E+00  0.000000E+00
  0.199547E+01  0.103863E-01  0.239209E+00  0.000000E+00  0.000000E+00  0.000000E+00  0.000000E+00
  0.167053E+01  0.708453E-02  0.173303E+00  0.000000E+00  0.000000E+00  0.000000E+00  0.000000E+00
  0.182069E+01 -0.271967E-03  0.218713E+00  0.000000E+00  0.000000E+00  0.000000E+00  0.000000E+00
  0.241321E+01  0.257438E+00  0.178987E-01  0.000000E+00  0.000000E+00  0.000000E+00  0.000000E+00
  0.254705E+01 -0.165517E-01  0.301744E+00  0.000000E+00  0.000000E+00  0.000000E+00  0.000000E+00
  0.275250E+01  0.454055E+00 -0.126682E-02  0.000000E+00  0.000000E+00  0.000000E+00  0.000000E+00
  0.265987E+01  0.346003E+00 -0.149183E-01  0.000000E+00  0.000000E+00  0.000000E+00  0.000000E+00
  0.202034E+01  0.101030E-01 -0.246307E+00  0.000000E+00  0.000000E+00  0.000000E+00  0.000000E+00
  0.266870E+01 -0.301729E+00  0.179474E-01  0.000000E+00  0.000000E+00  0.000000E+00  0.000000E+00
  0.265117E+01  0.283377E+00  0.187691E-01  0.000000E+00  0.000000E+00  0.000000E+00  0.000000E+00
  0.241837E+01 -0.191118E-01 -0.238552E+00  0.000000E+00  0.000000E+00  0.000000E+00  0.000000E+00
  0.259974E+01 -0.325484E+00  0.155669E-01  0.000000E+00  0.000000E+00  0.000000E+00  0.000000E+00
  0.231897E+01  0.142708E-01 -0.283170E+00  0.000000E+00  0.000000E+00  0.000000E+00  0.000000E+00
  0.276067E+01  0.165833E-01 -0.341767E+00  0.000000E+00  0.000000E+00  0.000000E+00  0.000000E+00
  0.230244E+01  0.315637E+00  0.941054E-02  0.000000E+00  0.000000E+00  0.000000E+00  0.000000E+00
  0.183757E+01 -0.122164E-01 -0.194562E+00  0.000000E+00  0.000000E+00  0.000000E+00  0.000000E+00
  0.246477E+01 -0.526475E-02  0.373231E+00  0.000000E+00  0.000000E+00  0.000000E+00  0.000000E+00
  0.244967E+01  0.280804E+00  0.167344E-01  0.000000E+00  0.000000E+00  0.000000E+00  0.000000E+00
  0.253258E+01 -0.303143E+00  0.162531E-01  0.000000E+00  0.000000E+00  0.000000E+00  0.000000E+00
  0.272977E+01  0.437682E+00  0.555047E-02  0.000000E+00  0.000000E+00  0.000000E+00  0.000000E+00
  0.210910E+01 -0.149261E-01  0.234041E+00  0.000000E+00  0.000000E+00  0.000000E+00  0.000000E+00
  0.183838E+01 -0.215091E+00 -0.667965E-02  0.000000E+00  0.000000E+00  0.000000E+00  0.000000E+00
  0.196202E+01  0.236579E+00 -0.921735E-02  0.000000E+00  0.000000E+00  0.000000E+00  0.000000E+00
  0.274647E+01 -0.369885E+00  0.144401E-01  0.000000E+00  0.000000E+00  0.000000E+00  0.000000E+00
  0.245931E+01  0.129778E-01  0.325140E+00  0.000000E+00  0.000000E+00  0.000000E+00  0.000000E+00
  0.233532E+01 -0.129352E-02 -0.348553E+00  0.000000E+00  0.000000E+00  0.000000E+00  0.000000E+00
  0.185748E+01  0.208469E+00  0.101332E-01  0.000000E+00  0.000000E+00  0.000000E+00  0.000000E+00
  0.269323E+01 -0.422076E-03  0.439572E+00  0.000000E+00  0.000000E+00  0.000000E+00  0.000000E+00
  0.170465E+01 -0.887185E-02  0.177024E+00  0.000000E+00  0.000000E+00  0.000000E+00  0.000000E+00
  0.188029E+01 -0.141840E-01  0.192540E+00  0.000000E+00  0.000000E+00  0.000000E+00  0.000000E+00
  0.247016E+01  0.181168E-01 -0.264032E+00  0.000000E+00  0.000000E+00  0.000000E+00  0.000000E+00
  0.227434E+01  0.156225E-01 -0.260429E+00  0.000000E+00  0.000000E+00  0.000000E+00  0.000000E+00
  0.245050E+01  0.700023E-02  0.363054E+00  0.000000E+00  0.000000E+00  0.000000E+00  0.000000E+00
  0.207027E+01 -0.243183E+00 -0.126467E-01  0.000000E+00  0.000000E+00  0.000000E+00  0.000000E+00
  0.236224E+01  0.355763E+00 -0.503691E-03  0.000000E+00  0.000000E+00  0.000000E+00  0.000000E+00
  0.246088E+01  0.289421E+00  0.162476E-01  0.000000E+00  0.000000E+00  0.000000E+00  0.000000E+00
  0.164411E+01 -0.394837E-02 -0.171837E+00  0.000000E+00  0.000000E+00  0.000000E+00  0.000000E+00
  0.278499E+01 -0.177196E-02  0.461701E+00  0.000000E+00  0.000000E+00  0.000000E+00  0.000000E+00
  0.208516E+01 -0.152311E-01 -0.226543E+00  0.000000E+00  0.000000E+00  0.000000E+00  0.000000E+00
  0.199685E+01 -0.612587E-02 -0.255298E+00  0.000000E+00  0.000000E+00  0.000000E+00  0.000000E+00
  0.281535E+01  0.170582E-01  0.343996E+00  0.000000E+00  0.000000E+00  0.000000E+00  0.000000E+00
  0.255570E+01  0.287490E+00  0.176007E-01  0.000000E+00  0.000000E+00  0.000000E+00  0.000000E+00
  0.163621E+01 -0.424580E-02 -0.169522E+00  0.000000E+00  0.000000E+00  0.000000E+00  0.000000E+00
  0.282861E+01  0.942983E-02 -0.438903E+00  0.000000E+00  0.000000E+00  0.000000E+00  0.000000E+00
  0.277388E+01  0.159156E-01 -0.354782E+00  0.000000E+00  0.000000E+00  0.000000E+00  0.000000E+00
  0.211168E+01 -0.220005E+00 -0.164673E-01  0.000000E+00  0.000000E+00  0.000000E+00  0.000000E+00
  0.275557E+01  0.178441E-01 -0.318970E+00  0.000000E+00  0.000000E+00  0.000000E+00  0.000000E+00
  0.204491E+01 -0.210947E-02 -0.274511E+00  0.000000E+00  0.000000E+00  0.000000E+00  0.000000E+00
  0.262258E+01  0.398084E+00  0.825646E-02  0.000000E+00  0.000000E+00  0.000000E+00  0.000000E+00
  0.224890E+01  0.161601E-01  0.249606E+00  0.000000E+00  0.000000E+00  0.000000E+00  0.000000E+00
  0.231760E+01 -0.177900E-01  0.242064E+00  0.000000E+00  0.000000E+00  0.000000E+00  0.000000E+00
  0.266704E+01 -0.154855E-01  0.339934E+00  0.000000E+00  0.000000E+00  0.000000E+00  0.000000E+00
  0.231092E+01  0.270940E+00 -0.153187E-01  0.000000E+00  0.000000E+00  0.000000E+00  0.000000E+00
  0.201622E+01  0.212000E+00 -0.153160E-01  0.000000E+00  0.000000E+00  0.000000E+00  0.000000E+00
  0.182062E+01  0.197551E+00  0.107273E-01  0.000000E+00  0.000000E+00  0.000000E+00  0.000000E+00
  0.258287E+01  0.300255E+00 -0.171044E-01  0.000000E+00  0.000000E+00  0.000000E+00  0.000000E+00
  0.262445E+01  0.159932E-01  0.324519E+00  0.000000E+00  0.000000E+00  0.000000E+00  0.000000E+00
  0.233032E+01  0.106249E-01  0.314786E+00  0.000000E+00  0.000000E+00  0.000000E+00  0.000000E+00
  0.192953E+01  0.511479E-02 -0.241072E+00  0.000000E+00  0.000000E+00  0.000000E+00  0.000000E+00
  0.182318E+01 -0.216133E+00  0.427035E-02  0.000000E+00  0.000000E+00  0.000000E+00  0.000000E+00
  0.236398E+01  0.155193E-01 -0.279317E+00  0.000000E+00  0.000000E+00  0.000000E+00  0.000000E+00
  0.173915E+01 -0.536689E-02  0.193466E+00  0.000000E+00  0.000000E+00  0.000000E+00  0.000000E+00
  0.179940E+01  0.184047E+00 -0.126429E-01  0.000000E+00  0.000000E+00  0.000000E+00  0.000000E+00
  0.277519E+01  0.275755E+00 -0.200194E-01  0.000000E+00  0.000000E+00  0.000000E+00  0.000000E+00
  0.203022E+01  0.869257E-02  0.254818E+00  0.000000E+00  0.000000E+00  0.000000E+00  0.000000E+00
  0.191123E+01 -0.197052E+00  0.144708E-01  0.000000E+00  0.000000E+00  0.000000E+00  0.000000E+00
  0.248800E+01  0.387481E+00 -0.793254E-03  0.000000E+00  0.000000E+00  0.000000E+00  0.000000E+00
  0.164547E+01 -0.264761E-02  0.173385E+00  0.000000E+00  0.000000E+00  0.000000E+00  0.000000E+00
  0.262546E+01  0.150659E-01  0.337142E+00  0.000000E+00  0.000000E+00  0.000000E+00  0.000000E+00
  0.183297E+01 -0.184025E+00  0.139605E-01  0.000000E+00  0.000000E+00  0.000000E+00  0.000000E+00
  0.211236E+01  0.109714E-01  0.262892E+00  0.000000E+00  0.000000E+00  0.000000E+00  0.000000E+00
  0.234496E+01 -0.137305E-01 -0.293707E+00  0.000000E+00  0.000000E+00  0.000000E+00  0.000000E+00
  0.281016E+01 -0.337636E+00  0.173613E-01  0.000000E+00  0.000000E+00  0.000000E+00  0.000000E+00
  0.231888E+01 -0.120578E-01 -0.302095E+00  0.000000E+00  0.000000E+00  0.000000E+00  0.000000E+00
  0.280985E+01  0.454483E+00  0.620442E-02  0.000000E+00  0.000000E+00  0.000000E+00  0.000000E+00
  0.216217E+01  0.122444E-01 -0.266074E+00  0.000000E+00  0.000000E+00  0.000000E+00  0.000000E+00
  0.176414E+01  0.910681E-02 -0.190367E+00  0.000000E+00  0.000000E+00  0.000000E+00  0.000000E+00
  0.227780E+01  0.319123E+00  0.748321E-02  0.000000E+00  0.000000E+00  0.000000E+00  0.000000E+00
  0.219441E+01  0.158865E-01 -0.241944E+00  0.000000E+00  0.000000E+00  0.000000E+00  0.000000E+00
  0.255734E+01 -0.172860E-01 -0.292753E+00  0.000000E+00  0.000000E+00  0.000000E+00  0.000000E+00
  0.211451E+01 -0.252105E+00 -0.127537E-01  0.000000E+00  0.000000E+00  0.000000E+00  0.000000E+00
  0.215217E+01  0.138769E-01  0.251745E+00  0.000000E+00  0.000000E+00  0.000000E+00  0.000000E+00
  0.212009E+01 -0.158645E-01  0.227629E+00  0.000000E+00  0.000000E+00  0.000000E+00  0.000000E+00
  0.199856E+01 -0.155703E-01 -0.206357E+00  0.000000E+00  0.000000E+00  0.000000E+00  0.000000E+00
  0.263857E+01 -0.291893E+00  0.182013E-01  0.000000E+00  0.000000E+00  0.000000E+00  0.000000E+00
  0.195283E+01 -0.247270E+00 -0.490985E-02  0.000000E+00  0.000000E+00  0.000000E+00  0.000000E+00
  0.269172E+01 -0.187157E-01 -0.291221E+00  0.000000E+00  0.000000E+00  0.000000E+00  0.000000E+00
  0.178680E+01 -0.197333E+00 -0.859680E-02  0.000000E+00  0.000000E+00  0.000000E+00  0.000000E+00
  0.261640E+01  0.418858E+00 -0.198297E-02  0.000000E+00  0.000000E+00  0.000000E+00  0.000000E+00
  0.251982E+01  0.156492E-01 -0.308611E+00  0.000000E+00  0.000000E+00  0.000000E+00  0.000000E+00
  0.206413E+01  0.163814E-01  0.211786E+00  0.000000E+00  0.000000E+00  0.000000E+00  0.000000E+00
  0.206609E+01  0.215747E+00  0.160061E-01  0.000000E+00  0.000000E+00  0.000000E+00  0.000000E+00
  0.232272E+01 -0.917273E-02  0.321711E+00  0.000000E+00  0.000000E+00  0.000000E+00  0.000000E+00
  0.239483E+01  0.359112E+00 -0.411857E-02  0.000000E+00  0.000000E+00  0.000000E+00  0.000000E+00
  0.178704E+01  0.193481E+00 -0.977257E-02  0.000000E+00  0.000000E+00  0.000000E+00  0.000000E+00
  0.260038E+01  0.533138E-02 -0.406555E+00  0.000000E+00  0.000000E+00  0.000000E+00  0.000000E+00
  0.196239E+01 -0.535160E-02  0.248702E+00  0.000000E+00  0.000000E+00  0.000000E+00  0.000000E+00
  0.169533E+01 -0.173527E+00  0.931377E-02  0.000000E+00  0.000000E+00  0.000000E+00  0.000000E+00
  0.175394E+01  0.904721E-02  0.188148E+00  0.000000E+00  0.000000E+00  0.000000E+00  0.000000E+00
  0.241018E+01 -0.254806E+00  0.180364E-01  0.000000E+00  0.000000E+00  0.000000E+00  0.000000E+00
  0.271333E+01 -0.372062E+00  0.136949E-01  0.000000E+00  0.000000E+00  0.000000E+00  0.000000E+00
  0.248814E+01 -0.192585E-01 -0.247218E+00  0.000000E+00  0.000000E+00  0.000000E+00  0.000000E+00
  0.193334E+01  0.245693E+00 -0.279958E-02  0.000000E+00  0.000000E+00  0.000000E+00  0.000000E+00
  0.223475E+01 -0.247111E+00  0.161384E-01  0.000000E+00  0.000000E+00  0.000000E+00  0.000000E+00
  0.238312E+01 -0.172063E-01 -0.261984E+00  0.000000E+00  0.000000E+00  0.000000E+00  0.000000E+00
  0.260126E+01  0.129989E-01  0.355642E+00  0.000000E+00  0.000000E+00  0.000000E+00  0.000000E+00
  0.195187E+01  0.210853E+00 -0.136829E-01  0.000000E+00  0.000000E+00  0.000000E+00  0.000000E+00
  0.215095E+01 -0.265460E+00  0.119660E-01  0.000000E+00  0.000000E+00  0.000000E+00  0.000000E+00
  0.235781E+01 -0.250117E+00 -0.177271E-01  0.000000E+00  0.000000E+00  0.000000E+00  0.000000E+00
  0.193145E+01  0.210145E+00 -0.131053E-01  0.000000E+00  0.000000E+00  0.000000E+00  0.000000E+00
  0.191209E+01  0.145912E-01 -0.196399E+00  0.000000E+00  0.000000E+00  0.000000E+00  0.000000E+00
  0.189867E+01 -0.199516E+00  0.136936E-01  0.000000E+00  0.000000E+00  0.000000E+00  0.000000E+00
  0.183701E+01 -0.204494E+00 -0.993772E-02  0.000000E+00  0.000000E+00  0.000000E+00  0.000000E+00
  0.277703E+01  0.393852E+00 -0.129813E-01  0.000000E+00  0.000000E+00  0.000000E+00  0.000000E+00
  0.217756E+01 -0.240200E+00  0.157329E-01  0.000000E+00  0.000000E+00  0.000000E+00  0.000000E+00
  0.225173E+01  0.167705E-01  0.243145E+00  0.000000E+00  0.000000E+00  0.000000E+00  0.000000E+00
  0.268352E+01  0.313227E+00  0.174402E-01  0.000000E+00  0.000000E+00  0.000000E+00  0.000000E+00
  0.160531E+01 -0.164197E+00  0.516746E-04  0.000000E+00  0.000000E+00  0.000000E+00  0.000000E+00
  0.183461E+01 -0.215986E+00  0.589409E-02  0.000000E+00  0.000000E+00  0.000000E+00  0.000000E+00
  0.223664E+01 -0.324032E+00  0.131130E-03  0.000000E+00  0.000000E+00  0.000000E+00  0.000000E+00
  0.276469E+01  0.973455E-02  0.421601E+00  0.000000E+00  0.000000E+00  0.000000E+00  0.000000E+00
  0.235277E+01  0.326550E+00  0.956423E-02  0.000000E+00  0.000000E+00  0.000000E+00  0.000000E+00
  0.219099E+01 -0.272040E+00  0.123003E-01  0.000000E+00  0.000000E+00  0.000000E+00  0.000000E+00
  0.187487E+01  0.228420E+00 -0.463250E-02  0.000000E+00  0.000000E+00  0.000000E+00  0.000000E+00
  0.265268E+01 -0.317652E+00 -0.168203E-01  0.000000E+00  0.000000E+00  0.000000E+00  0.000000E+00
  0.163846E+01  0.548101E-02  0.168391E+00  0.000000E+00  0.000000E+00  0.000000E+00  0.000000E+00
  0.236806E+01  0.356842E+00 -0.127746E-02  0.000000E+00  0.000000E+00  0.000000E+00  0.000000E+00
  0.281537E+01  0.111571E-01  0.421097E+00  0.000000E+00  0.000000E+00  0.000000E+00  0.000000E+00
  0.242521E+01 -0.371094E+00  0.151427E-02  0.000000E+00  0.000000E+00  0.000000E+00  0.000000E+00
  0.194475E+01  0.127694E-01 -0.215046E+00  0.000000E+00  0.000000E+00  0.000000E+00  0.000000E+00
  0.228109E+01  0.550491E-02 -0.327060E+00  0.000000E+00  0.000000E+00  0.000000E+00  0.000000E+00
  0.220016E+01  0.273658E+00  0.123567E-01  0.000000E+00  0.000000E+00  0.000000E+00  0.000000E+00
  0.181972E+01  0.193449E+00  0.116195E-01  0.000000E+00  0.000000E+00  0.000000E+00  0.000000E+00
  0.227423E+01  0.108377E-01 -0.300582E+00  0.000000E+00  0.000000E+00  0.000000E+00  0.000000E+00
  0.236110E+01 -0.138299E-01  0.296188E+00  0.000000E+00  0.000000E+00  0.000000E+00  0.000000E+00
  0.229599E+01 -0.115979E-01  0.300368E+00  0.000000E+00  0.000000E+00  0.000000E+00  0.000000E+00
  0.224759E+01 -0.312087E+00 -0.741875E-02  0.000000E+00  0.000000E+00  0.000000E+00  0.000000E+00
  0.169008E+01  0.138122E-02 -0.185377E+00  0.000000E+00  0.000000E+00  0.000000E+00  0.000000E+00
  0.284082E+01  0.791790E-02  0.533091E-02  0.000000E+00  0.000000E+00  0.000000E+00  0.000000E+00
  0.284082E+01 -0.142535E+00  0.829504E-01  0.000000E+00  0.000000E+00  0.000000E+00  0.000000E+00
  0.284082E+01  0.454977E-01  0.211886E-01  0.000000E+00  0.000000E+00  0.000000E+00  0.000000E+00
  0.284082E+01 -0.455787E-01  0.239834E-01  0.000000E+00  0.000000E+00  0.000000E+00  0.000000E+00
  0.284082E+01  0.250211E-01  0.118079E-02  0.000000E+00  0.000000E+00  0.000000E+00  0.000000E+00
  0.284082E+01  0.257737E-02 -0.187293E-02  0.000000E+00  0.000000E+00  0.000000E+00  0.000000E+00
  0.284082E+01  0.101565E+00 -0.816409E-01  0.000000E+00  0.000000E+00  0.000000E+00  0.000000E+00
  0.284082E+01 -0.640203E-01 -0.111378E+00  0.000000E+00  0.000000E+00  0.000000E+00  0.000000E+00
  0.284082E+01 -0.117404E-01 -0.665744E-01  0.000000E+00  0.000000E+00  0.000000E+00  0.000000E+00
  0.284082E+01  0.417368E-01  0.222594E-01  0.000000E+00  0.000000E+00  0.000000E+00  0.000000E+00
  0.284082E+01 -0.502847E-01  0.946694E-01  0.000000E+00  0.000000E+00  0.000000E+00  0.000000E+00
  0.284082E+01  0.150569E+00 -0.784197E-01  0.000000E+00  0.000000E+00  0.000000E+00  0.000000E+00
  0.284082E+01  0.173114E+00 -0.206513E-01  0.000000E+00  0.000000E+00  0.000000E+00  0.000000E+00
  0.284082E+01  0.717284E-03  0.445406E-02  0.000000E+00  0.000000E+00  0.000000E+00  0.000000E+00
  0.284082E+01 -0.114987E-01 -0.145728E-01  0.000000E+00  0.000000E+00  0.000000E+00  0.000000E+00
  0.284082E+01 -0.202623E-01 -0.471258E-01  0.000000E+00  0.000000E+00  0.000000E+00  0.000000E+00
  0.284082E+01 -0.119432E+00 -0.121878E+00  0.000000E+00  0.000000E+00  0.000000E+00  0.000000E+00
  0.284082E+01 -0.124513E+00  0.633817E-01  0.000000E+00  0.000000E+00  0.000000E+00  0.000000E+00
  0.284082E+01 -0.296770E-01 -0.890263E-02  0.000000E+00  0.000000E+00  0.000000E+00  0.000000E+00
  0.284082E+01 -0.174089E+00 -0.143199E+00  0.000000E+00  0.000000E+00  0.000000E+00  0.000000E+00
  0.284082E+01  0.680905E-02 -0.193970E+00  0.000000E+00  0.000000E+00  0.000000E+00  0.000000E+00
  0.284082E+01  0.113934E-01  0.227323E+00  0.000000E+00  0.000000E+00  0.000000E+00  0.000000E+00
  0.284082E+01  0.132302E+00  0.353811E-01  0.000000E+00  0.000000E+00  0.000000E+00  0.000000E+00
  0.284082E+01  0.833176E-01  0.322096E-01  0.000000E+00  0.000000E+00  0.000000E+00  0.000000E+00
  0.284082E+01 -0.605159E-01  0.673380E-01  0.000000E+00  0.000000E+00  0.000000E+00  0.000000E+00
  0.284082E+01  0.333454E-01  0.111646E+00  0.000000E+00  0.000000E+00  0.000000E+00  0.000000E+00
  0.284082E+01  0.421416E-01  0.460819E-01  0.000000E+00  0.000000E+00  0.000000E+00  0.000000E+00
  0.284082E+01 -0.167454E+00  0.698298E-01  0.000000E+00  0.000000E+00  0.000000E+00  0.000000E+00
  0.284082E+01  0.375862E-01  0.603013E-02  0.000000E+00  0.000000E+00  0.000000E+00  0.000000E+00
  0.284082E+01 -0.564150E-01  0.164410E+00  0.000000E+00  0.000000E+00  0.000000E+00  0.000000E+00
  0.284082E+01  0.120135E+00 -0.171357E+00  0.000000E+00  0.000000E+00  0.000000E+00  0.000000E+00
  0.284082E+01  0.288254E-01 -0.794191E-01  0.000000E+00  0.000000E+00  0.000000E+00  0.000000E+00
  0.284082E+01  0.757872E-01 -0.180310E+00  0.000000E+00  0.000000E+00  0.000000E+00  0.000000E+00
  0.284082E+01  0.134469E-01 -0.876540E-02  0.000000E+00  0.000000E+00  0.000000E+00  0.000000E+00
  0.284082E+01 -0.128011E+00  0.358997E-01  0.000000E+00  0.000000E+00  0.000000E+00  0.000000E+00
  0.284082E+01 -0.992730E-01  0.538993E-02  0.000000E+00  0.000000E+00  0.000000E+00  0.000000E+00
  0.284082E+01  0.953905E-01 -0.209266E+00  0.000000E+00  0.000000E+00  0.000000E+00  0.000000E+00
  0.284082E+01  0.213033E+00  0.900919E-01  0.000000E+00  0.000000E+00  0.000000E+00  0.000000E+00
  0.284082E+01 -0.112681E+00 -0.898074E-01  0.000000E+00  0.000000E+00  0.000000E+00  0.000000E+00
  0.284082E+01 -0.620645E-01 -0.106241E-01  0.000000E+00  0.000000E+00  0.000000E+00  0.000000E+00
  0.284082E+01 -0.594313E-01 -0.377773E-01  0.000000E+00  0.000000E+00  0.000000E+00  0.000000E+00
  0.284082E+01 -0.963125E-01 -0.220740E-01  0.000000E+00  0.000000E+00  0.000000E+00  0.000000E+00
  0.284082E+01 -0.132744E-01 -0.122762E+00  0.000000E+00  0.000000E+00  0.000000E+00  0.000000E+00
  0.284082E+01 -0.469729E-01 -0.187991E+00  0.000000E+00  0.000000E+00  0.000000E+00  0.000000E+00
  0.284082E+01  0.677352E-01  0.166185E+00  0.000000E+00  0.000000E+00  0.000000E+00  0.000000E+00
  0.284082E+01 -0.179889E-01 -0.168066E-01  0.000000E+00  0.000000E+00  0.000000E+00  0.000000E+00
  0.284082E+01  0.370056E-01 -0.128810E+00  0.000000E+00  0.000000E+00  0.000000E+00  0.000000E+00
  0.284082E+01  0.734050E-01  0.115125E-01  0.000000E+00  0.000000E+00  0.000000E+00  0.000000E+00
  0.284082E+01 -0.277385E-01 -0.774446E-01  0.000000E+00  0.000000E+00  0.000000E+00  0.000000E+00
  0.284082E+01 -0.578546E-02  0.341304E-03  0.000000E+00  0.000000E+00  0.000000E+00  0.000000E+00
  0.284082E+01  0.360813E-01 -0.171949E-02  0.000000E+00  0.000000E+00  0.000000E+00  0.000000E+00
  0.284082E+01  0.575398E-01  0.213860E+00  0.000000E+00  0.000000E+00  0.000000E+00  0.000000E+00
  0.284082E+01 -0.862676E-01  0.881749E-01  0.000000E+00  0.000000E+00  0.000000E+00  0.000000E+00
  0.284082E+01 -0.198857E+00  0.694736E-01  0.000000E+00  0.000000E+00  0.000000E+00  0.000000E+00
  0.284082E+01 -0.137455E+00 -0.201569E+00  0.000000E+00  0.000000E+00  0.000000E+00  0.000000E+00
  0.284082E+01 -0.194961E-01  0.175315E+00  0.000000E+00  0.000000E+00  0.000000E+00  0.000000E+00
  0.284082E+01  0.214011E-01 -0.120752E+00  0.000000E+00  0.000000E+00  0.000000E+00  0.000000E+00
  0.284082E+01 -0.155109E+00 -0.570443E-01  0.000000E+00  0.000000E+00  0.000000E+00  0.000000E+00
  0.284082E+01  0.943196E-01  0.766765E-01  0.000000E+00  0.000000E+00  0.000000E+00  0.000000E+00
  0.284082E+01  0.869673E-01  0.129596E+00  0.000000E+00  0.000000E+00  0.000000E+00  0.000000E+00
  0.284082E+01  0.858317E-01 -0.171452E-01  0.000000E+00  0.000000E+00  0.000000E+00  0.000000E+00
  0.284082E+01  0.127532E+00  0.875225E-01  0.000000E+00  0.000000E+00  0.000000E+00  0.000000E+00
  0.284082E+01 -0.651324E-01 -0.426812E-01  0.000000E+00  0.000000E+00  0.000000E+00  0.000000E+00
  0.284082E+01 -0.161625E+00  0.144212E+00  0.000000E+00  0.000000E+00  0.000000E+00  0.000000E+00
  0.284082E+01  0.579547E-01  0.988029E-01  0.000000E+00  0.000000E+00  0.000000E+00  0.000000E+00
  0.284082E+01 -0.287148E-01  0.514427E-01  0.000000E+00  0.000000E+00  0.000000E+00  0.000000E+00
  0.284082E+01  0.671573E-01  0.129848E+00  0.000000E+00  0.000000E+00  0.000000E+00  0.000000E+00
  0.284082E+01 -0.236132E+00 -0.665757E-01  0.000000E+00  0.000000E+00  0.000000E+00  0.000000E+00
  0.284082E+01  0.752923E-02  0.258704E-01  0.000000E+00  0.000000E+00  0.000000E+00  0.000000E+00
  0.284082E+01 -0.483783E-01 -0.600525E-01  0.000000E+00  0.000000E+00  0.000000E+00  0.000000E+00
  0.284082E+01 -0.229234E-01 -0.522134E-01  0.000000E+00  0.000000E+00  0.000000E+00  0.000000E+00
  0.284082E+01 -0.111629E-01  0.819805E-01  0.000000E+00  0.000000E+00  0.000000E+00  0.000000E+00
  0.284082E+01 -0.852130E-01 -0.106980E+00  0.000000E+00  0.000000E+00  0.000000E+00  0.000000E+00
  0.284082E+01 -0.907523E-01  0.165049E+00  0.000000E+00  0.000000E+00  0.000000E+00  0.000000E+00
  0.284082E+01  0.357118E-02 -0.135359E+00  0.000000E+00  0.000000E+00  0.000000E+00  0.000000E+00
  0.284082E+01  0.394831E-01  0.182374E-01  0.000000E+00  0.000000E+00  0.000000E+00  0.000000E+00
  0.284082E+01  0.122080E+00  0.884502E-01  0.000000E+00  0.000000E+00  0.000000E+00  0.000000E+00
  0.284082E+01 -0.192357E+00 -0.704407E-01  0.000000E+00  0.000000E+00  0.000000E+00  0.000000E+00
  0.284082E+01 -0.780265E-01 -0.159980E-02  0.000000E+00  0.000000E+00  0.000000E+00  0.000000E+00
  0.284082E+01 -0.518167E-01  0.110228E+00  0.000000E+00  0.000000E+00  0.000000E+00  0.000000E+00
  0.284082E+01 -0.166734E+00 -0.900506E-03  0.000000E+00  0.000000E+00  0.000000E+00  0.000000E+00
  0.284082E+01 -0.929447E-01  0.193908E+00  0.000000E+00  0.000000E+00  0.000000E+00  0.000000E+00
  0.284082E+01  0.103863E+00 -0.479060E-02  0.000000E+00  0.000000E+00  0.000000E+00  0.000000E+00
  0.284082E+01  0.101894E+00 -0.528105E-01  0.000000E+00  0.000000E+00  0.000000E+00  0.000000E+00
  0.284082E+01 -0.350633E-01 -0.182059E-01  0.000000E+00  0.000000E+00  0.000000E+00  0.000000E+00
  0.284082E+01 -0.226647E+00  0.100682E+00  0.000000E+00  0.000000E+00  0.000000E+00  0.000000E+00
  0.284082E+01  0.562668E-01  0.638673E-02  0.000000E+00  0.000000E+00  0.000000E+00  0.000000E+00
  0.284082E+01  0.308872E-01  0.964733E-02  0.000000E+00  0.000000E+00  0.000000E+00  0.000000E+00
  0.284082E+01 -0.300180E-01  0.663003E-01  0.000000E+00  0.000000E+00  0.000000E+00  0.000000E+00
  0.284082E+01  0.536480E-01  0.577573E-01  0.000000E+00  0.000000E+00  0.000000E+00  0.000000E+00
  0.284082E+01 -0.131680E+00  0.982488E-01  0.000000E+00  0.000000E+00  0.000000E+00  0.000000E+00
  0.284082E+01  0.898661E-01 -0.351276E-02  0.000000E+00  0.000000E+00  0.000000E+00  0.000000E+00
  0.284082E+01 -0.141856E+00  0.108689E+00  0.000000E+00  0.000000E+00  0.000000E+00  0.000000E+00
  0.284082E+01  0.186050E-01  0.841774E-01  0.000000E+00  0.000000E+00  0.000000E+00  0.000000E+00
  0.284082E+01  0.104509E+00  0.789883E-01  0.000000E+00  0.000000E+00  0.000000E+00  0.000000E+00
  0.284082E+01 -0.855971E-01 -0.129000E+00  0.000000E+00  0.000000E+00  0.000000E+00  0.000000E+00
  0.284082E+01  0.209640E+00 -0.799675E-01  0.000000E+00  0.000000E+00  0.000000E+00  0.000000E+00
  0.284082E+01 -0.225493E+00 -0.283766E-01  0.000000E+00  0.000000E+00  0.000000E+00  0.000000E+00
  0.284082E+01 -0.450296E-01  0.218930E+00  0.000000E+00  0.000000E+00  0.000000E+00  0.000000E+00
  0.284082E+01 -0.740062E-01  0.637411E-02  0.000000E+00  0.000000E+00  0.000000E+00  0.000000E+00
