  0.232328E+01  0.175763E-01 -0.246033E+00  0.000000E+00  0.000000E+00  0.000000E+00  0.000000E+00
  0.278733E+01  0.413000E+00 -0.113440E-01  0.000000E+00  0.000000E+00  0.000000E+00  0.000000E+00
  0.281425E+01  0.300444E+00 -0.192329E-01  0.000000E+00  0.000000E+00  0.000000E+00  0.000000E+00
  0.162859E+01 -0.168169E+00 -0.374951E-02  0.000000E+00  0.000000E+00  0.000000E+00  0.000000E+00
  0.205584E+01  0.111686E-01 -0.248951E+00  0.000000E+00  0.000000E+00  0.000000E+00  0.000000E+00
  0.196190E+01  0.203449E+00 -0.150176E-01  0.000000E+00  0.000000E+00  0.000000E+00  0.000000E+00
  0.251634E+01 -0.160836E-01 -0.302287E+00  0.000000E+00  0.000000E+00  0.000000E+00  0.000000E+00
  0.257161E+01  0.934438E-02 -0.379211E+00  0.000000E+00  0.000000E+00  0.000000E+00  0.000000E+00
  0.266121E+01  0.341352E+00 -0.152944E-01  0.000000E+00  0.000000E+00  0.000000E+00  0.000000E+00
  0.207058E+01  0.280105E+00 -0.288793E-02  0.000000E+00  0.000000E+00  0.000000E+00  0.000000E+00
  0.243600E+01  0.369339E+00 -0.413993E-02  0.000000E+00  0.000000E+00  0.000000E+00  0.000000E+00
  0.195534E+01 -0.231837E+00 -0.997170E-02  0.000000E+00  0.000000E+00  0.000000E+00  0.000000E+00
  0.199493E+01  0.241083E+00 -0.995923E-02  0.000000E+00  0.000000E+00  0.000000E+00  0.000000E+00
  0.273714E+01 -0.958832E-02 -0.416281E+00  0.000000E+00  0.000000E+00  0.000000E+00  0.000000E+00
  0.218998E+01 -0.303420E+00 -0.589482E-02  0.000000E+00  0.000000E+00  0.000000E+00  0.000000E+00
  0.240397E+01  0.247896E+00 -0.184095E-01  0.000000E+00  0.000000E+00  0.000000E+00  0.000000E+00
  0.254985E+01  0.175196E-01 -0.287729E+00  0.000000E+00  0.000000E+00  0.000000E+00  0.000000E+00
  0.183568E+01 -0.192408E+00 -0.125585E-01  0.000000E+00  0.000000E+00  0.000000E+00  0.000000E+00
  0.185522E+01  0.187175E+00 -0.142061E-01  0.000000E+00  0.000000E+00  0.000000E+00  0.000000E+00
  0.230306E+01 -0.276834E+00 -0.145851E-01  0.000000E+00  0.000000E+00  0.000000E+00  0.000000E+00
  0.232345E+01  0.814178E-02 -0.327151E+00  0.000000E+00  0.000000E+00  0.000000E+00  0.000000E+00
  0.246448E+01 -0.277437E+00 -0.171711E-01  0.000000E+00  0.000000E+00  0.000000E+00  0.000000E+00
  0.202853E+01 -0.158310E-01 -0.210012E+00  0.000000E+00  0.000000E+00  0.000000E+00  0.000000E+00
  0.214669E+01  0.372188E-02 -0.297905E+00  0.000000E+00  0.000000E+00  0.000000E+00  0.000000E+00
  0.266019E+01 -0.125352E-01 -0.373139E+00  0.000000E+00  0.000000E+00  0.000000E+00  0.000000E+00
  0.171993E+01 -0.978152E-03 -0.193069E+00  0.000000E+00  0.000000E+00  0.000000E+00  0.000000E+00
  0.214278E+01  0.279280E-02 -0.298393E+00  0.000000E+00  0.000000E+00  0.000000E+00  0.000000E+00
  0.194109E+01 -0.931289E-02 -0.231274E+00  0.000000E+00  0.000000E+00  0.000000E+00  0.000000E+00
  0.195495E+01  0.199708E+00 -0.153200E-01  0.000000E+00  0.000000E+00  0.000000E+00  0.000000E+00
  0.283996E+01 -0.954000E-02 -0.440704E+00  0.000000E+00  0.000000E+00  0.000000E+00  0.000000E+00
  0.231437E+01 -0.140530E-01 -0.284273E+00  0.000000E+00  0.000000E+00  0.000000E+00  0.000000E+00
  0.277639E+01  0.199632E-01 -0.277316E+00  0.000000E+00  0.000000E+00  0.000000E+00  0.000000E+00
  0.175570E+01  0.973942E-02 -0.186292E+00  0.000000E+00  0.000000E+00  0.000000E+00  0.000000E+00
  0.250163E+01  0.108098E-01 -0.352673E+00  0.000000E+00  0.000000E+00  0.000000E+00  0.000000E+00
  0.280827E+01 -0.199368E-01 -0.282830E+00  0.000000E+00  0.000000E+00  0.000000E+00  0.000000E+00
  0.213329E+01  0.236020E+00 -0.152514E-01  0.000000E+00  0.000000E+00  0.000000E+00  0.000000E+00
  0.280898E+01 -0.100921E-01 -0.429032E+00  0.000000E+00  0.000000E+00  0.000000E+00  0.000000E+00
  0.242758E+01  0.296868E+00 -0.150922E-01  0.000000E+00  0.000000E+00  0.000000E+00  0.000000E+00
  0.195205E+01  0.251703E+00 -0.118146E-02  0.000000E+00  0.000000E+00  0.000000E+00  0.000000E+00
  0.202899E+01 -0.129841E-01 -0.231980E+00  0.000000E+00  0.000000E+00  0.000000E+00  0.000000E+00
  0.253396E+01  0.174205E-01 -0.286405E+00  0.000000E+00  0.000000E+00  0.000000E+00  0.000000E+00
  0.239923E+01  0.720695E-02 -0.349697E+00  0.000000E+00  0.000000E+00  0.000000E+00  0.000000E+00
  0.280262E+01 -0.189935E-01 -0.303869E+00  0.000000E+00  0.000000E+00  0.000000E+00  0.000000E+00
  0.248799E+01 -0.135847E-01 -0.325443E+00  0.000000E+00  0.000000E+00  0.000000E+00  0.000000E+00
  0.261178E+01  0.302349E+00 -0.173084E-01  0.000000E+00  0.000000E+00  0.000000E+00  0.000000E+00
  0.250407E+01  0.260982E-02 -0.389604E+00  0.000000E+00  0.000000E+00  0.000000E+00  0.000000E+00
  0.275659E+01 -0.610180E-02 -0.441896E+00  0.000000E+00  0.000000E+00  0.000000E+00  0.000000E+00
  0.263612E+01  0.760895E-02 -0.405003E+00  0.000000E+00  0.000000E+00  0.000000E+00  0.000000E+00
  0.275098E+01  0.158576E-01 -0.351177E+00  0.000000E+00  0.000000E+00  0.000000E+00  0.000000E+00
  0.283850E+01  0.371633E+00 -0.156425E-01  0.000000E+00  0.000000E+00  0.000000E+00  0.000000E+00
  0.184644E+01 -0.106241E-01 -0.203895E+00  0.000000E+00  0.000000E+00  0.000000E+00  0.000000E+00
  0.167358E+01 -0.174291E-02 -0.181041E+00  0.000000E+00  0.000000E+00  0.000000E+00  0.000000E+00
  0.282269E+01  0.289992E+00 -0.197355E-01  0.000000E+00  0.000000E+00  0.000000E+00  0.000000E+00
  0.258955E+01  0.111811E-01 -0.369737E+00  0.000000E+00  0.000000E+00  0.000000E+00  0.000000E+00
  0.251315E+01  0.146671E-01 -0.319102E+00  0.000000E+00  0.000000E+00  0.000000E+00  0.000000E+00
  0.280967E+01 -0.183913E-01 -0.317758E+00  0.000000E+00  0.000000E+00  0.000000E+00  0.000000E+00
  0.257887E+01  0.146956E-01 -0.332238E+00  0.000000E+00  0.000000E+00  0.000000E+00  0.000000E+00
  0.173035E+01  0.103766E-01 -0.178188E+00  0.000000E+00  0.000000E+00  0.000000E+00  0.000000E+00
  0.255157E+01  0.332573E+00 -0.141767E-01  0.000000E+00  0.000000E+00  0.000000E+00  0.000000E+00
  0.211254E+01  0.239712E+00 -0.143376E-01  0.000000E+00  0.000000E+00  0.000000E+00  0.000000E+00
  0.266184E+01  0.264510E+00 -0.197572E-01  0.000000E+00  0.000000E+00  0.000000E+00  0.000000E+00
  0.262129E+01  0.187749E-01 -0.278267E+00  0.000000E+00  0.000000E+00  0.000000E+00  0.000000E+00
  0.224192E+01 -0.540570E-02 -0.317676E+00  0.000000E+00  0.000000E+00  0.000000E+00  0.000000E+00
  0.167890E+01  0.181227E+00 -0.330163E-02  0.000000E+00  0.000000E+00  0.000000E+00  0.000000E+00
  0.231069E+01 -0.237036E+00 -0.180594E-01  0.000000E+00  0.000000E+00  0.000000E+00  0.000000E+00
  0.251869E+01 -0.472198E-02 -0.388327E+00  0.000000E+00  0.000000E+00  0.000000E+00  0.000000E+00
  0.222958E+01 -0.267215E+00 -0.139731E-01  0.000000E+00  0.000000E+00  0.000000E+00  0.000000E+00
  0.208979E+01  0.284449E+00 -0.323277E-02  0.000000E+00  0.000000E+00  0.000000E+00  0.000000E+00
  0.209184E+01  0.800075E-02 -0.272262E+00  0.000000E+00  0.000000E+00  0.000000E+00  0.000000E+00
  0.174387E+01  0.947593E-04 -0.199277E+00  0.000000E+00  0.000000E+00  0.000000E+00  0.000000E+00
  0.238349E+01 -0.379308E-02 -0.357035E+00  0.000000E+00  0.000000E+00  0.000000E+00  0.000000E+00
  0.232361E+01  0.817309E-02 -0.327039E+00  0.000000E+00  0.000000E+00  0.000000E+00  0.000000E+00
  0.199911E+01 -0.252775E+00 -0.718209E-02  0.000000E+00  0.000000E+00  0.000000E+00  0.000000E+00
  0.231542E+01  0.237947E+00 -0.180535E-01  0.000000E+00  0.000000E+00  0.000000E+00  0.000000E+00
  0.182189E+01  0.218031E+00 -0.238503E-02  0.000000E+00  0.000000E+00  0.000000E+00  0.000000E+00
  0.174095E+01  0.276801E-02 -0.197318E+00  0.000000E+00  0.000000E+00  0.000000E+00  0.000000E+00
  0.212388E+01 -0.233507E+00 -0.153198E-01  0.000000E+00  0.000000E+00  0.000000E+00  0.000000E+00
  0.250158E+01 -0.166523E-01 -0.291719E+00  0.000000E+00  0.000000E+00  0.000000E+00  0.000000E+00
  0.219781E+01  0.281245E-02 -0.312210E+00  0.000000E+00  0.000000E+00  0.000000E+00  0.000000E+00
  0.186357E+01  0.228758E+00 -0.211725E-02  0.000000E+00  0.000000E+00  0.000000E+00  0.000000E+00
  0.197704E+01 -0.132900E-02 -0.257946E+00  0.000000E+00  0.000000E+00  0.000000E+00  0.000000E+00
  0.275929E+01 -0.195214E-01 -0.285092E+00  0.000000E+00  0.000000E+00  0.000000E+00  0.000000E+00
  0.164124E+01  0.252053E-02 -0.172413E+00  0.000000E+00  0.000000E+00  0.000000E+00  0.000000E+00
  0.261719E+01 -0.375183E+00 -0.112772E-01  0.000000E+00  0.000000E+00  0.000000E+00  0.000000E+00
  0.273221E+01  0.449131E+00 -0.101689E-02  0.000000E+00  0.000000E+00  0.000000E+00  0.000000E+00
  0.262707E+01 -0.289071E+00 -0.182471E-01  0.000000E+00  0.000000E+00  0.000000E+00  0.000000E+00
  0.231861E+01  0.142513E-01 -0.283281E+00  0.000000E+00  0.000000E+00  0.000000E+00  0.000000E+00
  0.213675E+01 -0.154921E-01 -0.234471E+00  0.000000E+00  0.000000E+00  0.000000E+00  0.000000E+00
  0.271996E+01  0.415585E+00 -0.912757E-02  0.000000E+00  0.000000E+00  0.000000E+00  0.000000E+00
  0.217270E+01 -0.119463E-01 -0.270427E+00  0.000000E+00  0.000000E+00  0.000000E+00  0.000000E+00
  0.258108E+01 -0.101444E-01 -0.375863E+00  0.000000E+00  0.000000E+00  0.000000E+00  0.000000E+00
  0.215924E+01  0.277681E+00 -0.102490E-01  0.000000E+00  0.000000E+00  0.000000E+00  0.000000E+00
  0.191142E+01  0.728539E-02 -0.231206E+00  0.000000E+00  0.000000E+00  0.000000E+00  0.000000E+00
  0.181155E+01 -0.210135E+00 -0.597838E-02  0.000000E+00  0.000000E+00  0.000000E+00  0.000000E+00
  0.206312E+01  0.241469E+00 -0.126700E-01  0.000000E+00  0.000000E+00  0.000000E+00  0.000000E+00
  0.200306E+01  0.200772E+00 -0.163086E-01  0.000000E+00  0.000000E+00  0.000000E+00  0.000000E+00
  0.228952E+01 -0.107415E-01 -0.304691E+00  0.000000E+00  0.000000E+00  0.000000E+00  0.000000E+00
  0.226386E+01 -0.157673E-01 -0.256811E+00  0.000000E+00  0.000000E+00  0.000000E+00  0.000000E+00
  0.254090E+01  0.925994E-02 -0.372542E+00  0.000000E+00  0.000000E+00  0.000000E+00  0.000000E+00
  0.219558E+01  0.621847E-02 -0.303784E+00  0.000000E+00  0.000000E+00  0.000000E+00  0.000000E+00
  0.252455E+01 -0.193328E-01 -0.251663E+00  0.000000E+00  0.000000E+00  0.000000E+00  0.000000E+00
  0.279505E+01  0.190725E-01 -0.300896E+00  0.000000E+00  0.000000E+00  0.000000E+00  0.000000E+00
  0.180847E+01 -0.273635E-02 -0.214337E+00  0.000000E+00  0.000000E+00  0.000000E+00  0.000000E+00
  0.191857E+01 -0.103583E-01 -0.221624E+00  0.000000E+00  0.000000E+00  0.000000E+00  0.000000E+00
  0.249538E+01  0.182306E-01 -0.266555E+00  0.000000E+00  0.000000E+00  0.000000E+00  0.000000E+00
  0.229191E+01 -0.161082E-01 -0.258507E+00  0.000000E+00  0.000000E+00  0.000000E+00  0.000000E+00
  0.167919E+01 -0.110421E-02 -0.182724E+00  0.000000E+00  0.000000E+00  0.000000E+00  0.000000E+00
  0.197452E+01 -0.844015E-03 -0.257526E+00  0.000000E+00  0.000000E+00  0.000000E+00  0.000000E+00
  0.248014E+01 -0.189621E-01 -0.251348E+00  0.000000E+00  0.000000E+00  0.000000E+00  0.000000E+00
  0.214870E+01  0.247591E+00 -0.142928E-01  0.000000E+00  0.000000E+00  0.000000E+00  0.000000E+00
  0.219894E+01  0.233154E+00 -0.167774E-01  0.000000E+00  0.000000E+00  0.000000E+00  0.000000E+00
  0.258416E+01  0.369509E+00 -0.110599E-01  0.000000E+00  0.000000E+00  0.000000E+00  0.000000E+00
  0.187639E+01 -0.215976E+00 -0.933844E-02  0.000000E+00  0.000000E+00  0.000000E+00  0.000000E+00
  0.215277E+01  0.286892E+00 -0.799688E-02  0.000000E+00  0.000000E+00  0.000000E+00  0.000000E+00
  0.282527E+01 -0.654225E-02 -0.456579E+00  0.000000E+00  0.000000E+00  0.000000E+00  0.000000E+00
  0.187915E+01 -0.707918E-02 -0.223969E+00  0.000000E+00  0.000000E+00  0.000000E+00  0.000000E+00
  0.263175E+01  0.147363E-01 -0.342565E+00  0.000000E+00  0.000000E+00  0.000000E+00  0.000000E+00
  0.219333E+01 -0.395199E-02 -0.309135E+00  0.000000E+00  0.000000E+00  0.000000E+00  0.000000E+00
  0.237832E+01  0.358464E-02 -0.356186E+00  0.000000E+00  0.000000E+00  0.000000E+00  0.000000E+00
  0.253235E+01 -0.264966E+00 -0.186881E-01  0.000000E+00  0.000000E+00  0.000000E+00  0.000000E+00
  0.274705E+01  0.506133E-02 -0.443873E+00  0.000000E+00  0.000000E+00  0.000000E+00  0.000000E+00
  0.260598E+01  0.174749E-01 -0.298597E+00  0.000000E+00  0.000000E+00  0.000000E+00  0.000000E+00
  0.182842E+01  0.220644E+00 -0.481292E-03  0.000000E+00  0.000000E+00  0.000000E+00  0.000000E+00
  0.196236E+01  0.876445E-02 -0.238438E+00  0.000000E+00  0.000000E+00  0.000000E+00  0.000000E+00
  0.228940E+01 -0.169723E-01 -0.247727E+00  0.000000E+00  0.000000E+00  0.000000E+00  0.000000E+00
  0.201466E+01 -0.251110E+00 -0.869598E-02  0.000000E+00  0.000000E+00  0.000000E+00  0.000000E+00
  0.186837E+01  0.161086E-02 -0.230320E+00  0.000000E+00  0.000000E+00  0.000000E+00  0.000000E+00
  0.172629E+01  0.178748E+00 -0.994488E-02  0.000000E+00  0.000000E+00  0.000000E+00  0.000000E+00
  0.267229E+01  0.313209E+00 -0.173201E-01  0.000000E+00  0.000000E+00  0.000000E+00  0.000000E+00
  0.262200E+01 -0.351482E+00 -0.138060E-01  0.000000E+00  0.000000E+00  0.000000E+00  0.000000E+00
  0.281849E+01 -0.198297E-01 -0.287040E+00  0.000000E+00  0.000000E+00  0.000000E+00  0.000000E+00
  0.243805E+01 -0.318430E+00 -0.132065E-01  0.000000E+00  0.000000E+00  0.000000E+00  0.000000E+00
  0.196167E+01 -0.212192E+00 -0.137932E-01  0.000000E+00  0.000000E+00  0.000000E+00  0.000000E+00
  0.177453E+01  0.370061E-02 -0.204759E+00  0.000000E+00  0.000000E+00  0.000000E+00  0.000000E+00
  0.266811E+01  0.593286E-02 -0.420896E+00  0.000000E+00  0.000000E+00  0.000000E+00  0.000000E+00
  0.183546E+01  0.215188E+00 -0.634223E-02  0.000000E+00  0.000000E+00  0.000000E+00  0.000000E+00
  0.258562E+01 -0.608063E-02 -0.400005E+00  0.000000E+00  0.000000E+00  0.000000E+00  0.000000E+00
  0.180077E+01  0.117338E-01 -0.188685E+00  0.000000E+00  0.000000E+00  0.000000E+00  0.000000E+00
  0.236367E+01 -0.246810E+00 -0.180258E-01  0.000000E+00  0.000000E+00  0.000000E+00  0.000000E+00
  0.179786E+01 -0.981879E-02 -0.195835E+00  0.000000E+00  0.000000E+00  0.000000E+00  0.000000E+00
  0.246904E+01  0.382316E+00 -0.135070E-02  0.000000E+00  0.000000E+00  0.000000E+00  0.000000E+00
  0.237282E+01  0.275147E+00 -0.160273E-01  0.000000E+00  0.000000E+00  0.000000E+00  0.000000E+00
  0.212111E+01 -0.131110E-01 -0.250996E+00  0.000000E+00  0.000000E+00  0.000000E+00  0.000000E+00
  0.258934E+01 -0.105858E-01 -0.374448E+00  0.000000E+00  0.000000E+00  0.000000E+00  0.000000E+00
  0.283950E+01 -0.183359E-01 -0.324019E+00  0.000000E+00  0.000000E+00  0.000000E+00  0.000000E+00
  0.250576E+01 -0.351927E+00 -0.110316E-01  0.000000E+00  0.000000E+00  0.000000E+00  0.000000E+00
  0.278465E+01  0.919194E-02 -0.430363E+00  0.000000E+00  0.000000E+00  0.000000E+00  0.000000E+00
  0.276042E+01  0.453864E+00 -0.275564E-02  0.000000E+00  0.000000E+00  0.000000E+00  0.000000E+00
  0.172530E+01  0.169891E-02 -0.194128E+00  0.000000E+00  0.000000E+00  0.000000E+00  0.000000E+00
  0.228190E+01  0.266010E+00 -0.152342E-01  0.000000E+00  0.000000E+00  0.000000E+00  0.000000E+00
  0.163030E+01 -0.604827E-03 -0.170474E+00  0.000000E+00  0.000000E+00  0.000000E+00  0.000000E+00
  0.232885E+01 -0.297487E+00 -0.129091E-01  0.000000E+00  0.000000E+00  0.000000E+00  0.000000E+00
  0.179078E+01  0.908395E-02 -0.196723E+00  0.000000E+00  0.000000E+00  0.000000E+00  0.000000E+00
  0.181157E+01  0.460692E-02 -0.212713E+00  0.000000E+00  0.000000E+00  0.000000E+00  0.000000E+00
  0.194557E+01  0.231377E+00 -0.954568E-02  0.000000E+00  0.000000E+00  0.000000E+00  0.000000E+00
  0.262636E+01  0.401233E+00 -0.786650E-02  0.000000E+00  0.000000E+00  0.000000E+00  0.000000E+00
  0.229712E+01 -0.259310E+00 -0.161263E-01  0.000000E+00  0.000000E+00  0.000000E+00  0.000000E+00
  0.213873E+01 -0.253152E+00 -0.133311E-01  0.000000E+00  0.000000E+00  0.000000E+00  0.000000E+00
  0.260924E+01 -0.310148E+00 -0.167787E-01  0.000000E+00  0.000000E+00  0.000000E+00  0.000000E+00
  0.269478E+01  0.192833E-01 -0.280047E+00  0.000000E+00  0.000000E+00  0.000000E+00  0.000000E+00
  0.185364E+01 -0.634768E-02 -0.219628E+00  0.000000E+00  0.000000E+00  0.000000E+00  0.000000E+00
  0.217121E+01 -0.240641E+00 -0.155617E-01  0.000000E+00  0.000000E+00  0.000000E+00  0.000000E+00
  0.231344E+01 -0.177998E-01 -0.241188E+00  0.000000E+00  0.000000E+00  0.000000E+00  0.000000E+00
  0.244902E+01 -0.980517E-03 -0.377514E+00  0.000000E+00  0.000000E+00  0.000000E+00  0.000000E+00
  0.196278E+01  0.638967E-03 -0.254617E+00  0.000000E+00  0.000000E+00  0.000000E+00  0.000000E+00
  0.195516E+01 -0.132264E-01 -0.214499E+00  0.000000E+00  0.000000E+00  0.000000E+00  0.000000E+00
  0.275306E+01  0.372092E+00 -0.143741E-01  0.000000E+00  0.000000E+00  0.000000E+00  0.000000E+00
  0.207610E+01 -0.139278E-01 -0.235339E+00  0.000000E+00  0.000000E+00  0.000000E+00  0.000000E+00
  0.201341E+01  0.978202E-02 -0.246190E+00  0.000000E+00  0.000000E+00  0.000000E+00  0.000000E+00
  0.212569E+01  0.106609E-01 -0.267688E+00  0.000000E+00  0.000000E+00  0.000000E+00  0.000000E+00
  0.268536E+01  0.405446E+00 -0.941138E-02  0.000000E+00  0.000000E+00  0.000000E+00  0.000000E+00
  0.220906E+01  0.179553E-01 -0.220613E+00  0.000000E+00  0.000000E+00  0.000000E+00  0.000000E+00
  0.179853E+01  0.106904E-02 -0.212921E+00  0.000000E+00  0.000000E+00  0.000000E+00  0.000000E+00
  0.172273E+01 -0.179159E+00 -0.956867E-02  0.000000E+00  0.000000E+00  0.000000E+00  0.000000E+00
  0.280179E+01  0.440102E+00 -0.837896E-02  0.000000E+00  0.000000E+00  0.000000E+00  0.000000E+00
  0.222199E+01 -0.251738E+00 -0.154595E-01  0.000000E+00  0.000000E+00  0.000000E+00  0.000000E+00
  0.202878E+01 -0.268591E+00 -0.359380E-02  0.000000E+00  0.000000E+00  0.000000E+00  0.000000E+00
  0.162624E+01  0.169014E+00 -0.188414E-02  0.000000E+00  0.000000E+00  0.000000E+00  0.000000E+00
  0.166526E+01 -0.360276E-02 -0.177504E+00  0.000000E+00  0.000000E+00  0.000000E+00  0.000000E+00
  0.211854E+01  0.153957E-01 -0.231744E+00  0.000000E+00  0.000000E+00  0.000000E+00  0.000000E+00
  0.220256E+01  0.311055E+00 -0.413925E-02  0.000000E+00  0.000000E+00  0.000000E+00  0.000000E+00
  0.184105E+01  0.102951E-01 -0.204019E+00  0.000000E+00  0.000000E+00  0.000000E+00  0.000000E+00
  0.204534E+01  0.218564E+00 -0.152292E-01  0.000000E+00  0.000000E+00  0.000000E+00  0.000000E+00
  0.283084E+01 -0.415330E+00 -0.120873E-01  0.000000E+00  0.000000E+00  0.000000E+00  0.000000E+00
  0.224480E+01 -0.112790E-01 -0.291028E+00  0.000000E+00  0.000000E+00  0.000000E+00  0.000000E+00
  0.203703E+01  0.214774E+00 -0.154784E-01  0.000000E+00  0.000000E+00  0.000000E+00  0.000000E+00
  0.253698E+01 -0.162481E-01 -0.304058E+00  0.000000E+00  0.000000E+00  0.000000E+00  0.000000E+00
  0.230888E+01 -0.150885E-01 -0.272948E+00  0.000000E+00  0.000000E+00  0.000000E+00  0.000000E+00
  0.178153E+01 -0.193549E+00 -0.938278E-02  0.000000E+00  0.000000E+00  0.000000E+00  0.000000E+00
  0.217543E+01  0.131945E-01 -0.262068E+00  0.000000E+00  0.000000E+00  0.000000E+00  0.000000E+00
  0.215284E+01 -0.115455E-01 -0.268593E+00  0.000000E+00  0.000000E+00  0.000000E+00  0.000000E+00
  0.246681E+01 -0.940580E-02 -0.354219E+00  0.000000E+00  0.000000E+00  0.000000E+00  0.000000E+00
  0.219871E+01 -0.269501E+00 -0.128786E-01  0.000000E+00  0.000000E+00  0.000000E+00  0.000000E+00
  0.178637E+01  0.196637E+00 -0.878676E-02  0.000000E+00  0.000000E+00  0.000000E+00  0.000000E+00
  0.202312E+01 -0.269972E+00 -0.163302E-03  0.000000E+00  0.000000E+00  0.000000E+00  0.000000E+00
  0.226467E+01 -0.324972E+00 -0.480013E-02  0.000000E+00  0.000000E+00  0.000000E+00  0.000000E+00
  0.188038E+01 -0.612029E-02 -0.226724E+00  0.000000E+00  0.000000E+00  0.000000E+00  0.000000E+00
  0.232320E+01  0.309667E+00 -0.111460E-01  0.000000E+00  0.000000E+00  0.000000E+00  0.000000E+00
  0.246152E+01  0.128742E-03 -0.380966E+00  0.000000E+00  0.000000E+00  0.000000E+00  0.000000E+00
  0.188056E+01  0.675558E-02 -0.225183E+00  0.000000E+00  0.000000E+00  0.000000E+00  0.000000E+00
  0.218285E+01 -0.622023E-02 -0.300656E+00  0.000000E+00  0.000000E+00  0.000000E+00  0.000000E+00
  0.215325E+01  0.104216E-01 -0.275348E+00  0.000000E+00  0.000000E+00  0.000000E+00  0.000000E+00
  0.162876E+01  0.447635E-02 -0.167384E+00  0.000000E+00  0.000000E+00  0.000000E+00  0.000000E+00
  0.231410E+01 -0.669756E-02 -0.331085E+00  0.000000E+00  0.000000E+00  0.000000E+00  0.000000E+00
  0.189820E+01  0.209247E+00 -0.119712E-01  0.000000E+00  0.000000E+00  0.000000E+00  0.000000E+00
  0.264837E+01 -0.155566E-01 -0.335258E+00  0.000000E+00  0.000000E+00  0.000000E+00  0.000000E+00
  0.179929E+01  0.120050E-01 -0.187107E+00  0.000000E+00  0.000000E+00  0.000000E+00  0.000000E+00
  0.214707E+01  0.105411E-01 -0.273261E+00  0.000000E+00  0.000000E+00  0.000000E+00  0.000000E+00
  0.277549E+01  0.964039E-02 -0.424849E+00  0.000000E+00  0.000000E+00  0.000000E+00  0.000000E+00
  0.196317E+01  0.159587E-01 -0.196131E+00  0.000000E+00  0.000000E+00  0.000000E+00  0.000000E+00
  0.233139E+01  0.162185E-01 -0.264850E+00  0.000000E+00  0.000000E+00  0.000000E+00  0.000000E+00
  0.274188E+01  0.961750E-02 -0.417171E+00  0.000000E+00  0.000000E+00  0.000000E+00  0.000000E+00
  0.239085E+01 -0.315442E+00 -0.123793E-01  0.000000E+00  0.000000E+00  0.000000E+00  0.000000E+00
  0.196704E+01  0.419990E-02 -0.252145E+00  0.000000E+00  0.000000E+00  0.000000E+00  0.000000E+00
  0.241650E+01 -0.115365E-01 -0.327870E+00  0.000000E+00  0.000000E+00  0.000000E+00  0.000000E+00
  0.178968E+01 -0.116378E-01 -0.186634E+00  0.000000E+00  0.000000E+00  0.000000E+00  0.000000E+00
  0.245526E+01 -0.132153E-01 -0.322047E+00  0.000000E+00  0.000000E+00  0.000000E+00  0.000000E+00
  0.247938E+01 -0.328029E+00 -0.131318E-01  0.000000E+00  0.000000E+00  0.000000E+00  0.000000E+00
  0.198296E+01  0.221631E+00 -0.130455E-01  0.000000E+00  0.000000E+00  0.000000E+00  0.000000E+00
  0.234307E+01 -0.746301E-02 -0.334977E+00  0.000000E+00  0.000000E+00  0.000000E+00  0.000000E+00
  0.235979E+01  0.351999E+00 -0.335615E-02  0.000000E+00  0.000000E+00  0.000000E+00  0.000000E+00
  0.267777E+01 -0.312058E+00 -0.174477E-01  0.000000E+00  0.000000E+00  0.000000E+00  0.000000E+00
  0.243595E+01  0.374496E+00 -0.254570E-04  0.000000E+00  0.000000E+00  0.000000E+00  0.000000E+00
  0.280895E+01 -0.181755E-01 -0.321977E+00  0.000000E+00  0.000000E+00  0.000000E+00  0.000000E+00
  0.235263E+01  0.161537E-01 -0.269720E+00  0.000000E+00  0.000000E+00  0.000000E+00  0.000000E+00
  0.284082E+01  0.460283E-01  0.602125E-01  0.000000E+00  0.000000E+00  0.000000E+00  0.000000E+00
  0.284082E+01 -0.102739E-01  0.478458E-01  0.000000E+00  0.000000E+00  0.000000E+00  0.000000E+00
  0.284082E+01 -0.855546E-01  0.165010E+00  0.000000E+00  0.000000E+00  0.000000E+00  0.000000E+00
  0.284082E+01  0.801260E-02  0.371106E-01  0.000000E+00  0.000000E+00  0.000000E+00  0.000000E+00
  0.284082E+01 -0.804319E-01  0.150107E+00  0.000000E+00  0.000000E+00  0.000000E+00  0.000000E+00
  0.284082E+01  0.172008E-01 -0.629758E-01  0.000000E+00  0.000000E+00  0.000000E+00  0.000000E+00
  0.284082E+01 -0.326852E-01 -0.140324E-01  0.000000E+00  0.000000E+00  0.000000E+00  0.000000E+00
  0.284082E+01 -0.105915E+00  0.134198E+00  0.000000E+00  0.000000E+00  0.000000E+00  0.000000E+00
  0.284082E+01  0.574146E-03  0.853570E-01  0.000000E+00  0.000000E+00  0.000000E+00  0.000000E+00
  0.284082E+01 -0.106591E+00 -0.572628E-01  0.000000E+00  0.000000E+00  0.000000E+00  0.000000E+00
  0.284082E+01  0.106413E+00 -0.423947E-01  0.000000E+00  0.000000E+00  0.000000E+00  0.000000E+00
  0.284082E+01 -0.817040E-01 -0.326509E-01  0.000000E+00  0.000000E+00  0.000000E+00  0.000000E+00
  0.284082E+01  0.385980E-01 -0.140024E-01  0.000000E+00  0.000000E+00  0.000000E+00  0.000000E+00
  0.284082E+01  0.651312E-01  0.526203E-01  0.000000E+00  0.000000E+00  0.000000E+00  0.000000E+00
  0.284082E+01  0.103374E-01 -0.211096E+00  0.000000E+00  0.000000E+00  0.000000E+00  0.000000E+00
  0.284082E+01 -0.436178E-02 -0.172294E-01  0.000000E+00  0.000000E+00  0.000000E+00  0.000000E+00
  0.284082E+01  0.838814E-01  0.157540E+00  0.000000E+00  0.000000E+00  0.000000E+00  0.000000E+00
  0.284082E+01  0.817546E-01 -0.482229E-01  0.000000E+00  0.000000E+00  0.000000E+00  0.000000E+00
  0.284082E+01  0.862759E-02 -0.112185E-01  0.000000E+00  0.000000E+00  0.000000E+00  0.000000E+00
  0.284082E+01  0.192099E-02  0.556228E-02  0.000000E+00  0.000000E+00  0.000000E+00  0.000000E+00
  0.284082E+01 -0.755079E-01  0.328602E-02  0.000000E+00  0.000000E+00  0.000000E+00  0.000000E+00
  0.284082E+01  0.116822E+00  0.727203E-02  0.000000E+00  0.000000E+00  0.000000E+00  0.000000E+00
  0.284082E+01 -0.116549E+00 -0.596771E-01  0.000000E+00  0.000000E+00  0.000000E+00  0.000000E+00
  0.284082E+01  0.369804E-02  0.549993E-01  0.000000E+00  0.000000E+00  0.000000E+00  0.000000E+00
  0.284082E+01 -0.292013E-01 -0.146466E-01  0.000000E+00  0.000000E+00  0.000000E+00  0.000000E+00
  0.284082E+01  0.137970E+00 -0.215648E-01  0.000000E+00  0.000000E+00  0.000000E+00  0.000000E+00
  0.284082E+01  0.127927E-01  0.100294E-01  0.000000E+00  0.000000E+00  0.000000E+00  0.000000E+00
  0.284082E+01 -0.303189E-01  0.185327E+00  0.000000E+00  0.000000E+00  0.000000E+00  0.000000E+00
  0.284082E+01  0.258592E-01 -0.104217E+00  0.000000E+00  0.000000E+00  0.000000E+00  0.000000E+00
  0.284082E+01 -0.524983E-01  0.592465E-01  0.000000E+00  0.000000E+00  0.000000E+00  0.000000E+00
  0.284082E+01  0.603483E-01  0.486546E-01  0.000000E+00  0.000000E+00  0.000000E+00  0.000000E+00
  0.284082E+01  0.439478E-01 -0.841795E-01  0.000000E+00  0.000000E+00  0.000000E+00  0.000000E+00
  0.284082E+01  0.718122E-01  0.270209E-01  0.000000E+00  0.000000E+00  0.000000E+00  0.000000E+00
  0.284082E+01 -0.952522E-01  0.155150E+00  0.000000E+00  0.000000E+00  0.000000E+00  0.000000E+00
  0.284082E+01 -0.270686E-01 -0.229654E+00  0.000000E+00  0.000000E+00  0.000000E+00  0.000000E+00
  0.284082E+01  0.238601E-01 -0.235906E+00  0.000000E+00  0.000000E+00  0.000000E+00  0.000000E+00
  0.284082E+01 -0.460990E-01  0.752410E-01  0.000000E+00  0.000000E+00  0.000000E+00  0.000000E+00
  0.284082E+01 -0.193191E+00 -0.388671E-02  0.000000E+00  0.000000E+00  0.000000E+00  0.000000E+00
  0.284082E+01 -0.116870E+00 -0.121559E-01  0.000000E+00  0.000000E+00  0.000000E+00  0.000000E+00
  0.284082E+01 -0.265073E-01 -0.171765E-01  0.000000E+00  0.000000E+00  0.000000E+00  0.000000E+00
  0.284082E+01 -0.115920E+00  0.179825E-01  0.000000E+00  0.000000E+00  0.000000E+00  0.000000E+00
  0.284082E+01 -0.100774E+00 -0.215613E+00  0.000000E+00  0.000000E+00  0.000000E+00  0.000000E+00
  0.284082E+01  0.147804E+00 -0.113366E+00  0.000000E+00  0.000000E+00  0.000000E+00  0.000000E+00
  0.284082E+01  0.352010E-01  0.678172E-01  0.000000E+00  0.000000E+00  0.000000E+00  0.000000E+00
  0.284082E+01 -0.109092E+00 -0.615039E-02  0.000000E+00  0.000000E+00  0.000000E+00  0.000000E+00
  0.284082E+01  0.173610E+00 -0.903957E-01  0.000000E+00  0.000000E+00  0.000000E+00  0.000000E+00
  0.284082E+01  0.646771E-02  0.188816E+00  0.000000E+00  0.000000E+00  0.000000E+00  0.000000E+00
  0.284082E+01  0.421068E-01 -0.133004E+00  0.000000E+00  0.000000E+00  0.000000E+00  0.000000E+00
  0.284082E+01 -0.180498E-01  0.839415E-01  0.000000E+00  0.000000E+00  0.000000E+00  0.000000E+00
  0.284082E+01 -0.174016E-01 -0.938782E-01  0.000000E+00  0.000000E+00  0.000000E+00  0.000000E+00
  0.284082E+01 -0.152930E+00  0.143829E+00  0.000000E+00  0.000000E+00  0.000000E+00  0.000000E+00
  0.284082E+01  0.772851E-02 -0.830253E-02  0.000000E+00  0.000000E+00  0.000000E+00  0.000000E+00
  0.284082E+01 -0.268796E-01 -0.121635E+00  0.000000E+00  0.000000E+00  0.000000E+00  0.000000E+00
  0.284082E+01 -0.918665E-01 -0.682764E-01  0.000000E+00  0.000000E+00  0.000000E+00  0.000000E+00
  0.284082E+01 -0.529483E-01  0.924619E-01  0.000000E+00  0.000000E+00  0.000000E+00  0.000000E+00
  0.284082E+01  0.101639E+00 -0.896159E-02  0.000000E+00  0.000000E+00  0.000000E+00  0.000000E+00
  0.284082E+01 -0.208948E-01 -0.553270E-01  0.000000E+00  0.000000E+00  0.000000E+00  0.000000E+00
  0.284082E+01  0.648496E-01 -0.870760E-01  0.000000E+00  0.000000E+00  0.000000E+00  0.000000E+00
  0.284082E+01 -0.611740E-01  0.203973E+00  0.000000E+00  0.000000E+00  0.000000E+00  0.000000E+00
  0.284082E+01  0.260353E-01  0.499586E-01  0.000000E+00  0.000000E+00  0.000000E+00  0.000000E+00
  0.284082E+01 -0.638618E-01  0.176795E+00  0.000000E+00  0.000000E+00  0.000000E+00  0.000000E+00
  0.284082E+01 -0.274097E-01  0.756389E-01  0.000000E+00  0.000000E+00  0.000000E+00  0.000000E+00
  0.284082E+01 -0.178991E+00  0.751948E-01  0.000000E+00  0.000000E+00  0.000000E+00  0.000000E+00
  0.284082E+01  0.954255E-01  0.139462E+00  0.000000E+00  0.000000E+00  0.000000E+00  0.000000E+00
  0.284082E+01 -0.131874E+00  0.109877E+00  0.000000E+00  0.000000E+00  0.000000E+00  0.000000E+00
  0.284082E+01 -0.247915E-01 -0.319126E-01  0.000000E+00  0.000000E+00  0.000000E+00  0.000000E+00
  0.284082E+01  0.406558E-01 -0.524098E-01  0.000000E+00  0.000000E+00  0.000000E+00  0.000000E+00
  0.284082E+01  0.227614E+00 -0.555992E-01  0.000000E+00  0.000000E+00  0.000000E+00  0.000000E+00
  0.284082E+01  0.137489E-01  0.106665E+00  0.000000E+00  0.000000E+00  0.000000E+00  0.000000E+00
  0.284082E+01 -0.611014E-02 -0.136649E-01  0.000000E+00  0.000000E+00  0.000000E+00  0.000000E+00
  0.284082E+01 -0.116657E+00 -0.185266E+00  0.000000E+00  0.000000E+00  0.000000E+00  0.000000E+00
  0.284082E+01 -0.120956E+00  0.124055E-01  0.000000E+00  0.000000E+00  0.000000E+00  0.000000E+00
  0.284082E+01  0.135179E+00 -0.823654E-01  0.000000E+00  0.000000E+00  0.000000E+00  0.000000E+00
  0.284082E+01  0.220317E+00  0.205102E-01  0.000000E+00  0.000000E+00  0.000000E+00  0.000000E+00
  0.284082E+01  0.109418E-01 -0.255229E-01  0.000000E+00  0.000000E+00  0.000000E+00  0.000000E+00
  0.284082E+01 -0.865539E-01 -0.122347E+00  0.000000E+00  0.000000E+00  0.000000E+00  0.000000E+00
  0.284082E+01 -0.176286E+00 -0.138471E+00  0.000000E+00  0.000000E+00  0.000000E+00  0.000000E+00
  0.284082E+01 -0.830577E-01  0.203509E-01  0.000000E+00  0.000000E+00  0.000000E+00  0.000000E+00
  0.284082E+01 -0.208583E+00 -0.976151E-01  0.000000E+00  0.000000E+00  0.000000E+00  0.000000E+00
  0.284082E+01 -0.151001E+00  0.569371E-01  0.000000E+00  0.000000E+00  0.000000E+00  0.000000E+00
  0.284082E+01 -0.332895E-01 -0.135918E-01  0.000000E+00  0.000000E+00  0.000000E+00  0.000000E+00
  0.284082E+01 -0.979064E-01 -0.253383E-02  0.000000E+00  0.000000E+00  0.000000E+00  0.000000E+00
  0.284082E+01 -0.159633E-01 -0.551682E-01  0.000000E+00  0.000000E+00  0.000000E+00  0.000000E+00
  0.284082E+01  0.357059E-01  0.320606E-01  0.000000E+00  0.000000E+00  0.000000E+00  0.000000E+00
  0.284082E+01 -0.545779E-01 -0.501037E-01  0.000000E+00  0.000000E+00  0.000000E+00  0.000000E+00
  0.284082E+01 -0.148778E+00  0.220836E-01  0.000000E+00  0.000000E+00  0.000000E+00  0.000000E+00
  0.284082E+01 -0.884920E-02 -0.101350E-01  0.000000E+00  0.000000E+00  0.000000E+00  0.000000E+00
  0.284082E+01 -0.116153E-02  0.267635E-02  0.000000E+00  0.000000E+00  0.000000E+00  0.000000E+00
  0.284082E+01 -0.125681E+00 -0.181300E+00  0.000000E+00  0.000000E+00  0.000000E+00  0.000000E+00
  0.284082E+01  0.818275E-01  0.373586E-02  0.000000E+00  0.000000E+00  0.000000E+00  0.000000E+00
  0.284082E+01  0.185144E+00  0.167712E+00  0.000000E+00  0.000000E+00  0.000000E+00  0.000000E+00
  0.284082E+01  0.116263E+00  0.135626E+00  0.000000E+00  0.000000E+00  0.000000E+00  0.000000E+00
  0.284082E+01  0.460450E-01  0.162106E+00  0.000000E+00  0.000000E+00  0.000000E+00  0.000000E+00
  0.284082E+01 -0.105068E+00  0.176377E+00  0.000000E+00  0.000000E+00  0.000000E+00  0.000000E+00
  0.284082E+01 -0.359160E-02 -0.147680E+00  0.000000E+00  0.000000E+00  0.000000E+00  0.000000E+00
  0.284082E+01 -0.701469E-01  0.164528E-01  0.000000E+00  0.000000E+00  0.000000E+00  0.000000E+00
  0.284082E+01  0.713942E-01 -0.326732E-01  0.000000E+00  0.000000E+00  0.000000E+00  0.000000E+00
  0.284082E+01  0.123660E+00  0.203494E+00  0.000000E+00  0.000000E+00  0.000000E+00  0.000000E+00
  0.284082E+01 -0.118108E+00  0.209248E+00  0.000000E+00  0.000000E+00  0.000000E+00  0.000000E+00
  0.284082E+01 -0.241410E-01  0.980634E-02  0.000000E+00  0.000000E+00  0.000000E+00  0.000000E+00
