  0.271509E+01 -0.182655E-01 -0.303953E+00  0.000000E+00  0.000000E+00  0.000000E+00  0.000000E+00
  0.271951E+01 -0.179471E-01 -0.310688E+00  0.000000E+00  0.000000E+00  0.000000E+00  0.000000E+00
  0.198959E+01 -0.222899E+00 -0.130713E-01  0.000000E+00  0.000000E+00  0.000000E+00  0.000000E+00
  0.251659E+01  0.375256E+00 -0.778928E-02  0.000000E+00  0.000000E+00  0.000000E+00  0.000000E+00
  0.246511E+01 -0.149053E-01 -0.306584E+00  0.000000E+00  0.000000E+00  0.000000E+00  0.000000E+00
  0.197904E+01 -0.824926E-02  0.244323E+00  0.000000E+00  0.000000E+00  0.000000E+00  0.000000E+00
  0.194527E+01 -0.249532E+00 -0.191665E-02  0.000000E+00  0.000000E+00  0.000000E+00  0.000000E+00
  0.236132E+01 -0.175620E-01 -0.253084E+00  0.000000E+00  0.000000E+00  0.000000E+00  0.000000E+00
  0.197809E+01  0.205091E+00 -0.152258E-01  0.000000E+00  0.000000E+00  0.000000E+00  0.000000E+00
  0.269869E+01  0.432262E+00  0.495636E-02  0.000000E+00  0.000000E+00  0.000000E+00  0.000000E+00
  0.229973E+01 -0.321542E+00  0.812709E-02  0.000000E+00  0.000000E+00  0.000000E+00  0.000000E+00
  0.205577E+01  0.596282E-02  0.270215E+00  0.000000E+00  0.000000E+00  0.000000E+00  0.000000E+00
  0.263892E+01 -0.120237E-01  0.373395E+00  0.000000E+00  0.000000E+00  0.000000E+00  0.000000E+00
  0.233761E+01 -0.854729E-02 -0.328533E+00  0.000000E+00  0.000000E+00  0.000000E+00  0.000000E+00
  0.207151E+01  0.751002E-02  0.269194E+00  0.000000E+00  0.000000E+00  0.000000E+00  0.000000E+00
  0.248617E+01 -0.162523E-01 -0.294224E+00  0.000000E+00  0.000000E+00  0.000000E+00  0.000000E+00
  0.212240E+01 -0.294993E+00  0.711646E-03  0.000000E+00  0.000000E+00  0.000000E+00  0.000000E+00
  0.253072E+01 -0.294012E+00 -0.168751E-01  0.000000E+00  0.000000E+00  0.000000E+00  0.000000E+00
  0.233045E+01  0.818604E-02  0.328613E+00  0.000000E+00  0.000000E+00  0.000000E+00  0.000000E+00
  0.274573E+01  0.306916E+00 -0.183851E-01  0.000000E+00  0.000000E+00  0.000000E+00  0.000000E+00
  0.228135E+01  0.122602E-01 -0.292259E+00  0.000000E+00  0.000000E+00  0.000000E+00  0.000000E+00
  0.221136E+01 -0.316003E+00  0.253173E-02  0.000000E+00  0.000000E+00  0.000000E+00  0.000000E+00
  0.177084E+01 -0.104454E-01  0.187255E+00  0.000000E+00  0.000000E+00  0.000000E+00  0.000000E+00
  0.218110E+01 -0.853908E-02  0.291334E+00  0.000000E+00  0.000000E+00  0.000000E+00  0.000000E+00
  0.179549E+01 -0.206437E+00  0.585757E-02  0.000000E+00  0.000000E+00  0.000000E+00  0.000000E+00
  0.249494E+01  0.246634E+00 -0.193473E-01  0.000000E+00  0.000000E+00  0.000000E+00  0.000000E+00
  0.234198E+01  0.186528E-01  0.233507E+00  0.000000E+00  0.000000E+00  0.000000E+00  0.000000E+00
  0.200005E+01 -0.797519E-02 -0.250336E+00  0.000000E+00  0.000000E+00  0.000000E+00  0.000000E+00
  0.242277E+01  0.171111E-01 -0.270600E+00  0.000000E+00  0.000000E+00  0.000000E+00  0.000000E+00
  0.258203E+01 -0.335796E+00  0.144490E-01  0.000000E+00  0.000000E+00  0.000000E+00  0.000000E+00
  0.280974E+01 -0.327699E+00  0.178897E-01  0.000000E+00  0.000000E+00  0.000000E+00  0.000000E+00
  0.222814E+01  0.109897E-02 -0.321573E+00  0.000000E+00  0.000000E+00  0.000000E+00  0.000000E+00
  0.262861E+01 -0.419464E+00 -0.334741E-02  0.000000E+00  0.000000E+00  0.000000E+00  0.000000E+00
  0.201283E+01 -0.426033E-03  0.267334E+00  0.000000E+00  0.000000E+00  0.000000E+00  0.000000E+00
  0.274900E+01 -0.452235E+00 -0.204397E-02  0.000000E+00  0.000000E+00  0.000000E+00  0.000000E+00
  0.244161E+01 -0.116015E-01  0.333000E+00  0.000000E+00  0.000000E+00  0.000000E+00  0.000000E+00
  0.274978E+01 -0.196103E-01  0.281559E+00  0.000000E+00  0.000000E+00  0.000000E+00  0.000000E+00
  0.263886E+01 -0.345012E+00  0.146561E-01  0.000000E+00  0.000000E+00  0.000000E+00  0.000000E+00
  0.278488E+01 -0.155692E-01  0.362127E+00  0.000000E+00  0.000000E+00  0.000000E+00  0.000000E+00
  0.235326E+01 -0.346552E+00  0.495388E-02  0.000000E+00  0.000000E+00  0.000000E+00  0.000000E+00
  0.254842E+01  0.769788E-02 -0.383392E+00  0.000000E+00  0.000000E+00  0.000000E+00  0.000000E+00
  0.274560E+01  0.271619E+00 -0.200049E-01  0.000000E+00  0.000000E+00  0.000000E+00  0.000000E+00
  0.194854E+01  0.246958E+00  0.451956E-02  0.000000E+00  0.000000E+00  0.000000E+00  0.000000E+00
  0.211121E+01 -0.240635E+00  0.141902E-01  0.000000E+00  0.000000E+00  0.000000E+00  0.000000E+00
  0.202092E+01 -0.737677E-02  0.257425E+00  0.000000E+00  0.000000E+00  0.000000E+00  0.000000E+00
  0.262352E+01 -0.379806E+00  0.108950E-01  0.000000E+00  0.000000E+00  0.000000E+00  0.000000E+00
  0.241722E+01 -0.341938E+00 -0.951319E-02  0.000000E+00  0.000000E+00  0.000000E+00  0.000000E+00
  0.169343E+01 -0.695553E-02 -0.179143E+00  0.000000E+00  0.000000E+00  0.000000E+00  0.000000E+00
  0.198464E+01 -0.258817E+00 -0.260539E-02  0.000000E+00  0.000000E+00  0.000000E+00  0.000000E+00
  0.179297E+01 -0.426642E-02  0.208603E+00  0.000000E+00  0.000000E+00  0.000000E+00  0.000000E+00
  0.193982E+01 -0.240619E+00  0.639043E-02  0.000000E+00  0.000000E+00  0.000000E+00  0.000000E+00
  0.220820E+01 -0.851478E-02  0.297892E+00  0.000000E+00  0.000000E+00  0.000000E+00  0.000000E+00
  0.224387E+01 -0.163847E-01 -0.246125E+00  0.000000E+00  0.000000E+00  0.000000E+00  0.000000E+00
  0.163779E+01 -0.546226E-02 -0.168256E+00  0.000000E+00  0.000000E+00  0.000000E+00  0.000000E+00
  0.171602E+01  0.188734E+00 -0.474471E-02  0.000000E+00  0.000000E+00  0.000000E+00  0.000000E+00
  0.213097E+01 -0.102039E-02 -0.297035E+00  0.000000E+00  0.000000E+00  0.000000E+00  0.000000E+00
  0.210651E+01  0.116491E-01 -0.257559E+00  0.000000E+00  0.000000E+00  0.000000E+00  0.000000E+00
  0.247733E+01 -0.922107E-02  0.357830E+00  0.000000E+00  0.000000E+00  0.000000E+00  0.000000E+00
  0.259275E+01 -0.456409E-02  0.407235E+00  0.000000E+00  0.000000E+00  0.000000E+00  0.000000E+00
  0.278626E+01  0.175885E-01 -0.329167E+00  0.000000E+00  0.000000E+00  0.000000E+00  0.000000E+00
  0.244656E+01 -0.373715E+00  0.338203E-02  0.000000E+00  0.000000E+00  0.000000E+00  0.000000E+00
  0.270376E+01  0.440399E+00 -0.231554E-02  0.000000E+00  0.000000E+00  0.000000E+00  0.000000E+00
  0.224159E+01 -0.177456E-01  0.229128E+00  0.000000E+00  0.000000E+00  0.000000E+00  0.000000E+00
  0.259649E+01  0.414948E+00  0.765176E-03  0.000000E+00  0.000000E+00  0.000000E+00  0.000000E+00
  0.230106E+01  0.319238E+00 -0.866741E-02  0.000000E+00  0.000000E+00  0.000000E+00  0.000000E+00
  0.234028E+01 -0.186192E-01 -0.233747E+00  0.000000E+00  0.000000E+00  0.000000E+00  0.000000E+00
  0.176536E+01 -0.612227E-02  0.198486E+00  0.000000E+00  0.000000E+00  0.000000E+00  0.000000E+00
  0.227594E+01 -0.181747E-01 -0.229331E+00  0.000000E+00  0.000000E+00  0.000000E+00  0.000000E+00
  0.162058E+01  0.195380E-02  0.167551E+00  0.000000E+00  0.000000E+00  0.000000E+00  0.000000E+00
  0.231499E+01  0.148968E-01 -0.276156E+00  0.000000E+00  0.000000E+00  0.000000E+00  0.000000E+00
  0.212604E+01  0.238594E+00 -0.147991E-01  0.000000E+00  0.000000E+00  0.000000E+00  0.000000E+00
  0.280162E+01  0.138444E-01 -0.388919E+00  0.000000E+00  0.000000E+00  0.000000E+00  0.000000E+00
  0.277947E+01 -0.175234E-01  0.329130E+00  0.000000E+00  0.000000E+00  0.000000E+00  0.000000E+00
  0.223107E+01 -0.206882E-02 -0.321520E+00  0.000000E+00  0.000000E+00  0.000000E+00  0.000000E+00
  0.242722E+01  0.343637E+00 -0.961726E-02  0.000000E+00  0.000000E+00  0.000000E+00  0.000000E+00
  0.276323E+01 -0.117725E-01  0.403474E+00  0.000000E+00  0.000000E+00  0.000000E+00  0.000000E+00
  0.162321E+01  0.168456E+00 -0.142415E-02  0.000000E+00  0.000000E+00  0.000000E+00  0.000000E+00
  0.171619E+01 -0.184981E+00 -0.681851E-02  0.000000E+00  0.000000E+00  0.000000E+00  0.000000E+00
  0.266280E+01  0.119506E-01 -0.379385E+00  0.000000E+00  0.000000E+00  0.000000E+00  0.000000E+00
  0.279332E+01  0.464919E+00  0.385446E-03  0.000000E+00  0.000000E+00  0.000000E+00  0.000000E+00
  0.267575E+01 -0.184016E-01 -0.294598E+00  0.000000E+00  0.000000E+00  0.000000E+00  0.000000E+00
  0.170338E+01  0.185747E+00  0.463788E-02  0.000000E+00  0.000000E+00  0.000000E+00  0.000000E+00
  0.178101E+01  0.127465E-01  0.179520E+00  0.000000E+00  0.000000E+00  0.000000E+00  0.000000E+00
  0.242780E+01  0.357538E+00  0.699975E-02  0.000000E+00  0.000000E+00  0.000000E+00  0.000000E+00
  0.274594E+01  0.137567E-01  0.378232E+00  0.000000E+00  0.000000E+00  0.000000E+00  0.000000E+00
  0.261940E+01 -0.197273E-01 -0.258573E+00  0.000000E+00  0.000000E+00  0.000000E+00  0.000000E+00
  0.167711E+01  0.861830E-02  0.171197E+00  0.000000E+00  0.000000E+00  0.000000E+00  0.000000E+00
  0.179001E+01 -0.203533E+00 -0.657549E-02  0.000000E+00  0.000000E+00  0.000000E+00  0.000000E+00
  0.265431E+01 -0.744045E-02 -0.410305E+00  0.000000E+00  0.000000E+00  0.000000E+00  0.000000E+00
  0.278974E+01  0.131183E-03 -0.464062E+00  0.000000E+00  0.000000E+00  0.000000E+00  0.000000E+00
  0.257013E+01 -0.194473E-01  0.256680E+00  0.000000E+00  0.000000E+00  0.000000E+00  0.000000E+00
  0.207926E+01 -0.251482E+00  0.116443E-01  0.000000E+00  0.000000E+00  0.000000E+00  0.000000E+00
  0.254104E+01  0.131665E-03 -0.401098E+00  0.000000E+00  0.000000E+00  0.000000E+00  0.000000E+00
  0.197843E+01 -0.326005E-02 -0.256454E+00  0.000000E+00  0.000000E+00  0.000000E+00  0.000000E+00
  0.278204E+01 -0.136642E-01 -0.386986E+00  0.000000E+00  0.000000E+00  0.000000E+00  0.000000E+00
  0.269357E+01  0.353737E+00 -0.148502E-01  0.000000E+00  0.000000E+00  0.000000E+00  0.000000E+00
  0.250191E+01 -0.388838E+00 -0.274170E-02  0.000000E+00  0.000000E+00  0.000000E+00  0.000000E+00
  0.182491E+01 -0.219624E+00  0.987055E-03  0.000000E+00  0.000000E+00  0.000000E+00  0.000000E+00
  0.175646E+01  0.568369E-02 -0.197165E+00  0.000000E+00  0.000000E+00  0.000000E+00  0.000000E+00
  0.239932E+01 -0.239043E+00 -0.189013E-01  0.000000E+00  0.000000E+00  0.000000E+00  0.000000E+00
  0.212231E+01 -0.264274E+00 -0.111228E-01  0.000000E+00  0.000000E+00  0.000000E+00  0.000000E+00
  0.164382E+01  0.170249E+00 -0.512858E-02  0.000000E+00  0.000000E+00  0.000000E+00  0.000000E+00
  0.238337E+01  0.237281E+00 -0.188483E-01  0.000000E+00  0.000000E+00  0.000000E+00  0.000000E+00
  0.224951E+01 -0.323430E+00  0.383062E-02  0.000000E+00  0.000000E+00  0.000000E+00  0.000000E+00
  0.268004E+01 -0.267561E+00 -0.197471E-01  0.000000E+00  0.000000E+00  0.000000E+00  0.000000E+00
  0.253289E+01  0.336845E+00 -0.134032E-01  0.000000E+00  0.000000E+00  0.000000E+00  0.000000E+00
  0.259641E+01 -0.148679E-01  0.333732E+00  0.000000E+00  0.000000E+00  0.000000E+00  0.000000E+00
  0.186015E+01  0.325420E-02  0.226770E+00  0.000000E+00  0.000000E+00  0.000000E+00  0.000000E+00
  0.192562E+01  0.238773E+00 -0.572585E-02  0.000000E+00  0.000000E+00  0.000000E+00  0.000000E+00
  0.239362E+01  0.116074E-01 -0.322192E+00  0.000000E+00  0.000000E+00  0.000000E+00  0.000000E+00
  0.205563E+01 -0.226579E+00 -0.145067E-01  0.000000E+00  0.000000E+00  0.000000E+00  0.000000E+00
  0.171508E+01  0.719463E-02  0.183867E+00  0.000000E+00  0.000000E+00  0.000000E+00  0.000000E+00
  0.199884E+01  0.452324E-02  0.259477E+00  0.000000E+00  0.000000E+00  0.000000E+00  0.000000E+00
  0.251587E+01  0.392679E+00  0.254657E-02  0.000000E+00  0.000000E+00  0.000000E+00  0.000000E+00
  0.247942E+01  0.246423E+00 -0.192255E-01  0.000000E+00  0.000000E+00  0.000000E+00  0.000000E+00
  0.219185E+01  0.260028E+00 -0.138857E-01  0.000000E+00  0.000000E+00  0.000000E+00  0.000000E+00
  0.246439E+01 -0.289449E+00  0.162971E-01  0.000000E+00  0.000000E+00  0.000000E+00  0.000000E+00
  0.162801E+01 -0.169373E+00 -0.204909E-02  0.000000E+00  0.000000E+00  0.000000E+00  0.000000E+00
  0.232438E+01  0.807874E-02 -0.327674E+00  0.000000E+00  0.000000E+00  0.000000E+00  0.000000E+00
  0.250555E+01  0.196638E-02  0.390904E+00  0.000000E+00  0.000000E+00  0.000000E+00  0.000000E+00
  0.228202E+01  0.141459E-01  0.276647E+00  0.000000E+00  0.000000E+00  0.000000E+00  0.000000E+00
  0.168681E+01 -0.604443E-02  0.179349E+00  0.000000E+00  0.000000E+00  0.000000E+00  0.000000E+00
  0.199826E+01  0.691250E-02 -0.253403E+00  0.000000E+00  0.000000E+00  0.000000E+00  0.000000E+00
  0.281974E+01 -0.352227E+00  0.166269E-01  0.000000E+00  0.000000E+00  0.000000E+00  0.000000E+00
  0.176610E+01  0.134455E-02  0.204610E+00  0.000000E+00  0.000000E+00  0.000000E+00  0.000000E+00
  0.260462E+01  0.288642E+00 -0.180510E-01  0.000000E+00  0.000000E+00  0.000000E+00  0.000000E+00
  0.243154E+01 -0.270861E+00  0.172074E-01  0.000000E+00  0.000000E+00  0.000000E+00  0.000000E+00
  0.246485E+01  0.116866E-01 -0.337528E+00  0.000000E+00  0.000000E+00  0.000000E+00  0.000000E+00
  0.260571E+01 -0.191088E-01  0.269188E+00  0.000000E+00  0.000000E+00  0.000000E+00  0.000000E+00
  0.255398E+01  0.754866E-02 -0.385504E+00  0.000000E+00  0.000000E+00  0.000000E+00  0.000000E+00
  0.233735E+01 -0.335932E+00  0.690606E-02  0.000000E+00  0.000000E+00  0.000000E+00  0.000000E+00
  0.197592E+01 -0.158959E-01 -0.199152E+00  0.000000E+00  0.000000E+00  0.000000E+00  0.000000E+00
  0.195092E+01 -0.790695E-02 -0.238777E+00  0.000000E+00  0.000000E+00  0.000000E+00  0.000000E+00
  0.208239E+01  0.265214E+00 -0.914901E-02  0.000000E+00  0.000000E+00  0.000000E+00  0.000000E+00
  0.204035E+01 -0.220749E+00  0.148437E-01  0.000000E+00  0.000000E+00  0.000000E+00  0.000000E+00
  0.277518E+01 -0.340044E+00 -0.168532E-01  0.000000E+00  0.000000E+00  0.000000E+00  0.000000E+00
  0.273072E+01 -0.364528E+00  0.146040E-01  0.000000E+00  0.000000E+00  0.000000E+00  0.000000E+00
  0.217922E+01  0.130819E-01  0.263743E+00  0.000000E+00  0.000000E+00  0.000000E+00  0.000000E+00
  0.185595E+01  0.223189E+00  0.492666E-02  0.000000E+00  0.000000E+00  0.000000E+00  0.000000E+00
  0.275826E+01  0.799684E-02  0.432134E+00  0.000000E+00  0.000000E+00  0.000000E+00  0.000000E+00
  0.264228E+01  0.103848E-01  0.388177E+00  0.000000E+00  0.000000E+00  0.000000E+00  0.000000E+00
  0.270937E+01  0.162432E-01  0.337303E+00  0.000000E+00  0.000000E+00  0.000000E+00  0.000000E+00
  0.215396E+01 -0.247961E-02  0.301609E+00  0.000000E+00  0.000000E+00  0.000000E+00  0.000000E+00
  0.169823E+01  0.183941E+00 -0.499281E-02  0.000000E+00  0.000000E+00  0.000000E+00  0.000000E+00
  0.186704E+01  0.228290E+00 -0.342464E-02  0.000000E+00  0.000000E+00  0.000000E+00  0.000000E+00
  0.185548E+01 -0.115589E-01 -0.201754E+00  0.000000E+00  0.000000E+00  0.000000E+00  0.000000E+00
  0.194982E+01  0.250690E+00 -0.190188E-02  0.000000E+00  0.000000E+00  0.000000E+00  0.000000E+00
  0.221380E+01 -0.995873E-02 -0.291913E+00  0.000000E+00  0.000000E+00  0.000000E+00  0.000000E+00
  0.219002E+01 -0.136094E-01 -0.261913E+00  0.000000E+00  0.000000E+00  0.000000E+00  0.000000E+00
  0.195545E+01 -0.952840E-02  0.233760E+00  0.000000E+00  0.000000E+00  0.000000E+00  0.000000E+00
  0.248156E+01 -0.933926E-02  0.358096E+00  0.000000E+00  0.000000E+00  0.000000E+00  0.000000E+00
  0.211807E+01 -0.125004E-02  0.293651E+00  0.000000E+00  0.000000E+00  0.000000E+00  0.000000E+00
  0.218934E+01  0.472874E-02 -0.306428E+00  0.000000E+00  0.000000E+00  0.000000E+00  0.000000E+00
  0.227130E+01  0.325848E+00  0.508691E-02  0.000000E+00  0.000000E+00  0.000000E+00  0.000000E+00
  0.222795E+01 -0.136729E-01  0.269436E+00  0.000000E+00  0.000000E+00  0.000000E+00  0.000000E+00
  0.214654E+01 -0.119265E-01 -0.264737E+00  0.000000E+00  0.000000E+00  0.000000E+00  0.000000E+00
  0.283603E+01 -0.290994E-02 -0.472554E+00  0.000000E+00  0.000000E+00  0.000000E+00  0.000000E+00
  0.252977E+01  0.162202E-01  0.303050E+00  0.000000E+00  0.000000E+00  0.000000E+00  0.000000E+00
  0.238370E+01 -0.278138E+00  0.159544E-01  0.000000E+00  0.000000E+00  0.000000E+00  0.000000E+00
  0.275087E+01 -0.349067E+00  0.159967E-01  0.000000E+00  0.000000E+00  0.000000E+00  0.000000E+00
  0.269204E+01 -0.347964E+00 -0.152622E-01  0.000000E+00  0.000000E+00  0.000000E+00  0.000000E+00
  0.232071E+01 -0.441754E-02 -0.339888E+00  0.000000E+00  0.000000E+00  0.000000E+00  0.000000E+00
  0.235335E+01 -0.260025E+00 -0.169410E-01  0.000000E+00  0.000000E+00  0.000000E+00  0.000000E+00
  0.268855E+01 -0.879128E-02  0.410446E+00  0.000000E+00  0.000000E+00  0.000000E+00  0.000000E+00
  0.252179E+01 -0.700420E-02  0.380360E+00  0.000000E+00  0.000000E+00  0.000000E+00  0.000000E+00
  0.240418E+01  0.363657E+00 -0.308308E-02  0.000000E+00  0.000000E+00  0.000000E+00  0.000000E+00
  0.196113E+01  0.408287E-02  0.250871E+00  0.000000E+00  0.000000E+00  0.000000E+00  0.000000E+00
  0.283260E+01  0.472512E+00  0.251410E-02  0.000000E+00  0.000000E+00  0.000000E+00  0.000000E+00
  0.189651E+01  0.209470E+00  0.118554E-01  0.000000E+00  0.000000E+00  0.000000E+00  0.000000E+00
  0.258546E+01 -0.327565E+00  0.151854E-01  0.000000E+00  0.000000E+00  0.000000E+00  0.000000E+00
  0.225717E+01  0.239789E+00  0.171308E-01  0.000000E+00  0.000000E+00  0.000000E+00  0.000000E+00
  0.178888E+01  0.195709E+00 -0.925389E-02  0.000000E+00  0.000000E+00  0.000000E+00  0.000000E+00
  0.186877E+01 -0.136566E-01  0.193405E+00  0.000000E+00  0.000000E+00  0.000000E+00  0.000000E+00
  0.223013E+01  0.280259E-03 -0.322368E+00  0.000000E+00  0.000000E+00  0.000000E+00  0.000000E+00
  0.283418E+01  0.300427E+00 -0.193731E-01  0.000000E+00  0.000000E+00  0.000000E+00  0.000000E+00
  0.234853E+01 -0.843020E-02 -0.331726E+00  0.000000E+00  0.000000E+00  0.000000E+00  0.000000E+00
  0.191292E+01  0.230669E+00  0.758405E-02  0.000000E+00  0.000000E+00  0.000000E+00  0.000000E+00
  0.247467E+01  0.380290E+00 -0.360245E-02  0.000000E+00  0.000000E+00  0.000000E+00  0.000000E+00
  0.247356E+01  0.284889E+00 -0.167638E-01  0.000000E+00  0.000000E+00  0.000000E+00  0.000000E+00
  0.273060E+01 -0.493395E-02 -0.440263E+00  0.000000E+00  0.000000E+00  0.000000E+00  0.000000E+00
  0.230655E+01  0.309805E+00  0.105516E-01  0.000000E+00  0.000000E+00  0.000000E+00  0.000000E+00
  0.222742E+01 -0.182348E-01  0.220075E+00  0.000000E+00  0.000000E+00  0.000000E+00  0.000000E+00
  0.263739E+01  0.747871E-02  0.406013E+00  0.000000E+00  0.000000E+00  0.000000E+00  0.000000E+00
  0.208299E+01 -0.108614E-01 -0.256820E+00  0.000000E+00  0.000000E+00  0.000000E+00  0.000000E+00
  0.206155E+01 -0.132399E-01 -0.237262E+00  0.000000E+00  0.000000E+00  0.000000E+00  0.000000E+00
  0.172164E+01 -0.107335E-01  0.174893E+00  0.000000E+00  0.000000E+00  0.000000E+00  0.000000E+00
  0.267846E+01  0.664475E-02  0.420218E+00  0.000000E+00  0.000000E+00  0.000000E+00  0.000000E+00
  0.240136E+01  0.240350E+00 -0.188437E-01  0.000000E+00  0.000000E+00  0.000000E+00  0.000000E+00
  0.276999E+01 -0.196680E-01 -0.283388E+00  0.000000E+00  0.000000E+00  0.000000E+00  0.000000E+00
  0.250000E+01  0.304858E+00 -0.156364E-01  0.000000E+00  0.000000E+00  0.000000E+00  0.000000E+00
  0.245400E+01  0.349968E+00 -0.960579E-02  0.000000E+00  0.000000E+00  0.000000E+00  0.000000E+00
  0.228999E+01 -0.162520E-01 -0.256487E+00  0.000000E+00  0.000000E+00  0.000000E+00  0.000000E+00
  0.252853E+01  0.310130E+00  0.156648E-01  0.000000E+00  0.000000E+00  0.000000E+00  0.000000E+00
  0.189999E+01 -0.228720E+00  0.718816E-02  0.000000E+00  0.000000E+00  0.000000E+00  0.000000E+00
  0.185568E+01  0.196607E+00 -0.125926E-01  0.000000E+00  0.000000E+00  0.000000E+00  0.000000E+00
  0.280479E+01  0.173030E-01  0.337708E+00  0.000000E+00  0.000000E+00  0.000000E+00  0.000000E+00
  0.252289E+01 -0.148255E-01 -0.319263E+00  0.000000E+00  0.000000E+00  0.000000E+00  0.000000E+00
  0.227119E+01  0.225355E+00  0.183954E-01  0.000000E+00  0.000000E+00  0.000000E+00  0.000000E+00
  0.171011E+01  0.988209E-02  0.175197E+00  0.000000E+00  0.000000E+00  0.000000E+00  0.000000E+00
  0.283329E+01 -0.334317E-02 -0.470829E+00  0.000000E+00  0.000000E+00  0.000000E+00  0.000000E+00
  0.255216E+01 -0.191024E-01 -0.260568E+00  0.000000E+00  0.000000E+00  0.000000E+00  0.000000E+00
  0.239321E+01  0.265380E+00  0.170938E-01  0.000000E+00  0.000000E+00  0.000000E+00  0.000000E+00
  0.264506E+01  0.286182E+00 -0.185697E-01  0.000000E+00  0.000000E+00  0.000000E+00  0.000000E+00
  0.206733E+01  0.788856E-04  0.281170E+00  0.000000E+00  0.000000E+00  0.000000E+00  0.000000E+00
  0.179418E+01  0.480122E-02  0.208070E+00  0.000000E+00  0.000000E+00  0.000000E+00  0.000000E+00
  0.246787E+01  0.378604E+00 -0.359371E-02  0.000000E+00  0.000000E+00  0.000000E+00  0.000000E+00
  0.203874E+01  0.669840E-02  0.263917E+00  0.000000E+00  0.000000E+00  0.000000E+00  0.000000E+00
  0.243473E+01  0.173221E-01  0.269808E+00  0.000000E+00  0.000000E+00  0.000000E+00  0.000000E+00
  0.200378E+01 -0.225548E+00 -0.131345E-01  0.000000E+00  0.000000E+00  0.000000E+00  0.000000E+00
  0.263943E+01  0.332497E+00 -0.156294E-01  0.000000E+00  0.000000E+00  0.000000E+00  0.000000E+00
  0.221962E+01 -0.131330E-01 -0.272057E+00  0.000000E+00  0.000000E+00  0.000000E+00  0.000000E+00
  0.216665E+01 -0.174024E-01 -0.219919E+00  0.000000E+00  0.000000E+00  0.000000E+00  0.000000E+00
  0.179461E+01 -0.756266E-02 -0.202185E+00  0.000000E+00  0.000000E+00  0.000000E+00  0.000000E+00
  0.198268E+01 -0.207429E+00  0.150464E-01  0.000000E+00  0.000000E+00  0.000000E+00  0.000000E+00
  0.246355E+01  0.268130E+00  0.177833E-01  0.000000E+00  0.000000E+00  0.000000E+00  0.000000E+00
  0.255830E+01 -0.192134E-01  0.259424E+00  0.000000E+00  0.000000E+00  0.000000E+00  0.000000E+00
  0.273349E+01 -0.201049E-01 -0.267360E+00  0.000000E+00  0.000000E+00  0.000000E+00  0.000000E+00
  0.283639E+01 -0.864754E-02  0.446503E+00  0.000000E+00  0.000000E+00  0.000000E+00  0.000000E+00
  0.211075E+01 -0.258167E+00 -0.117042E-01  0.000000E+00  0.000000E+00  0.000000E+00  0.000000E+00
  0.225373E+01  0.201235E-02  0.327298E+00  0.000000E+00  0.000000E+00  0.000000E+00  0.000000E+00
  0.273211E+01 -0.389988E+00  0.124297E-01  0.000000E+00  0.000000E+00  0.000000E+00  0.000000E+00
  0.200103E+01 -0.263881E+00  0.154439E-02  0.000000E+00  0.000000E+00  0.000000E+00  0.000000E+00
  0.202576E+01  0.201477E+00 -0.166925E-01  0.000000E+00  0.000000E+00  0.000000E+00  0.000000E+00
  0.209721E+01  0.269265E+00 -0.902478E-02  0.000000E+00  0.000000E+00  0.000000E+00  0.000000E+00
  0.253501E+01 -0.248343E+00  0.195851E-01  0.000000E+00  0.000000E+00  0.000000E+00  0.000000E+00
  0.260429E+01  0.104321E-01 -0.379067E+00  0.000000E+00  0.000000E+00  0.000000E+00  0.000000E+00
  0.258624E+01  0.381809E+00 -0.946926E-02  0.000000E+00  0.000000E+00  0.000000E+00  0.000000E+00
  0.272462E+01 -0.382513E+00  0.129814E-01  0.000000E+00  0.000000E+00  0.000000E+00  0.000000E+00
  0.164488E+01  0.172465E+00 -0.353704E-02  0.000000E+00  0.000000E+00  0.000000E+00  0.000000E+00
  0.210511E+01 -0.142908E-01  0.238551E+00  0.000000E+00  0.000000E+00  0.000000E+00  0.000000E+00
  0.233805E+01 -0.113292E-01 -0.311741E+00  0.000000E+00  0.000000E+00  0.000000E+00  0.000000E+00
  0.192394E+01 -0.231088E+00  0.826849E-02  0.000000E+00  0.000000E+00  0.000000E+00  0.000000E+00
  0.188025E+01 -0.229231E+00 -0.492243E-02  0.000000E+00  0.000000E+00  0.000000E+00  0.000000E+00
  0.200362E+01  0.148795E-01  0.212984E+00  0.000000E+00  0.000000E+00  0.000000E+00  0.000000E+00
  0.282993E+01  0.119164E-01  0.416904E+00  0.000000E+00  0.000000E+00  0.000000E+00  0.000000E+00
  0.161966E+01  0.206667E-03  0.167825E+00  0.000000E+00  0.000000E+00  0.000000E+00  0.000000E+00
  0.205187E+01  0.787316E-02 -0.263149E+00  0.000000E+00  0.000000E+00  0.000000E+00  0.000000E+00
  0.263162E+01 -0.140463E-01  0.350778E+00  0.000000E+00  0.000000E+00  0.000000E+00  0.000000E+00
  0.255478E+01  0.188353E-01  0.266034E+00  0.000000E+00  0.000000E+00  0.000000E+00  0.000000E+00
  0.212118E+01 -0.155173E-01 -0.231143E+00  0.000000E+00  0.000000E+00  0.000000E+00  0.000000E+00
  0.182621E+01  0.419795E-02 -0.216998E+00  0.000000E+00  0.000000E+00  0.000000E+00  0.000000E+00
  0.250992E+01 -0.116942E-01 -0.347552E+00  0.000000E+00  0.000000E+00  0.000000E+00  0.000000E+00
  0.190083E+01  0.238409E+00 -0.178039E-02  0.000000E+00  0.000000E+00  0.000000E+00  0.000000E+00
  0.188043E+01  0.559700E-02 -0.227916E+00  0.000000E+00  0.000000E+00  0.000000E+00  0.000000E+00
  0.209011E+01 -0.259928E+00 -0.105889E-01  0.000000E+00  0.000000E+00  0.000000E+00  0.000000E+00
  0.206965E+01 -0.950358E-02  0.260607E+00  0.000000E+00  0.000000E+00  0.000000E+00  0.000000E+00
  0.265125E+01  0.187085E-01  0.284566E+00  0.000000E+00  0.000000E+00  0.000000E+00  0.000000E+00
  0.269828E+01  0.842506E-02 -0.415122E+00  0.000000E+00  0.000000E+00  0.000000E+00  0.000000E+00
  0.228570E+01  0.334885E+00  0.241416E-02  0.000000E+00  0.000000E+00  0.000000E+00  0.000000E+00
  0.253147E+01 -0.383458E+00 -0.684227E-02  0.000000E+00  0.000000E+00  0.000000E+00  0.000000E+00
  0.206600E+01 -0.275641E+00  0.478574E-02  0.000000E+00  0.000000E+00  0.000000E+00  0.000000E+00
  0.214961E+01  0.281400E+00 -0.907568E-02  0.000000E+00  0.000000E+00  0.000000E+00  0.000000E+00
  0.283404E+01  0.160085E-01  0.365061E+00  0.000000E+00  0.000000E+00  0.000000E+00  0.000000E+00
  0.194481E+01  0.151959E-01  0.198636E+00  0.000000E+00  0.000000E+00  0.000000E+00  0.000000E+00
  0.252784E+01  0.281996E+00 -0.176313E-01  0.000000E+00  0.000000E+00  0.000000E+00  0.000000E+00
  0.216787E+01  0.219014E+00 -0.174967E-01  0.000000E+00  0.000000E+00  0.000000E+00  0.000000E+00
  0.170407E+01  0.179526E+00  0.789199E-02  0.000000E+00  0.000000E+00  0.000000E+00  0.000000E+00
  0.272534E+01  0.878555E-02 -0.419205E+00  0.000000E+00  0.000000E+00  0.000000E+00  0.000000E+00
  0.263368E+01  0.307743E+00  0.172225E-01  0.000000E+00  0.000000E+00  0.000000E+00  0.000000E+00
  0.189767E+01  0.229355E+00 -0.675568E-02  0.000000E+00  0.000000E+00  0.000000E+00  0.000000E+00
  0.160329E+01  0.163510E+00  0.116123E-02  0.000000E+00  0.000000E+00  0.000000E+00  0.000000E+00
  0.255726E+01  0.139380E-02 -0.404580E+00  0.000000E+00  0.000000E+00  0.000000E+00  0.000000E+00
  0.261396E+01  0.135364E-01 -0.352739E+00  0.000000E+00  0.000000E+00  0.000000E+00  0.000000E+00
  0.258320E+01 -0.257354E+00  0.195159E-01  0.000000E+00  0.000000E+00  0.000000E+00  0.000000E+00
  0.273034E+01  0.151450E-01  0.357255E+00  0.000000E+00  0.000000E+00  0.000000E+00  0.000000E+00
  0.213020E+01 -0.270277E+00 -0.103786E-01  0.000000E+00  0.000000E+00  0.000000E+00  0.000000E+00
  0.262083E+01  0.408601E+00 -0.609275E-02  0.000000E+00  0.000000E+00  0.000000E+00  0.000000E+00
  0.226693E+01 -0.326392E+00  0.445696E-02  0.000000E+00  0.000000E+00  0.000000E+00  0.000000E+00
  0.235826E+01 -0.259330E+00 -0.170631E-01  0.000000E+00  0.000000E+00  0.000000E+00  0.000000E+00
  0.283805E+01  0.310685E+00  0.189492E-01  0.000000E+00  0.000000E+00  0.000000E+00  0.000000E+00
  0.222586E+01  0.228911E+00 -0.175434E-01  0.000000E+00  0.000000E+00  0.000000E+00  0.000000E+00
  0.201657E+01  0.252179E+00  0.853998E-02  0.000000E+00  0.000000E+00  0.000000E+00  0.000000E+00
  0.270582E+01  0.592267E-02  0.430215E+00  0.000000E+00  0.000000E+00  0.000000E+00  0.000000E+00
  0.177730E+01 -0.194257E+00 -0.886053E-02  0.000000E+00  0.000000E+00  0.000000E+00  0.000000E+00
  0.188485E+01  0.599890E-03 -0.234904E+00  0.000000E+00  0.000000E+00  0.000000E+00  0.000000E+00
  0.185787E+01  0.542436E-02 -0.222705E+00  0.000000E+00  0.000000E+00  0.000000E+00  0.000000E+00
  0.179410E+01  0.205712E+00 -0.604210E-02  0.000000E+00  0.000000E+00  0.000000E+00  0.000000E+00
  0.261633E+01  0.185539E-01  0.281606E+00  0.000000E+00  0.000000E+00  0.000000E+00  0.000000E+00
  0.195233E+01 -0.142617E-01 -0.207017E+00  0.000000E+00  0.000000E+00  0.000000E+00  0.000000E+00
  0.195549E+01  0.351731E-02 -0.250340E+00  0.000000E+00  0.000000E+00  0.000000E+00  0.000000E+00
  0.197565E+01 -0.250953E+00 -0.578705E-02  0.000000E+00  0.000000E+00  0.000000E+00  0.000000E+00
  0.208130E+01  0.239941E+00  0.134571E-01  0.000000E+00  0.000000E+00  0.000000E+00  0.000000E+00
  0.207576E+01 -0.258061E+00  0.103160E-01  0.000000E+00  0.000000E+00  0.000000E+00  0.000000E+00
  0.283300E+01 -0.243085E-02  0.472770E+00  0.000000E+00  0.000000E+00  0.000000E+00  0.000000E+00
  0.170156E+01  0.345460E-02  0.186757E+00  0.000000E+00  0.000000E+00  0.000000E+00  0.000000E+00
  0.212305E+01  0.151701E-01 -0.234702E+00  0.000000E+00  0.000000E+00  0.000000E+00  0.000000E+00
  0.195663E+01 -0.455625E-02  0.248906E+00  0.000000E+00  0.000000E+00  0.000000E+00  0.000000E+00
  0.196504E+01 -0.222307E+00 -0.122882E-01  0.000000E+00  0.000000E+00  0.000000E+00  0.000000E+00
  0.252917E+01  0.249091E+00  0.195016E-01  0.000000E+00  0.000000E+00  0.000000E+00  0.000000E+00
  0.205893E+01  0.236395E+00  0.132835E-01  0.000000E+00  0.000000E+00  0.000000E+00  0.000000E+00
  0.284068E+01 -0.448040E+00  0.857355E-02  0.000000E+00  0.000000E+00  0.000000E+00  0.000000E+00
  0.163891E+01  0.403037E-02  0.170446E+00  0.000000E+00  0.000000E+00  0.000000E+00  0.000000E+00
  0.203581E+01 -0.270912E+00  0.322213E-02  0.000000E+00  0.000000E+00  0.000000E+00  0.000000E+00
  0.248821E+01  0.516550E-02  0.379361E+00  0.000000E+00  0.000000E+00  0.000000E+00  0.000000E+00
  0.237777E+01 -0.685516E-02 -0.345977E+00  0.000000E+00  0.000000E+00  0.000000E+00  0.000000E+00
  0.210455E+01 -0.173958E-01 -0.208706E+00  0.000000E+00  0.000000E+00  0.000000E+00  0.000000E+00
  0.173695E+01  0.112385E-01  0.176443E+00  0.000000E+00  0.000000E+00  0.000000E+00  0.000000E+00
  0.177448E+01  0.205930E+00 -0.257158E-02  0.000000E+00  0.000000E+00  0.000000E+00  0.000000E+00
  0.184692E+01  0.223964E+00  0.278645E-02  0.000000E+00  0.000000E+00  0.000000E+00  0.000000E+00
  0.225327E+01 -0.684263E-02 -0.315713E+00  0.000000E+00  0.000000E+00  0.000000E+00  0.000000E+00
  0.283468E+01  0.473375E+00  0.233143E-02  0.000000E+00  0.000000E+00  0.000000E+00  0.000000E+00
  0.273603E+01  0.197674E-01  0.275781E+00  0.000000E+00  0.000000E+00  0.000000E+00  0.000000E+00
  0.249470E+01  0.191931E-01 -0.249503E+00  0.000000E+00  0.000000E+00  0.000000E+00  0.000000E+00
  0.235727E+01  0.138784E-01 -0.294922E+00  0.000000E+00  0.000000E+00  0.000000E+00  0.000000E+00
  0.260727E+01  0.948791E-02 -0.386609E+00  0.000000E+00  0.000000E+00  0.000000E+00  0.000000E+00
  0.257096E+01  0.670600E-02 -0.393701E+00  0.000000E+00  0.000000E+00  0.000000E+00  0.000000E+00
  0.174195E+01  0.247686E-02 -0.197814E+00  0.000000E+00  0.000000E+00  0.000000E+00  0.000000E+00
  0.190962E+01 -0.723186E-02 -0.230928E+00  0.000000E+00  0.000000E+00  0.000000E+00  0.000000E+00
  0.168709E+01 -0.219641E-03  0.184896E+00  0.000000E+00  0.000000E+00  0.000000E+00  0.000000E+00
  0.171899E+01  0.183568E+00 -0.771167E-02  0.000000E+00  0.000000E+00  0.000000E+00  0.000000E+00
  0.259935E+01  0.383391E+00 -0.968508E-02  0.000000E+00  0.000000E+00  0.000000E+00  0.000000E+00
  0.204164E+01 -0.227010E+00 -0.140738E-01  0.000000E+00  0.000000E+00  0.000000E+00  0.000000E+00
  0.200001E+01 -0.261069E+00  0.379289E-02  0.000000E+00  0.000000E+00  0.000000E+00  0.000000E+00
  0.169606E+01 -0.178126E+00 -0.767909E-02  0.000000E+00  0.000000E+00  0.000000E+00  0.000000E+00
  0.218128E+01  0.139917E-01  0.256918E+00  0.000000E+00  0.000000E+00  0.000000E+00  0.000000E+00
  0.228933E+01 -0.335050E+00  0.293034E-02  0.000000E+00  0.000000E+00  0.000000E+00  0.000000E+00
  0.244695E+01  0.190543E-01 -0.244244E+00  0.000000E+00  0.000000E+00  0.000000E+00  0.000000E+00
  0.216257E+01  0.177380E-01 -0.215129E+00  0.000000E+00  0.000000E+00  0.000000E+00  0.000000E+00
  0.238290E+01  0.315213E+00  0.121926E-01  0.000000E+00  0.000000E+00  0.000000E+00  0.000000E+00
  0.163532E+01  0.170728E+00  0.278113E-02  0.000000E+00  0.000000E+00  0.000000E+00  0.000000E+00
  0.225233E+01  0.307562E+00 -0.868877E-02  0.000000E+00  0.000000E+00  0.000000E+00  0.000000E+00
  0.252445E+01 -0.347713E+00  0.120549E-01  0.000000E+00  0.000000E+00  0.000000E+00  0.000000E+00
  0.227846E+01 -0.167050E-01  0.248954E+00  0.000000E+00  0.000000E+00  0.000000E+00  0.000000E+00
  0.258811E+01  0.399117E+00 -0.643196E-02  0.000000E+00  0.000000E+00  0.000000E+00  0.000000E+00
  0.261192E+01 -0.192569E-01 -0.267232E+00  0.000000E+00  0.000000E+00  0.000000E+00  0.000000E+00
  0.271994E+01 -0.190689E-01 -0.288679E+00  0.000000E+00  0.000000E+00  0.000000E+00  0.000000E+00
  0.229630E+01  0.316025E+00  0.907182E-02  0.000000E+00  0.000000E+00  0.000000E+00  0.000000E+00
  0.246730E+01 -0.254819E+00  0.186419E-01  0.000000E+00  0.000000E+00  0.000000E+00  0.000000E+00
  0.226345E+01  0.255882E+00  0.158458E-01  0.000000E+00  0.000000E+00  0.000000E+00  0.000000E+00
  0.270030E+01  0.179821E-01 -0.306665E+00  0.000000E+00  0.000000E+00  0.000000E+00  0.000000E+00
  0.239512E+01 -0.308334E+00  0.133019E-01  0.000000E+00  0.000000E+00  0.000000E+00  0.000000E+00
  0.255854E+01  0.260785E+00  0.191453E-01  0.000000E+00  0.000000E+00  0.000000E+00  0.000000E+00
  0.185312E+01 -0.216498E+00  0.749517E-02  0.000000E+00  0.000000E+00  0.000000E+00  0.000000E+00
  0.203984E+01 -0.248262E+00  0.106155E-01  0.000000E+00  0.000000E+00  0.000000E+00  0.000000E+00
  0.274558E+01  0.320671E+00  0.176539E-01  0.000000E+00  0.000000E+00  0.000000E+00  0.000000E+00
  0.183009E+01  0.185393E+00  0.136234E-01  0.000000E+00  0.000000E+00  0.000000E+00  0.000000E+00
  0.170851E+01 -0.190230E+00  0.793814E-03  0.000000E+00  0.000000E+00  0.000000E+00  0.000000E+00
  0.180222E+01 -0.760876E-02  0.203897E+00  0.000000E+00  0.000000E+00  0.000000E+00  0.000000E+00
  0.270496E+01 -0.273636E+00  0.196498E-01  0.000000E+00  0.000000E+00  0.000000E+00  0.000000E+00
  0.235889E+01 -0.155015E-01  0.278507E+00  0.000000E+00  0.000000E+00  0.000000E+00  0.000000E+00
  0.203569E+01  0.214418E+00 -0.154888E-01  0.000000E+00  0.000000E+00  0.000000E+00  0.000000E+00
  0.189816E+01 -0.234237E+00 -0.461961E-02  0.000000E+00  0.000000E+00  0.000000E+00  0.000000E+00
  0.196040E+01 -0.246112E+00 -0.621831E-02  0.000000E+00  0.000000E+00  0.000000E+00  0.000000E+00
  0.171169E+01 -0.185223E+00 -0.616830E-02  0.000000E+00  0.000000E+00  0.000000E+00  0.000000E+00
  0.190920E+01 -0.685553E-02  0.231893E+00  0.000000E+00  0.000000E+00  0.000000E+00  0.000000E+00
  0.161982E+01  0.176059E-02  0.167454E+00  0.000000E+00  0.000000E+00  0.000000E+00  0.000000E+00
  0.187551E+01  0.228395E+00 -0.473530E-02  0.000000E+00  0.000000E+00  0.000000E+00  0.000000E+00
  0.178396E+01  0.203731E+00  0.579196E-02  0.000000E+00  0.000000E+00  0.000000E+00  0.000000E+00
  0.228187E+01 -0.236351E+00  0.177426E-01  0.000000E+00  0.000000E+00  0.000000E+00  0.000000E+00
  0.281544E+01 -0.167111E-01  0.349995E+00  0.000000E+00  0.000000E+00  0.000000E+00  0.000000E+00
  0.222677E+01  0.164831E-01  0.241751E+00  0.000000E+00  0.000000E+00  0.000000E+00  0.000000E+00
  0.240810E+01 -0.139875E-01  0.304550E+00  0.000000E+00  0.000000E+00  0.000000E+00  0.000000E+00
  0.266248E+01  0.399122E+00 -0.954684E-02  0.000000E+00  0.000000E+00  0.000000E+00  0.000000E+00
  0.280496E+01 -0.362955E+00 -0.157784E-01  0.000000E+00  0.000000E+00  0.000000E+00  0.000000E+00
  0.262643E+01 -0.416457E+00  0.428814E-02  0.000000E+00  0.000000E+00  0.000000E+00  0.000000E+00
  0.266062E+01  0.345338E-02 -0.427242E+00  0.000000E+00  0.000000E+00  0.000000E+00  0.000000E+00
  0.184241E+01  0.200142E+00  0.112719E-01  0.000000E+00  0.000000E+00  0.000000E+00  0.000000E+00
  0.180779E+01 -0.294283E-02 -0.213964E+00  0.000000E+00  0.000000E+00  0.000000E+00  0.000000E+00
  0.260565E+01 -0.181484E-01  0.287113E+00  0.000000E+00  0.000000E+00  0.000000E+00  0.000000E+00
  0.213628E+01 -0.109050E-01 -0.268721E+00  0.000000E+00  0.000000E+00  0.000000E+00  0.000000E+00
  0.188720E+01 -0.247041E-02 -0.234413E+00  0.000000E+00  0.000000E+00  0.000000E+00  0.000000E+00
  0.168704E+01  0.320907E-02  0.183359E+00  0.000000E+00  0.000000E+00  0.000000E+00  0.000000E+00
  0.234818E+01  0.241162E+00 -0.182234E-01  0.000000E+00  0.000000E+00  0.000000E+00  0.000000E+00
  0.202665E+01  0.204332E+00 -0.164117E-01  0.000000E+00  0.000000E+00  0.000000E+00  0.000000E+00
  0.225988E+01 -0.105313E-01 -0.299219E+00  0.000000E+00  0.000000E+00  0.000000E+00  0.000000E+00
  0.163366E+01 -0.939608E-03  0.171256E+00  0.000000E+00  0.000000E+00  0.000000E+00  0.000000E+00
  0.219933E+01 -0.307024E+00 -0.544989E-02  0.000000E+00  0.000000E+00  0.000000E+00  0.000000E+00
  0.190557E+01  0.547529E-02 -0.234386E+00  0.000000E+00  0.000000E+00  0.000000E+00  0.000000E+00
  0.229634E+01  0.980952E-02 -0.311951E+00  0.000000E+00  0.000000E+00  0.000000E+00  0.000000E+00
  0.173756E+01 -0.130771E-02 -0.197410E+00  0.000000E+00  0.000000E+00  0.000000E+00  0.000000E+00
  0.227295E+01 -0.331179E+00 -0.276863E-02  0.000000E+00  0.000000E+00  0.000000E+00  0.000000E+00
  0.234674E+01 -0.178292E-01 -0.246687E+00  0.000000E+00  0.000000E+00  0.000000E+00  0.000000E+00
  0.181960E+01 -0.527505E-02 -0.213533E+00  0.000000E+00  0.000000E+00  0.000000E+00  0.000000E+00
  0.206748E+01 -0.606690E-02 -0.272803E+00  0.000000E+00  0.000000E+00  0.000000E+00  0.000000E+00
  0.260375E+01  0.396169E+00 -0.779929E-02  0.000000E+00  0.000000E+00  0.000000E+00  0.000000E+00
  0.227710E+01 -0.333254E+00  0.195629E-02  0.000000E+00  0.000000E+00  0.000000E+00  0.000000E+00
  0.218681E+01  0.271401E+00 -0.122602E-01  0.000000E+00  0.000000E+00  0.000000E+00  0.000000E+00
  0.269868E+01 -0.439777E+00  0.187040E-02  0.000000E+00  0.000000E+00  0.000000E+00  0.000000E+00
  0.251895E+01 -0.280497E+00 -0.176251E-01  0.000000E+00  0.000000E+00  0.000000E+00  0.000000E+00
  0.182872E+01  0.219791E+00 -0.234012E-02  0.000000E+00  0.000000E+00  0.000000E+00  0.000000E+00
  0.213642E+01  0.165744E-01 -0.223591E+00  0.000000E+00  0.000000E+00  0.000000E+00  0.000000E+00
  0.257404E+01 -0.365414E+00  0.112795E-01  0.000000E+00  0.000000E+00  0.000000E+00  0.000000E+00
  0.282090E+01  0.362003E+00 -0.160405E-01  0.000000E+00  0.000000E+00  0.000000E+00  0.000000E+00
  0.213181E+01  0.296540E+00  0.200098E-02  0.000000E+00  0.000000E+00  0.000000E+00  0.000000E+00
  0.188484E+01  0.211321E+00  0.109302E-01  0.000000E+00  0.000000E+00  0.000000E+00  0.000000E+00
  0.209361E+01  0.668114E-02  0.277356E+00  0.000000E+00  0.000000E+00  0.000000E+00  0.000000E+00
  0.235758E+01 -0.283603E+00 -0.150114E-01  0.000000E+00  0.000000E+00  0.000000E+00  0.000000E+00
  0.182636E+01  0.132415E-01  0.186743E+00  0.000000E+00  0.000000E+00  0.000000E+00  0.000000E+00
  0.169666E+01  0.872615E-02 -0.175545E+00  0.000000E+00  0.000000E+00  0.000000E+00  0.000000E+00
  0.249473E+01  0.388711E+00 -0.146224E-02  0.000000E+00  0.000000E+00  0.000000E+00  0.000000E+00
  0.201872E+01  0.206511E+00 -0.160086E-01  0.000000E+00  0.000000E+00  0.000000E+00  0.000000E+00
  0.266164E+01  0.402758E+00  0.899098E-02  0.000000E+00  0.000000E+00  0.000000E+00  0.000000E+00
  0.182291E+01 -0.205249E+00  0.880145E-02  0.000000E+00  0.000000E+00  0.000000E+00  0.000000E+00
  0.181642E+01 -0.210626E+00  0.629858E-02  0.000000E+00  0.000000E+00  0.000000E+00  0.000000E+00
  0.246925E+01 -0.273487E+00 -0.174985E-01  0.000000E+00  0.000000E+00  0.000000E+00  0.000000E+00
  0.241330E+01  0.189716E-01 -0.240157E+00  0.000000E+00  0.000000E+00  0.000000E+00  0.000000E+00
  0.248163E+01 -0.353929E+00 -0.998554E-02  0.000000E+00  0.000000E+00  0.000000E+00  0.000000E+00
  0.171050E+01  0.996543E-02 -0.175014E+00  0.000000E+00  0.000000E+00  0.000000E+00  0.000000E+00
  0.166197E+01  0.177280E+00 -0.296707E-02  0.000000E+00  0.000000E+00  0.000000E+00  0.000000E+00
  0.195877E+01  0.144183E-01  0.207244E+00  0.000000E+00  0.000000E+00  0.000000E+00  0.000000E+00
  0.187972E+01 -0.971438E-03 -0.233496E+00  0.000000E+00  0.000000E+00  0.000000E+00  0.000000E+00
  0.196617E+01 -0.213992E+00  0.136668E-01  0.000000E+00  0.000000E+00  0.000000E+00  0.000000E+00
  0.203110E+01  0.103874E-01  0.247409E+00  0.000000E+00  0.000000E+00  0.000000E+00  0.000000E+00
  0.271119E+01  0.342690E+00 -0.159054E-01  0.000000E+00  0.000000E+00  0.000000E+00  0.000000E+00
  0.214378E+01  0.166409E-01  0.224277E+00  0.000000E+00  0.000000E+00  0.000000E+00  0.000000E+00
  0.204395E+01 -0.216125E+00 -0.154814E-01  0.000000E+00  0.000000E+00  0.000000E+00  0.000000E+00
  0.284082E+01  0.107174E+00  0.193049E+00  0.000000E+00  0.000000E+00  0.000000E+00  0.000000E+00
  0.284082E+01  0.118813E+00  0.338387E-01  0.000000E+00  0.000000E+00  0.000000E+00  0.000000E+00
  0.284082E+01  0.100633E+00  0.106396E-02  0.000000E+00  0.000000E+00  0.000000E+00  0.000000E+00
  0.284082E+01 -0.131163E+00 -0.553107E-01  0.000000E+00  0.000000E+00  0.000000E+00  0.000000E+00
  0.284082E+01  0.445052E-01 -0.304844E-01  0.000000E+00  0.000000E+00  0.000000E+00  0.000000E+00
  0.284082E+01  0.352273E-02 -0.989106E-02  0.000000E+00  0.000000E+00  0.000000E+00  0.000000E+00
  0.284082E+01 -0.179965E+00 -0.828055E-01  0.000000E+00  0.000000E+00  0.000000E+00  0.000000E+00
  0.284082E+01  0.525746E-01  0.986190E-01  0.000000E+00  0.000000E+00  0.000000E+00  0.000000E+00
  0.284082E+01 -0.650158E-01  0.142458E+00  0.000000E+00  0.000000E+00  0.000000E+00  0.000000E+00
  0.284082E+01  0.128523E-01  0.147285E+00  0.000000E+00  0.000000E+00  0.000000E+00  0.000000E+00
  0.284082E+01  0.963602E-02  0.212648E-02  0.000000E+00  0.000000E+00  0.000000E+00  0.000000E+00
  0.284082E+01  0.933613E-01  0.292940E-02  0.000000E+00  0.000000E+00  0.000000E+00  0.000000E+00
  0.284082E+01 -0.107774E-01  0.874687E-02  0.000000E+00  0.000000E+00  0.000000E+00  0.000000E+00
  0.284082E+01  0.527631E-02 -0.104116E-01  0.000000E+00  0.000000E+00  0.000000E+00  0.000000E+00
  0.284082E+01  0.442309E-01  0.661793E-01  0.000000E+00  0.000000E+00  0.000000E+00  0.000000E+00
  0.284082E+01 -0.155144E+00 -0.466697E-01  0.000000E+00  0.000000E+00  0.000000E+00  0.000000E+00
  0.284082E+01  0.555045E-02  0.369041E-01  0.000000E+00  0.000000E+00  0.000000E+00  0.000000E+00
  0.284082E+01  0.172195E-01  0.665640E-02  0.000000E+00  0.000000E+00  0.000000E+00  0.000000E+00
  0.284082E+01 -0.259147E-01 -0.881420E-01  0.000000E+00  0.000000E+00  0.000000E+00  0.000000E+00
  0.284082E+01 -0.172460E+00 -0.335231E-01  0.000000E+00  0.000000E+00  0.000000E+00  0.000000E+00
  0.284082E+01  0.589022E-01 -0.321745E-02  0.000000E+00  0.000000E+00  0.000000E+00  0.000000E+00
  0.284082E+01 -0.409513E-02  0.224789E-01  0.000000E+00  0.000000E+00  0.000000E+00  0.000000E+00
  0.284082E+01 -0.486009E-01  0.114849E+00  0.000000E+00  0.000000E+00  0.000000E+00  0.000000E+00
  0.284082E+01 -0.136159E+00  0.202573E+00  0.000000E+00  0.000000E+00  0.000000E+00  0.000000E+00
  0.284082E+01  0.563547E-01 -0.207077E+00  0.000000E+00  0.000000E+00  0.000000E+00  0.000000E+00
  0.284082E+01  0.182619E-01 -0.703079E-01  0.000000E+00  0.000000E+00  0.000000E+00  0.000000E+00
  0.284082E+01 -0.225046E+00  0.628312E-01  0.000000E+00  0.000000E+00  0.000000E+00  0.000000E+00
  0.284082E+01 -0.146283E-01  0.497019E-02  0.000000E+00  0.000000E+00  0.000000E+00  0.000000E+00
  0.284082E+01  0.577335E-01  0.805077E-01  0.000000E+00  0.000000E+00  0.000000E+00  0.000000E+00
  0.284082E+01  0.642154E-02 -0.738247E-02  0.000000E+00  0.000000E+00  0.000000E+00  0.000000E+00
  0.284082E+01  0.867862E-01  0.415423E-01  0.000000E+00  0.000000E+00  0.000000E+00  0.000000E+00
  0.284082E+01 -0.102590E+00 -0.171483E+00  0.000000E+00  0.000000E+00  0.000000E+00  0.000000E+00
  0.284082E+01 -0.104970E-01 -0.508032E-01  0.000000E+00  0.000000E+00  0.000000E+00  0.000000E+00
  0.284082E+01  0.156806E-01 -0.409599E-01  0.000000E+00  0.000000E+00  0.000000E+00  0.000000E+00
  0.284082E+01 -0.817273E-01 -0.593166E-01  0.000000E+00  0.000000E+00  0.000000E+00  0.000000E+00
  0.284082E+01 -0.623873E-01  0.124925E+00  0.000000E+00  0.000000E+00  0.000000E+00  0.000000E+00
  0.284082E+01  0.108244E+00  0.109028E+00  0.000000E+00  0.000000E+00  0.000000E+00  0.000000E+00
  0.284082E+01 -0.110443E+00 -0.168935E-01  0.000000E+00  0.000000E+00  0.000000E+00  0.000000E+00
  0.284082E+01  0.217769E+00  0.366575E-02  0.000000E+00  0.000000E+00  0.000000E+00  0.000000E+00
  0.284082E+01 -0.152141E-01  0.139749E+00  0.000000E+00  0.000000E+00  0.000000E+00  0.000000E+00
  0.284082E+01  0.617185E-01  0.125809E+00  0.000000E+00  0.000000E+00  0.000000E+00  0.000000E+00
  0.284082E+01 -0.183694E-01  0.178353E-01  0.000000E+00  0.000000E+00  0.000000E+00  0.000000E+00
  0.284082E+01  0.129634E-01 -0.325339E-02  0.000000E+00  0.000000E+00  0.000000E+00  0.000000E+00
  0.284082E+01  0.101598E+00  0.289910E-01  0.000000E+00  0.000000E+00  0.000000E+00  0.000000E+00
  0.284082E+01  0.163709E+00 -0.134269E+00  0.000000E+00  0.000000E+00  0.000000E+00  0.000000E+00
  0.284082E+01  0.203026E-01 -0.204400E-01  0.000000E+00  0.000000E+00  0.000000E+00  0.000000E+00
  0.284082E+01 -0.997552E-01 -0.182379E-01  0.000000E+00  0.000000E+00  0.000000E+00  0.000000E+00
  0.284082E+01 -0.171879E-02 -0.242327E-02  0.000000E+00  0.000000E+00  0.000000E+00  0.000000E+00
  0.284082E+01  0.105523E+00  0.960599E-01  0.000000E+00  0.000000E+00  0.000000E+00  0.000000E+00
  0.284082E+01 -0.202900E-01 -0.898743E-01  0.000000E+00  0.000000E+00  0.000000E+00  0.000000E+00
  0.284082E+01  0.139771E+00  0.893277E-01  0.000000E+00  0.000000E+00  0.000000E+00  0.000000E+00
  0.284082E+01  0.799343E-01  0.918132E-01  0.000000E+00  0.000000E+00  0.000000E+00  0.000000E+00
  0.284082E+01 -0.795566E-01 -0.129562E-01  0.000000E+00  0.000000E+00  0.000000E+00  0.000000E+00
  0.284082E+01 -0.801114E-01 -0.154074E+00  0.000000E+00  0.000000E+00  0.000000E+00  0.000000E+00
  0.284082E+01 -0.306841E-01  0.119139E+00  0.000000E+00  0.000000E+00  0.000000E+00  0.000000E+00
  0.284082E+01  0.156318E-01 -0.235424E-01  0.000000E+00  0.000000E+00  0.000000E+00  0.000000E+00
  0.284082E+01 -0.476455E-01 -0.252992E-01  0.000000E+00  0.000000E+00  0.000000E+00  0.000000E+00
  0.284082E+01  0.554041E-01 -0.960543E-01  0.000000E+00  0.000000E+00  0.000000E+00  0.000000E+00
  0.284082E+01  0.487742E-01 -0.156707E-01  0.000000E+00  0.000000E+00  0.000000E+00  0.000000E+00
  0.284082E+01 -0.230409E-01  0.642361E-02  0.000000E+00  0.000000E+00  0.000000E+00  0.000000E+00
  0.284082E+01 -0.156129E-01 -0.233596E+00  0.000000E+00  0.000000E+00  0.000000E+00  0.000000E+00
  0.284082E+01 -0.652489E-01 -0.138239E+00  0.000000E+00  0.000000E+00  0.000000E+00  0.000000E+00
  0.284082E+01 -0.232109E+00 -0.901984E-01  0.000000E+00  0.000000E+00  0.000000E+00  0.000000E+00
  0.284082E+01 -0.268955E-01  0.206400E+00  0.000000E+00  0.000000E+00  0.000000E+00  0.000000E+00
  0.284082E+01 -0.663662E-01  0.182077E+00  0.000000E+00  0.000000E+00  0.000000E+00  0.000000E+00
  0.284082E+01 -0.112715E+00 -0.190539E+00  0.000000E+00  0.000000E+00  0.000000E+00  0.000000E+00
  0.284082E+01 -0.801076E-02  0.715279E-02  0.000000E+00  0.000000E+00  0.000000E+00  0.000000E+00
  0.284082E+01  0.681938E-03 -0.373825E-02  0.000000E+00  0.000000E+00  0.000000E+00  0.000000E+00
  0.284082E+01  0.555958E-01  0.136259E+00  0.000000E+00  0.000000E+00  0.000000E+00  0.000000E+00
  0.284082E+01 -0.101319E+00 -0.195459E+00  0.000000E+00  0.000000E+00  0.000000E+00  0.000000E+00
  0.284082E+01  0.112662E+00  0.165263E+00  0.000000E+00  0.000000E+00  0.000000E+00  0.000000E+00
  0.284082E+01 -0.177754E+00  0.992842E-01  0.000000E+00  0.000000E+00  0.000000E+00  0.000000E+00
  0.284082E+01  0.154585E+00 -0.194693E+00  0.000000E+00  0.000000E+00  0.000000E+00  0.000000E+00
  0.284082E+01 -0.105069E+00  0.254128E-01  0.000000E+00  0.000000E+00  0.000000E+00  0.000000E+00
  0.284082E+01  0.606360E-01 -0.740965E-01  0.000000E+00  0.000000E+00  0.000000E+00  0.000000E+00
  0.284082E+01 -0.623499E-02 -0.168846E-01  0.000000E+00  0.000000E+00  0.000000E+00  0.000000E+00
  0.284082E+01  0.104019E+00  0.394383E-01  0.000000E+00  0.000000E+00  0.000000E+00  0.000000E+00
  0.284082E+01 -0.830238E-02 -0.201107E-01  0.000000E+00  0.000000E+00  0.000000E+00  0.000000E+00
  0.284082E+01 -0.153951E+00  0.447549E-01  0.000000E+00  0.000000E+00  0.000000E+00  0.000000E+00
  0.284082E+01  0.515409E-01  0.216289E-01  0.000000E+00  0.000000E+00  0.000000E+00  0.000000E+00
  0.284082E+01 -0.749535E-01 -0.936232E-01  0.000000E+00  0.000000E+00  0.000000E+00  0.000000E+00
  0.284082E+01  0.672581E-04  0.405832E-05  0.000000E+00  0.000000E+00  0.000000E+00  0.000000E+00
  0.284082E+01  0.178142E-01 -0.332944E-02  0.000000E+00  0.000000E+00  0.000000E+00  0.000000E+00
  0.284082E+01 -0.112749E+00 -0.109319E+00  0.000000E+00  0.000000E+00  0.000000E+00  0.000000E+00
  0.284082E+01 -0.140416E-01 -0.966169E-04  0.000000E+00  0.000000E+00  0.000000E+00  0.000000E+00
  0.284082E+01  0.136784E-01  0.768482E-01  0.000000E+00  0.000000E+00  0.000000E+00  0.000000E+00
  0.284082E+01  0.863524E-01 -0.244568E-01  0.000000E+00  0.000000E+00  0.000000E+00  0.000000E+00
  0.284082E+01  0.152437E+00 -0.195138E+00  0.000000E+00  0.000000E+00  0.000000E+00  0.000000E+00
  0.284082E+01  0.832248E-01  0.830642E-01  0.000000E+00  0.000000E+00  0.000000E+00  0.000000E+00
  0.284082E+01  0.945805E-02  0.115937E+00  0.000000E+00  0.000000E+00  0.000000E+00  0.000000E+00
  0.284082E+01  0.129864E+00 -0.334723E-01  0.000000E+00  0.000000E+00  0.000000E+00  0.000000E+00
  0.284082E+01 -0.405178E-01  0.625805E-01  0.000000E+00  0.000000E+00  0.000000E+00  0.000000E+00
  0.284082E+01  0.108812E+00 -0.705520E-01  0.000000E+00  0.000000E+00  0.000000E+00  0.000000E+00
  0.284082E+01  0.321914E-01 -0.154080E+00  0.000000E+00  0.000000E+00  0.000000E+00  0.000000E+00
  0.284082E+01 -0.201518E+00  0.821646E-02  0.000000E+00  0.000000E+00  0.000000E+00  0.000000E+00
  0.284082E+01  0.161097E+00 -0.104446E+00  0.000000E+00  0.000000E+00  0.000000E+00  0.000000E+00
  0.284082E+01 -0.818157E-01  0.229435E-01  0.000000E+00  0.000000E+00  0.000000E+00  0.000000E+00
  0.284082E+01  0.474463E-01  0.167959E+00  0.000000E+00  0.000000E+00  0.000000E+00  0.000000E+00
  0.284082E+01  0.232599E+00 -0.264139E-01  0.000000E+00  0.000000E+00  0.000000E+00  0.000000E+00
  0.284082E+01 -0.194586E+00  0.233338E-01  0.000000E+00  0.000000E+00  0.000000E+00  0.000000E+00
