  0.206777E+01  0.208173E+00 -0.168127E-01  0.000000E+00  0.000000E+00  0.000000E+00  0.000000E+00
  0.223298E+01  0.398728E-02 -0.318973E+00  0.000000E+00  0.000000E+00  0.000000E+00  0.000000E+00
  0.277403E+01 -0.129079E-01 -0.394022E+00  0.000000E+00  0.000000E+00  0.000000E+00  0.000000E+00
  0.252634E+01 -0.103589E-01  0.361662E+00  0.000000E+00  0.000000E+00  0.000000E+00  0.000000E+00
  0.184244E+01  0.407897E-02 -0.221229E+00  0.000000E+00  0.000000E+00  0.000000E+00  0.000000E+00
  0.210408E+01 -0.615716E-02 -0.281528E+00  0.000000E+00  0.000000E+00  0.000000E+00  0.000000E+00
  0.232849E+01  0.246163E+00  0.176350E-01  0.000000E+00  0.000000E+00  0.000000E+00  0.000000E+00
  0.264246E+01 -0.277184E+00  0.190096E-01  0.000000E+00  0.000000E+00  0.000000E+00  0.000000E+00
  0.248264E+01  0.878440E-02 -0.361684E+00  0.000000E+00  0.000000E+00  0.000000E+00  0.000000E+00
  0.263904E+01 -0.249548E-02  0.423787E+00  0.000000E+00  0.000000E+00  0.000000E+00  0.000000E+00
  0.277010E+01 -0.145938E-01 -0.372754E+00  0.000000E+00  0.000000E+00  0.000000E+00  0.000000E+00
  0.218174E+01 -0.283177E+00  0.101953E-01  0.000000E+00  0.000000E+00  0.000000E+00  0.000000E+00
  0.231099E+01  0.139151E-01  0.284840E+00  0.000000E+00  0.000000E+00  0.000000E+00  0.000000E+00
  0.268543E+01 -0.427751E+00 -0.528985E-02  0.000000E+00  0.000000E+00  0.000000E+00  0.000000E+00
  0.201090E+01  0.236795E+00 -0.115319E-01  0.000000E+00  0.000000E+00  0.000000E+00  0.000000E+00
  0.253237E+01  0.172524E-01 -0.288696E+00  0.000000E+00  0.000000E+00  0.000000E+00  0.000000E+00
  0.200397E+01  0.253589E+00  0.729584E-02  0.000000E+00  0.000000E+00  0.000000E+00  0.000000E+00
  0.257003E+01  0.192037E-01 -0.261515E+00  0.000000E+00  0.000000E+00  0.000000E+00  0.000000E+00
  0.173953E+01  0.528506E-02 -0.193701E+00  0.000000E+00  0.000000E+00  0.000000E+00  0.000000E+00
  0.198602E+01 -0.230969E+00 -0.115755E-01  0.000000E+00  0.000000E+00  0.000000E+00  0.000000E+00
  0.193417E+01 -0.217227E+00  0.119739E-01  0.000000E+00  0.000000E+00  0.000000E+00  0.000000E+00
  0.178943E+01 -0.316303E-02  0.209118E+00  0.000000E+00  0.000000E+00  0.000000E+00  0.000000E+00
  0.197641E+01  0.617684E-03 -0.258073E+00  0.000000E+00  0.000000E+00  0.000000E+00  0.000000E+00
  0.188226E+01 -0.224676E+00 -0.709654E-02  0.000000E+00  0.000000E+00  0.000000E+00  0.000000E+00
  0.266666E+01  0.140088E-03 -0.432900E+00  0.000000E+00  0.000000E+00  0.000000E+00  0.000000E+00
  0.212905E+01 -0.273055E+00  0.979748E-02  0.000000E+00  0.000000E+00  0.000000E+00  0.000000E+00
  0.191211E+01  0.152065E-01 -0.191983E+00  0.000000E+00  0.000000E+00  0.000000E+00  0.000000E+00
  0.177205E+01  0.333441E-02  0.204568E+00  0.000000E+00  0.000000E+00  0.000000E+00  0.000000E+00
  0.263190E+01 -0.266761E+00 -0.194353E-01  0.000000E+00  0.000000E+00  0.000000E+00  0.000000E+00
  0.262721E+01 -0.288932E+00 -0.182562E-01  0.000000E+00  0.000000E+00  0.000000E+00  0.000000E+00
  0.275024E+01 -0.279182E+00 -0.197162E-01  0.000000E+00  0.000000E+00  0.000000E+00  0.000000E+00
  0.232653E+01 -0.342161E+00  0.407298E-02  0.000000E+00  0.000000E+00  0.000000E+00  0.000000E+00
  0.231059E+01  0.147443E-01  0.276802E+00  0.000000E+00  0.000000E+00  0.000000E+00  0.000000E+00
  0.220259E+01  0.230112E+00 -0.170981E-01  0.000000E+00  0.000000E+00  0.000000E+00  0.000000E+00
  0.249418E+01 -0.324427E+00 -0.138135E-01  0.000000E+00  0.000000E+00  0.000000E+00  0.000000E+00
  0.238327E+01  0.442137E-02 -0.355468E+00  0.000000E+00  0.000000E+00  0.000000E+00  0.000000E+00
  0.258416E+01  0.628637E-02 -0.398783E+00  0.000000E+00  0.000000E+00  0.000000E+00  0.000000E+00
  0.279984E+01  0.293937E+00 -0.194165E-01  0.000000E+00  0.000000E+00  0.000000E+00  0.000000E+00
  0.199670E+01 -0.218001E+00  0.140185E-01  0.000000E+00  0.000000E+00  0.000000E+00  0.000000E+00
  0.253755E+01  0.184287E-01  0.270441E+00  0.000000E+00  0.000000E+00  0.000000E+00  0.000000E+00
  0.252915E+01  0.233057E-02 -0.396361E+00  0.000000E+00  0.000000E+00  0.000000E+00  0.000000E+00
  0.197744E+01  0.212345E+00  0.142471E-01  0.000000E+00  0.000000E+00  0.000000E+00  0.000000E+00
  0.280747E+01 -0.303497E+00 -0.190468E-01  0.000000E+00  0.000000E+00  0.000000E+00  0.000000E+00
  0.172597E+01  0.182586E+00  0.869564E-02  0.000000E+00  0.000000E+00  0.000000E+00  0.000000E+00
  0.196937E+01  0.246783E+00  0.677253E-02  0.000000E+00  0.000000E+00  0.000000E+00  0.000000E+00
  0.197736E+01 -0.230530E+00 -0.112924E-01  0.000000E+00  0.000000E+00  0.000000E+00  0.000000E+00
  0.281252E+01  0.340387E+00 -0.172323E-01  0.000000E+00  0.000000E+00  0.000000E+00  0.000000E+00
  0.231673E+01  0.142413E-01  0.282986E+00  0.000000E+00  0.000000E+00  0.000000E+00  0.000000E+00
  0.241500E+01 -0.367095E+00 -0.266231E-02  0.000000E+00  0.000000E+00  0.000000E+00  0.000000E+00
  0.277248E+01  0.186511E-01 -0.306112E+00  0.000000E+00  0.000000E+00  0.000000E+00  0.000000E+00
  0.190763E+01 -0.219399E+00 -0.102902E-01  0.000000E+00  0.000000E+00  0.000000E+00  0.000000E+00
  0.174326E+01  0.196885E+00  0.373743E-02  0.000000E+00  0.000000E+00  0.000000E+00  0.000000E+00
  0.270057E+01 -0.130990E-02 -0.440888E+00  0.000000E+00  0.000000E+00  0.000000E+00  0.000000E+00
  0.226065E+01 -0.136398E-01 -0.276652E+00  0.000000E+00  0.000000E+00  0.000000E+00  0.000000E+00
  0.213476E+01 -0.281851E+00 -0.817427E-02  0.000000E+00  0.000000E+00  0.000000E+00  0.000000E+00
  0.166563E+01 -0.215553E-02 -0.178802E+00  0.000000E+00  0.000000E+00  0.000000E+00  0.000000E+00
  0.256283E+01  0.326855E+00  0.148714E-01  0.000000E+00  0.000000E+00  0.000000E+00  0.000000E+00
  0.212542E+01  0.155579E-01 -0.231602E+00  0.000000E+00  0.000000E+00  0.000000E+00  0.000000E+00
  0.191317E+01  0.240836E-02  0.241015E+00  0.000000E+00  0.000000E+00  0.000000E+00  0.000000E+00
  0.194532E+01  0.197511E+00 -0.153547E-01  0.000000E+00  0.000000E+00  0.000000E+00  0.000000E+00
  0.279431E+01 -0.318767E+00 -0.182091E-01  0.000000E+00  0.000000E+00  0.000000E+00  0.000000E+00
  0.276941E+01  0.335545E+00  0.170551E-01  0.000000E+00  0.000000E+00  0.000000E+00  0.000000E+00
  0.257020E+01 -0.191407E-01 -0.262772E+00  0.000000E+00  0.000000E+00  0.000000E+00  0.000000E+00
  0.278896E+01 -0.575054E-02  0.451432E+00  0.000000E+00  0.000000E+00  0.000000E+00  0.000000E+00
  0.179566E+01  0.202945E+00 -0.737290E-02  0.000000E+00  0.000000E+00  0.000000E+00  0.000000E+00
  0.264582E+01  0.193372E-01 -0.271038E+00  0.000000E+00  0.000000E+00  0.000000E+00  0.000000E+00
  0.203964E+01  0.271830E+00 -0.325172E-02  0.000000E+00  0.000000E+00  0.000000E+00  0.000000E+00
  0.189827E+01  0.671145E-02 -0.229619E+00  0.000000E+00  0.000000E+00  0.000000E+00  0.000000E+00
  0.197767E+01  0.101176E-01 -0.236359E+00  0.000000E+00  0.000000E+00  0.000000E+00  0.000000E+00
  0.247373E+01  0.378416E+00  0.427085E-02  0.000000E+00  0.000000E+00  0.000000E+00  0.000000E+00
  0.270580E+01  0.285439E+00  0.191131E-01  0.000000E+00  0.000000E+00  0.000000E+00  0.000000E+00
  0.186532E+01  0.895154E-02 -0.214775E+00  0.000000E+00  0.000000E+00  0.000000E+00  0.000000E+00
  0.221311E+01  0.252177E+00 -0.152368E-01  0.000000E+00  0.000000E+00  0.000000E+00  0.000000E+00
  0.283642E+01  0.380295E-02  0.470350E+00  0.000000E+00  0.000000E+00  0.000000E+00  0.000000E+00
  0.255943E+01  0.185948E-01 -0.271216E+00  0.000000E+00  0.000000E+00  0.000000E+00  0.000000E+00
  0.189286E+01  0.140862E-01  0.195797E+00  0.000000E+00  0.000000E+00  0.000000E+00  0.000000E+00
  0.178222E+01  0.179483E+00  0.128068E-01  0.000000E+00  0.000000E+00  0.000000E+00  0.000000E+00
  0.226492E+01 -0.151965E-01 -0.262985E+00  0.000000E+00  0.000000E+00  0.000000E+00  0.000000E+00
  0.168715E+01  0.181015E-02 -0.184432E+00  0.000000E+00  0.000000E+00  0.000000E+00  0.000000E+00
  0.269171E+01  0.204565E-02 -0.437776E+00  0.000000E+00  0.000000E+00  0.000000E+00  0.000000E+00
  0.215637E+01  0.303630E+00 -0.590606E-03  0.000000E+00  0.000000E+00  0.000000E+00  0.000000E+00
  0.250345E+01 -0.456313E-02 -0.385007E+00  0.000000E+00  0.000000E+00  0.000000E+00  0.000000E+00
  0.177110E+01  0.123460E-01 -0.179278E+00  0.000000E+00  0.000000E+00  0.000000E+00  0.000000E+00
  0.202851E+01 -0.224167E+00  0.140867E-01  0.000000E+00  0.000000E+00  0.000000E+00  0.000000E+00
  0.233045E+01 -0.315882E+00  0.104599E-01  0.000000E+00  0.000000E+00  0.000000E+00  0.000000E+00
  0.254111E+01 -0.296050E+00 -0.168684E-01  0.000000E+00  0.000000E+00  0.000000E+00  0.000000E+00
  0.283549E+01 -0.155577E-01 -0.372327E+00  0.000000E+00  0.000000E+00  0.000000E+00  0.000000E+00
  0.197513E+01  0.111954E-01  0.230532E+00  0.000000E+00  0.000000E+00  0.000000E+00  0.000000E+00
  0.197764E+01 -0.118446E-01 -0.227613E+00  0.000000E+00  0.000000E+00  0.000000E+00  0.000000E+00
  0.258501E+01 -0.411268E+00 -0.171176E-02  0.000000E+00  0.000000E+00  0.000000E+00  0.000000E+00
  0.247029E+01  0.140130E-01 -0.317337E+00  0.000000E+00  0.000000E+00  0.000000E+00  0.000000E+00
  0.259164E+01  0.130986E-01  0.352553E+00  0.000000E+00  0.000000E+00  0.000000E+00  0.000000E+00
  0.207067E+01  0.776056E-02 -0.268085E+00  0.000000E+00  0.000000E+00  0.000000E+00  0.000000E+00
  0.273047E+01  0.187579E-01  0.296867E+00  0.000000E+00  0.000000E+00  0.000000E+00  0.000000E+00
  0.215945E+01 -0.169827E-01 -0.223454E+00  0.000000E+00  0.000000E+00  0.000000E+00  0.000000E+00
  0.195585E+01 -0.154131E-01  0.199153E+00  0.000000E+00  0.000000E+00  0.000000E+00  0.000000E+00
  0.279925E+01 -0.277092E+00  0.201114E-01  0.000000E+00  0.000000E+00  0.000000E+00  0.000000E+00
  0.204337E+01 -0.138361E-02 -0.274682E+00  0.000000E+00  0.000000E+00  0.000000E+00  0.000000E+00
  0.178093E+01  0.840951E-02 -0.196500E+00  0.000000E+00  0.000000E+00  0.000000E+00  0.000000E+00
  0.254552E+01  0.348303E+00 -0.125048E-01  0.000000E+00  0.000000E+00  0.000000E+00  0.000000E+00
  0.173797E+01 -0.987012E-03  0.197629E+00  0.000000E+00  0.000000E+00  0.000000E+00  0.000000E+00
  0.259514E+01 -0.388178E+00  0.881191E-02  0.000000E+00  0.000000E+00  0.000000E+00  0.000000E+00
  0.260678E+01  0.281609E+00  0.184657E-01  0.000000E+00  0.000000E+00  0.000000E+00  0.000000E+00
  0.182367E+01 -0.699091E-02 -0.210726E+00  0.000000E+00  0.000000E+00  0.000000E+00  0.000000E+00
  0.182471E+01  0.895209E-02  0.205175E+00  0.000000E+00  0.000000E+00  0.000000E+00  0.000000E+00
  0.171607E+01 -0.181976E+00  0.805999E-02  0.000000E+00  0.000000E+00  0.000000E+00  0.000000E+00
  0.274009E+01  0.280304E+00 -0.195986E-01  0.000000E+00  0.000000E+00  0.000000E+00  0.000000E+00
  0.257700E+01 -0.255757E+00 -0.195460E-01  0.000000E+00  0.000000E+00  0.000000E+00  0.000000E+00
  0.218587E+01  0.111807E-01 -0.278327E+00  0.000000E+00  0.000000E+00  0.000000E+00  0.000000E+00
  0.196449E+01  0.103248E-01 -0.232359E+00  0.000000E+00  0.000000E+00  0.000000E+00  0.000000E+00
  0.166922E+01  0.402101E-02 -0.178030E+00  0.000000E+00  0.000000E+00  0.000000E+00  0.000000E+00
  0.194627E+01 -0.555594E-02 -0.244257E+00  0.000000E+00  0.000000E+00  0.000000E+00  0.000000E+00
  0.227005E+01 -0.119100E-01 -0.292340E+00  0.000000E+00  0.000000E+00  0.000000E+00  0.000000E+00
  0.276826E+01  0.136420E-01  0.384330E+00  0.000000E+00  0.000000E+00  0.000000E+00  0.000000E+00
  0.212305E+01 -0.105231E-01  0.267846E+00  0.000000E+00  0.000000E+00  0.000000E+00  0.000000E+00
  0.209880E+01  0.146462E-01  0.234325E+00  0.000000E+00  0.000000E+00  0.000000E+00  0.000000E+00
  0.206427E+01  0.274936E+00  0.491024E-02  0.000000E+00  0.000000E+00  0.000000E+00  0.000000E+00
  0.231687E+01  0.268012E+00 -0.156968E-01  0.000000E+00  0.000000E+00  0.000000E+00  0.000000E+00
  0.212049E+01 -0.273520E+00  0.929243E-02  0.000000E+00  0.000000E+00  0.000000E+00  0.000000E+00
  0.275539E+01 -0.362329E+00  0.151430E-01  0.000000E+00  0.000000E+00  0.000000E+00  0.000000E+00
  0.219435E+01 -0.261781E+00  0.137380E-01  0.000000E+00  0.000000E+00  0.000000E+00  0.000000E+00
  0.166240E+01 -0.171532E+00 -0.698695E-02  0.000000E+00  0.000000E+00  0.000000E+00  0.000000E+00
  0.281036E+01 -0.102026E-01  0.428430E+00  0.000000E+00  0.000000E+00  0.000000E+00  0.000000E+00
  0.227161E+01  0.310625E-02 -0.330310E+00  0.000000E+00  0.000000E+00  0.000000E+00  0.000000E+00
  0.187750E+01 -0.659455E-02  0.224854E+00  0.000000E+00  0.000000E+00  0.000000E+00  0.000000E+00
  0.224349E+01  0.313462E+00 -0.680717E-02  0.000000E+00  0.000000E+00  0.000000E+00  0.000000E+00
  0.184814E+01 -0.296266E-02  0.224087E+00  0.000000E+00  0.000000E+00  0.000000E+00  0.000000E+00
  0.241499E+01  0.253772E+00 -0.181576E-01  0.000000E+00  0.000000E+00  0.000000E+00  0.000000E+00
  0.273195E+01  0.448374E+00  0.171987E-02  0.000000E+00  0.000000E+00  0.000000E+00  0.000000E+00
  0.278579E+01 -0.869934E-02 -0.434130E+00  0.000000E+00  0.000000E+00  0.000000E+00  0.000000E+00
  0.257946E+01 -0.175248E-01  0.292993E+00  0.000000E+00  0.000000E+00  0.000000E+00  0.000000E+00
  0.234800E+01 -0.292502E+00 -0.139281E-01  0.000000E+00  0.000000E+00  0.000000E+00  0.000000E+00
  0.280929E+01  0.280727E+00  0.200273E-01  0.000000E+00  0.000000E+00  0.000000E+00  0.000000E+00
  0.241245E+01  0.178968E-01  0.257332E+00  0.000000E+00  0.000000E+00  0.000000E+00  0.000000E+00
  0.264251E+01  0.180680E-01 -0.294975E+00  0.000000E+00  0.000000E+00  0.000000E+00  0.000000E+00
  0.255422E+01 -0.292808E+00 -0.172454E-01  0.000000E+00  0.000000E+00  0.000000E+00  0.000000E+00
  0.262577E+01 -0.134915E-01  0.355742E+00  0.000000E+00  0.000000E+00  0.000000E+00  0.000000E+00
  0.271371E+01  0.321520E+00 -0.172761E-01  0.000000E+00  0.000000E+00  0.000000E+00  0.000000E+00
  0.263814E+01 -0.424804E+00  0.161065E-02  0.000000E+00  0.000000E+00  0.000000E+00  0.000000E+00
  0.224543E+01  0.866370E-02 -0.306043E+00  0.000000E+00  0.000000E+00  0.000000E+00  0.000000E+00
  0.166323E+01 -0.175735E+00  0.465392E-02  0.000000E+00  0.000000E+00  0.000000E+00  0.000000E+00
  0.228297E+01 -0.715788E-02 -0.321710E+00  0.000000E+00  0.000000E+00  0.000000E+00  0.000000E+00
  0.221604E+01  0.172187E-01 -0.231146E+00  0.000000E+00  0.000000E+00  0.000000E+00  0.000000E+00
  0.225113E+01 -0.265454E+00 -0.146593E-01  0.000000E+00  0.000000E+00  0.000000E+00  0.000000E+00
  0.281768E+01 -0.200744E-01 -0.280806E+00  0.000000E+00  0.000000E+00  0.000000E+00  0.000000E+00
  0.220624E+01 -0.105945E-01 -0.286529E+00  0.000000E+00  0.000000E+00  0.000000E+00  0.000000E+00
  0.278475E+01 -0.388943E+00 -0.135490E-01  0.000000E+00  0.000000E+00  0.000000E+00  0.000000E+00
  0.205958E+01  0.737139E-02 -0.266797E+00  0.000000E+00  0.000000E+00  0.000000E+00  0.000000E+00
  0.173042E+01 -0.188362E+00 -0.685684E-02  0.000000E+00  0.000000E+00  0.000000E+00  0.000000E+00
  0.219738E+01  0.312519E+00 -0.250288E-02  0.000000E+00  0.000000E+00  0.000000E+00  0.000000E+00
  0.177142E+01  0.892422E-02  0.192665E+00  0.000000E+00  0.000000E+00  0.000000E+00  0.000000E+00
  0.173125E+01  0.290868E-02 -0.194751E+00  0.000000E+00  0.000000E+00  0.000000E+00  0.000000E+00
  0.264679E+01  0.762531E-02  0.407488E+00  0.000000E+00  0.000000E+00  0.000000E+00  0.000000E+00
  0.193626E+01 -0.355014E-02  0.245474E+00  0.000000E+00  0.000000E+00  0.000000E+00  0.000000E+00
  0.166676E+01 -0.177070E+00  0.430460E-02  0.000000E+00  0.000000E+00  0.000000E+00  0.000000E+00
  0.221402E+01 -0.919805E-02 -0.295983E+00  0.000000E+00  0.000000E+00  0.000000E+00  0.000000E+00
  0.202743E+01  0.828137E-02  0.255766E+00  0.000000E+00  0.000000E+00  0.000000E+00  0.000000E+00
  0.242578E+01  0.176498E-01 -0.263402E+00  0.000000E+00  0.000000E+00  0.000000E+00  0.000000E+00
  0.195076E+01 -0.230741E+00 -0.997924E-02  0.000000E+00  0.000000E+00  0.000000E+00  0.000000E+00
  0.197372E+01  0.370940E-02 -0.254622E+00  0.000000E+00  0.000000E+00  0.000000E+00  0.000000E+00
  0.190117E+01  0.134867E-01 -0.201327E+00  0.000000E+00  0.000000E+00  0.000000E+00  0.000000E+00
  0.248033E+01 -0.303544E+00  0.154262E-01  0.000000E+00  0.000000E+00  0.000000E+00  0.000000E+00
  0.181017E+01 -0.592143E-02  0.209916E+00  0.000000E+00  0.000000E+00  0.000000E+00  0.000000E+00
  0.211103E+01 -0.996668E-04  0.292233E+00  0.000000E+00  0.000000E+00  0.000000E+00  0.000000E+00
  0.215585E+01 -0.113669E-01  0.270388E+00  0.000000E+00  0.000000E+00  0.000000E+00  0.000000E+00
  0.262029E+01  0.301760E+00 -0.174401E-01  0.000000E+00  0.000000E+00  0.000000E+00  0.000000E+00
  0.256731E+01  0.316084E+00  0.157934E-01  0.000000E+00  0.000000E+00  0.000000E+00  0.000000E+00
  0.206451E+01  0.207202E+00  0.168480E-01  0.000000E+00  0.000000E+00  0.000000E+00  0.000000E+00
  0.228577E+01 -0.442964E-02  0.331152E+00  0.000000E+00  0.000000E+00  0.000000E+00  0.000000E+00
  0.275208E+01  0.444721E+00 -0.516652E-02  0.000000E+00  0.000000E+00  0.000000E+00  0.000000E+00
  0.169768E+01 -0.225261E-02 -0.186821E+00  0.000000E+00  0.000000E+00  0.000000E+00  0.000000E+00
  0.186294E+01  0.223517E+00  0.563655E-02  0.000000E+00  0.000000E+00  0.000000E+00  0.000000E+00
  0.177219E+01 -0.181878E+00  0.118283E-01  0.000000E+00  0.000000E+00  0.000000E+00  0.000000E+00
  0.178985E+01 -0.120026E-01  0.185020E+00  0.000000E+00  0.000000E+00  0.000000E+00  0.000000E+00
  0.174874E+01 -0.196824E+00  0.477205E-02  0.000000E+00  0.000000E+00  0.000000E+00  0.000000E+00
  0.224407E+01  0.253267E+00  0.157349E-01  0.000000E+00  0.000000E+00  0.000000E+00  0.000000E+00
  0.257190E+01 -0.299421E-02  0.405973E+00  0.000000E+00  0.000000E+00  0.000000E+00  0.000000E+00
  0.165214E+01  0.170348E+00 -0.631302E-02  0.000000E+00  0.000000E+00  0.000000E+00  0.000000E+00
  0.229206E+01 -0.228310E+00 -0.184377E-01  0.000000E+00  0.000000E+00  0.000000E+00  0.000000E+00
  0.228949E+01 -0.228188E+00  0.184162E-01  0.000000E+00  0.000000E+00  0.000000E+00  0.000000E+00
  0.161089E+01 -0.164025E+00 -0.345176E-02  0.000000E+00  0.000000E+00  0.000000E+00  0.000000E+00
  0.183576E+01 -0.221500E+00  0.241704E-02  0.000000E+00  0.000000E+00  0.000000E+00  0.000000E+00
  0.245951E+01 -0.259332E-02 -0.378411E+00  0.000000E+00  0.000000E+00  0.000000E+00  0.000000E+00
  0.261549E+01  0.284961E+00 -0.183637E-01  0.000000E+00  0.000000E+00  0.000000E+00  0.000000E+00
  0.273505E+01 -0.308333E+00  0.182172E-01  0.000000E+00  0.000000E+00  0.000000E+00  0.000000E+00
  0.190315E+01 -0.737005E-02  0.228955E+00  0.000000E+00  0.000000E+00  0.000000E+00  0.000000E+00
  0.201370E+01  0.249738E+00  0.897909E-02  0.000000E+00  0.000000E+00  0.000000E+00  0.000000E+00
  0.185753E+01 -0.561804E-02 -0.222222E+00  0.000000E+00  0.000000E+00  0.000000E+00  0.000000E+00
  0.283345E+01  0.590786E-02  0.461679E+00  0.000000E+00  0.000000E+00  0.000000E+00  0.000000E+00
  0.162956E+01  0.168435E+00  0.372557E-02  0.000000E+00  0.000000E+00  0.000000E+00  0.000000E+00
  0.233644E+01 -0.349268E+00 -0.358881E-03  0.000000E+00  0.000000E+00  0.000000E+00  0.000000E+00
  0.206770E+01 -0.125916E-01 -0.242984E+00  0.000000E+00  0.000000E+00  0.000000E+00  0.000000E+00
  0.190523E+01  0.197224E+00  0.142617E-01  0.000000E+00  0.000000E+00  0.000000E+00  0.000000E+00
  0.266515E+01 -0.182409E-01  0.295777E+00  0.000000E+00  0.000000E+00  0.000000E+00  0.000000E+00
  0.226695E+01 -0.105064E-01 -0.300995E+00  0.000000E+00  0.000000E+00  0.000000E+00  0.000000E+00
  0.197770E+01 -0.247377E+00 -0.724823E-02  0.000000E+00  0.000000E+00  0.000000E+00  0.000000E+00
  0.280067E+01  0.463918E+00  0.279077E-02  0.000000E+00  0.000000E+00  0.000000E+00  0.000000E+00
  0.211365E+01 -0.355216E-02 -0.289926E+00  0.000000E+00  0.000000E+00  0.000000E+00  0.000000E+00
  0.254704E+01  0.332878E-02 -0.399039E+00  0.000000E+00  0.000000E+00  0.000000E+00  0.000000E+00
  0.193096E+01  0.154980E-01  0.193533E+00  0.000000E+00  0.000000E+00  0.000000E+00  0.000000E+00
  0.251462E+01 -0.323039E+00 -0.143436E-01  0.000000E+00  0.000000E+00  0.000000E+00  0.000000E+00
  0.181279E+01 -0.190407E+00 -0.119410E-01  0.000000E+00  0.000000E+00  0.000000E+00  0.000000E+00
  0.232846E+01  0.175197E-01  0.247741E+00  0.000000E+00  0.000000E+00  0.000000E+00  0.000000E+00
  0.196911E+01 -0.243522E+00 -0.779626E-02  0.000000E+00  0.000000E+00  0.000000E+00  0.000000E+00
  0.240310E+01 -0.139756E-01  0.303619E+00  0.000000E+00  0.000000E+00  0.000000E+00  0.000000E+00
  0.185178E+01  0.193700E+00  0.129733E-01  0.000000E+00  0.000000E+00  0.000000E+00  0.000000E+00
  0.199695E+01  0.149573E-01 -0.211018E+00  0.000000E+00  0.000000E+00  0.000000E+00  0.000000E+00
  0.231349E+01  0.104731E-01  0.311899E+00  0.000000E+00  0.000000E+00  0.000000E+00  0.000000E+00
  0.218872E+01 -0.107986E-01  0.281307E+00  0.000000E+00  0.000000E+00  0.000000E+00  0.000000E+00
  0.204668E+01 -0.210798E+00 -0.161328E-01  0.000000E+00  0.000000E+00  0.000000E+00  0.000000E+00
  0.208758E+01 -0.218529E+00 -0.161513E-01  0.000000E+00  0.000000E+00  0.000000E+00  0.000000E+00
  0.279495E+01  0.386550E+00  0.139219E-01  0.000000E+00  0.000000E+00  0.000000E+00  0.000000E+00
  0.212349E+01 -0.109355E-01  0.265632E+00  0.000000E+00  0.000000E+00  0.000000E+00  0.000000E+00
  0.198482E+01 -0.221750E+00 -0.130900E-01  0.000000E+00  0.000000E+00  0.000000E+00  0.000000E+00
  0.251136E+01 -0.155901E-01  0.307684E+00  0.000000E+00  0.000000E+00  0.000000E+00  0.000000E+00
  0.214688E+01 -0.992316E-02  0.276560E+00  0.000000E+00  0.000000E+00  0.000000E+00  0.000000E+00
  0.189325E+01  0.232714E+00  0.478555E-02  0.000000E+00  0.000000E+00  0.000000E+00  0.000000E+00
  0.183913E+01  0.133787E-01 -0.188716E+00  0.000000E+00  0.000000E+00  0.000000E+00  0.000000E+00
  0.252663E+01  0.365660E+00 -0.979766E-02  0.000000E+00  0.000000E+00  0.000000E+00  0.000000E+00
  0.231974E+01 -0.274789E+00  0.151220E-01  0.000000E+00  0.000000E+00  0.000000E+00  0.000000E+00
  0.200984E+01 -0.149557E-01  0.213646E+00  0.000000E+00  0.000000E+00  0.000000E+00  0.000000E+00
  0.211885E+01 -0.244755E+00 -0.138735E-01  0.000000E+00  0.000000E+00  0.000000E+00  0.000000E+00
  0.270418E+01 -0.119406E-01  0.388682E+00  0.000000E+00  0.000000E+00  0.000000E+00  0.000000E+00
  0.236363E+01  0.117832E-01  0.314142E+00  0.000000E+00  0.000000E+00  0.000000E+00  0.000000E+00
  0.224123E+01  0.952899E-02  0.300648E+00  0.000000E+00  0.000000E+00  0.000000E+00  0.000000E+00
  0.232344E+01 -0.118587E-01 -0.304608E+00  0.000000E+00  0.000000E+00  0.000000E+00  0.000000E+00
  0.168450E+01  0.181540E+00 -0.427054E-02  0.000000E+00  0.000000E+00  0.000000E+00  0.000000E+00
  0.259340E+01  0.411709E+00  0.282289E-02  0.000000E+00  0.000000E+00  0.000000E+00  0.000000E+00
  0.249954E+01  0.149089E-01 -0.313541E+00  0.000000E+00  0.000000E+00  0.000000E+00  0.000000E+00
  0.267287E+01 -0.325473E-02 -0.430781E+00  0.000000E+00  0.000000E+00  0.000000E+00  0.000000E+00
  0.218029E+01 -0.339757E-03  0.309742E+00  0.000000E+00  0.000000E+00  0.000000E+00  0.000000E+00
  0.279881E+01 -0.438077E+00  0.857461E-02  0.000000E+00  0.000000E+00  0.000000E+00  0.000000E+00
  0.187848E+01  0.221136E+00  0.798500E-02  0.000000E+00  0.000000E+00  0.000000E+00  0.000000E+00
  0.255044E+01 -0.158745E-01 -0.311703E+00  0.000000E+00  0.000000E+00  0.000000E+00  0.000000E+00
  0.262496E+01  0.268111E+00 -0.193168E-01  0.000000E+00  0.000000E+00  0.000000E+00  0.000000E+00
  0.224737E+01 -0.319166E+00 -0.535632E-02  0.000000E+00  0.000000E+00  0.000000E+00  0.000000E+00
  0.176051E+01  0.191343E+00  0.850884E-02  0.000000E+00  0.000000E+00  0.000000E+00  0.000000E+00
  0.218057E+01 -0.249825E+00  0.147876E-01  0.000000E+00  0.000000E+00  0.000000E+00  0.000000E+00
  0.233036E+01 -0.990773E-02  0.319288E+00  0.000000E+00  0.000000E+00  0.000000E+00  0.000000E+00
  0.237275E+01  0.165925E-01  0.268154E+00  0.000000E+00  0.000000E+00  0.000000E+00  0.000000E+00
  0.236337E+01  0.159499E-01 -0.274227E+00  0.000000E+00  0.000000E+00  0.000000E+00  0.000000E+00
  0.283447E+01 -0.449293E+00 -0.816986E-02  0.000000E+00  0.000000E+00  0.000000E+00  0.000000E+00
  0.232097E+01 -0.170677E-01 -0.252372E+00  0.000000E+00  0.000000E+00  0.000000E+00  0.000000E+00
  0.182165E+01  0.218862E+00 -0.787788E-03  0.000000E+00  0.000000E+00  0.000000E+00  0.000000E+00
  0.174653E+01  0.185481E+00  0.933719E-02  0.000000E+00  0.000000E+00  0.000000E+00  0.000000E+00
  0.184572E+01 -0.206591E+00  0.991926E-02  0.000000E+00  0.000000E+00  0.000000E+00  0.000000E+00
  0.201459E+01 -0.127515E-01  0.230361E+00  0.000000E+00  0.000000E+00  0.000000E+00  0.000000E+00
  0.197661E+01  0.902639E-02 -0.240786E+00  0.000000E+00  0.000000E+00  0.000000E+00  0.000000E+00
  0.281572E+01 -0.363581E+00  0.158749E-01  0.000000E+00  0.000000E+00  0.000000E+00  0.000000E+00
  0.242569E+01  0.987938E-02 -0.341630E+00  0.000000E+00  0.000000E+00  0.000000E+00  0.000000E+00
  0.265870E+01  0.367927E+00 -0.130120E-01  0.000000E+00  0.000000E+00  0.000000E+00  0.000000E+00
  0.219690E+01  0.134653E-02 -0.313519E+00  0.000000E+00  0.000000E+00  0.000000E+00  0.000000E+00
  0.174712E+01  0.199918E+00  0.106669E-02  0.000000E+00  0.000000E+00  0.000000E+00  0.000000E+00
  0.244321E+01 -0.279545E+00  0.167376E-01  0.000000E+00  0.000000E+00  0.000000E+00  0.000000E+00
  0.231790E+01  0.179459E-01 -0.239922E+00  0.000000E+00  0.000000E+00  0.000000E+00  0.000000E+00
  0.251308E+01  0.327677E+00 -0.138837E-01  0.000000E+00  0.000000E+00  0.000000E+00  0.000000E+00
  0.180311E+01  0.877617E-02  0.200640E+00  0.000000E+00  0.000000E+00  0.000000E+00  0.000000E+00
  0.247081E+01 -0.293731E+00 -0.160628E-01  0.000000E+00  0.000000E+00  0.000000E+00  0.000000E+00
  0.237664E+01 -0.188103E-01 -0.236788E+00  0.000000E+00  0.000000E+00  0.000000E+00  0.000000E+00
  0.174679E+01 -0.185611E+00 -0.931588E-02  0.000000E+00  0.000000E+00  0.000000E+00  0.000000E+00
  0.195192E+01  0.834867E-02  0.237488E+00  0.000000E+00  0.000000E+00  0.000000E+00  0.000000E+00
  0.238772E+01  0.820518E-02  0.342219E+00  0.000000E+00  0.000000E+00  0.000000E+00  0.000000E+00
  0.187684E+01 -0.232888E+00 -0.550542E-03  0.000000E+00  0.000000E+00  0.000000E+00  0.000000E+00
  0.197147E+01 -0.250634E+00  0.548836E-02  0.000000E+00  0.000000E+00  0.000000E+00  0.000000E+00
  0.238276E+01  0.945170E-02  0.334234E+00  0.000000E+00  0.000000E+00  0.000000E+00  0.000000E+00
  0.164808E+01  0.171092E+00 -0.527192E-02  0.000000E+00  0.000000E+00  0.000000E+00  0.000000E+00
  0.213974E+01 -0.299381E+00  0.715374E-03  0.000000E+00  0.000000E+00  0.000000E+00  0.000000E+00
  0.278475E+01  0.132503E-01  0.392454E+00  0.000000E+00  0.000000E+00  0.000000E+00  0.000000E+00
  0.206515E+01  0.279865E+00 -0.183100E-02  0.000000E+00  0.000000E+00  0.000000E+00  0.000000E+00
  0.213889E+01 -0.238173E+00 -0.151390E-01  0.000000E+00  0.000000E+00  0.000000E+00  0.000000E+00
  0.190727E+01  0.238488E+00  0.334039E-02  0.000000E+00  0.000000E+00  0.000000E+00  0.000000E+00
  0.265441E+01 -0.317426E+00 -0.168554E-01  0.000000E+00  0.000000E+00  0.000000E+00  0.000000E+00
  0.252056E+01 -0.266266E+00 -0.185017E-01  0.000000E+00  0.000000E+00  0.000000E+00  0.000000E+00
  0.236709E+01 -0.247654E+00  0.180093E-01  0.000000E+00  0.000000E+00  0.000000E+00  0.000000E+00
  0.258006E+01  0.336208E-02 -0.407248E+00  0.000000E+00  0.000000E+00  0.000000E+00  0.000000E+00
  0.260772E+01  0.353309E+00 -0.133586E-01  0.000000E+00  0.000000E+00  0.000000E+00  0.000000E+00
  0.231483E+01 -0.308281E+00 -0.110708E-01  0.000000E+00  0.000000E+00  0.000000E+00  0.000000E+00
  0.214488E+01 -0.229535E+00  0.161579E-01  0.000000E+00  0.000000E+00  0.000000E+00  0.000000E+00
  0.261422E+01 -0.168240E-01 -0.310393E+00  0.000000E+00  0.000000E+00  0.000000E+00  0.000000E+00
  0.173976E+01  0.198036E+00 -0.112443E-02  0.000000E+00  0.000000E+00  0.000000E+00  0.000000E+00
  0.188766E+01 -0.134190E-01 -0.198854E+00  0.000000E+00  0.000000E+00  0.000000E+00  0.000000E+00
  0.277543E+01 -0.274610E+00 -0.200672E-01  0.000000E+00  0.000000E+00  0.000000E+00  0.000000E+00
  0.260031E+01  0.362278E+00  0.122985E-01  0.000000E+00  0.000000E+00  0.000000E+00  0.000000E+00
  0.273257E+01 -0.281152E+00 -0.195087E-01  0.000000E+00  0.000000E+00  0.000000E+00  0.000000E+00
  0.221591E+01 -0.110923E-01  0.285692E+00  0.000000E+00  0.000000E+00  0.000000E+00  0.000000E+00
  0.209518E+01 -0.265794E+00 -0.966870E-02  0.000000E+00  0.000000E+00  0.000000E+00  0.000000E+00
  0.220415E+01 -0.168522E-01 -0.233275E+00  0.000000E+00  0.000000E+00  0.000000E+00  0.000000E+00
  0.166548E+01  0.650540E-02 -0.173251E+00  0.000000E+00  0.000000E+00  0.000000E+00  0.000000E+00
  0.265389E+01 -0.190377E-01  0.278496E+00  0.000000E+00  0.000000E+00  0.000000E+00  0.000000E+00
  0.172987E+01 -0.185207E+00  0.808847E-02  0.000000E+00  0.000000E+00  0.000000E+00  0.000000E+00
  0.177326E+01 -0.694418E-02 -0.198584E+00  0.000000E+00  0.000000E+00  0.000000E+00  0.000000E+00
  0.224040E+01  0.287794E+00 -0.116135E-01  0.000000E+00  0.000000E+00  0.000000E+00  0.000000E+00
  0.194928E+01 -0.225372E+00 -0.110569E-01  0.000000E+00  0.000000E+00  0.000000E+00  0.000000E+00
  0.277338E+01  0.116304E-01  0.407126E+00  0.000000E+00  0.000000E+00  0.000000E+00  0.000000E+00
  0.221993E+01  0.319526E+00 -0.104611E-02  0.000000E+00  0.000000E+00  0.000000E+00  0.000000E+00
  0.262058E+01  0.168048E-01 -0.311877E+00  0.000000E+00  0.000000E+00  0.000000E+00  0.000000E+00
  0.226185E+01 -0.296254E+00  0.110711E-01  0.000000E+00  0.000000E+00  0.000000E+00  0.000000E+00
  0.248396E+01  0.302628E+00  0.155604E-01  0.000000E+00  0.000000E+00  0.000000E+00  0.000000E+00
  0.275808E+01 -0.419264E-02 -0.449595E+00  0.000000E+00  0.000000E+00  0.000000E+00  0.000000E+00
  0.263472E+01  0.300858E+00 -0.176503E-01  0.000000E+00  0.000000E+00  0.000000E+00  0.000000E+00
  0.279815E+01 -0.324389E+00  0.179555E-01  0.000000E+00  0.000000E+00  0.000000E+00  0.000000E+00
  0.256749E+01 -0.371629E+00 -0.102934E-01  0.000000E+00  0.000000E+00  0.000000E+00  0.000000E+00
  0.275183E+01 -0.190568E-01  0.294159E+00  0.000000E+00  0.000000E+00  0.000000E+00  0.000000E+00
  0.240082E+01  0.320105E+00  0.120780E-01  0.000000E+00  0.000000E+00  0.000000E+00  0.000000E+00
  0.240080E+01  0.243991E+00 -0.186181E-01  0.000000E+00  0.000000E+00  0.000000E+00  0.000000E+00
  0.208863E+01 -0.265360E+00 -0.943768E-02  0.000000E+00  0.000000E+00  0.000000E+00  0.000000E+00
  0.204342E+01  0.114626E-01  0.244495E+00  0.000000E+00  0.000000E+00  0.000000E+00  0.000000E+00
  0.234335E+01 -0.241420E+00 -0.181498E-01  0.000000E+00  0.000000E+00  0.000000E+00  0.000000E+00
  0.201219E+01  0.909912E-02  0.248884E+00  0.000000E+00  0.000000E+00  0.000000E+00  0.000000E+00
  0.206771E+01  0.152510E-01  0.222867E+00  0.000000E+00  0.000000E+00  0.000000E+00  0.000000E+00
  0.278245E+01  0.428787E+00 -0.933556E-02  0.000000E+00  0.000000E+00  0.000000E+00  0.000000E+00
  0.217408E+01  0.159147E-01  0.237683E+00  0.000000E+00  0.000000E+00  0.000000E+00  0.000000E+00
  0.188592E+01 -0.739659E-02 -0.224709E+00  0.000000E+00  0.000000E+00  0.000000E+00  0.000000E+00
  0.255056E+01  0.401396E+00  0.255745E-02  0.000000E+00  0.000000E+00  0.000000E+00  0.000000E+00
  0.193641E+01 -0.246285E+00 -0.295517E-02  0.000000E+00  0.000000E+00  0.000000E+00  0.000000E+00
  0.260382E+01 -0.281573E+00  0.184400E-01  0.000000E+00  0.000000E+00  0.000000E+00  0.000000E+00
  0.240237E+01 -0.253985E+00 -0.180004E-01  0.000000E+00  0.000000E+00  0.000000E+00  0.000000E+00
  0.188343E+01 -0.403863E-02 -0.231531E+00  0.000000E+00  0.000000E+00  0.000000E+00  0.000000E+00
  0.258963E+01 -0.334991E+00 -0.146497E-01  0.000000E+00  0.000000E+00  0.000000E+00  0.000000E+00
  0.275296E+01  0.181486E-01  0.312760E+00  0.000000E+00  0.000000E+00  0.000000E+00  0.000000E+00
  0.223095E+01  0.151969E-01  0.256151E+00  0.000000E+00  0.000000E+00  0.000000E+00  0.000000E+00
  0.188780E+01  0.127186E-01 -0.202934E+00  0.000000E+00  0.000000E+00  0.000000E+00  0.000000E+00
  0.261323E+01 -0.365176E+00 -0.122931E-01  0.000000E+00  0.000000E+00  0.000000E+00  0.000000E+00
  0.212175E+01 -0.630841E-02 -0.285404E+00  0.000000E+00  0.000000E+00  0.000000E+00  0.000000E+00
  0.267038E+01  0.198586E-01 -0.263551E+00  0.000000E+00  0.000000E+00  0.000000E+00  0.000000E+00
  0.247925E+01  0.327928E+00  0.131395E-01  0.000000E+00  0.000000E+00  0.000000E+00  0.000000E+00
  0.263551E+01 -0.423500E+00 -0.211337E-02  0.000000E+00  0.000000E+00  0.000000E+00  0.000000E+00
  0.269968E+01 -0.439240E+00 -0.239303E-02  0.000000E+00  0.000000E+00  0.000000E+00  0.000000E+00
  0.272265E+01  0.141269E-01  0.368860E+00  0.000000E+00  0.000000E+00  0.000000E+00  0.000000E+00
  0.250402E+01 -0.173824E-01 -0.281547E+00  0.000000E+00  0.000000E+00  0.000000E+00  0.000000E+00
  0.183730E+01  0.222842E+00  0.718375E-03  0.000000E+00  0.000000E+00  0.000000E+00  0.000000E+00
  0.257893E+01  0.337978E+00  0.142033E-01  0.000000E+00  0.000000E+00  0.000000E+00  0.000000E+00
  0.276951E+01  0.300867E+00 -0.188786E-01  0.000000E+00  0.000000E+00  0.000000E+00  0.000000E+00
  0.201168E+01 -0.226542E+00  0.132415E-01  0.000000E+00  0.000000E+00  0.000000E+00  0.000000E+00
  0.263698E+01  0.398278E+00 -0.878286E-02  0.000000E+00  0.000000E+00  0.000000E+00  0.000000E+00
  0.209834E+01  0.253873E-02  0.287529E+00  0.000000E+00  0.000000E+00  0.000000E+00  0.000000E+00
  0.215082E+01  0.278147E+00  0.979360E-02  0.000000E+00  0.000000E+00  0.000000E+00  0.000000E+00
  0.220755E+01  0.776295E-02  0.301017E+00  0.000000E+00  0.000000E+00  0.000000E+00  0.000000E+00
  0.270747E+01  0.316791E+00 -0.174853E-01  0.000000E+00  0.000000E+00  0.000000E+00  0.000000E+00
  0.218668E+01  0.108267E-01  0.280672E+00  0.000000E+00  0.000000E+00  0.000000E+00  0.000000E+00
  0.180270E+01 -0.190856E+00  0.113437E-01  0.000000E+00  0.000000E+00  0.000000E+00  0.000000E+00
  0.176178E+01  0.200210E+00 -0.467903E-02  0.000000E+00  0.000000E+00  0.000000E+00  0.000000E+00
  0.263366E+01  0.300317E+00 -0.176710E-01  0.000000E+00  0.000000E+00  0.000000E+00  0.000000E+00
  0.240742E+01  0.352805E+00  0.694782E-02  0.000000E+00  0.000000E+00  0.000000E+00  0.000000E+00
  0.244672E+01 -0.352511E+00  0.890000E-02  0.000000E+00  0.000000E+00  0.000000E+00  0.000000E+00
  0.257102E+01 -0.339517E+00 -0.139167E-01  0.000000E+00  0.000000E+00  0.000000E+00  0.000000E+00
  0.198259E+01  0.249015E+00 -0.710240E-02  0.000000E+00  0.000000E+00  0.000000E+00  0.000000E+00
  0.195719E+01 -0.675934E-02 -0.243853E+00  0.000000E+00  0.000000E+00  0.000000E+00  0.000000E+00
  0.167728E+01 -0.840285E-02 -0.171805E+00  0.000000E+00  0.000000E+00  0.000000E+00  0.000000E+00
  0.263371E+01  0.127461E-01 -0.365241E+00  0.000000E+00  0.000000E+00  0.000000E+00  0.000000E+00
  0.272905E+01 -0.142133E-01  0.369130E+00  0.000000E+00  0.000000E+00  0.000000E+00  0.000000E+00
  0.229937E+01 -0.183509E-01  0.230842E+00  0.000000E+00  0.000000E+00  0.000000E+00  0.000000E+00
  0.263853E+01 -0.516830E-02  0.416588E+00  0.000000E+00  0.000000E+00  0.000000E+00  0.000000E+00
  0.204449E+01 -0.613401E-02  0.266970E+00  0.000000E+00  0.000000E+00  0.000000E+00  0.000000E+00
  0.216676E+01  0.133234E-01 -0.259216E+00  0.000000E+00  0.000000E+00  0.000000E+00  0.000000E+00
  0.267511E+01 -0.188094E-01  0.286581E+00  0.000000E+00  0.000000E+00  0.000000E+00  0.000000E+00
  0.223743E+01  0.288423E+00 -0.114212E-01  0.000000E+00  0.000000E+00  0.000000E+00  0.000000E+00
  0.214308E+01 -0.172894E-01  0.216943E+00  0.000000E+00  0.000000E+00  0.000000E+00  0.000000E+00
  0.216004E+01  0.408277E-02 -0.300554E+00  0.000000E+00  0.000000E+00  0.000000E+00  0.000000E+00
  0.172291E+01 -0.941094E-02  0.179704E+00  0.000000E+00  0.000000E+00  0.000000E+00  0.000000E+00
  0.177083E+01 -0.821365E-02 -0.194662E+00  0.000000E+00  0.000000E+00  0.000000E+00  0.000000E+00
  0.263296E+01 -0.412189E+00  0.594837E-02  0.000000E+00  0.000000E+00  0.000000E+00  0.000000E+00
  0.179892E+01 -0.212762E+00  0.163124E-02  0.000000E+00  0.000000E+00  0.000000E+00  0.000000E+00
  0.170646E+01 -0.852302E-02 -0.178436E+00  0.000000E+00  0.000000E+00  0.000000E+00  0.000000E+00
  0.204732E+01  0.349692E-02 -0.273391E+00  0.000000E+00  0.000000E+00  0.000000E+00  0.000000E+00
  0.174101E+01 -0.462400E-02 -0.195128E+00  0.000000E+00  0.000000E+00  0.000000E+00  0.000000E+00
  0.213001E+01  0.227176E+00 -0.161068E-01  0.000000E+00  0.000000E+00  0.000000E+00  0.000000E+00
  0.177757E+01  0.691581E-02  0.199700E+00  0.000000E+00  0.000000E+00  0.000000E+00  0.000000E+00
  0.210996E+01 -0.931652E-02  0.270932E+00  0.000000E+00  0.000000E+00  0.000000E+00  0.000000E+00
  0.203258E+01 -0.271855E+00  0.153900E-02  0.000000E+00  0.000000E+00  0.000000E+00  0.000000E+00
  0.194368E+01 -0.248680E+00  0.243088E-02  0.000000E+00  0.000000E+00  0.000000E+00  0.000000E+00
  0.187131E+01  0.118792E-02  0.231281E+00  0.000000E+00  0.000000E+00  0.000000E+00  0.000000E+00
  0.252058E+01 -0.132184E-01  0.336055E+00  0.000000E+00  0.000000E+00  0.000000E+00  0.000000E+00
  0.253202E+01  0.205521E-02 -0.397471E+00  0.000000E+00  0.000000E+00  0.000000E+00  0.000000E+00
  0.221823E+01 -0.124864E-01 -0.276687E+00  0.000000E+00  0.000000E+00  0.000000E+00  0.000000E+00
  0.202823E+01 -0.253585E-02  0.269873E+00  0.000000E+00  0.000000E+00  0.000000E+00  0.000000E+00
  0.204315E+01  0.166312E-01 -0.205358E+00  0.000000E+00  0.000000E+00  0.000000E+00  0.000000E+00
  0.254251E+01  0.400582E+00 -0.166689E-02  0.000000E+00  0.000000E+00  0.000000E+00  0.000000E+00
  0.167467E+01  0.181221E+00 -0.192017E-02  0.000000E+00  0.000000E+00  0.000000E+00  0.000000E+00
  0.279094E+01  0.119010E-01 -0.408380E+00  0.000000E+00  0.000000E+00  0.000000E+00  0.000000E+00
  0.208915E+01 -0.223844E+00  0.156203E-01  0.000000E+00  0.000000E+00  0.000000E+00  0.000000E+00
  0.247748E+01 -0.961368E-02  0.355406E+00  0.000000E+00  0.000000E+00  0.000000E+00  0.000000E+00
  0.195012E+01 -0.250819E+00  0.183230E-02  0.000000E+00  0.000000E+00  0.000000E+00  0.000000E+00
  0.226353E+01  0.177684E-01 -0.232736E+00  0.000000E+00  0.000000E+00  0.000000E+00  0.000000E+00
  0.189865E+01 -0.238293E+00  0.945865E-03  0.000000E+00  0.000000E+00  0.000000E+00  0.000000E+00
  0.225313E+01 -0.919702E-02 -0.305194E+00  0.000000E+00  0.000000E+00  0.000000E+00  0.000000E+00
  0.266201E+01  0.389539E+00  0.107791E-01  0.000000E+00  0.000000E+00  0.000000E+00  0.000000E+00
  0.234069E+01  0.346665E+00 -0.363034E-02  0.000000E+00  0.000000E+00  0.000000E+00  0.000000E+00
  0.225081E+01 -0.269057E+00 -0.142648E-01  0.000000E+00  0.000000E+00  0.000000E+00  0.000000E+00
  0.238249E+01 -0.343418E+00  0.769919E-02  0.000000E+00  0.000000E+00  0.000000E+00  0.000000E+00
  0.187212E+01 -0.133755E-01  0.195789E+00  0.000000E+00  0.000000E+00  0.000000E+00  0.000000E+00
  0.191636E+01  0.124003E-01 -0.210956E+00  0.000000E+00  0.000000E+00  0.000000E+00  0.000000E+00
  0.240211E+01  0.170518E-01 -0.267599E+00  0.000000E+00  0.000000E+00  0.000000E+00  0.000000E+00
  0.211653E+01  0.270038E+00  0.981752E-02  0.000000E+00  0.000000E+00  0.000000E+00  0.000000E+00
  0.209282E+01  0.227163E+00  0.153345E-01  0.000000E+00  0.000000E+00  0.000000E+00  0.000000E+00
  0.208234E+01 -0.171882E-01 -0.206934E+00  0.000000E+00  0.000000E+00  0.000000E+00  0.000000E+00
  0.265366E+01  0.158157E-01 -0.332719E+00  0.000000E+00  0.000000E+00  0.000000E+00  0.000000E+00
  0.188453E+01 -0.212062E+00 -0.107509E-01  0.000000E+00  0.000000E+00  0.000000E+00  0.000000E+00
  0.213243E+01 -0.295957E+00 -0.266482E-02  0.000000E+00  0.000000E+00  0.000000E+00  0.000000E+00
  0.208965E+01  0.249142E+00 -0.123866E-01  0.000000E+00  0.000000E+00  0.000000E+00  0.000000E+00
  0.171212E+01  0.823682E-02  0.180561E+00  0.000000E+00  0.000000E+00  0.000000E+00  0.000000E+00
  0.218738E+01 -0.590005E-02 -0.302763E+00  0.000000E+00  0.000000E+00  0.000000E+00  0.000000E+00
  0.258750E+01  0.183717E-01 -0.280009E+00  0.000000E+00  0.000000E+00  0.000000E+00  0.000000E+00
  0.208841E+01  0.160380E-01 -0.219781E+00  0.000000E+00  0.000000E+00  0.000000E+00  0.000000E+00
  0.236810E+01  0.237980E+00  0.186484E-01  0.000000E+00  0.000000E+00  0.000000E+00  0.000000E+00
  0.274654E+01 -0.136239E-01 -0.379934E+00  0.000000E+00  0.000000E+00  0.000000E+00  0.000000E+00
  0.180384E+01  0.203722E+00  0.781202E-02  0.000000E+00  0.000000E+00  0.000000E+00  0.000000E+00
  0.279572E+01 -0.284160E+00 -0.198037E-01  0.000000E+00  0.000000E+00  0.000000E+00  0.000000E+00
  0.178005E+01  0.783754E-02  0.197931E+00  0.000000E+00  0.000000E+00  0.000000E+00  0.000000E+00
  0.284082E+01  0.378975E-01  0.525656E-01  0.000000E+00  0.000000E+00  0.000000E+00  0.000000E+00
  0.284082E+01  0.129733E+00 -0.452691E-01  0.000000E+00  0.000000E+00  0.000000E+00  0.000000E+00
  0.284082E+01 -0.731326E-01 -0.218414E+00  0.000000E+00  0.000000E+00  0.000000E+00  0.000000E+00
  0.284082E+01 -0.116566E+00 -0.121926E+00  0.000000E+00  0.000000E+00  0.000000E+00  0.000000E+00
  0.284082E+01  0.525844E-01  0.645075E-01  0.000000E+00  0.000000E+00  0.000000E+00  0.000000E+00
  0.284082E+01  0.199379E+00  0.149962E+00  0.000000E+00  0.000000E+00  0.000000E+00  0.000000E+00
  0.284082E+01 -0.208833E+00  0.132497E+00  0.000000E+00  0.000000E+00  0.000000E+00  0.000000E+00
  0.284082E+01 -0.102481E+00 -0.105986E+00  0.000000E+00  0.000000E+00  0.000000E+00  0.000000E+00
  0.284082E+01  0.354166E-01 -0.188152E+00  0.000000E+00  0.000000E+00  0.000000E+00  0.000000E+00
  0.284082E+01  0.413701E-01 -0.242755E+00  0.000000E+00  0.000000E+00  0.000000E+00  0.000000E+00
  0.284082E+01  0.731232E-01 -0.116907E+00  0.000000E+00  0.000000E+00  0.000000E+00  0.000000E+00
  0.284082E+01 -0.133340E+00  0.978586E-01  0.000000E+00  0.000000E+00  0.000000E+00  0.000000E+00
  0.284082E+01 -0.130714E+00 -0.370077E-01  0.000000E+00  0.000000E+00  0.000000E+00  0.000000E+00
  0.284082E+01 -0.212565E+00  0.124391E+00  0.000000E+00  0.000000E+00  0.000000E+00  0.000000E+00
  0.284082E+01 -0.903226E-01 -0.162090E+00  0.000000E+00  0.000000E+00  0.000000E+00  0.000000E+00
  0.284082E+01 -0.603913E-01 -0.159947E+00  0.000000E+00  0.000000E+00  0.000000E+00  0.000000E+00
  0.284082E+01  0.715685E-01  0.116478E+00  0.000000E+00  0.000000E+00  0.000000E+00  0.000000E+00
  0.284082E+01  0.214780E+00  0.468706E-01  0.000000E+00  0.000000E+00  0.000000E+00  0.000000E+00
  0.284082E+01 -0.225800E-01  0.451367E-01  0.000000E+00  0.000000E+00  0.000000E+00  0.000000E+00
  0.284082E+01  0.615231E-01  0.194384E+00  0.000000E+00  0.000000E+00  0.000000E+00  0.000000E+00
  0.284082E+01 -0.144205E-02 -0.382344E-03  0.000000E+00  0.000000E+00  0.000000E+00  0.000000E+00
  0.284082E+01  0.828972E-01 -0.214243E+00  0.000000E+00  0.000000E+00  0.000000E+00  0.000000E+00
  0.284082E+01 -0.219375E-01 -0.143845E-01  0.000000E+00  0.000000E+00  0.000000E+00  0.000000E+00
  0.284082E+01  0.193181E-01  0.101239E-01  0.000000E+00  0.000000E+00  0.000000E+00  0.000000E+00
  0.284082E+01  0.190061E-01  0.471084E-01  0.000000E+00  0.000000E+00  0.000000E+00  0.000000E+00
  0.284082E+01  0.162296E+00 -0.162519E+00  0.000000E+00  0.000000E+00  0.000000E+00  0.000000E+00
  0.284082E+01 -0.202675E+00 -0.145147E+00  0.000000E+00  0.000000E+00  0.000000E+00  0.000000E+00
  0.284082E+01  0.662922E-01 -0.983607E-01  0.000000E+00  0.000000E+00  0.000000E+00  0.000000E+00
  0.284082E+01 -0.178449E+00  0.145460E+00  0.000000E+00  0.000000E+00  0.000000E+00  0.000000E+00
  0.284082E+01 -0.220551E+00 -0.680470E-01  0.000000E+00  0.000000E+00  0.000000E+00  0.000000E+00
  0.284082E+01  0.821750E-01 -0.133121E-01  0.000000E+00  0.000000E+00  0.000000E+00  0.000000E+00
  0.284082E+01  0.984109E-02 -0.970213E-01  0.000000E+00  0.000000E+00  0.000000E+00  0.000000E+00
  0.284082E+01  0.204783E+00 -0.895620E-01  0.000000E+00  0.000000E+00  0.000000E+00  0.000000E+00
  0.284082E+01 -0.240437E-01  0.135346E+00  0.000000E+00  0.000000E+00  0.000000E+00  0.000000E+00
  0.284082E+01  0.151703E+00  0.127063E+00  0.000000E+00  0.000000E+00  0.000000E+00  0.000000E+00
  0.284082E+01  0.520157E-02  0.545982E-01  0.000000E+00  0.000000E+00  0.000000E+00  0.000000E+00
  0.284082E+01 -0.198127E+00 -0.221219E-01  0.000000E+00  0.000000E+00  0.000000E+00  0.000000E+00
  0.284082E+01  0.953247E-03  0.237823E-05  0.000000E+00  0.000000E+00  0.000000E+00  0.000000E+00
  0.284082E+01 -0.517263E-01  0.525863E-01  0.000000E+00  0.000000E+00  0.000000E+00  0.000000E+00
  0.284082E+01 -0.747089E-01 -0.886689E-01  0.000000E+00  0.000000E+00  0.000000E+00  0.000000E+00
  0.284082E+01  0.815701E-02  0.131635E-01  0.000000E+00  0.000000E+00  0.000000E+00  0.000000E+00
  0.284082E+01  0.228567E-01  0.251608E-01  0.000000E+00  0.000000E+00  0.000000E+00  0.000000E+00
  0.284082E+01  0.196307E+00  0.114143E+00  0.000000E+00  0.000000E+00  0.000000E+00  0.000000E+00
  0.284082E+01  0.171810E+00  0.634539E-02  0.000000E+00  0.000000E+00  0.000000E+00  0.000000E+00
  0.284082E+01  0.105089E+00 -0.190652E+00  0.000000E+00  0.000000E+00  0.000000E+00  0.000000E+00
  0.284082E+01  0.208226E+00  0.247997E-01  0.000000E+00  0.000000E+00  0.000000E+00  0.000000E+00
  0.284082E+01 -0.579862E-01 -0.220411E+00  0.000000E+00  0.000000E+00  0.000000E+00  0.000000E+00
  0.284082E+01 -0.155115E+00  0.512401E-01  0.000000E+00  0.000000E+00  0.000000E+00  0.000000E+00
  0.284082E+01 -0.478099E-01  0.193367E+00  0.000000E+00  0.000000E+00  0.000000E+00  0.000000E+00
  0.284082E+01  0.100751E-01 -0.341714E-01  0.000000E+00  0.000000E+00  0.000000E+00  0.000000E+00
  0.284082E+01  0.442565E-01 -0.752969E-01  0.000000E+00  0.000000E+00  0.000000E+00  0.000000E+00
  0.284082E+01  0.763856E-01  0.703334E-01  0.000000E+00  0.000000E+00  0.000000E+00  0.000000E+00
  0.284082E+01  0.213482E-01 -0.245581E-01  0.000000E+00  0.000000E+00  0.000000E+00  0.000000E+00
  0.284082E+01  0.184206E+00  0.168977E-01  0.000000E+00  0.000000E+00  0.000000E+00  0.000000E+00
  0.284082E+01 -0.108715E-01 -0.725961E-01  0.000000E+00  0.000000E+00  0.000000E+00  0.000000E+00
  0.284082E+01 -0.126993E+00  0.109434E+00  0.000000E+00  0.000000E+00  0.000000E+00  0.000000E+00
  0.284082E+01  0.105367E-01 -0.300046E-01  0.000000E+00  0.000000E+00  0.000000E+00  0.000000E+00
  0.284082E+01 -0.163830E+00 -0.914958E-01  0.000000E+00  0.000000E+00  0.000000E+00  0.000000E+00
  0.284082E+01  0.314828E-01 -0.136549E+00  0.000000E+00  0.000000E+00  0.000000E+00  0.000000E+00
  0.284082E+01  0.113670E+00  0.123511E-01  0.000000E+00  0.000000E+00  0.000000E+00  0.000000E+00
  0.284082E+01 -0.458892E-01 -0.539709E-01  0.000000E+00  0.000000E+00  0.000000E+00  0.000000E+00
  0.284082E+01 -0.118880E-01  0.270701E-01  0.000000E+00  0.000000E+00  0.000000E+00  0.000000E+00
  0.284082E+01 -0.569516E-03 -0.138670E+00  0.000000E+00  0.000000E+00  0.000000E+00  0.000000E+00
  0.284082E+01 -0.130075E+00 -0.761963E-01  0.000000E+00  0.000000E+00  0.000000E+00  0.000000E+00
  0.284082E+01 -0.636434E-01 -0.103878E-01  0.000000E+00  0.000000E+00  0.000000E+00  0.000000E+00
  0.284082E+01 -0.188189E-01 -0.290996E-01  0.000000E+00  0.000000E+00  0.000000E+00  0.000000E+00
  0.284082E+01 -0.245041E-01  0.392579E-01  0.000000E+00  0.000000E+00  0.000000E+00  0.000000E+00
  0.284082E+01  0.551948E-01 -0.479755E-01  0.000000E+00  0.000000E+00  0.000000E+00  0.000000E+00
  0.284082E+01  0.185138E-01  0.774944E-02  0.000000E+00  0.000000E+00  0.000000E+00  0.000000E+00
  0.284082E+01 -0.877052E-01 -0.138723E+00  0.000000E+00  0.000000E+00  0.000000E+00  0.000000E+00
  0.284082E+01 -0.230594E-01 -0.718332E-02  0.000000E+00  0.000000E+00  0.000000E+00  0.000000E+00
  0.284082E+01  0.802356E-01  0.608170E-01  0.000000E+00  0.000000E+00  0.000000E+00  0.000000E+00
  0.284082E+01  0.916286E-02 -0.386430E-02  0.000000E+00  0.000000E+00  0.000000E+00  0.000000E+00
  0.284082E+01 -0.673045E-02  0.289312E-01  0.000000E+00  0.000000E+00  0.000000E+00  0.000000E+00
  0.284082E+01  0.876850E-01  0.828617E-01  0.000000E+00  0.000000E+00  0.000000E+00  0.000000E+00
  0.284082E+01 -0.120692E-01 -0.121695E+00  0.000000E+00  0.000000E+00  0.000000E+00  0.000000E+00
  0.284082E+01 -0.124251E+00 -0.143181E+00  0.000000E+00  0.000000E+00  0.000000E+00  0.000000E+00
  0.284082E+01  0.220385E+00 -0.108298E+00  0.000000E+00  0.000000E+00  0.000000E+00  0.000000E+00
  0.284082E+01  0.815536E-01  0.231262E+00  0.000000E+00  0.000000E+00  0.000000E+00  0.000000E+00
  0.284082E+01 -0.320184E-01 -0.114074E-01  0.000000E+00  0.000000E+00  0.000000E+00  0.000000E+00
  0.284082E+01 -0.189579E-01 -0.227213E+00  0.000000E+00  0.000000E+00  0.000000E+00  0.000000E+00
  0.284082E+01  0.127922E+00 -0.315849E-01  0.000000E+00  0.000000E+00  0.000000E+00  0.000000E+00
  0.284082E+01 -0.101430E-01 -0.388832E-01  0.000000E+00  0.000000E+00  0.000000E+00  0.000000E+00
  0.284082E+01 -0.564609E-01 -0.151600E+00  0.000000E+00  0.000000E+00  0.000000E+00  0.000000E+00
  0.284082E+01  0.169914E-01 -0.508076E-01  0.000000E+00  0.000000E+00  0.000000E+00  0.000000E+00
  0.284082E+01  0.619548E-01  0.115563E+00  0.000000E+00  0.000000E+00  0.000000E+00  0.000000E+00
  0.284082E+01 -0.590728E-01 -0.649386E-03  0.000000E+00  0.000000E+00  0.000000E+00  0.000000E+00
  0.284082E+01  0.982246E-01 -0.203329E+00  0.000000E+00  0.000000E+00  0.000000E+00  0.000000E+00
  0.284082E+01 -0.917076E-01  0.406501E-01  0.000000E+00  0.000000E+00  0.000000E+00  0.000000E+00
  0.284082E+01  0.451546E-02  0.262007E-01  0.000000E+00  0.000000E+00  0.000000E+00  0.000000E+00
  0.284082E+01  0.116676E-01  0.156406E+00  0.000000E+00  0.000000E+00  0.000000E+00  0.000000E+00
  0.284082E+01 -0.937411E-01 -0.227334E+00  0.000000E+00  0.000000E+00  0.000000E+00  0.000000E+00
  0.284082E+01 -0.643778E-01  0.180028E+00  0.000000E+00  0.000000E+00  0.000000E+00  0.000000E+00
  0.284082E+01 -0.134296E+00 -0.119254E+00  0.000000E+00  0.000000E+00  0.000000E+00  0.000000E+00
  0.284082E+01 -0.359685E-04 -0.128847E+00  0.000000E+00  0.000000E+00  0.000000E+00  0.000000E+00
  0.284082E+01 -0.174561E+00 -0.943856E-01  0.000000E+00  0.000000E+00  0.000000E+00  0.000000E+00
  0.284082E+01  0.302783E-01 -0.473698E-01  0.000000E+00  0.000000E+00  0.000000E+00  0.000000E+00
  0.284082E+01 -0.293881E-01  0.110154E-01  0.000000E+00  0.000000E+00  0.000000E+00  0.000000E+00
  0.284082E+01  0.579411E-02  0.108091E+00  0.000000E+00  0.000000E+00  0.000000E+00  0.000000E+00
  0.284082E+01  0.108435E+00  0.702036E-01  0.000000E+00  0.000000E+00  0.000000E+00  0.000000E+00
