  0.232684E+01  0.332767E+00  0.705714E-02  0.000000E+00  0.000000E+00  0.000000E+00  0.000000E+00
  0.241465E+01 -0.353254E+00 -0.724733E-02  0.000000E+00  0.000000E+00  0.000000E+00  0.000000E+00
  0.177396E+01  0.179882E+00  0.123515E-01  0.000000E+00  0.000000E+00  0.000000E+00  0.000000E+00
  0.265680E+01 -0.430280E+00  0.616962E-03  0.000000E+00  0.000000E+00  0.000000E+00  0.000000E+00
  0.172177E+01  0.193634E+00  0.565210E-03  0.000000E+00  0.000000E+00  0.000000E+00  0.000000E+00
  0.256684E+01  0.339540E+00  0.138337E-01  0.000000E+00  0.000000E+00  0.000000E+00  0.000000E+00
  0.198659E+01  0.933720E-02  0.241861E+00  0.000000E+00  0.000000E+00  0.000000E+00  0.000000E+00
  0.183223E+01 -0.134285E-01 -0.186958E+00  0.000000E+00  0.000000E+00  0.000000E+00  0.000000E+00
  0.162237E+01  0.168287E+00 -0.130829E-02  0.000000E+00  0.000000E+00  0.000000E+00  0.000000E+00
  0.200162E+01  0.757189E-03 -0.264413E+00  0.000000E+00  0.000000E+00  0.000000E+00  0.000000E+00
  0.187692E+01 -0.294156E-02 -0.231346E+00  0.000000E+00  0.000000E+00  0.000000E+00  0.000000E+00
  0.175014E+01  0.186343E+00 -0.933299E-02  0.000000E+00  0.000000E+00  0.000000E+00  0.000000E+00
  0.271641E+01  0.157817E-01  0.345517E+00  0.000000E+00  0.000000E+00  0.000000E+00  0.000000E+00
  0.227014E+01 -0.124676E-01 -0.288218E+00  0.000000E+00  0.000000E+00  0.000000E+00  0.000000E+00
  0.235330E+01 -0.330556E-02  0.350469E+00  0.000000E+00  0.000000E+00  0.000000E+00  0.000000E+00
  0.238980E+01 -0.124851E-01 -0.314330E+00  0.000000E+00  0.000000E+00  0.000000E+00  0.000000E+00
  0.268959E+01  0.438507E+00  0.763732E-03  0.000000E+00  0.000000E+00  0.000000E+00  0.000000E+00
  0.260192E+01  0.165875E-01 -0.311629E+00  0.000000E+00  0.000000E+00  0.000000E+00  0.000000E+00
  0.246202E+01 -0.158930E-01  0.294177E+00  0.000000E+00  0.000000E+00  0.000000E+00  0.000000E+00
  0.277418E+01  0.459475E+00 -0.133313E-02  0.000000E+00  0.000000E+00  0.000000E+00  0.000000E+00
  0.189264E+01  0.200442E+00 -0.133316E-01  0.000000E+00  0.000000E+00  0.000000E+00  0.000000E+00
  0.175154E+01 -0.191871E+00  0.753214E-02  0.000000E+00  0.000000E+00  0.000000E+00  0.000000E+00
  0.165462E+01  0.451703E-02 -0.173774E+00  0.000000E+00  0.000000E+00  0.000000E+00  0.000000E+00
  0.272211E+01 -0.433630E+00 -0.605679E-02  0.000000E+00  0.000000E+00  0.000000E+00  0.000000E+00
  0.251995E+01 -0.144790E-01  0.322631E+00  0.000000E+00  0.000000E+00  0.000000E+00  0.000000E+00
  0.244605E+01  0.275722E+00 -0.170527E-01  0.000000E+00  0.000000E+00  0.000000E+00  0.000000E+00
  0.217374E+01  0.631619E-02 -0.298115E+00  0.000000E+00  0.000000E+00  0.000000E+00  0.000000E+00
  0.248954E+01  0.147091E-01  0.313789E+00  0.000000E+00  0.000000E+00  0.000000E+00  0.000000E+00
  0.220373E+01  0.175511E-01 -0.224823E+00  0.000000E+00  0.000000E+00  0.000000E+00  0.000000E+00
  0.257988E+01  0.360316E+00  0.120207E-01  0.000000E+00  0.000000E+00  0.000000E+00  0.000000E+00
  0.223298E+01 -0.140255E-01 -0.267470E+00  0.000000E+00  0.000000E+00  0.000000E+00  0.000000E+00
  0.249415E+01  0.112765E-01 -0.347387E+00  0.000000E+00  0.000000E+00  0.000000E+00  0.000000E+00
  0.248814E+01  0.178584E-01  0.271321E+00  0.000000E+00  0.000000E+00  0.000000E+00  0.000000E+00
  0.182872E+01 -0.202765E+00  0.988630E-02  0.000000E+00  0.000000E+00  0.000000E+00  0.000000E+00
  0.235505E+01 -0.975789E-02 -0.325934E+00  0.000000E+00  0.000000E+00  0.000000E+00  0.000000E+00
  0.237751E+01 -0.148960E-02  0.359063E+00  0.000000E+00  0.000000E+00  0.000000E+00  0.000000E+00
  0.241388E+01  0.184601E-01  0.248777E+00  0.000000E+00  0.000000E+00  0.000000E+00  0.000000E+00
  0.166417E+01 -0.170051E+00  0.784616E-02  0.000000E+00  0.000000E+00  0.000000E+00  0.000000E+00
  0.266037E+01  0.283908E+00 -0.188202E-01  0.000000E+00  0.000000E+00  0.000000E+00  0.000000E+00
  0.266633E+01  0.159637E-01  0.333094E+00  0.000000E+00  0.000000E+00  0.000000E+00  0.000000E+00
  0.270290E+01 -0.344644E+00 -0.156571E-01  0.000000E+00  0.000000E+00  0.000000E+00  0.000000E+00
  0.216557E+01 -0.397307E-02  0.302153E+00  0.000000E+00  0.000000E+00  0.000000E+00  0.000000E+00
  0.263595E+01 -0.357883E+00 -0.134941E-01  0.000000E+00  0.000000E+00  0.000000E+00  0.000000E+00
  0.271505E+01 -0.429219E+00 -0.662983E-02  0.000000E+00  0.000000E+00  0.000000E+00  0.000000E+00
  0.211765E+01  0.276433E+00 -0.849255E-02  0.000000E+00  0.000000E+00  0.000000E+00  0.000000E+00
  0.170782E+01 -0.190019E+00  0.932913E-03  0.000000E+00  0.000000E+00  0.000000E+00  0.000000E+00
  0.210683E+01 -0.288229E+00  0.354497E-02  0.000000E+00  0.000000E+00  0.000000E+00  0.000000E+00
  0.264087E+01 -0.426269E+00 -0.563273E-03  0.000000E+00  0.000000E+00  0.000000E+00  0.000000E+00
  0.222209E+01 -0.195101E-02  0.319376E+00  0.000000E+00  0.000000E+00  0.000000E+00  0.000000E+00
  0.169828E+01  0.465247E-02 -0.184455E+00  0.000000E+00  0.000000E+00  0.000000E+00  0.000000E+00
  0.184165E+01  0.193319E+00  0.126341E-01  0.000000E+00  0.000000E+00  0.000000E+00  0.000000E+00
  0.219145E+01  0.155784E-01 -0.244486E+00  0.000000E+00  0.000000E+00  0.000000E+00  0.000000E+00
  0.185224E+01 -0.219050E+00 -0.644584E-02  0.000000E+00  0.000000E+00  0.000000E+00  0.000000E+00
  0.236507E+01  0.331778E+00  0.915609E-02  0.000000E+00  0.000000E+00  0.000000E+00  0.000000E+00
  0.242334E+01  0.333668E+00  0.109674E-01  0.000000E+00  0.000000E+00  0.000000E+00  0.000000E+00
  0.201438E+01 -0.149486E-01  0.214624E+00  0.000000E+00  0.000000E+00  0.000000E+00  0.000000E+00
  0.238382E+01 -0.359137E+00 -0.273017E-02  0.000000E+00  0.000000E+00  0.000000E+00  0.000000E+00
  0.237804E+01  0.359827E+00  0.184871E-03  0.000000E+00  0.000000E+00  0.000000E+00  0.000000E+00
  0.222923E+01  0.351948E-02 -0.318952E+00  0.000000E+00  0.000000E+00  0.000000E+00  0.000000E+00
  0.193225E+01  0.212295E-02 -0.246079E+00  0.000000E+00  0.000000E+00  0.000000E+00  0.000000E+00
  0.264769E+01  0.152857E-01 -0.338759E+00  0.000000E+00  0.000000E+00  0.000000E+00  0.000000E+00
  0.189779E+01 -0.648174E-03 -0.238167E+00  0.000000E+00  0.000000E+00  0.000000E+00  0.000000E+00
  0.257409E+01 -0.687540E-02 -0.393681E+00  0.000000E+00  0.000000E+00  0.000000E+00  0.000000E+00
  0.207582E+01  0.242322E+00  0.129537E-01  0.000000E+00  0.000000E+00  0.000000E+00  0.000000E+00
  0.174726E+01 -0.328771E-02  0.198399E+00  0.000000E+00  0.000000E+00  0.000000E+00  0.000000E+00
  0.264857E+01  0.191313E-01  0.275729E+00  0.000000E+00  0.000000E+00  0.000000E+00  0.000000E+00
  0.225651E+01  0.117199E-01  0.290667E+00  0.000000E+00  0.000000E+00  0.000000E+00  0.000000E+00
  0.226181E+01  0.144797E-01 -0.269348E+00  0.000000E+00  0.000000E+00  0.000000E+00  0.000000E+00
  0.165809E+01 -0.169787E+00  0.731615E-02  0.000000E+00  0.000000E+00  0.000000E+00  0.000000E+00
  0.232550E+01  0.154614E-01 -0.272313E+00  0.000000E+00  0.000000E+00  0.000000E+00  0.000000E+00
  0.268380E+01 -0.300560E+00 -0.181572E-01  0.000000E+00  0.000000E+00  0.000000E+00  0.000000E+00
  0.229520E+01 -0.261604E+00  0.158903E-01  0.000000E+00  0.000000E+00  0.000000E+00  0.000000E+00
  0.243039E+01  0.119567E-01  0.327653E+00  0.000000E+00  0.000000E+00  0.000000E+00  0.000000E+00
  0.214515E+01 -0.147206E-01 -0.243184E+00  0.000000E+00  0.000000E+00  0.000000E+00  0.000000E+00
  0.193978E+01 -0.113967E-01 -0.221514E+00  0.000000E+00  0.000000E+00  0.000000E+00  0.000000E+00
  0.223400E+01  0.285651E+00 -0.117171E-01  0.000000E+00  0.000000E+00  0.000000E+00  0.000000E+00
  0.257584E+01 -0.362557E+00 -0.116650E-01  0.000000E+00  0.000000E+00  0.000000E+00  0.000000E+00
  0.262500E+01 -0.402574E+00 -0.756220E-02  0.000000E+00  0.000000E+00  0.000000E+00  0.000000E+00
  0.167593E+01 -0.180611E+00  0.316634E-02  0.000000E+00  0.000000E+00  0.000000E+00  0.000000E+00
  0.210256E+01  0.280724E+00 -0.630090E-02  0.000000E+00  0.000000E+00  0.000000E+00  0.000000E+00
  0.256993E+01  0.171989E-01  0.296409E+00  0.000000E+00  0.000000E+00  0.000000E+00  0.000000E+00
  0.202452E+01  0.119657E-01  0.237357E+00  0.000000E+00  0.000000E+00  0.000000E+00  0.000000E+00
  0.245848E+01  0.181912E-01  0.260800E+00  0.000000E+00  0.000000E+00  0.000000E+00  0.000000E+00
  0.197805E+01 -0.206612E+00 -0.150311E-01  0.000000E+00  0.000000E+00  0.000000E+00  0.000000E+00
  0.265717E+01 -0.335027E+00 -0.156999E-01  0.000000E+00  0.000000E+00  0.000000E+00  0.000000E+00
  0.241364E+01 -0.159030E-01 -0.284599E+00  0.000000E+00  0.000000E+00  0.000000E+00  0.000000E+00
  0.238388E+01 -0.170412E-01  0.264365E+00  0.000000E+00  0.000000E+00  0.000000E+00  0.000000E+00
  0.223893E+01 -0.263639E+00  0.145860E-01  0.000000E+00  0.000000E+00  0.000000E+00  0.000000E+00
  0.229226E+01  0.813079E-03  0.337939E+00  0.000000E+00  0.000000E+00  0.000000E+00  0.000000E+00
  0.211929E+01  0.153099E-01  0.232679E+00  0.000000E+00  0.000000E+00  0.000000E+00  0.000000E+00
  0.175258E+01 -0.636082E-02  0.194852E+00  0.000000E+00  0.000000E+00  0.000000E+00  0.000000E+00
  0.205104E+01 -0.612445E-02 -0.268605E+00  0.000000E+00  0.000000E+00  0.000000E+00  0.000000E+00
  0.208199E+01 -0.108589E-01 -0.256606E+00  0.000000E+00  0.000000E+00  0.000000E+00  0.000000E+00
  0.275070E+01  0.146226E-01 -0.368390E+00  0.000000E+00  0.000000E+00  0.000000E+00  0.000000E+00
  0.238977E+01 -0.450706E-02  0.356861E+00  0.000000E+00  0.000000E+00  0.000000E+00  0.000000E+00
  0.243982E+01 -0.358589E+00  0.741363E-02  0.000000E+00  0.000000E+00  0.000000E+00  0.000000E+00
  0.260529E+01  0.158106E-01 -0.323305E+00  0.000000E+00  0.000000E+00  0.000000E+00  0.000000E+00
  0.218436E+01 -0.858881E-02  0.291883E+00  0.000000E+00  0.000000E+00  0.000000E+00  0.000000E+00
  0.240927E+01  0.188458E-02 -0.366696E+00  0.000000E+00  0.000000E+00  0.000000E+00  0.000000E+00
  0.248733E+01 -0.179344E-01  0.269969E+00  0.000000E+00  0.000000E+00  0.000000E+00  0.000000E+00
  0.179530E+01  0.120673E-01 -0.185929E+00  0.000000E+00  0.000000E+00  0.000000E+00  0.000000E+00
  0.194823E+01 -0.245734E+00 -0.510200E-02  0.000000E+00  0.000000E+00  0.000000E+00  0.000000E+00
  0.164692E+01  0.171486E+00 -0.479692E-02  0.000000E+00  0.000000E+00  0.000000E+00  0.000000E+00
  0.232137E+01 -0.826680E-02  0.326053E+00  0.000000E+00  0.000000E+00  0.000000E+00  0.000000E+00
  0.208771E+01  0.264663E+00 -0.954011E-02  0.000000E+00  0.000000E+00  0.000000E+00  0.000000E+00
  0.174601E+01 -0.186005E+00 -0.913433E-02  0.000000E+00  0.000000E+00  0.000000E+00  0.000000E+00
  0.227248E+01  0.153358E-01 -0.263073E+00  0.000000E+00  0.000000E+00  0.000000E+00  0.000000E+00
  0.251335E+01  0.314459E+00  0.150687E-01  0.000000E+00  0.000000E+00  0.000000E+00  0.000000E+00
  0.204503E+01 -0.163059E-01 -0.208852E+00  0.000000E+00  0.000000E+00  0.000000E+00  0.000000E+00
  0.163086E+01  0.167861E+00 -0.451364E-02  0.000000E+00  0.000000E+00  0.000000E+00  0.000000E+00
  0.267591E+01 -0.420145E+00 -0.652884E-02  0.000000E+00  0.000000E+00  0.000000E+00  0.000000E+00
  0.187517E+01  0.562741E-02  0.226554E+00  0.000000E+00  0.000000E+00  0.000000E+00  0.000000E+00
  0.247502E+01  0.376480E+00 -0.504514E-02  0.000000E+00  0.000000E+00  0.000000E+00  0.000000E+00
  0.174851E+01  0.181687E+00  0.105617E-01  0.000000E+00  0.000000E+00  0.000000E+00  0.000000E+00
  0.210722E+01 -0.254212E+00 -0.122032E-01  0.000000E+00  0.000000E+00  0.000000E+00  0.000000E+00
  0.196553E+01 -0.127057E-01 -0.219954E+00  0.000000E+00  0.000000E+00  0.000000E+00  0.000000E+00
  0.263837E+01 -0.307393E+00 -0.172971E-01  0.000000E+00  0.000000E+00  0.000000E+00  0.000000E+00
  0.277129E+01 -0.169326E-01  0.337981E+00  0.000000E+00  0.000000E+00  0.000000E+00  0.000000E+00
  0.270961E+01 -0.262149E-02  0.441336E+00  0.000000E+00  0.000000E+00  0.000000E+00  0.000000E+00
  0.257026E+01 -0.393335E+00 -0.674857E-02  0.000000E+00  0.000000E+00  0.000000E+00  0.000000E+00
  0.198223E+01 -0.319875E-02  0.257493E+00  0.000000E+00  0.000000E+00  0.000000E+00  0.000000E+00
  0.238366E+01 -0.189195E-01 -0.236143E+00  0.000000E+00  0.000000E+00  0.000000E+00  0.000000E+00
  0.211834E+01  0.276790E+00 -0.844709E-02  0.000000E+00  0.000000E+00  0.000000E+00  0.000000E+00
  0.221110E+01 -0.288763E+00 -0.104044E-01  0.000000E+00  0.000000E+00  0.000000E+00  0.000000E+00
  0.280746E+01 -0.274778E+00 -0.202499E-01  0.000000E+00  0.000000E+00  0.000000E+00  0.000000E+00
  0.221824E+01 -0.146666E-01 -0.258642E+00  0.000000E+00  0.000000E+00  0.000000E+00  0.000000E+00
  0.280386E+01  0.845026E-02 -0.440118E+00  0.000000E+00  0.000000E+00  0.000000E+00  0.000000E+00
  0.244549E+01 -0.376910E+00  0.874318E-04  0.000000E+00  0.000000E+00  0.000000E+00  0.000000E+00
  0.191620E+01  0.103713E-01  0.221019E+00  0.000000E+00  0.000000E+00  0.000000E+00  0.000000E+00
  0.185128E+01 -0.796553E-02  0.214669E+00  0.000000E+00  0.000000E+00  0.000000E+00  0.000000E+00
  0.277109E+01  0.107447E-01  0.414759E+00  0.000000E+00  0.000000E+00  0.000000E+00  0.000000E+00
  0.267587E+01  0.180931E-01  0.300353E+00  0.000000E+00  0.000000E+00  0.000000E+00  0.000000E+00
  0.260018E+01  0.185991E-01 -0.278032E+00  0.000000E+00  0.000000E+00  0.000000E+00  0.000000E+00
  0.171153E+01 -0.183898E+00  0.679400E-02  0.000000E+00  0.000000E+00  0.000000E+00  0.000000E+00
  0.260109E+01  0.142143E-01  0.342469E+00  0.000000E+00  0.000000E+00  0.000000E+00  0.000000E+00
  0.205260E+01  0.693991E-02 -0.266537E+00  0.000000E+00  0.000000E+00  0.000000E+00  0.000000E+00
  0.233843E+01  0.321893E+00 -0.978601E-02  0.000000E+00  0.000000E+00  0.000000E+00  0.000000E+00
  0.233509E+01 -0.814415E-02  0.329926E+00  0.000000E+00  0.000000E+00  0.000000E+00  0.000000E+00
  0.227756E+01 -0.237814E+00  0.175754E-01  0.000000E+00  0.000000E+00  0.000000E+00  0.000000E+00
  0.227098E+01 -0.111176E-01  0.298020E+00  0.000000E+00  0.000000E+00  0.000000E+00  0.000000E+00
  0.231228E+01  0.255696E-03 -0.343169E+00  0.000000E+00  0.000000E+00  0.000000E+00  0.000000E+00
  0.187947E+01 -0.111231E-01  0.209214E+00  0.000000E+00  0.000000E+00  0.000000E+00  0.000000E+00
  0.202948E+01 -0.217846E+00  0.149291E-01  0.000000E+00  0.000000E+00  0.000000E+00  0.000000E+00
  0.209468E+01 -0.824817E-02 -0.271964E+00  0.000000E+00  0.000000E+00  0.000000E+00  0.000000E+00
  0.183015E+01  0.188416E+00 -0.130848E-01  0.000000E+00  0.000000E+00  0.000000E+00  0.000000E+00
  0.196958E+01  0.235189E+00 -0.996082E-02  0.000000E+00  0.000000E+00  0.000000E+00  0.000000E+00
  0.238020E+01  0.318582E+00  0.116868E-01  0.000000E+00  0.000000E+00  0.000000E+00  0.000000E+00
  0.275442E+01 -0.145283E-01 -0.370385E+00  0.000000E+00  0.000000E+00  0.000000E+00  0.000000E+00
  0.221371E+01 -0.222513E+00 -0.178726E-01  0.000000E+00  0.000000E+00  0.000000E+00  0.000000E+00
  0.250544E+01  0.331905E+00 -0.133096E-01  0.000000E+00  0.000000E+00  0.000000E+00  0.000000E+00
  0.258426E+01 -0.155737E-01 -0.322328E+00  0.000000E+00  0.000000E+00  0.000000E+00  0.000000E+00
  0.184686E+01 -0.119569E-01 -0.197906E+00  0.000000E+00  0.000000E+00  0.000000E+00  0.000000E+00
  0.256944E+01 -0.114429E-01 -0.363012E+00  0.000000E+00  0.000000E+00  0.000000E+00  0.000000E+00
  0.167122E+01  0.174794E+00  0.643251E-02  0.000000E+00  0.000000E+00  0.000000E+00  0.000000E+00
  0.212548E+01 -0.271255E+00 -0.998732E-02  0.000000E+00  0.000000E+00  0.000000E+00  0.000000E+00
  0.216082E+01 -0.243314E+00  0.150608E-01  0.000000E+00  0.000000E+00  0.000000E+00  0.000000E+00
  0.165564E+01 -0.340366E-02  0.175293E+00  0.000000E+00  0.000000E+00  0.000000E+00  0.000000E+00
  0.184568E+01 -0.224171E+00 -0.221301E-02  0.000000E+00  0.000000E+00  0.000000E+00  0.000000E+00
  0.254912E+01  0.948337E-02  0.373018E+00  0.000000E+00  0.000000E+00  0.000000E+00  0.000000E+00
  0.177936E+01 -0.182439E+00 -0.120574E-01  0.000000E+00  0.000000E+00  0.000000E+00  0.000000E+00
  0.271192E+01 -0.621507E-02 -0.430416E+00  0.000000E+00  0.000000E+00  0.000000E+00  0.000000E+00
  0.172961E+01  0.192466E+00 -0.450474E-02  0.000000E+00  0.000000E+00  0.000000E+00  0.000000E+00
  0.270290E+01  0.194906E-01 -0.276852E+00  0.000000E+00  0.000000E+00  0.000000E+00  0.000000E+00
  0.221038E+01  0.121946E-01 -0.277069E+00  0.000000E+00  0.000000E+00  0.000000E+00  0.000000E+00
  0.253786E+01 -0.175010E-01  0.285854E+00  0.000000E+00  0.000000E+00  0.000000E+00  0.000000E+00
  0.204577E+01 -0.101146E-02  0.275486E+00  0.000000E+00  0.000000E+00  0.000000E+00  0.000000E+00
  0.250746E+01  0.251023E+00  0.192222E-01  0.000000E+00  0.000000E+00  0.000000E+00  0.000000E+00
  0.189655E+01 -0.208975E+00 -0.119528E-01  0.000000E+00  0.000000E+00  0.000000E+00  0.000000E+00
  0.276903E+01 -0.178175E-01 -0.321852E+00  0.000000E+00  0.000000E+00  0.000000E+00  0.000000E+00
  0.214358E+01 -0.287192E+00  0.735127E-02  0.000000E+00  0.000000E+00  0.000000E+00  0.000000E+00
  0.178109E+01 -0.194744E+00 -0.898916E-02  0.000000E+00  0.000000E+00  0.000000E+00  0.000000E+00
  0.273921E+01 -0.274165E+00 -0.198574E-01  0.000000E+00  0.000000E+00  0.000000E+00  0.000000E+00
  0.170060E+01 -0.418271E-02 -0.185669E+00  0.000000E+00  0.000000E+00  0.000000E+00  0.000000E+00
  0.168976E+01 -0.185535E+00  0.534302E-03  0.000000E+00  0.000000E+00  0.000000E+00  0.000000E+00
  0.249159E+01  0.259774E+00 -0.185924E-01  0.000000E+00  0.000000E+00  0.000000E+00  0.000000E+00
  0.172106E+01  0.921811E-02  0.179868E+00  0.000000E+00  0.000000E+00  0.000000E+00  0.000000E+00
  0.227711E+01  0.313265E+00 -0.872485E-02  0.000000E+00  0.000000E+00  0.000000E+00  0.000000E+00
  0.263527E+01  0.665653E-02  0.409620E+00  0.000000E+00  0.000000E+00  0.000000E+00  0.000000E+00
  0.266975E+01 -0.176081E-01  0.307869E+00  0.000000E+00  0.000000E+00  0.000000E+00  0.000000E+00
  0.240210E+01  0.286854E+00  0.155218E-01  0.000000E+00  0.000000E+00  0.000000E+00  0.000000E+00
  0.167572E+01  0.176358E+00 -0.618932E-02  0.000000E+00  0.000000E+00  0.000000E+00  0.000000E+00
  0.240668E+01 -0.286076E+00 -0.156659E-01  0.000000E+00  0.000000E+00  0.000000E+00  0.000000E+00
  0.198153E+01  0.241381E+00  0.916585E-02  0.000000E+00  0.000000E+00  0.000000E+00  0.000000E+00
  0.192889E+01  0.130942E-01 -0.209660E+00  0.000000E+00  0.000000E+00  0.000000E+00  0.000000E+00
  0.268968E+01  0.410871E+00 -0.876752E-02  0.000000E+00  0.000000E+00  0.000000E+00  0.000000E+00
  0.179953E+01  0.204790E+00 -0.701791E-02  0.000000E+00  0.000000E+00  0.000000E+00  0.000000E+00
  0.248640E+01 -0.180629E-01 -0.267740E+00  0.000000E+00  0.000000E+00  0.000000E+00  0.000000E+00
  0.188417E+01  0.233711E+00  0.240461E-02  0.000000E+00  0.000000E+00  0.000000E+00  0.000000E+00
  0.169170E+01  0.185719E+00 -0.153411E-02  0.000000E+00  0.000000E+00  0.000000E+00  0.000000E+00
  0.231442E+01 -0.178287E-01  0.240958E+00  0.000000E+00  0.000000E+00  0.000000E+00  0.000000E+00
  0.266990E+01  0.155737E-01  0.339291E+00  0.000000E+00  0.000000E+00  0.000000E+00  0.000000E+00
  0.210586E+01 -0.844565E-03  0.290759E+00  0.000000E+00  0.000000E+00  0.000000E+00  0.000000E+00
  0.236963E+01  0.155057E-01 -0.280592E+00  0.000000E+00  0.000000E+00  0.000000E+00  0.000000E+00
  0.216095E+01  0.392939E-03  0.304836E+00  0.000000E+00  0.000000E+00  0.000000E+00  0.000000E+00
  0.281379E+01 -0.277343E+00  0.201870E-01  0.000000E+00  0.000000E+00  0.000000E+00  0.000000E+00
  0.227145E+01  0.120078E-01 -0.291941E+00  0.000000E+00  0.000000E+00  0.000000E+00  0.000000E+00
  0.191704E+01  0.827323E-02  0.229422E+00  0.000000E+00  0.000000E+00  0.000000E+00  0.000000E+00
  0.252846E+01 -0.847722E-03 -0.397689E+00  0.000000E+00  0.000000E+00  0.000000E+00  0.000000E+00
  0.264985E+01 -0.167054E-01 -0.318902E+00  0.000000E+00  0.000000E+00  0.000000E+00  0.000000E+00
  0.189446E+01 -0.756994E-02 -0.226260E+00  0.000000E+00  0.000000E+00  0.000000E+00  0.000000E+00
  0.259616E+01 -0.170551E-01  0.303474E+00  0.000000E+00  0.000000E+00  0.000000E+00  0.000000E+00
  0.211184E+01  0.288619E+00 -0.402813E-02  0.000000E+00  0.000000E+00  0.000000E+00  0.000000E+00
  0.257879E+01  0.313199E+00 -0.161697E-01  0.000000E+00  0.000000E+00  0.000000E+00  0.000000E+00
  0.208648E+01  0.155619E-01  0.223850E+00  0.000000E+00  0.000000E+00  0.000000E+00  0.000000E+00
  0.282556E+01  0.307326E+00  0.190080E-01  0.000000E+00  0.000000E+00  0.000000E+00  0.000000E+00
  0.210707E+01  0.288015E+00  0.370579E-02  0.000000E+00  0.000000E+00  0.000000E+00  0.000000E+00
  0.215845E+01  0.301909E+00 -0.308850E-02  0.000000E+00  0.000000E+00  0.000000E+00  0.000000E+00
  0.282923E+01 -0.382728E+00  0.147525E-01  0.000000E+00  0.000000E+00  0.000000E+00  0.000000E+00
  0.193059E+01  0.215142E+00 -0.122107E-01  0.000000E+00  0.000000E+00  0.000000E+00  0.000000E+00
  0.271351E+01 -0.119459E-01 -0.390706E+00  0.000000E+00  0.000000E+00  0.000000E+00  0.000000E+00
  0.230368E+01  0.976192E-02 -0.313937E+00  0.000000E+00  0.000000E+00  0.000000E+00  0.000000E+00
  0.257458E+01  0.381043E+00 -0.917058E-02  0.000000E+00  0.000000E+00  0.000000E+00  0.000000E+00
  0.252651E+01  0.861001E-02  0.373112E+00  0.000000E+00  0.000000E+00  0.000000E+00  0.000000E+00
  0.232706E+01  0.109620E-01 -0.311799E+00  0.000000E+00  0.000000E+00  0.000000E+00  0.000000E+00
  0.226721E+01 -0.314266E+00  0.801429E-02  0.000000E+00  0.000000E+00  0.000000E+00  0.000000E+00
  0.247678E+01 -0.276625E+00 -0.173800E-01  0.000000E+00  0.000000E+00  0.000000E+00  0.000000E+00
  0.223049E+01  0.252951E+00  0.155065E-01  0.000000E+00  0.000000E+00  0.000000E+00  0.000000E+00
  0.246708E+01  0.254065E+00  0.186837E-01  0.000000E+00  0.000000E+00  0.000000E+00  0.000000E+00
  0.204545E+01  0.748181E-02  0.262998E+00  0.000000E+00  0.000000E+00  0.000000E+00  0.000000E+00
  0.268354E+01 -0.130064E-01  0.373358E+00  0.000000E+00  0.000000E+00  0.000000E+00  0.000000E+00
  0.216537E+01  0.294905E+00  0.666878E-02  0.000000E+00  0.000000E+00  0.000000E+00  0.000000E+00
  0.264516E+01  0.303423E+00 -0.176096E-01  0.000000E+00  0.000000E+00  0.000000E+00  0.000000E+00
  0.199500E+01  0.137486E-01 -0.219539E+00  0.000000E+00  0.000000E+00  0.000000E+00  0.000000E+00
  0.245642E+01 -0.284267E+00  0.165726E-01  0.000000E+00  0.000000E+00  0.000000E+00  0.000000E+00
  0.249249E+01  0.372254E+00 -0.721798E-02  0.000000E+00  0.000000E+00  0.000000E+00  0.000000E+00
  0.258422E+01  0.400640E+00 -0.583900E-02  0.000000E+00  0.000000E+00  0.000000E+00  0.000000E+00
  0.253996E+01 -0.310568E+00  0.158048E-01  0.000000E+00  0.000000E+00  0.000000E+00  0.000000E+00
  0.280011E+01  0.459581E+00  0.434812E-02  0.000000E+00  0.000000E+00  0.000000E+00  0.000000E+00
  0.221411E+01 -0.127624E-01 -0.273729E+00  0.000000E+00  0.000000E+00  0.000000E+00  0.000000E+00
  0.238046E+01 -0.184773E-01  0.242798E+00  0.000000E+00  0.000000E+00  0.000000E+00  0.000000E+00
  0.215035E+01  0.287930E+00  0.758888E-02  0.000000E+00  0.000000E+00  0.000000E+00  0.000000E+00
  0.270529E+01 -0.308365E+00  0.179371E-01  0.000000E+00  0.000000E+00  0.000000E+00  0.000000E+00
  0.264940E+01 -0.371642E+00 -0.124476E-01  0.000000E+00  0.000000E+00  0.000000E+00  0.000000E+00
  0.161117E+01  0.164711E+00 -0.270133E-02  0.000000E+00  0.000000E+00  0.000000E+00  0.000000E+00
  0.221750E+01  0.252239E+00 -0.153198E-01  0.000000E+00  0.000000E+00  0.000000E+00  0.000000E+00
  0.272111E+01 -0.426003E+00  0.752057E-02  0.000000E+00  0.000000E+00  0.000000E+00  0.000000E+00
  0.272061E+01  0.433686E+00 -0.596098E-02  0.000000E+00  0.000000E+00  0.000000E+00  0.000000E+00
  0.250893E+01  0.337216E+00 -0.128365E-01  0.000000E+00  0.000000E+00  0.000000E+00  0.000000E+00
  0.202637E+01  0.154623E-01  0.212792E+00  0.000000E+00  0.000000E+00  0.000000E+00  0.000000E+00
  0.256643E+01 -0.921761E-02  0.378821E+00  0.000000E+00  0.000000E+00  0.000000E+00  0.000000E+00
  0.254212E+01 -0.168370E-01  0.296701E+00  0.000000E+00  0.000000E+00  0.000000E+00  0.000000E+00
  0.263356E+01 -0.570717E-02 -0.413317E+00  0.000000E+00  0.000000E+00  0.000000E+00  0.000000E+00
  0.270967E+01  0.280476E+00  0.193744E-01  0.000000E+00  0.000000E+00  0.000000E+00  0.000000E+00
  0.276385E+01  0.110017E-01  0.410831E+00  0.000000E+00  0.000000E+00  0.000000E+00  0.000000E+00
  0.179132E+01  0.187564E+00 -0.115102E-01  0.000000E+00  0.000000E+00  0.000000E+00  0.000000E+00
  0.216980E+01  0.299938E+00 -0.537256E-02  0.000000E+00  0.000000E+00  0.000000E+00  0.000000E+00
  0.247718E+01  0.382956E+00 -0.253146E-02  0.000000E+00  0.000000E+00  0.000000E+00  0.000000E+00
  0.189644E+01 -0.828362E-02  0.224467E+00  0.000000E+00  0.000000E+00  0.000000E+00  0.000000E+00
  0.201717E+01  0.207134E+00  0.159048E-01  0.000000E+00  0.000000E+00  0.000000E+00  0.000000E+00
  0.211562E+01  0.436675E-02  0.288886E+00  0.000000E+00  0.000000E+00  0.000000E+00  0.000000E+00
  0.220155E+01  0.314489E+00 -0.161980E-02  0.000000E+00  0.000000E+00  0.000000E+00  0.000000E+00
  0.272921E+01 -0.371386E+00  0.140325E-01  0.000000E+00  0.000000E+00  0.000000E+00  0.000000E+00
  0.201441E+01 -0.245097E+00  0.100684E-01  0.000000E+00  0.000000E+00  0.000000E+00  0.000000E+00
  0.190068E+01 -0.235034E+00  0.452362E-02  0.000000E+00  0.000000E+00  0.000000E+00  0.000000E+00
  0.280182E+01 -0.202775E-01 -0.273226E+00  0.000000E+00  0.000000E+00  0.000000E+00  0.000000E+00
  0.198225E+01 -0.226096E+00 -0.122894E-01  0.000000E+00  0.000000E+00  0.000000E+00  0.000000E+00
  0.224178E+01  0.323689E+00 -0.251377E-02  0.000000E+00  0.000000E+00  0.000000E+00  0.000000E+00
  0.233959E+01  0.251338E+00  0.174036E-01  0.000000E+00  0.000000E+00  0.000000E+00  0.000000E+00
  0.266875E+01  0.302942E-02 -0.430242E+00  0.000000E+00  0.000000E+00  0.000000E+00  0.000000E+00
  0.216297E+01 -0.235630E+00  0.159032E-01  0.000000E+00  0.000000E+00  0.000000E+00  0.000000E+00
  0.222518E+01 -0.275199E+00 -0.128848E-01  0.000000E+00  0.000000E+00  0.000000E+00  0.000000E+00
  0.204216E+01  0.196061E-02 -0.273951E+00  0.000000E+00  0.000000E+00  0.000000E+00  0.000000E+00
  0.228137E+01  0.801024E-02 -0.317680E+00  0.000000E+00  0.000000E+00  0.000000E+00  0.000000E+00
  0.171661E+01  0.439651E-02 -0.189378E+00  0.000000E+00  0.000000E+00  0.000000E+00  0.000000E+00
  0.279841E+01 -0.963535E-02 -0.430243E+00  0.000000E+00  0.000000E+00  0.000000E+00  0.000000E+00
  0.228916E+01  0.645051E-02 -0.325910E+00  0.000000E+00  0.000000E+00  0.000000E+00  0.000000E+00
  0.274930E+01 -0.453814E+00  0.212950E-03  0.000000E+00  0.000000E+00  0.000000E+00  0.000000E+00
  0.206148E+01  0.645526E-02  0.270204E+00  0.000000E+00  0.000000E+00  0.000000E+00  0.000000E+00
  0.269276E+01  0.435063E+00  0.354909E-02  0.000000E+00  0.000000E+00  0.000000E+00  0.000000E+00
  0.247342E+01 -0.189953E-01  0.249644E+00  0.000000E+00  0.000000E+00  0.000000E+00  0.000000E+00
  0.249165E+01 -0.300371E+00 -0.158614E-01  0.000000E+00  0.000000E+00  0.000000E+00  0.000000E+00
  0.161745E+01  0.166174E+00  0.285840E-02  0.000000E+00  0.000000E+00  0.000000E+00  0.000000E+00
  0.240342E+01  0.364691E+00  0.231160E-02  0.000000E+00  0.000000E+00  0.000000E+00  0.000000E+00
  0.196466E+01 -0.254440E+00  0.190034E-02  0.000000E+00  0.000000E+00  0.000000E+00  0.000000E+00
  0.199634E+01  0.232209E+00 -0.117690E-01  0.000000E+00  0.000000E+00  0.000000E+00  0.000000E+00
  0.197424E+01  0.112310E-01 -0.230144E+00  0.000000E+00  0.000000E+00  0.000000E+00  0.000000E+00
  0.193270E+01  0.121527E-01 -0.215928E+00  0.000000E+00  0.000000E+00  0.000000E+00  0.000000E+00
  0.206444E+01 -0.216295E+00 -0.159126E-01  0.000000E+00  0.000000E+00  0.000000E+00  0.000000E+00
  0.231542E+01  0.127539E-01 -0.295853E+00  0.000000E+00  0.000000E+00  0.000000E+00  0.000000E+00
  0.218568E+01 -0.731693E-02 -0.297511E+00  0.000000E+00  0.000000E+00  0.000000E+00  0.000000E+00
  0.269239E+01  0.180200E-01 -0.304582E+00  0.000000E+00  0.000000E+00  0.000000E+00  0.000000E+00
  0.278592E+01  0.108335E-01  0.417362E+00  0.000000E+00  0.000000E+00  0.000000E+00  0.000000E+00
  0.223505E+01  0.204621E-02 -0.322547E+00  0.000000E+00  0.000000E+00  0.000000E+00  0.000000E+00
  0.215581E+01 -0.167578E-01 -0.225275E+00  0.000000E+00  0.000000E+00  0.000000E+00  0.000000E+00
  0.272400E+01  0.441792E+00  0.395399E-02  0.000000E+00  0.000000E+00  0.000000E+00  0.000000E+00
  0.245866E+01  0.164670E-01  0.286106E+00  0.000000E+00  0.000000E+00  0.000000E+00  0.000000E+00
  0.184590E+01 -0.444677E-03 -0.225073E+00  0.000000E+00  0.000000E+00  0.000000E+00  0.000000E+00
  0.261480E+01  0.112891E-01 -0.374542E+00  0.000000E+00  0.000000E+00  0.000000E+00  0.000000E+00
  0.192415E+01  0.464224E-02  0.240661E+00  0.000000E+00  0.000000E+00  0.000000E+00  0.000000E+00
  0.236817E+01  0.268038E+00 -0.165331E-01  0.000000E+00  0.000000E+00  0.000000E+00  0.000000E+00
  0.192557E+01 -0.628389E-02  0.237405E+00  0.000000E+00  0.000000E+00  0.000000E+00  0.000000E+00
  0.178066E+01 -0.190576E+00  0.101636E-01  0.000000E+00  0.000000E+00  0.000000E+00  0.000000E+00
  0.266001E+01  0.597156E-02 -0.418742E+00  0.000000E+00  0.000000E+00  0.000000E+00  0.000000E+00
  0.190318E+01  0.237536E+00  0.328321E-02  0.000000E+00  0.000000E+00  0.000000E+00  0.000000E+00
  0.281643E+01 -0.327511E+00  0.179606E-01  0.000000E+00  0.000000E+00  0.000000E+00  0.000000E+00
  0.284062E+01 -0.432150E+00  0.105783E-01  0.000000E+00  0.000000E+00  0.000000E+00  0.000000E+00
  0.267362E+01 -0.403493E+00  0.929727E-02  0.000000E+00  0.000000E+00  0.000000E+00  0.000000E+00
  0.220239E+01  0.146506E-01  0.255537E+00  0.000000E+00  0.000000E+00  0.000000E+00  0.000000E+00
  0.223684E+01 -0.278369E+00 -0.128022E-01  0.000000E+00  0.000000E+00  0.000000E+00  0.000000E+00
  0.261270E+01  0.308295E+00 -0.169420E-01  0.000000E+00  0.000000E+00  0.000000E+00  0.000000E+00
  0.282809E+01  0.373643E+00 -0.153712E-01  0.000000E+00  0.000000E+00  0.000000E+00  0.000000E+00
  0.176477E+01  0.206556E-02  0.203869E+00  0.000000E+00  0.000000E+00  0.000000E+00  0.000000E+00
  0.193988E+01 -0.108029E-01 -0.224467E+00  0.000000E+00  0.000000E+00  0.000000E+00  0.000000E+00
  0.244727E+01 -0.185768E-01  0.252536E+00  0.000000E+00  0.000000E+00  0.000000E+00  0.000000E+00
  0.221453E+01 -0.127901E-02 -0.318021E+00  0.000000E+00  0.000000E+00  0.000000E+00  0.000000E+00
  0.188014E+01 -0.839670E-03 -0.233646E+00  0.000000E+00  0.000000E+00  0.000000E+00  0.000000E+00
  0.248089E+01  0.391766E-02 -0.381108E+00  0.000000E+00  0.000000E+00  0.000000E+00  0.000000E+00
  0.163742E+01 -0.653319E-02 -0.166339E+00  0.000000E+00  0.000000E+00  0.000000E+00  0.000000E+00
  0.233203E+01  0.148618E-01  0.279983E+00  0.000000E+00  0.000000E+00  0.000000E+00  0.000000E+00
  0.210755E+01  0.903785E-02 -0.271648E+00  0.000000E+00  0.000000E+00  0.000000E+00  0.000000E+00
  0.266123E+01 -0.373770E+00  0.124948E-01  0.000000E+00  0.000000E+00  0.000000E+00  0.000000E+00
  0.168887E+01  0.182882E+00  0.406847E-02  0.000000E+00  0.000000E+00  0.000000E+00  0.000000E+00
  0.202582E+01 -0.143058E-01 -0.221968E+00  0.000000E+00  0.000000E+00  0.000000E+00  0.000000E+00
  0.174559E+01 -0.189357E+00 -0.794601E-02  0.000000E+00  0.000000E+00  0.000000E+00  0.000000E+00
  0.238254E+01  0.351376E+00  0.572683E-02  0.000000E+00  0.000000E+00  0.000000E+00  0.000000E+00
  0.218119E+01  0.293408E+00  0.806873E-02  0.000000E+00  0.000000E+00  0.000000E+00  0.000000E+00
  0.206211E+01 -0.225806E+00 -0.147678E-01  0.000000E+00  0.000000E+00  0.000000E+00  0.000000E+00
  0.240118E+01 -0.294764E+00  0.147965E-01  0.000000E+00  0.000000E+00  0.000000E+00  0.000000E+00
  0.236732E+01 -0.356919E+00  0.839673E-03  0.000000E+00  0.000000E+00  0.000000E+00  0.000000E+00
  0.227866E+01  0.290300E+00 -0.124399E-01  0.000000E+00  0.000000E+00  0.000000E+00  0.000000E+00
  0.195335E+01  0.156778E-01 -0.196534E+00  0.000000E+00  0.000000E+00  0.000000E+00  0.000000E+00
  0.205961E+01 -0.221583E+00 -0.152114E-01  0.000000E+00  0.000000E+00  0.000000E+00  0.000000E+00
  0.172543E+01  0.191560E+00 -0.440779E-02  0.000000E+00  0.000000E+00  0.000000E+00  0.000000E+00
  0.225414E+01 -0.323417E+00  0.436677E-02  0.000000E+00  0.000000E+00  0.000000E+00  0.000000E+00
  0.184744E+01  0.228358E-02  0.224558E+00  0.000000E+00  0.000000E+00  0.000000E+00  0.000000E+00
  0.257894E+01  0.408450E+00 -0.261217E-02  0.000000E+00  0.000000E+00  0.000000E+00  0.000000E+00
  0.206280E+01 -0.220700E+00  0.153872E-01  0.000000E+00  0.000000E+00  0.000000E+00  0.000000E+00
  0.207087E+01  0.128153E-01  0.242189E+00  0.000000E+00  0.000000E+00  0.000000E+00  0.000000E+00
  0.174233E+01 -0.198731E+00 -0.989084E-03  0.000000E+00  0.000000E+00  0.000000E+00  0.000000E+00
  0.166826E+01  0.304051E-02  0.178798E+00  0.000000E+00  0.000000E+00  0.000000E+00  0.000000E+00
  0.192650E+01  0.887227E-02 -0.229534E+00  0.000000E+00  0.000000E+00  0.000000E+00  0.000000E+00
  0.231604E+01  0.186830E-01  0.228668E+00  0.000000E+00  0.000000E+00  0.000000E+00  0.000000E+00
  0.281234E+01  0.405357E+00 -0.126367E-01  0.000000E+00  0.000000E+00  0.000000E+00  0.000000E+00
  0.219856E+01  0.259738E+00  0.140863E-01  0.000000E+00  0.000000E+00  0.000000E+00  0.000000E+00
  0.234821E+01  0.261827E+00 -0.167259E-01  0.000000E+00  0.000000E+00  0.000000E+00  0.000000E+00
  0.256665E+01  0.165118E-01 -0.306037E+00  0.000000E+00  0.000000E+00  0.000000E+00  0.000000E+00
  0.173290E+01  0.185662E+00  0.818842E-02  0.000000E+00  0.000000E+00  0.000000E+00  0.000000E+00
  0.264131E+01 -0.150086E-01 -0.341080E+00  0.000000E+00  0.000000E+00  0.000000E+00  0.000000E+00
  0.260076E+01  0.390433E+00  0.866324E-02  0.000000E+00  0.000000E+00  0.000000E+00  0.000000E+00
  0.180449E+01  0.214594E+00 -0.427779E-03  0.000000E+00  0.000000E+00  0.000000E+00  0.000000E+00
  0.188637E+01 -0.895493E-02  0.219738E+00  0.000000E+00  0.000000E+00  0.000000E+00  0.000000E+00
  0.244172E+01 -0.172481E-01 -0.272149E+00  0.000000E+00  0.000000E+00  0.000000E+00  0.000000E+00
  0.194494E+01 -0.205927E+00  0.141973E-01  0.000000E+00  0.000000E+00  0.000000E+00  0.000000E+00
  0.226752E+01  0.318462E+00  0.703063E-02  0.000000E+00  0.000000E+00  0.000000E+00  0.000000E+00
  0.223485E+01  0.319527E+00  0.394619E-02  0.000000E+00  0.000000E+00  0.000000E+00  0.000000E+00
  0.268394E+01 -0.344324E+00 -0.154105E-01  0.000000E+00  0.000000E+00  0.000000E+00  0.000000E+00
  0.281934E+01 -0.392167E+00  0.138831E-01  0.000000E+00  0.000000E+00  0.000000E+00  0.000000E+00
  0.192652E+01  0.415917E-02 -0.242100E+00  0.000000E+00  0.000000E+00  0.000000E+00  0.000000E+00
  0.264613E+01  0.150292E-01  0.341793E+00  0.000000E+00  0.000000E+00  0.000000E+00  0.000000E+00
  0.252555E+01 -0.178729E-01 -0.277714E+00  0.000000E+00  0.000000E+00  0.000000E+00  0.000000E+00
  0.281419E+01  0.321620E-02 -0.466352E+00  0.000000E+00  0.000000E+00  0.000000E+00  0.000000E+00
  0.213382E+01  0.111837E-01 -0.266523E+00  0.000000E+00  0.000000E+00  0.000000E+00  0.000000E+00
  0.186645E+01  0.219508E+00 -0.756711E-02  0.000000E+00  0.000000E+00  0.000000E+00  0.000000E+00
  0.163477E+01 -0.536814E-02 -0.167651E+00  0.000000E+00  0.000000E+00  0.000000E+00  0.000000E+00
  0.229141E+01 -0.114630E-01  0.300288E+00  0.000000E+00  0.000000E+00  0.000000E+00  0.000000E+00
  0.170890E+01  0.173139E+00  0.104076E-01  0.000000E+00  0.000000E+00  0.000000E+00  0.000000E+00
  0.185026E+01  0.150577E-02  0.225802E+00  0.000000E+00  0.000000E+00  0.000000E+00  0.000000E+00
  0.267698E+01 -0.358218E+00  0.142190E-01  0.000000E+00  0.000000E+00  0.000000E+00  0.000000E+00
  0.242403E+01  0.849632E-02 -0.349368E+00  0.000000E+00  0.000000E+00  0.000000E+00  0.000000E+00
  0.243933E+01  0.245499E+00 -0.189113E-01  0.000000E+00  0.000000E+00  0.000000E+00  0.000000E+00
  0.186985E+01  0.100753E-01  0.211569E+00  0.000000E+00  0.000000E+00  0.000000E+00  0.000000E+00
  0.266418E+01 -0.103869E-02 -0.431906E+00  0.000000E+00  0.000000E+00  0.000000E+00  0.000000E+00
  0.262272E+01  0.419109E+00  0.281091E-02  0.000000E+00  0.000000E+00  0.000000E+00  0.000000E+00
  0.258621E+01  0.412411E+00  0.624480E-03  0.000000E+00  0.000000E+00  0.000000E+00  0.000000E+00
  0.220341E+01 -0.273544E+00 -0.124716E-01  0.000000E+00  0.000000E+00  0.000000E+00  0.000000E+00
  0.225216E+01  0.757068E-02  0.312567E+00  0.000000E+00  0.000000E+00  0.000000E+00  0.000000E+00
  0.269590E+01  0.176859E-01 -0.311202E+00  0.000000E+00  0.000000E+00  0.000000E+00  0.000000E+00
  0.274973E+01 -0.145259E-01  0.369451E+00  0.000000E+00  0.000000E+00  0.000000E+00  0.000000E+00
  0.244495E+01  0.296079E+00 -0.154613E-01  0.000000E+00  0.000000E+00  0.000000E+00  0.000000E+00
  0.268504E+01 -0.408414E+00 -0.897166E-02  0.000000E+00  0.000000E+00  0.000000E+00  0.000000E+00
  0.174395E+01 -0.101679E-01 -0.182069E+00  0.000000E+00  0.000000E+00  0.000000E+00  0.000000E+00
  0.194848E+01 -0.503475E-02  0.245935E+00  0.000000E+00  0.000000E+00  0.000000E+00  0.000000E+00
  0.232410E+01  0.139537E-01  0.287239E+00  0.000000E+00  0.000000E+00  0.000000E+00  0.000000E+00
  0.275142E+01 -0.694762E-02  0.436469E+00  0.000000E+00  0.000000E+00  0.000000E+00  0.000000E+00
  0.195987E+01 -0.252855E+00  0.233464E-02  0.000000E+00  0.000000E+00  0.000000E+00  0.000000E+00
  0.254314E+01 -0.393706E+00  0.494352E-02  0.000000E+00  0.000000E+00  0.000000E+00  0.000000E+00
  0.247163E+01  0.381763E+00  0.239771E-02  0.000000E+00  0.000000E+00  0.000000E+00  0.000000E+00
  0.200718E+01  0.111013E-01  0.238283E+00  0.000000E+00  0.000000E+00  0.000000E+00  0.000000E+00
  0.186570E+01 -0.208339E+00 -0.106172E-01  0.000000E+00  0.000000E+00  0.000000E+00  0.000000E+00
  0.275541E+01 -0.357880E+00 -0.154589E-01  0.000000E+00  0.000000E+00  0.000000E+00  0.000000E+00
  0.210910E+01 -0.280211E+00 -0.696058E-02  0.000000E+00  0.000000E+00  0.000000E+00  0.000000E+00
  0.213385E+01  0.226966E+00 -0.162012E-01  0.000000E+00  0.000000E+00  0.000000E+00  0.000000E+00
  0.243557E+01  0.262365E+00  0.178349E-01  0.000000E+00  0.000000E+00  0.000000E+00  0.000000E+00
  0.231780E+01  0.108103E-01 -0.310702E+00  0.000000E+00  0.000000E+00  0.000000E+00  0.000000E+00
  0.218246E+01  0.246793E+00  0.151557E-01  0.000000E+00  0.000000E+00  0.000000E+00  0.000000E+00
  0.270005E+01  0.848201E-02  0.415183E+00  0.000000E+00  0.000000E+00  0.000000E+00  0.000000E+00
  0.219259E+01  0.269393E+00 -0.127151E-01  0.000000E+00  0.000000E+00  0.000000E+00  0.000000E+00
  0.206305E+01  0.151414E-01 -0.222873E+00  0.000000E+00  0.000000E+00  0.000000E+00  0.000000E+00
  0.239739E+01 -0.183215E-01 -0.248158E+00  0.000000E+00  0.000000E+00  0.000000E+00  0.000000E+00
  0.179129E+01  0.180743E+00 -0.129469E-01  0.000000E+00  0.000000E+00  0.000000E+00  0.000000E+00
  0.281379E+01 -0.466272E+00 -0.320743E-02  0.000000E+00  0.000000E+00  0.000000E+00  0.000000E+00
  0.165335E+01 -0.175313E+00 -0.271977E-02  0.000000E+00  0.000000E+00  0.000000E+00  0.000000E+00
  0.284082E+01  0.541564E-01  0.103985E+00  0.000000E+00  0.000000E+00  0.000000E+00  0.000000E+00
  0.284082E+01  0.622399E-01  0.942523E-01  0.000000E+00  0.000000E+00  0.000000E+00  0.000000E+00
  0.284082E+01  0.633380E-01  0.139105E+00  0.000000E+00  0.000000E+00  0.000000E+00  0.000000E+00
  0.284082E+01  0.615191E-01 -0.189143E-01  0.000000E+00  0.000000E+00  0.000000E+00  0.000000E+00
  0.284082E+01 -0.410086E-01 -0.641177E-01  0.000000E+00  0.000000E+00  0.000000E+00  0.000000E+00
  0.284082E+01 -0.531973E-01 -0.213029E-01  0.000000E+00  0.000000E+00  0.000000E+00  0.000000E+00
  0.284082E+01  0.175997E+00  0.460690E-01  0.000000E+00  0.000000E+00  0.000000E+00  0.000000E+00
  0.284082E+01 -0.757973E-02 -0.975227E-01  0.000000E+00  0.000000E+00  0.000000E+00  0.000000E+00
  0.284082E+01  0.813570E-01  0.693131E-01  0.000000E+00  0.000000E+00  0.000000E+00  0.000000E+00
  0.284082E+01  0.647919E-01  0.445516E-01  0.000000E+00  0.000000E+00  0.000000E+00  0.000000E+00
  0.284082E+01  0.700434E-01 -0.131798E-01  0.000000E+00  0.000000E+00  0.000000E+00  0.000000E+00
  0.284082E+01 -0.317512E-01 -0.147273E+00  0.000000E+00  0.000000E+00  0.000000E+00  0.000000E+00
  0.284082E+01  0.208445E-01 -0.253417E-01  0.000000E+00  0.000000E+00  0.000000E+00  0.000000E+00
  0.284082E+01  0.462916E-01  0.210607E-01  0.000000E+00  0.000000E+00  0.000000E+00  0.000000E+00
  0.284082E+01  0.123390E+00 -0.298530E-01  0.000000E+00  0.000000E+00  0.000000E+00  0.000000E+00
  0.284082E+01 -0.106224E+00  0.403968E-01  0.000000E+00  0.000000E+00  0.000000E+00  0.000000E+00
  0.284082E+01  0.477681E-01  0.194261E-01  0.000000E+00  0.000000E+00  0.000000E+00  0.000000E+00
  0.284082E+01  0.317207E-01 -0.801950E-01  0.000000E+00  0.000000E+00  0.000000E+00  0.000000E+00
  0.284082E+01  0.769502E-01 -0.418397E-01  0.000000E+00  0.000000E+00  0.000000E+00  0.000000E+00
  0.284082E+01 -0.142783E-02  0.177532E-02  0.000000E+00  0.000000E+00  0.000000E+00  0.000000E+00
  0.284082E+01  0.862188E-01 -0.506654E-01  0.000000E+00  0.000000E+00  0.000000E+00  0.000000E+00
  0.284082E+01  0.102767E+00 -0.173201E+00  0.000000E+00  0.000000E+00  0.000000E+00  0.000000E+00
  0.284082E+01  0.346619E-01 -0.607242E-02  0.000000E+00  0.000000E+00  0.000000E+00  0.000000E+00
  0.284082E+01 -0.708771E-01  0.424474E-01  0.000000E+00  0.000000E+00  0.000000E+00  0.000000E+00
  0.284082E+01 -0.510084E-01  0.205373E+00  0.000000E+00  0.000000E+00  0.000000E+00  0.000000E+00
  0.284082E+01  0.695103E-01  0.608168E-01  0.000000E+00  0.000000E+00  0.000000E+00  0.000000E+00
  0.284082E+01  0.399876E-01 -0.716099E-01  0.000000E+00  0.000000E+00  0.000000E+00  0.000000E+00
  0.284082E+01  0.666776E-01  0.611725E-01  0.000000E+00  0.000000E+00  0.000000E+00  0.000000E+00
  0.284082E+01 -0.872171E-01 -0.977888E-01  0.000000E+00  0.000000E+00  0.000000E+00  0.000000E+00
  0.284082E+01 -0.128154E+00 -0.132663E+00  0.000000E+00  0.000000E+00  0.000000E+00  0.000000E+00
  0.284082E+01  0.202762E-02 -0.346235E-01  0.000000E+00  0.000000E+00  0.000000E+00  0.000000E+00
  0.284082E+01 -0.602867E-01 -0.103236E+00  0.000000E+00  0.000000E+00  0.000000E+00  0.000000E+00
  0.284082E+01  0.137968E+00  0.151533E+00  0.000000E+00  0.000000E+00  0.000000E+00  0.000000E+00
  0.284082E+01 -0.137050E+00 -0.172458E+00  0.000000E+00  0.000000E+00  0.000000E+00  0.000000E+00
  0.284082E+01 -0.147900E-01  0.634212E-02  0.000000E+00  0.000000E+00  0.000000E+00  0.000000E+00
  0.284082E+01 -0.848828E-01 -0.418205E-01  0.000000E+00  0.000000E+00  0.000000E+00  0.000000E+00
  0.284082E+01  0.703753E-01  0.152582E-02  0.000000E+00  0.000000E+00  0.000000E+00  0.000000E+00
  0.284082E+01  0.256542E-02 -0.507880E-01  0.000000E+00  0.000000E+00  0.000000E+00  0.000000E+00
  0.284082E+01 -0.892970E-01  0.685172E-01  0.000000E+00  0.000000E+00  0.000000E+00  0.000000E+00
  0.284082E+01 -0.998155E-01 -0.252950E-01  0.000000E+00  0.000000E+00  0.000000E+00  0.000000E+00
  0.284082E+01 -0.138208E+00 -0.186958E+00  0.000000E+00  0.000000E+00  0.000000E+00  0.000000E+00
  0.284082E+01  0.173122E+00  0.153843E+00  0.000000E+00  0.000000E+00  0.000000E+00  0.000000E+00
  0.284082E+01  0.770006E-01  0.488194E-01  0.000000E+00  0.000000E+00  0.000000E+00  0.000000E+00
  0.284082E+01 -0.102546E-01  0.131387E+00  0.000000E+00  0.000000E+00  0.000000E+00  0.000000E+00
  0.284082E+01  0.664062E-01 -0.156348E+00  0.000000E+00  0.000000E+00  0.000000E+00  0.000000E+00
  0.284082E+01  0.228956E+00  0.678735E-01  0.000000E+00  0.000000E+00  0.000000E+00  0.000000E+00
  0.284082E+01 -0.169740E+00  0.113849E-01  0.000000E+00  0.000000E+00  0.000000E+00  0.000000E+00
  0.284082E+01  0.427475E-01 -0.182056E+00  0.000000E+00  0.000000E+00  0.000000E+00  0.000000E+00
  0.284082E+01 -0.228994E+00  0.962269E-01  0.000000E+00  0.000000E+00  0.000000E+00  0.000000E+00
  0.284082E+01  0.804071E-01  0.585060E-01  0.000000E+00  0.000000E+00  0.000000E+00  0.000000E+00
  0.284082E+01 -0.282198E-02 -0.740072E-01  0.000000E+00  0.000000E+00  0.000000E+00  0.000000E+00
  0.284082E+01 -0.474510E-02 -0.128236E-02  0.000000E+00  0.000000E+00  0.000000E+00  0.000000E+00
  0.284082E+01 -0.902703E-03  0.286648E-03  0.000000E+00  0.000000E+00  0.000000E+00  0.000000E+00
  0.284082E+01 -0.190509E+00 -0.633928E-01  0.000000E+00  0.000000E+00  0.000000E+00  0.000000E+00
  0.284082E+01 -0.584187E-01  0.174839E+00  0.000000E+00  0.000000E+00  0.000000E+00  0.000000E+00
  0.284082E+01 -0.730305E-02  0.212422E+00  0.000000E+00  0.000000E+00  0.000000E+00  0.000000E+00
  0.284082E+01 -0.628966E-01 -0.123879E+00  0.000000E+00  0.000000E+00  0.000000E+00  0.000000E+00
  0.284082E+01  0.100237E+00 -0.590779E-01  0.000000E+00  0.000000E+00  0.000000E+00  0.000000E+00
  0.284082E+01  0.432319E-01 -0.762722E-01  0.000000E+00  0.000000E+00  0.000000E+00  0.000000E+00
  0.284082E+01 -0.157550E-01  0.240485E+00  0.000000E+00  0.000000E+00  0.000000E+00  0.000000E+00
  0.284082E+01  0.244972E-01 -0.466141E-01  0.000000E+00  0.000000E+00  0.000000E+00  0.000000E+00
  0.284082E+01  0.174979E+00 -0.958980E-01  0.000000E+00  0.000000E+00  0.000000E+00  0.000000E+00
  0.284082E+01 -0.405521E-01  0.317032E-01  0.000000E+00  0.000000E+00  0.000000E+00  0.000000E+00
  0.284082E+01 -0.112353E+00  0.106046E+00  0.000000E+00  0.000000E+00  0.000000E+00  0.000000E+00
  0.284082E+01 -0.809102E-01 -0.220281E+00  0.000000E+00  0.000000E+00  0.000000E+00  0.000000E+00
  0.284082E+01 -0.127609E+00  0.103125E+00  0.000000E+00  0.000000E+00  0.000000E+00  0.000000E+00
  0.284082E+01 -0.574271E-01 -0.839717E-01  0.000000E+00  0.000000E+00  0.000000E+00  0.000000E+00
  0.284082E+01 -0.125616E+00  0.106543E+00  0.000000E+00  0.000000E+00  0.000000E+00  0.000000E+00
  0.284082E+01 -0.538638E-02  0.680895E-02  0.000000E+00  0.000000E+00  0.000000E+00  0.000000E+00
  0.284082E+01 -0.160904E+00  0.540253E-01  0.000000E+00  0.000000E+00  0.000000E+00  0.000000E+00
  0.284082E+01  0.138062E+00  0.909854E-02  0.000000E+00  0.000000E+00  0.000000E+00  0.000000E+00
  0.284082E+01 -0.639109E-01  0.381444E-01  0.000000E+00  0.000000E+00  0.000000E+00  0.000000E+00
  0.284082E+01 -0.141843E+00 -0.560208E-01  0.000000E+00  0.000000E+00  0.000000E+00  0.000000E+00
  0.284082E+01  0.110810E+00 -0.126943E+00  0.000000E+00  0.000000E+00  0.000000E+00  0.000000E+00
  0.284082E+01  0.738233E-02  0.250181E-01  0.000000E+00  0.000000E+00  0.000000E+00  0.000000E+00
  0.284082E+01 -0.211721E+00  0.365933E-01  0.000000E+00  0.000000E+00  0.000000E+00  0.000000E+00
  0.284082E+01  0.219024E+00 -0.154117E-01  0.000000E+00  0.000000E+00  0.000000E+00  0.000000E+00
  0.284082E+01 -0.184763E+00 -0.314439E-01  0.000000E+00  0.000000E+00  0.000000E+00  0.000000E+00
  0.284082E+01 -0.158148E-01 -0.630755E-01  0.000000E+00  0.000000E+00  0.000000E+00  0.000000E+00
  0.284082E+01  0.155443E+00  0.148946E+00  0.000000E+00  0.000000E+00  0.000000E+00  0.000000E+00
  0.284082E+01 -0.454379E-01 -0.488936E-01  0.000000E+00  0.000000E+00  0.000000E+00  0.000000E+00
  0.284082E+01 -0.110646E+00 -0.153561E+00  0.000000E+00  0.000000E+00  0.000000E+00  0.000000E+00
  0.284082E+01  0.224843E+00  0.206447E-01  0.000000E+00  0.000000E+00  0.000000E+00  0.000000E+00
  0.284082E+01 -0.368835E-02  0.389492E-03  0.000000E+00  0.000000E+00  0.000000E+00  0.000000E+00
  0.284082E+01 -0.297753E-01 -0.248999E-01  0.000000E+00  0.000000E+00  0.000000E+00  0.000000E+00
  0.284082E+01  0.826847E-02 -0.224904E+00  0.000000E+00  0.000000E+00  0.000000E+00  0.000000E+00
  0.284082E+01  0.146199E+00  0.143125E+00  0.000000E+00  0.000000E+00  0.000000E+00  0.000000E+00
  0.284082E+01 -0.510112E-01 -0.127342E+00  0.000000E+00  0.000000E+00  0.000000E+00  0.000000E+00
  0.284082E+01  0.678593E-02 -0.743064E-02  0.000000E+00  0.000000E+00  0.000000E+00  0.000000E+00
  0.284082E+01 -0.190887E+00  0.144878E+00  0.000000E+00  0.000000E+00  0.000000E+00  0.000000E+00
  0.284082E+01  0.785418E-01 -0.183934E+00  0.000000E+00  0.000000E+00  0.000000E+00  0.000000E+00
  0.284082E+01  0.126234E+00 -0.158817E+00  0.000000E+00  0.000000E+00  0.000000E+00  0.000000E+00
  0.284082E+01  0.435973E-03  0.419241E-02  0.000000E+00  0.000000E+00  0.000000E+00  0.000000E+00
  0.284082E+01 -0.333967E-01 -0.267332E-01  0.000000E+00  0.000000E+00  0.000000E+00  0.000000E+00
  0.284082E+01  0.136561E+00 -0.760759E-01  0.000000E+00  0.000000E+00  0.000000E+00  0.000000E+00
  0.284082E+01  0.103592E-01 -0.990548E-02  0.000000E+00  0.000000E+00  0.000000E+00  0.000000E+00
  0.284082E+01 -0.223529E-01  0.763261E-01  0.000000E+00  0.000000E+00  0.000000E+00  0.000000E+00
  0.284082E+01 -0.236025E+00 -0.374770E-01  0.000000E+00  0.000000E+00  0.000000E+00  0.000000E+00
  0.284082E+01  0.321208E-01 -0.505198E-01  0.000000E+00  0.000000E+00  0.000000E+00  0.000000E+00
  0.284082E+01 -0.533787E-01  0.245180E-01  0.000000E+00  0.000000E+00  0.000000E+00  0.000000E+00
