  0.252950E+01  0.323115E+00 -0.146096E-01  0.000000E+00  0.000000E+00  0.000000E+00  0.000000E+00
  0.174887E+01  0.102689E-01 -0.182846E+00  0.000000E+00  0.000000E+00  0.000000E+00  0.000000E+00
  0.167690E+01  0.458059E-03  0.182293E+00  0.000000E+00  0.000000E+00  0.000000E+00  0.000000E+00
  0.176033E+01  0.197370E+00  0.606374E-02  0.000000E+00  0.000000E+00  0.000000E+00  0.000000E+00
  0.169675E+01  0.479215E-02 -0.183875E+00  0.000000E+00  0.000000E+00  0.000000E+00  0.000000E+00
  0.230186E+01  0.324330E+00 -0.762309E-02  0.000000E+00  0.000000E+00  0.000000E+00  0.000000E+00
  0.167873E+01  0.704032E-02 -0.175389E+00  0.000000E+00  0.000000E+00  0.000000E+00  0.000000E+00
  0.175107E+01 -0.367722E-02 -0.198913E+00  0.000000E+00  0.000000E+00  0.000000E+00  0.000000E+00
  0.196431E+01  0.142847E-01  0.209346E+00  0.000000E+00  0.000000E+00  0.000000E+00  0.000000E+00
  0.211799E+01  0.256538E+00 -0.122116E-01  0.000000E+00  0.000000E+00  0.000000E+00  0.000000E+00
  0.271099E+01 -0.139793E-01 -0.368207E+00  0.000000E+00  0.000000E+00  0.000000E+00  0.000000E+00
  0.274331E+01  0.109965E-01 -0.406208E+00  0.000000E+00  0.000000E+00  0.000000E+00  0.000000E+00
  0.164849E+01  0.173793E+00 -0.308284E-02  0.000000E+00  0.000000E+00  0.000000E+00  0.000000E+00
  0.274291E+01  0.953096E-03 -0.451883E+00  0.000000E+00  0.000000E+00  0.000000E+00  0.000000E+00
  0.190583E+01  0.240283E+00 -0.643067E-04  0.000000E+00  0.000000E+00  0.000000E+00  0.000000E+00
  0.240259E+01 -0.277982E+00 -0.162653E-01  0.000000E+00  0.000000E+00  0.000000E+00  0.000000E+00
  0.215828E+01  0.278396E+00 -0.100761E-01  0.000000E+00  0.000000E+00  0.000000E+00  0.000000E+00
  0.221315E+01 -0.305540E-02  0.315704E+00  0.000000E+00  0.000000E+00  0.000000E+00  0.000000E+00
  0.277293E+01  0.185677E-01  0.307899E+00  0.000000E+00  0.000000E+00  0.000000E+00  0.000000E+00
  0.224200E+01 -0.150211E-01  0.260108E+00  0.000000E+00  0.000000E+00  0.000000E+00  0.000000E+00
  0.254842E+01 -0.273641E+00  0.183522E-01  0.000000E+00  0.000000E+00  0.000000E+00  0.000000E+00
  0.257019E+01  0.375183E+00 -0.988686E-02  0.000000E+00  0.000000E+00  0.000000E+00  0.000000E+00
  0.188930E+01 -0.235916E+00  0.979715E-03  0.000000E+00  0.000000E+00  0.000000E+00  0.000000E+00
  0.166605E+01 -0.172390E+00  0.700178E-02  0.000000E+00  0.000000E+00  0.000000E+00  0.000000E+00
  0.276332E+01  0.410538E+00  0.110210E-01  0.000000E+00  0.000000E+00  0.000000E+00  0.000000E+00
  0.214839E+01 -0.157891E-01  0.233910E+00  0.000000E+00  0.000000E+00  0.000000E+00  0.000000E+00
  0.275397E+01  0.279110E+00 -0.197441E-01  0.000000E+00  0.000000E+00  0.000000E+00  0.000000E+00
  0.258242E+01  0.337641E+00 -0.142965E-01  0.000000E+00  0.000000E+00  0.000000E+00  0.000000E+00
  0.253743E+01  0.117080E-01 -0.353591E+00  0.000000E+00  0.000000E+00  0.000000E+00  0.000000E+00
  0.170277E+01 -0.832319E-02 -0.178099E+00  0.000000E+00  0.000000E+00  0.000000E+00  0.000000E+00
  0.208104E+01  0.120503E-01 -0.249394E+00  0.000000E+00  0.000000E+00  0.000000E+00  0.000000E+00
  0.278972E+01  0.385990E+00 -0.138783E-01  0.000000E+00  0.000000E+00  0.000000E+00  0.000000E+00
  0.229885E+01 -0.179654E-01 -0.236290E+00  0.000000E+00  0.000000E+00  0.000000E+00  0.000000E+00
  0.239907E+01 -0.286240E+00  0.155230E-01  0.000000E+00  0.000000E+00  0.000000E+00  0.000000E+00
  0.192542E+01 -0.439686E-02  0.241421E+00  0.000000E+00  0.000000E+00  0.000000E+00  0.000000E+00
  0.195536E+01  0.769116E-02  0.240561E+00  0.000000E+00  0.000000E+00  0.000000E+00  0.000000E+00
  0.270470E+01  0.442371E+00 -0.689310E-03  0.000000E+00  0.000000E+00  0.000000E+00  0.000000E+00
  0.169144E+01 -0.830718E-02  0.175436E+00  0.000000E+00  0.000000E+00  0.000000E+00  0.000000E+00
  0.244154E+01 -0.356576E+00 -0.791472E-02  0.000000E+00  0.000000E+00  0.000000E+00  0.000000E+00
  0.258194E+01  0.106098E-04  0.411459E+00  0.000000E+00  0.000000E+00  0.000000E+00  0.000000E+00
  0.198670E+01  0.237192E+00 -0.103858E-01  0.000000E+00  0.000000E+00  0.000000E+00  0.000000E+00
  0.172981E+01 -0.193898E+00 -0.340212E-02  0.000000E+00  0.000000E+00  0.000000E+00  0.000000E+00
  0.203976E+01  0.381480E-02 -0.270980E+00  0.000000E+00  0.000000E+00  0.000000E+00  0.000000E+00
  0.192537E+01 -0.674775E-02 -0.236127E+00  0.000000E+00  0.000000E+00  0.000000E+00  0.000000E+00
  0.176232E+01 -0.259954E-02 -0.202843E+00  0.000000E+00  0.000000E+00  0.000000E+00  0.000000E+00
  0.274412E+01 -0.147999E-01  0.364704E+00  0.000000E+00  0.000000E+00  0.000000E+00  0.000000E+00
  0.198171E+01 -0.208304E+00 -0.149086E-01  0.000000E+00  0.000000E+00  0.000000E+00  0.000000E+00
  0.252849E+01  0.187372E-01 -0.263434E+00  0.000000E+00  0.000000E+00  0.000000E+00  0.000000E+00
  0.272486E+01 -0.116448E-01  0.396118E+00  0.000000E+00  0.000000E+00  0.000000E+00  0.000000E+00
  0.215032E+01 -0.113197E-01  0.269431E+00  0.000000E+00  0.000000E+00  0.000000E+00  0.000000E+00
  0.263039E+01 -0.332284E+00 -0.155129E-01  0.000000E+00  0.000000E+00  0.000000E+00  0.000000E+00
  0.202513E+01  0.151422E-01 -0.215226E+00  0.000000E+00  0.000000E+00  0.000000E+00  0.000000E+00
  0.257193E+01 -0.186588E-01  0.272161E+00  0.000000E+00  0.000000E+00  0.000000E+00  0.000000E+00
  0.254386E+01 -0.393394E+00 -0.509244E-02  0.000000E+00  0.000000E+00  0.000000E+00  0.000000E+00
  0.267521E+01 -0.191571E-01 -0.279536E+00  0.000000E+00  0.000000E+00  0.000000E+00  0.000000E+00
  0.223415E+01 -0.550261E-02 -0.315474E+00  0.000000E+00  0.000000E+00  0.000000E+00  0.000000E+00
  0.235540E+01 -0.274369E+00  0.158043E-01  0.000000E+00  0.000000E+00  0.000000E+00  0.000000E+00
  0.175817E+01 -0.182268E+00  0.109834E-01  0.000000E+00  0.000000E+00  0.000000E+00  0.000000E+00
  0.178104E+01  0.193636E+00 -0.932237E-02  0.000000E+00  0.000000E+00  0.000000E+00  0.000000E+00
  0.243905E+01 -0.155598E-01 -0.293735E+00  0.000000E+00  0.000000E+00  0.000000E+00  0.000000E+00
  0.192072E+01  0.197706E+00  0.146575E-01  0.000000E+00  0.000000E+00  0.000000E+00  0.000000E+00
  0.201151E+01  0.225343E+00 -0.134142E-01  0.000000E+00  0.000000E+00  0.000000E+00  0.000000E+00
  0.255905E+01  0.123436E-03  0.405659E+00  0.000000E+00  0.000000E+00  0.000000E+00  0.000000E+00
  0.166219E+01 -0.178238E+00 -0.158767E-02  0.000000E+00  0.000000E+00  0.000000E+00  0.000000E+00
  0.241909E+01 -0.350126E+00  0.812605E-02  0.000000E+00  0.000000E+00  0.000000E+00  0.000000E+00
  0.244921E+01 -0.891848E-03  0.377613E+00  0.000000E+00  0.000000E+00  0.000000E+00  0.000000E+00
  0.165011E+01 -0.173189E+00 -0.407846E-02  0.000000E+00  0.000000E+00  0.000000E+00  0.000000E+00
  0.272882E+01  0.405591E-02 -0.442702E+00  0.000000E+00  0.000000E+00  0.000000E+00  0.000000E+00
  0.276265E+01  0.439138E+00  0.695949E-02  0.000000E+00  0.000000E+00  0.000000E+00  0.000000E+00
  0.202192E+01  0.104078E-01  0.245193E+00  0.000000E+00  0.000000E+00  0.000000E+00  0.000000E+00
  0.198986E+01  0.220331E+00  0.134721E-01  0.000000E+00  0.000000E+00  0.000000E+00  0.000000E+00
  0.219996E+01  0.764453E-02  0.299673E+00  0.000000E+00  0.000000E+00  0.000000E+00  0.000000E+00
  0.260060E+01  0.173243E-01  0.300053E+00  0.000000E+00  0.000000E+00  0.000000E+00  0.000000E+00
  0.249151E+01  0.156761E-01  0.302685E+00  0.000000E+00  0.000000E+00  0.000000E+00  0.000000E+00
  0.263901E+01 -0.923439E-03  0.425616E+00  0.000000E+00  0.000000E+00  0.000000E+00  0.000000E+00
  0.161323E+01 -0.165487E+00  0.232033E-02  0.000000E+00  0.000000E+00  0.000000E+00  0.000000E+00
  0.191553E+01 -0.940126E-02  0.224920E+00  0.000000E+00  0.000000E+00  0.000000E+00  0.000000E+00
  0.271901E+01 -0.340747E+00 -0.161384E-01  0.000000E+00  0.000000E+00  0.000000E+00  0.000000E+00
  0.275142E+01  0.421227E+00  0.937271E-02  0.000000E+00  0.000000E+00  0.000000E+00  0.000000E+00
  0.260743E+01 -0.309828E+00 -0.167774E-01  0.000000E+00  0.000000E+00  0.000000E+00  0.000000E+00
  0.210391E+01  0.347472E-03 -0.290405E+00  0.000000E+00  0.000000E+00  0.000000E+00  0.000000E+00
  0.191392E+01 -0.125212E-01  0.209746E+00  0.000000E+00  0.000000E+00  0.000000E+00  0.000000E+00
  0.264820E+01 -0.864444E-02  0.401819E+00  0.000000E+00  0.000000E+00  0.000000E+00  0.000000E+00
  0.180278E+01 -0.952374E-02  0.198043E+00  0.000000E+00  0.000000E+00  0.000000E+00  0.000000E+00
  0.241251E+01 -0.410760E-02 -0.363553E+00  0.000000E+00  0.000000E+00  0.000000E+00  0.000000E+00
  0.168097E+01 -0.183308E+00  0.561875E-03  0.000000E+00  0.000000E+00  0.000000E+00  0.000000E+00
  0.210551E+01  0.194845E-02 -0.289953E+00  0.000000E+00  0.000000E+00  0.000000E+00  0.000000E+00
  0.273117E+01 -0.166955E-01  0.334380E+00  0.000000E+00  0.000000E+00  0.000000E+00  0.000000E+00
  0.273414E+01 -0.271008E+00 -0.199577E-01  0.000000E+00  0.000000E+00  0.000000E+00  0.000000E+00
  0.184967E+01 -0.774822E-02 -0.214932E+00  0.000000E+00  0.000000E+00  0.000000E+00  0.000000E+00
  0.216547E+01  0.249582E+00  0.144661E-01  0.000000E+00  0.000000E+00  0.000000E+00  0.000000E+00
  0.207752E+01  0.129543E-01  0.242686E+00  0.000000E+00  0.000000E+00  0.000000E+00  0.000000E+00
  0.213525E+01  0.175738E-01 -0.212208E+00  0.000000E+00  0.000000E+00  0.000000E+00  0.000000E+00
  0.225652E+01  0.155852E-01 -0.257299E+00  0.000000E+00  0.000000E+00  0.000000E+00  0.000000E+00
  0.202033E+01  0.149186E-01 -0.216071E+00  0.000000E+00  0.000000E+00  0.000000E+00  0.000000E+00
  0.193622E+01  0.151453E-01 -0.197292E+00  0.000000E+00  0.000000E+00  0.000000E+00  0.000000E+00
  0.201392E+01 -0.132840E-01  0.226738E+00  0.000000E+00  0.000000E+00  0.000000E+00  0.000000E+00
  0.284063E+01 -0.476948E+00  0.998213E-04  0.000000E+00  0.000000E+00  0.000000E+00  0.000000E+00
  0.248379E+01 -0.241092E-02 -0.384806E+00  0.000000E+00  0.000000E+00  0.000000E+00  0.000000E+00
  0.232370E+01 -0.230827E+00  0.186269E-01  0.000000E+00  0.000000E+00  0.000000E+00  0.000000E+00
  0.217408E+01  0.710787E-02  0.295478E+00  0.000000E+00  0.000000E+00  0.000000E+00  0.000000E+00
  0.278009E+01  0.461596E+00  0.278750E-03  0.000000E+00  0.000000E+00  0.000000E+00  0.000000E+00
  0.180945E+01 -0.655434E-02 -0.208331E+00  0.000000E+00  0.000000E+00  0.000000E+00  0.000000E+00
  0.236925E+01 -0.350423E+00 -0.498698E-02  0.000000E+00  0.000000E+00  0.000000E+00  0.000000E+00
  0.229048E+01  0.104676E-01 -0.306643E+00  0.000000E+00  0.000000E+00  0.000000E+00  0.000000E+00
  0.166204E+01 -0.694258E-02  0.171538E+00  0.000000E+00  0.000000E+00  0.000000E+00  0.000000E+00
  0.222439E+01  0.319561E+00 -0.231199E-02  0.000000E+00  0.000000E+00  0.000000E+00  0.000000E+00
  0.280181E+01 -0.193951E-01  0.294742E+00  0.000000E+00  0.000000E+00  0.000000E+00  0.000000E+00
  0.230491E+01 -0.253555E+00 -0.167361E-01  0.000000E+00  0.000000E+00  0.000000E+00  0.000000E+00
  0.260325E+01  0.399235E+00  0.719146E-02  0.000000E+00  0.000000E+00  0.000000E+00  0.000000E+00
  0.281817E+01 -0.469465E+00 -0.218413E-02  0.000000E+00  0.000000E+00  0.000000E+00  0.000000E+00
  0.256141E+01 -0.191503E-01 -0.261156E+00  0.000000E+00  0.000000E+00  0.000000E+00  0.000000E+00
  0.219180E+01  0.218227E+00 -0.179046E-01  0.000000E+00  0.000000E+00  0.000000E+00  0.000000E+00
  0.262705E+01 -0.145086E-01 -0.344380E+00  0.000000E+00  0.000000E+00  0.000000E+00  0.000000E+00
  0.228784E+01  0.134046E-01 -0.284460E+00  0.000000E+00  0.000000E+00  0.000000E+00  0.000000E+00
  0.231264E+01  0.256007E+00  0.166550E-01  0.000000E+00  0.000000E+00  0.000000E+00  0.000000E+00
  0.214999E+01  0.810473E-02  0.285784E+00  0.000000E+00  0.000000E+00  0.000000E+00  0.000000E+00
  0.274885E+01  0.163794E-01 -0.342773E+00  0.000000E+00  0.000000E+00  0.000000E+00  0.000000E+00
  0.253007E+01 -0.264445E+00  0.186958E-01  0.000000E+00  0.000000E+00  0.000000E+00  0.000000E+00
  0.277313E+01 -0.318766E+00  0.180193E-01  0.000000E+00  0.000000E+00  0.000000E+00  0.000000E+00
  0.165185E+01  0.174216E+00  0.353176E-02  0.000000E+00  0.000000E+00  0.000000E+00  0.000000E+00
  0.234624E+01 -0.179783E-01  0.244447E+00  0.000000E+00  0.000000E+00  0.000000E+00  0.000000E+00
  0.259879E+01 -0.121200E-01 -0.363602E+00  0.000000E+00  0.000000E+00  0.000000E+00  0.000000E+00
  0.171682E+01 -0.191503E+00 -0.244967E-02  0.000000E+00  0.000000E+00  0.000000E+00  0.000000E+00
  0.254897E+01 -0.128501E-01 -0.345784E+00  0.000000E+00  0.000000E+00  0.000000E+00  0.000000E+00
  0.240586E+01 -0.753862E-02  0.349801E+00  0.000000E+00  0.000000E+00  0.000000E+00  0.000000E+00
  0.185519E+01  0.207535E+00 -0.102326E-01  0.000000E+00  0.000000E+00  0.000000E+00  0.000000E+00
  0.194965E+01 -0.121651E-01  0.219608E+00  0.000000E+00  0.000000E+00  0.000000E+00  0.000000E+00
  0.172430E+01  0.175009E+00  0.108658E-01  0.000000E+00  0.000000E+00  0.000000E+00  0.000000E+00
  0.192395E+01  0.695442E-02  0.235205E+00  0.000000E+00  0.000000E+00  0.000000E+00  0.000000E+00
  0.264892E+01 -0.998770E-02 -0.392741E+00  0.000000E+00  0.000000E+00  0.000000E+00  0.000000E+00
  0.276215E+01 -0.406007E+00  0.114837E-01  0.000000E+00  0.000000E+00  0.000000E+00  0.000000E+00
  0.173272E+01  0.195663E+00 -0.224425E-02  0.000000E+00  0.000000E+00  0.000000E+00  0.000000E+00
  0.171437E+01  0.407944E-02 -0.189238E+00  0.000000E+00  0.000000E+00  0.000000E+00  0.000000E+00
  0.245016E+01 -0.253361E+00 -0.185568E-01  0.000000E+00  0.000000E+00  0.000000E+00  0.000000E+00
  0.227431E+01  0.307598E+00  0.967205E-02  0.000000E+00  0.000000E+00  0.000000E+00  0.000000E+00
  0.222457E+01  0.307901E+00 -0.706360E-02  0.000000E+00  0.000000E+00  0.000000E+00  0.000000E+00
  0.269269E+01  0.395270E+00  0.109298E-01  0.000000E+00  0.000000E+00  0.000000E+00  0.000000E+00
  0.238468E+01 -0.853348E-02  0.339804E+00  0.000000E+00  0.000000E+00  0.000000E+00  0.000000E+00
  0.278432E+01 -0.139547E-01 -0.383906E+00  0.000000E+00  0.000000E+00  0.000000E+00  0.000000E+00
  0.177675E+01  0.894982E-02 -0.193844E+00  0.000000E+00  0.000000E+00  0.000000E+00  0.000000E+00
  0.277659E+01 -0.427691E+00  0.929766E-02  0.000000E+00  0.000000E+00  0.000000E+00  0.000000E+00
  0.255366E+01 -0.191493E-01 -0.259913E+00  0.000000E+00  0.000000E+00  0.000000E+00  0.000000E+00
  0.263139E+01 -0.126208E-01 -0.365985E+00  0.000000E+00  0.000000E+00  0.000000E+00  0.000000E+00
  0.200137E+01 -0.264014E+00  0.146891E-02  0.000000E+00  0.000000E+00  0.000000E+00  0.000000E+00
  0.275586E+01  0.738121E-02  0.435185E+00  0.000000E+00  0.000000E+00  0.000000E+00  0.000000E+00
  0.251507E+01 -0.353117E+00 -0.111499E-01  0.000000E+00  0.000000E+00  0.000000E+00  0.000000E+00
  0.213535E+01 -0.279474E+00 -0.876012E-02  0.000000E+00  0.000000E+00  0.000000E+00  0.000000E+00
  0.234490E+01 -0.251120E-02 -0.349669E+00  0.000000E+00  0.000000E+00  0.000000E+00  0.000000E+00
  0.176859E+01  0.288088E-02  0.204167E+00  0.000000E+00  0.000000E+00  0.000000E+00  0.000000E+00
  0.263839E+01  0.371085E+00  0.122552E-01  0.000000E+00  0.000000E+00  0.000000E+00  0.000000E+00
  0.267730E+01 -0.298757E+00 -0.181936E-01  0.000000E+00  0.000000E+00  0.000000E+00  0.000000E+00
  0.178101E+01  0.198178E+00  0.783168E-02  0.000000E+00  0.000000E+00  0.000000E+00  0.000000E+00
  0.241815E+01  0.317454E+00 -0.128411E-01  0.000000E+00  0.000000E+00  0.000000E+00  0.000000E+00
  0.194799E+01 -0.200048E+00 -0.150949E-01  0.000000E+00  0.000000E+00  0.000000E+00  0.000000E+00
  0.282889E+01 -0.473933E+00 -0.353338E-03  0.000000E+00  0.000000E+00  0.000000E+00  0.000000E+00
  0.244101E+01 -0.374528E+00  0.203776E-02  0.000000E+00  0.000000E+00  0.000000E+00  0.000000E+00
  0.165388E+01  0.304301E-02 -0.175183E+00  0.000000E+00  0.000000E+00  0.000000E+00  0.000000E+00
  0.225079E+01 -0.229051E+00  0.178747E-01  0.000000E+00  0.000000E+00  0.000000E+00  0.000000E+00
  0.259856E+01 -0.332700E+00  0.149866E-01  0.000000E+00  0.000000E+00  0.000000E+00  0.000000E+00
  0.264417E+01  0.271528E+00 -0.193009E-01  0.000000E+00  0.000000E+00  0.000000E+00  0.000000E+00
  0.214713E+01 -0.251227E+00  0.138091E-01  0.000000E+00  0.000000E+00  0.000000E+00  0.000000E+00
  0.275609E+01  0.387338E+00 -0.131589E-01  0.000000E+00  0.000000E+00  0.000000E+00  0.000000E+00
  0.260066E+01  0.375729E+00  0.107535E-01  0.000000E+00  0.000000E+00  0.000000E+00  0.000000E+00
  0.185865E+01  0.224724E+00 -0.443076E-02  0.000000E+00  0.000000E+00  0.000000E+00  0.000000E+00
  0.237171E+01 -0.144308E-01  0.292526E+00  0.000000E+00  0.000000E+00  0.000000E+00  0.000000E+00
  0.222710E+01  0.177972E-01 -0.225873E+00  0.000000E+00  0.000000E+00  0.000000E+00  0.000000E+00
  0.218797E+01 -0.292538E-02  0.309574E+00  0.000000E+00  0.000000E+00  0.000000E+00  0.000000E+00
  0.199822E+01  0.219013E+00 -0.139211E-01  0.000000E+00  0.000000E+00  0.000000E+00  0.000000E+00
  0.202104E+01 -0.141277E-01 -0.222302E+00  0.000000E+00  0.000000E+00  0.000000E+00  0.000000E+00
  0.244869E+01 -0.373490E+00 -0.373184E-02  0.000000E+00  0.000000E+00  0.000000E+00  0.000000E+00
  0.243195E+01 -0.301915E+00  0.147167E-01  0.000000E+00  0.000000E+00  0.000000E+00  0.000000E+00
  0.268460E+01 -0.429589E+00 -0.471843E-02  0.000000E+00  0.000000E+00  0.000000E+00  0.000000E+00
  0.235923E+01  0.248079E+00 -0.178861E-01  0.000000E+00  0.000000E+00  0.000000E+00  0.000000E+00
  0.222800E+01  0.164999E-01  0.241795E+00  0.000000E+00  0.000000E+00  0.000000E+00  0.000000E+00
  0.251012E+01 -0.138265E-01  0.327654E+00  0.000000E+00  0.000000E+00  0.000000E+00  0.000000E+00
  0.257312E+01  0.408251E+00 -0.172299E-02  0.000000E+00  0.000000E+00  0.000000E+00  0.000000E+00
  0.194564E+01 -0.246989E+00 -0.408992E-02  0.000000E+00  0.000000E+00  0.000000E+00  0.000000E+00
  0.253301E+01  0.160742E-01  0.305645E+00  0.000000E+00  0.000000E+00  0.000000E+00  0.000000E+00
  0.237476E+01  0.339580E+00 -0.811205E-02  0.000000E+00  0.000000E+00  0.000000E+00  0.000000E+00
  0.247007E+01  0.119830E-01  0.336256E+00  0.000000E+00  0.000000E+00  0.000000E+00  0.000000E+00
  0.181626E+01 -0.339345E-02  0.215591E+00  0.000000E+00  0.000000E+00  0.000000E+00  0.000000E+00
  0.225887E+01 -0.287425E-02  0.327479E+00  0.000000E+00  0.000000E+00  0.000000E+00  0.000000E+00
  0.213356E+01  0.262380E-02  0.296293E+00  0.000000E+00  0.000000E+00  0.000000E+00  0.000000E+00
  0.211355E+01 -0.125559E-01  0.253256E+00  0.000000E+00  0.000000E+00  0.000000E+00  0.000000E+00
  0.204838E+01 -0.257212E+00  0.914679E-02  0.000000E+00  0.000000E+00  0.000000E+00  0.000000E+00
  0.249409E+01 -0.321593E+00 -0.140822E-01  0.000000E+00  0.000000E+00  0.000000E+00  0.000000E+00
  0.260670E+01  0.938363E-02 -0.387185E+00  0.000000E+00  0.000000E+00  0.000000E+00  0.000000E+00
  0.222271E+01  0.120855E-02  0.320135E+00  0.000000E+00  0.000000E+00  0.000000E+00  0.000000E+00
  0.220186E+01  0.141887E-01  0.259541E+00  0.000000E+00  0.000000E+00  0.000000E+00  0.000000E+00
  0.174615E+01 -0.682877E-02 -0.192255E+00  0.000000E+00  0.000000E+00  0.000000E+00  0.000000E+00
  0.172594E+01 -0.913756E-02  0.181264E+00  0.000000E+00  0.000000E+00  0.000000E+00  0.000000E+00
  0.179530E+01  0.192563E+00  0.105264E-01  0.000000E+00  0.000000E+00  0.000000E+00  0.000000E+00
  0.226143E+01 -0.182884E-01 -0.225207E+00  0.000000E+00  0.000000E+00  0.000000E+00  0.000000E+00
  0.236024E+01  0.255688E+00 -0.173602E-01  0.000000E+00  0.000000E+00  0.000000E+00  0.000000E+00
  0.279993E+01 -0.844207E-02  0.439238E+00  0.000000E+00  0.000000E+00  0.000000E+00  0.000000E+00
  0.283554E+01 -0.113175E-01  0.424133E+00  0.000000E+00  0.000000E+00  0.000000E+00  0.000000E+00
  0.254302E+01  0.319446E+00 -0.151513E-01  0.000000E+00  0.000000E+00  0.000000E+00  0.000000E+00
  0.242652E+01 -0.323306E+00  0.123771E-01  0.000000E+00  0.000000E+00  0.000000E+00  0.000000E+00
  0.177073E+01  0.203408E+00  0.401209E-02  0.000000E+00  0.000000E+00  0.000000E+00  0.000000E+00
  0.219599E+01 -0.475873E-03 -0.313688E+00  0.000000E+00  0.000000E+00  0.000000E+00  0.000000E+00
  0.197763E+01 -0.249913E+00  0.637647E-02  0.000000E+00  0.000000E+00  0.000000E+00  0.000000E+00
  0.238394E+01 -0.360120E+00 -0.204271E-02  0.000000E+00  0.000000E+00  0.000000E+00  0.000000E+00
  0.211211E+01  0.292337E+00 -0.856628E-03  0.000000E+00  0.000000E+00  0.000000E+00  0.000000E+00
  0.219197E+01  0.300777E+00 -0.684450E-02  0.000000E+00  0.000000E+00  0.000000E+00  0.000000E+00
  0.215305E+01  0.214892E+00 -0.176174E-01  0.000000E+00  0.000000E+00  0.000000E+00  0.000000E+00
  0.212283E+01  0.219736E+00  0.166960E-01  0.000000E+00  0.000000E+00  0.000000E+00  0.000000E+00
  0.261008E+01  0.273579E+00  0.189214E-01  0.000000E+00  0.000000E+00  0.000000E+00  0.000000E+00
  0.249452E+01 -0.389305E+00 -0.256787E-03  0.000000E+00  0.000000E+00  0.000000E+00  0.000000E+00
  0.196039E+01 -0.252160E+00 -0.308071E-02  0.000000E+00  0.000000E+00  0.000000E+00  0.000000E+00
  0.235597E+01 -0.347763E+00 -0.476156E-02  0.000000E+00  0.000000E+00  0.000000E+00  0.000000E+00
  0.195467E+01 -0.207074E+00 -0.143228E-01  0.000000E+00  0.000000E+00  0.000000E+00  0.000000E+00
  0.194060E+01  0.239133E+00 -0.699635E-02  0.000000E+00  0.000000E+00  0.000000E+00  0.000000E+00
  0.216835E+01  0.258113E+00  0.135081E-01  0.000000E+00  0.000000E+00  0.000000E+00  0.000000E+00
  0.173572E+01 -0.192457E+00 -0.545804E-02  0.000000E+00  0.000000E+00  0.000000E+00  0.000000E+00
  0.280319E+01  0.742872E-02  0.446360E+00  0.000000E+00  0.000000E+00  0.000000E+00  0.000000E+00
  0.227311E+01 -0.718364E-02 -0.319214E+00  0.000000E+00  0.000000E+00  0.000000E+00  0.000000E+00
  0.249822E+01 -0.385403E+00  0.393246E-02  0.000000E+00  0.000000E+00  0.000000E+00  0.000000E+00
  0.244808E+01 -0.137089E-01 -0.315738E+00  0.000000E+00  0.000000E+00  0.000000E+00  0.000000E+00
  0.217517E+01 -0.301659E+00  0.522564E-02  0.000000E+00  0.000000E+00  0.000000E+00  0.000000E+00
  0.211304E+01 -0.100556E-01 -0.268018E+00  0.000000E+00  0.000000E+00  0.000000E+00  0.000000E+00
  0.239267E+01 -0.252557E+00 -0.179821E-01  0.000000E+00  0.000000E+00  0.000000E+00  0.000000E+00
  0.249492E+01 -0.346230E+00  0.114440E-01  0.000000E+00  0.000000E+00  0.000000E+00  0.000000E+00
  0.255240E+01 -0.321282E+00 -0.151557E-01  0.000000E+00  0.000000E+00  0.000000E+00  0.000000E+00
  0.205590E+01 -0.226318E+00 -0.145467E-01  0.000000E+00  0.000000E+00  0.000000E+00  0.000000E+00
  0.268712E+01 -0.105256E-01  0.397367E+00  0.000000E+00  0.000000E+00  0.000000E+00  0.000000E+00
  0.253937E+01  0.346738E+00 -0.125282E-01  0.000000E+00  0.000000E+00  0.000000E+00  0.000000E+00
  0.193783E+01 -0.213708E+00 -0.127407E-01  0.000000E+00  0.000000E+00  0.000000E+00  0.000000E+00
  0.283462E+01 -0.178370E-01 -0.333124E+00  0.000000E+00  0.000000E+00  0.000000E+00  0.000000E+00
  0.170933E+01  0.188425E+00 -0.370933E-02  0.000000E+00  0.000000E+00  0.000000E+00  0.000000E+00
  0.191926E+01  0.243681E+00  0.118036E-03  0.000000E+00  0.000000E+00  0.000000E+00  0.000000E+00
  0.180450E+01 -0.551196E-02 -0.209347E+00  0.000000E+00  0.000000E+00  0.000000E+00  0.000000E+00
  0.259343E+01 -0.280057E+00 -0.184256E-01  0.000000E+00  0.000000E+00  0.000000E+00  0.000000E+00
  0.222660E+01 -0.163338E-01 -0.243389E+00  0.000000E+00  0.000000E+00  0.000000E+00  0.000000E+00
  0.253602E+01 -0.344041E+00  0.127378E-01  0.000000E+00  0.000000E+00  0.000000E+00  0.000000E+00
  0.255621E+01  0.133626E-01 -0.342246E+00  0.000000E+00  0.000000E+00  0.000000E+00  0.000000E+00
  0.263567E+01  0.383828E+00 -0.107414E-01  0.000000E+00  0.000000E+00  0.000000E+00  0.000000E+00
  0.173683E+01  0.193844E+00 -0.478583E-02  0.000000E+00  0.000000E+00  0.000000E+00  0.000000E+00
  0.166143E+01 -0.600787E-02 -0.173179E+00  0.000000E+00  0.000000E+00  0.000000E+00  0.000000E+00
  0.268682E+01  0.344382E-03 -0.437969E+00  0.000000E+00  0.000000E+00  0.000000E+00  0.000000E+00
  0.174346E+01  0.805990E-02  0.188539E+00  0.000000E+00  0.000000E+00  0.000000E+00  0.000000E+00
  0.207938E+01 -0.129838E-01  0.242884E+00  0.000000E+00  0.000000E+00  0.000000E+00  0.000000E+00
  0.203940E+01  0.669692E-02 -0.264083E+00  0.000000E+00  0.000000E+00  0.000000E+00  0.000000E+00
  0.192448E+01 -0.227141E-02 -0.243992E+00  0.000000E+00  0.000000E+00  0.000000E+00  0.000000E+00
  0.233049E+01  0.157810E-01  0.269747E+00  0.000000E+00  0.000000E+00  0.000000E+00  0.000000E+00
  0.187939E+01 -0.219280E+00 -0.861498E-02  0.000000E+00  0.000000E+00  0.000000E+00  0.000000E+00
  0.185348E+01  0.135504E-01  0.190788E+00  0.000000E+00  0.000000E+00  0.000000E+00  0.000000E+00
  0.282213E+01  0.288317E+00 -0.198005E-01  0.000000E+00  0.000000E+00  0.000000E+00  0.000000E+00
  0.229899E+01 -0.253226E+00 -0.166717E-01  0.000000E+00  0.000000E+00  0.000000E+00  0.000000E+00
  0.198293E+01 -0.244729E+00 -0.839202E-02  0.000000E+00  0.000000E+00  0.000000E+00  0.000000E+00
  0.186260E+01  0.229254E+00 -0.680249E-03  0.000000E+00  0.000000E+00  0.000000E+00  0.000000E+00
  0.264552E+01  0.153689E-01  0.337220E+00  0.000000E+00  0.000000E+00  0.000000E+00  0.000000E+00
  0.192575E+01  0.198883E+00 -0.146370E-01  0.000000E+00  0.000000E+00  0.000000E+00  0.000000E+00
  0.215102E+01  0.299646E+00 -0.334120E-02  0.000000E+00  0.000000E+00  0.000000E+00  0.000000E+00
  0.211682E+01  0.260155E+00 -0.116024E-01  0.000000E+00  0.000000E+00  0.000000E+00  0.000000E+00
  0.283699E+01  0.198724E-01  0.288829E+00  0.000000E+00  0.000000E+00  0.000000E+00  0.000000E+00
  0.179745E+01 -0.984582E-02  0.195643E+00  0.000000E+00  0.000000E+00  0.000000E+00  0.000000E+00
  0.248795E+01  0.278456E+00 -0.173935E-01  0.000000E+00  0.000000E+00  0.000000E+00  0.000000E+00
  0.251600E+01 -0.357662E+00 -0.105812E-01  0.000000E+00  0.000000E+00  0.000000E+00  0.000000E+00
  0.269295E+01 -0.365487E+00  0.138890E-01  0.000000E+00  0.000000E+00  0.000000E+00  0.000000E+00
  0.258625E+01  0.390908E+00  0.799093E-02  0.000000E+00  0.000000E+00  0.000000E+00  0.000000E+00
  0.217653E+01  0.441353E-02  0.303966E+00  0.000000E+00  0.000000E+00  0.000000E+00  0.000000E+00
  0.160454E+01  0.915280E-03 -0.163892E+00  0.000000E+00  0.000000E+00  0.000000E+00  0.000000E+00
  0.193069E+01 -0.603938E-02 -0.239273E+00  0.000000E+00  0.000000E+00  0.000000E+00  0.000000E+00
  0.189184E+01 -0.217640E+00  0.983781E-02  0.000000E+00  0.000000E+00  0.000000E+00  0.000000E+00
  0.276410E+01 -0.391782E+00  0.129157E-01  0.000000E+00  0.000000E+00  0.000000E+00  0.000000E+00
  0.224581E+01  0.262805E+00  0.148228E-01  0.000000E+00  0.000000E+00  0.000000E+00  0.000000E+00
  0.213325E+01 -0.215412E+00  0.172660E-01  0.000000E+00  0.000000E+00  0.000000E+00  0.000000E+00
  0.232120E+01  0.335626E+00  0.591827E-02  0.000000E+00  0.000000E+00  0.000000E+00  0.000000E+00
  0.254199E+01  0.160409E-01  0.307834E+00  0.000000E+00  0.000000E+00  0.000000E+00  0.000000E+00
  0.214143E+01  0.295485E+00 -0.428824E-02  0.000000E+00  0.000000E+00  0.000000E+00  0.000000E+00
  0.209809E+01 -0.271614E+00  0.853105E-02  0.000000E+00  0.000000E+00  0.000000E+00  0.000000E+00
  0.254831E+01  0.187400E-01  0.266705E+00  0.000000E+00  0.000000E+00  0.000000E+00  0.000000E+00
  0.244528E+01  0.754281E-02  0.359298E+00  0.000000E+00  0.000000E+00  0.000000E+00  0.000000E+00
  0.183827E+01 -0.220785E+00  0.365164E-02  0.000000E+00  0.000000E+00  0.000000E+00  0.000000E+00
  0.260666E+01  0.414164E+00 -0.325387E-02  0.000000E+00  0.000000E+00  0.000000E+00  0.000000E+00
  0.167282E+01 -0.479445E-03  0.181256E+00  0.000000E+00  0.000000E+00  0.000000E+00  0.000000E+00
  0.274036E+01 -0.180997E-01  0.311497E+00  0.000000E+00  0.000000E+00  0.000000E+00  0.000000E+00
  0.230324E+01 -0.296244E+00  0.123697E-01  0.000000E+00  0.000000E+00  0.000000E+00  0.000000E+00
  0.231488E+01  0.174873E-02  0.343004E+00  0.000000E+00  0.000000E+00  0.000000E+00  0.000000E+00
  0.224604E+01 -0.221068E-03 -0.326403E+00  0.000000E+00  0.000000E+00  0.000000E+00  0.000000E+00
  0.268748E+01 -0.138038E-01  0.365329E+00  0.000000E+00  0.000000E+00  0.000000E+00  0.000000E+00
  0.247651E+01 -0.129997E-01  0.328657E+00  0.000000E+00  0.000000E+00  0.000000E+00  0.000000E+00
  0.229306E+01  0.232349E+00 -0.181718E-01  0.000000E+00  0.000000E+00  0.000000E+00  0.000000E+00
  0.188295E+01 -0.108475E-01 -0.211267E+00  0.000000E+00  0.000000E+00  0.000000E+00  0.000000E+00
  0.281014E+01  0.306377E+00  0.189354E-01  0.000000E+00  0.000000E+00  0.000000E+00  0.000000E+00
  0.260182E+01 -0.392575E+00  0.834991E-02  0.000000E+00  0.000000E+00  0.000000E+00  0.000000E+00
  0.261252E+01 -0.383608E+00 -0.100810E-01  0.000000E+00  0.000000E+00  0.000000E+00  0.000000E+00
  0.278465E+01  0.461943E+00 -0.150395E-02  0.000000E+00  0.000000E+00  0.000000E+00  0.000000E+00
  0.215208E+01 -0.301846E+00  0.179474E-02  0.000000E+00  0.000000E+00  0.000000E+00  0.000000E+00
  0.254912E+01 -0.313585E+00  0.157115E-01  0.000000E+00  0.000000E+00  0.000000E+00  0.000000E+00
  0.265438E+01  0.679464E-02  0.413620E+00  0.000000E+00  0.000000E+00  0.000000E+00  0.000000E+00
  0.243855E+01 -0.240129E+00  0.192078E-01  0.000000E+00  0.000000E+00  0.000000E+00  0.000000E+00
  0.247464E+01  0.352836E+00  0.990629E-02  0.000000E+00  0.000000E+00  0.000000E+00  0.000000E+00
  0.283495E+01 -0.329700E+00 -0.180149E-01  0.000000E+00  0.000000E+00  0.000000E+00  0.000000E+00
  0.276205E+01 -0.163969E-01  0.345019E+00  0.000000E+00  0.000000E+00  0.000000E+00  0.000000E+00
  0.212067E+01  0.127510E-01 -0.253466E+00  0.000000E+00  0.000000E+00  0.000000E+00  0.000000E+00
  0.166409E+01 -0.479127E-02 -0.175759E+00  0.000000E+00  0.000000E+00  0.000000E+00  0.000000E+00
  0.252358E+01 -0.139392E-01  0.329299E+00  0.000000E+00  0.000000E+00  0.000000E+00  0.000000E+00
  0.174964E+01 -0.100516E-01  0.183799E+00  0.000000E+00  0.000000E+00  0.000000E+00  0.000000E+00
  0.218411E+01 -0.176055E-01 -0.220617E+00  0.000000E+00  0.000000E+00  0.000000E+00  0.000000E+00
  0.189253E+01 -0.119921E-01  0.207880E+00  0.000000E+00  0.000000E+00  0.000000E+00  0.000000E+00
  0.202942E+01  0.267916E+00  0.408943E-02  0.000000E+00  0.000000E+00  0.000000E+00  0.000000E+00
  0.274966E+01 -0.297180E+00  0.188974E-01  0.000000E+00  0.000000E+00  0.000000E+00  0.000000E+00
  0.212443E+01 -0.212766E+00 -0.173569E-01  0.000000E+00  0.000000E+00  0.000000E+00  0.000000E+00
  0.195210E+01 -0.268755E-02 -0.250536E+00  0.000000E+00  0.000000E+00  0.000000E+00  0.000000E+00
  0.172204E+01  0.188133E+00  0.597716E-02  0.000000E+00  0.000000E+00  0.000000E+00  0.000000E+00
  0.249515E+01  0.388692E+00 -0.159328E-02  0.000000E+00  0.000000E+00  0.000000E+00  0.000000E+00
  0.185476E+01 -0.105615E-01 -0.206069E+00  0.000000E+00  0.000000E+00  0.000000E+00  0.000000E+00
  0.255078E+01  0.186291E-01  0.269132E+00  0.000000E+00  0.000000E+00  0.000000E+00  0.000000E+00
  0.238599E+01 -0.330028E+00 -0.102514E-01  0.000000E+00  0.000000E+00  0.000000E+00  0.000000E+00
  0.196744E+01 -0.298148E-02 -0.254055E+00  0.000000E+00  0.000000E+00  0.000000E+00  0.000000E+00
  0.273577E+01  0.433623E+00 -0.676081E-02  0.000000E+00  0.000000E+00  0.000000E+00  0.000000E+00
  0.249119E+01  0.364475E+00  0.865235E-02  0.000000E+00  0.000000E+00  0.000000E+00  0.000000E+00
  0.218202E+01  0.158388E-01 -0.240007E+00  0.000000E+00  0.000000E+00  0.000000E+00  0.000000E+00
  0.261920E+01 -0.138716E-01 -0.350158E+00  0.000000E+00  0.000000E+00  0.000000E+00  0.000000E+00
  0.241076E+01 -0.293326E+00  0.151053E-01  0.000000E+00  0.000000E+00  0.000000E+00  0.000000E+00
  0.265010E+01 -0.174046E-01  0.307759E+00  0.000000E+00  0.000000E+00  0.000000E+00  0.000000E+00
  0.236791E+01  0.350760E+00  0.475082E-02  0.000000E+00  0.000000E+00  0.000000E+00  0.000000E+00
  0.248805E+01  0.185188E-01  0.260440E+00  0.000000E+00  0.000000E+00  0.000000E+00  0.000000E+00
  0.271972E+01  0.161028E-01  0.341421E+00  0.000000E+00  0.000000E+00  0.000000E+00  0.000000E+00
  0.222427E+01 -0.254398E+00  0.152385E-01  0.000000E+00  0.000000E+00  0.000000E+00  0.000000E+00
  0.278933E+01  0.438492E-02  0.456773E+00  0.000000E+00  0.000000E+00  0.000000E+00  0.000000E+00
  0.210182E+01 -0.138685E-01 -0.241205E+00  0.000000E+00  0.000000E+00  0.000000E+00  0.000000E+00
  0.249052E+01 -0.948012E-02 -0.359312E+00  0.000000E+00  0.000000E+00  0.000000E+00  0.000000E+00
  0.252858E+01  0.124942E-01  0.344688E+00  0.000000E+00  0.000000E+00  0.000000E+00  0.000000E+00
  0.228532E+01  0.310692E+00  0.957865E-02  0.000000E+00  0.000000E+00  0.000000E+00  0.000000E+00
  0.173722E+01 -0.197595E+00  0.562088E-04  0.000000E+00  0.000000E+00  0.000000E+00  0.000000E+00
  0.226556E+01  0.251526E+00 -0.162751E-01  0.000000E+00  0.000000E+00  0.000000E+00  0.000000E+00
  0.199844E+01  0.122401E-01  0.229958E+00  0.000000E+00  0.000000E+00  0.000000E+00  0.000000E+00
  0.281905E+01  0.154800E-01  0.370229E+00  0.000000E+00  0.000000E+00  0.000000E+00  0.000000E+00
  0.254866E+01 -0.170412E-01  0.294892E+00  0.000000E+00  0.000000E+00  0.000000E+00  0.000000E+00
  0.184730E+01  0.204067E+00 -0.106301E-01  0.000000E+00  0.000000E+00  0.000000E+00  0.000000E+00
  0.205211E+01  0.782510E-02 -0.263383E+00  0.000000E+00  0.000000E+00  0.000000E+00  0.000000E+00
  0.264952E+01  0.193927E-01 -0.270467E+00  0.000000E+00  0.000000E+00  0.000000E+00  0.000000E+00
  0.201011E+01  0.499201E-02 -0.261313E+00  0.000000E+00  0.000000E+00  0.000000E+00  0.000000E+00
  0.283990E+01 -0.195582E-01  0.296963E+00  0.000000E+00  0.000000E+00  0.000000E+00  0.000000E+00
  0.173885E+01 -0.418857E-02 -0.195209E+00  0.000000E+00  0.000000E+00  0.000000E+00  0.000000E+00
  0.256002E+01 -0.392410E+00 -0.639379E-02  0.000000E+00  0.000000E+00  0.000000E+00  0.000000E+00
  0.250349E+01  0.555936E-02 -0.381792E+00  0.000000E+00  0.000000E+00  0.000000E+00  0.000000E+00
  0.271641E+01  0.395723E+00  0.114834E-01  0.000000E+00  0.000000E+00  0.000000E+00  0.000000E+00
  0.189567E+01  0.602466E-02  0.230705E+00  0.000000E+00  0.000000E+00  0.000000E+00  0.000000E+00
  0.280737E+01 -0.434181E+00  0.939618E-02  0.000000E+00  0.000000E+00  0.000000E+00  0.000000E+00
  0.241108E+01  0.128883E-01  0.315500E+00  0.000000E+00  0.000000E+00  0.000000E+00  0.000000E+00
  0.245572E+01  0.250632E+00 -0.187724E-01  0.000000E+00  0.000000E+00  0.000000E+00  0.000000E+00
  0.249290E+01  0.138800E-01 -0.323467E+00  0.000000E+00  0.000000E+00  0.000000E+00  0.000000E+00
  0.238297E+01  0.163995E-01  0.272538E+00  0.000000E+00  0.000000E+00  0.000000E+00  0.000000E+00
  0.224206E+01 -0.276926E+00  0.131288E-01  0.000000E+00  0.000000E+00  0.000000E+00  0.000000E+00
  0.195227E+01  0.750892E-02  0.240403E+00  0.000000E+00  0.000000E+00  0.000000E+00  0.000000E+00
  0.223459E+01  0.179860E-01 -0.224701E+00  0.000000E+00  0.000000E+00  0.000000E+00  0.000000E+00
  0.245058E+01  0.434264E-02  0.372451E+00  0.000000E+00  0.000000E+00  0.000000E+00  0.000000E+00
  0.250314E+01  0.344649E+00 -0.118598E-01  0.000000E+00  0.000000E+00  0.000000E+00  0.000000E+00
  0.250938E+01 -0.169327E-01 -0.289195E+00  0.000000E+00  0.000000E+00  0.000000E+00  0.000000E+00
  0.237226E+01  0.163840E-01 -0.270684E+00  0.000000E+00  0.000000E+00  0.000000E+00  0.000000E+00
  0.273538E+01  0.366680E+00 -0.145114E-01  0.000000E+00  0.000000E+00  0.000000E+00  0.000000E+00
  0.263748E+01  0.113467E-01  0.379167E+00  0.000000E+00  0.000000E+00  0.000000E+00  0.000000E+00
  0.180781E+01 -0.183385E+00  0.131246E-01  0.000000E+00  0.000000E+00  0.000000E+00  0.000000E+00
  0.278484E+01 -0.458919E+00  0.324216E-02  0.000000E+00  0.000000E+00  0.000000E+00  0.000000E+00
  0.247475E+01 -0.352149E+00 -0.100129E-01  0.000000E+00  0.000000E+00  0.000000E+00  0.000000E+00
  0.168388E+01  0.172670E+00  0.866786E-02  0.000000E+00  0.000000E+00  0.000000E+00  0.000000E+00
  0.172753E+01  0.947200E-02  0.180592E+00  0.000000E+00  0.000000E+00  0.000000E+00  0.000000E+00
  0.248626E+01  0.255340E+00  0.187949E-01  0.000000E+00  0.000000E+00  0.000000E+00  0.000000E+00
  0.222646E+01  0.246755E+00 -0.160230E-01  0.000000E+00  0.000000E+00  0.000000E+00  0.000000E+00
  0.242196E+01 -0.438181E-02 -0.365213E+00  0.000000E+00  0.000000E+00  0.000000E+00  0.000000E+00
  0.182173E+01 -0.104634E-01 -0.198888E+00  0.000000E+00  0.000000E+00  0.000000E+00  0.000000E+00
  0.225046E+01 -0.659510E-02 -0.315933E+00  0.000000E+00  0.000000E+00  0.000000E+00  0.000000E+00
  0.163725E+01 -0.965134E-03  0.172157E+00  0.000000E+00  0.000000E+00  0.000000E+00  0.000000E+00
  0.213117E+01  0.782039E-04  0.297332E+00  0.000000E+00  0.000000E+00  0.000000E+00  0.000000E+00
  0.265099E+01 -0.361315E+00  0.134734E-01  0.000000E+00  0.000000E+00  0.000000E+00  0.000000E+00
  0.215367E+01 -0.265683E+00 -0.120234E-01  0.000000E+00  0.000000E+00  0.000000E+00  0.000000E+00
  0.222763E+01  0.151776E-01  0.255675E+00  0.000000E+00  0.000000E+00  0.000000E+00  0.000000E+00
  0.162789E+01  0.167950E+00  0.379011E-02  0.000000E+00  0.000000E+00  0.000000E+00  0.000000E+00
  0.265921E+01 -0.317805E+00 -0.168883E-01  0.000000E+00  0.000000E+00  0.000000E+00  0.000000E+00
  0.225085E+01  0.770494E-02 -0.311685E+00  0.000000E+00  0.000000E+00  0.000000E+00  0.000000E+00
  0.276254E+01  0.445074E+00 -0.571579E-02  0.000000E+00  0.000000E+00  0.000000E+00  0.000000E+00
  0.230317E+01  0.113613E-01  0.303646E+00  0.000000E+00  0.000000E+00  0.000000E+00  0.000000E+00
  0.235552E+01 -0.116266E-01 -0.313506E+00  0.000000E+00  0.000000E+00  0.000000E+00  0.000000E+00
  0.244560E+01  0.637832E-02 -0.364467E+00  0.000000E+00  0.000000E+00  0.000000E+00  0.000000E+00
  0.185677E+01 -0.139069E-01 -0.189352E+00  0.000000E+00  0.000000E+00  0.000000E+00  0.000000E+00
  0.196376E+01 -0.551596E-02  0.248665E+00  0.000000E+00  0.000000E+00  0.000000E+00  0.000000E+00
  0.244113E+01  0.862925E-02  0.352711E+00  0.000000E+00  0.000000E+00  0.000000E+00  0.000000E+00
  0.177597E+01  0.795876E-02  0.196615E+00  0.000000E+00  0.000000E+00  0.000000E+00  0.000000E+00
  0.244383E+01  0.292979E+00 -0.157011E-01  0.000000E+00  0.000000E+00  0.000000E+00  0.000000E+00
  0.260698E+01  0.168751E-01  0.308258E+00  0.000000E+00  0.000000E+00  0.000000E+00  0.000000E+00
  0.175234E+01 -0.197588E+00 -0.485527E-02  0.000000E+00  0.000000E+00  0.000000E+00  0.000000E+00
  0.269171E+01  0.174592E-01 -0.314388E+00  0.000000E+00  0.000000E+00  0.000000E+00  0.000000E+00
  0.212985E+01  0.620050E-03 -0.296908E+00  0.000000E+00  0.000000E+00  0.000000E+00  0.000000E+00
  0.261402E+01  0.141450E-02  0.418908E+00  0.000000E+00  0.000000E+00  0.000000E+00  0.000000E+00
  0.240924E+01 -0.340387E+00 -0.946050E-02  0.000000E+00  0.000000E+00  0.000000E+00  0.000000E+00
  0.217525E+01 -0.297405E+00  0.664293E-02  0.000000E+00  0.000000E+00  0.000000E+00  0.000000E+00
  0.261642E+01  0.705581E-02  0.403105E+00  0.000000E+00  0.000000E+00  0.000000E+00  0.000000E+00
  0.179334E+01 -0.197609E+00  0.899751E-02  0.000000E+00  0.000000E+00  0.000000E+00  0.000000E+00
  0.266262E+01 -0.411340E+00 -0.761898E-02  0.000000E+00  0.000000E+00  0.000000E+00  0.000000E+00
  0.261830E+01 -0.300196E+00 -0.175132E-01  0.000000E+00  0.000000E+00  0.000000E+00  0.000000E+00
  0.235746E+01  0.314283E+00 -0.115806E-01  0.000000E+00  0.000000E+00  0.000000E+00  0.000000E+00
  0.162969E+01  0.169320E+00 -0.277209E-02  0.000000E+00  0.000000E+00  0.000000E+00  0.000000E+00
  0.266796E+01  0.265478E+00  0.197564E-01  0.000000E+00  0.000000E+00  0.000000E+00  0.000000E+00
  0.193145E+01  0.226598E+00  0.989968E-02  0.000000E+00  0.000000E+00  0.000000E+00  0.000000E+00
  0.230741E+01 -0.283053E+00  0.140274E-01  0.000000E+00  0.000000E+00  0.000000E+00  0.000000E+00
  0.281455E+01  0.455946E+00  0.613946E-02  0.000000E+00  0.000000E+00  0.000000E+00  0.000000E+00
  0.163809E+01  0.509128E-02  0.168881E+00  0.000000E+00  0.000000E+00  0.000000E+00  0.000000E+00
  0.242708E+01  0.364296E+00 -0.514118E-02  0.000000E+00  0.000000E+00  0.000000E+00  0.000000E+00
  0.206336E+01 -0.134305E-01 -0.236303E+00  0.000000E+00  0.000000E+00  0.000000E+00  0.000000E+00
  0.221108E+01 -0.689092E-02  0.305262E+00  0.000000E+00  0.000000E+00  0.000000E+00  0.000000E+00
  0.185487E+01  0.186553E+00 -0.142931E-01  0.000000E+00  0.000000E+00  0.000000E+00  0.000000E+00
  0.173790E+01  0.189808E+00 -0.702080E-02  0.000000E+00  0.000000E+00  0.000000E+00  0.000000E+00
  0.173890E+01 -0.197293E+00 -0.214026E-02  0.000000E+00  0.000000E+00  0.000000E+00  0.000000E+00
  0.193604E+01 -0.236099E+00  0.763121E-02  0.000000E+00  0.000000E+00  0.000000E+00  0.000000E+00
  0.247077E+01  0.302233E+00 -0.153767E-01  0.000000E+00  0.000000E+00  0.000000E+00  0.000000E+00
  0.258936E+01 -0.194257E-01  0.260182E+00  0.000000E+00  0.000000E+00  0.000000E+00  0.000000E+00
  0.166609E+01 -0.318638E-02  0.178120E+00  0.000000E+00  0.000000E+00  0.000000E+00  0.000000E+00
  0.231010E+01 -0.130564E-01  0.292195E+00  0.000000E+00  0.000000E+00  0.000000E+00  0.000000E+00
  0.242290E+01  0.290679E+00 -0.155476E-01  0.000000E+00  0.000000E+00  0.000000E+00  0.000000E+00
  0.274800E+01  0.189216E-02  0.452202E+00  0.000000E+00  0.000000E+00  0.000000E+00  0.000000E+00
  0.227797E+01 -0.321436E+00 -0.691882E-02  0.000000E+00  0.000000E+00  0.000000E+00  0.000000E+00
  0.238230E+01  0.183802E-01  0.244643E+00  0.000000E+00  0.000000E+00  0.000000E+00  0.000000E+00
  0.261443E+01 -0.370382E+00 -0.117567E-01  0.000000E+00  0.000000E+00  0.000000E+00  0.000000E+00
  0.207519E+01  0.162034E-01 -0.215633E+00  0.000000E+00  0.000000E+00  0.000000E+00  0.000000E+00
  0.177620E+01 -0.194641E+00  0.865261E-02  0.000000E+00  0.000000E+00  0.000000E+00  0.000000E+00
  0.216115E+01 -0.293826E+00  0.668373E-02  0.000000E+00  0.000000E+00  0.000000E+00  0.000000E+00
  0.229918E+01 -0.179121E-01 -0.237094E+00  0.000000E+00  0.000000E+00  0.000000E+00  0.000000E+00
  0.216423E+01  0.296618E+00 -0.604941E-02  0.000000E+00  0.000000E+00  0.000000E+00  0.000000E+00
  0.263265E+01  0.417546E+00 -0.444189E-02  0.000000E+00  0.000000E+00  0.000000E+00  0.000000E+00
  0.231646E+01 -0.182242E-01  0.235653E+00  0.000000E+00  0.000000E+00  0.000000E+00  0.000000E+00
  0.222463E+01  0.981909E-03  0.320748E+00  0.000000E+00  0.000000E+00  0.000000E+00  0.000000E+00
  0.172284E+01  0.686954E-02  0.186488E+00  0.000000E+00  0.000000E+00  0.000000E+00  0.000000E+00
  0.270688E+01  0.356124E+00 -0.148750E-01  0.000000E+00  0.000000E+00  0.000000E+00  0.000000E+00
  0.206905E+01  0.141149E-01  0.232429E+00  0.000000E+00  0.000000E+00  0.000000E+00  0.000000E+00
  0.243525E+01 -0.373163E+00  0.196384E-02  0.000000E+00  0.000000E+00  0.000000E+00  0.000000E+00
  0.230211E+01  0.362154E-02  0.337018E+00  0.000000E+00  0.000000E+00  0.000000E+00  0.000000E+00
  0.268977E+01 -0.286539E+00 -0.189325E-01  0.000000E+00  0.000000E+00  0.000000E+00  0.000000E+00
  0.214256E+01  0.248259E-02  0.298734E+00  0.000000E+00  0.000000E+00  0.000000E+00  0.000000E+00
  0.245170E+01  0.282729E+00  0.166206E-01  0.000000E+00  0.000000E+00  0.000000E+00  0.000000E+00
  0.272894E+01  0.655612E-02 -0.432973E+00  0.000000E+00  0.000000E+00  0.000000E+00  0.000000E+00
  0.278851E+01 -0.446210E+00  0.681165E-02  0.000000E+00  0.000000E+00  0.000000E+00  0.000000E+00
  0.275311E+01 -0.853571E-02 -0.427466E+00  0.000000E+00  0.000000E+00  0.000000E+00  0.000000E+00
  0.203946E+01  0.271599E+00  0.337982E-02  0.000000E+00  0.000000E+00  0.000000E+00  0.000000E+00
  0.265934E+01 -0.297082E+00  0.181144E-01  0.000000E+00  0.000000E+00  0.000000E+00  0.000000E+00
  0.279526E+01  0.182680E-01  0.317764E+00  0.000000E+00  0.000000E+00  0.000000E+00  0.000000E+00
  0.257267E+01  0.111818E-01 -0.365908E+00  0.000000E+00  0.000000E+00  0.000000E+00  0.000000E+00
  0.236103E+01 -0.198460E-02  0.354407E+00  0.000000E+00  0.000000E+00  0.000000E+00  0.000000E+00
  0.216578E+01 -0.169600E-01  0.224887E+00  0.000000E+00  0.000000E+00  0.000000E+00  0.000000E+00
  0.237887E+01  0.295459E+00  0.142870E-01  0.000000E+00  0.000000E+00  0.000000E+00  0.000000E+00
  0.248146E+01 -0.185211E-01 -0.259280E+00  0.000000E+00  0.000000E+00  0.000000E+00  0.000000E+00
  0.230819E+01 -0.153834E-01  0.269706E+00  0.000000E+00  0.000000E+00  0.000000E+00  0.000000E+00
  0.181192E+01  0.194412E+00  0.110026E-01  0.000000E+00  0.000000E+00  0.000000E+00  0.000000E+00
  0.284082E+01 -0.153926E-01 -0.355980E-01  0.000000E+00  0.000000E+00  0.000000E+00  0.000000E+00
  0.284082E+01 -0.154911E+00  0.196468E-01  0.000000E+00  0.000000E+00  0.000000E+00  0.000000E+00
  0.284082E+01  0.115578E+00  0.847545E-01  0.000000E+00  0.000000E+00  0.000000E+00  0.000000E+00
  0.284082E+01  0.307112E-01  0.254022E-01  0.000000E+00  0.000000E+00  0.000000E+00  0.000000E+00
  0.284082E+01  0.268536E-01 -0.884614E-01  0.000000E+00  0.000000E+00  0.000000E+00  0.000000E+00
  0.284082E+01  0.237609E+00  0.226889E-01  0.000000E+00  0.000000E+00  0.000000E+00  0.000000E+00
  0.284082E+01  0.143341E+00  0.173697E+00  0.000000E+00  0.000000E+00  0.000000E+00  0.000000E+00
  0.284082E+01 -0.163644E+00  0.702878E-01  0.000000E+00  0.000000E+00  0.000000E+00  0.000000E+00
  0.284082E+01 -0.799118E-01  0.375506E-01  0.000000E+00  0.000000E+00  0.000000E+00  0.000000E+00
  0.284082E+01  0.110517E+00 -0.798533E-01  0.000000E+00  0.000000E+00  0.000000E+00  0.000000E+00
  0.284082E+01 -0.341198E-01 -0.123845E+00  0.000000E+00  0.000000E+00  0.000000E+00  0.000000E+00
  0.284082E+01 -0.333578E-01  0.404562E-01  0.000000E+00  0.000000E+00  0.000000E+00  0.000000E+00
  0.284082E+01 -0.173269E-01  0.833370E-02  0.000000E+00  0.000000E+00  0.000000E+00  0.000000E+00
  0.284082E+01  0.108560E+00 -0.463612E-01  0.000000E+00  0.000000E+00  0.000000E+00  0.000000E+00
  0.284082E+01  0.116982E+00 -0.119086E+00  0.000000E+00  0.000000E+00  0.000000E+00  0.000000E+00
  0.284082E+01  0.230417E+00 -0.743037E-01  0.000000E+00  0.000000E+00  0.000000E+00  0.000000E+00
  0.284082E+01 -0.186198E-02 -0.437608E-03  0.000000E+00  0.000000E+00  0.000000E+00  0.000000E+00
  0.284082E+01 -0.724943E-01 -0.183711E+00  0.000000E+00  0.000000E+00  0.000000E+00  0.000000E+00
  0.284082E+01 -0.563704E-01  0.164026E-01  0.000000E+00  0.000000E+00  0.000000E+00  0.000000E+00
  0.284082E+01 -0.130549E+00 -0.734995E-01  0.000000E+00  0.000000E+00  0.000000E+00  0.000000E+00
  0.284082E+01 -0.172587E+00 -0.703825E-01  0.000000E+00  0.000000E+00  0.000000E+00  0.000000E+00
  0.284082E+01  0.153201E+00  0.726947E-01  0.000000E+00  0.000000E+00  0.000000E+00  0.000000E+00
  0.284082E+01  0.117371E+00 -0.864476E-01  0.000000E+00  0.000000E+00  0.000000E+00  0.000000E+00
  0.284082E+01  0.169152E-01 -0.102666E+00  0.000000E+00  0.000000E+00  0.000000E+00  0.000000E+00
  0.284082E+01 -0.121405E-03  0.445309E-04  0.000000E+00  0.000000E+00  0.000000E+00  0.000000E+00
  0.284082E+01  0.242853E-01 -0.133552E-01  0.000000E+00  0.000000E+00  0.000000E+00  0.000000E+00
  0.284082E+01 -0.298390E-01  0.178072E+00  0.000000E+00  0.000000E+00  0.000000E+00  0.000000E+00
  0.284082E+01 -0.133965E+00  0.148608E+00  0.000000E+00  0.000000E+00  0.000000E+00  0.000000E+00
  0.284082E+01 -0.175462E+00  0.240616E-01  0.000000E+00  0.000000E+00  0.000000E+00  0.000000E+00
  0.284082E+01 -0.173017E+00 -0.949115E-01  0.000000E+00  0.000000E+00  0.000000E+00  0.000000E+00
  0.284082E+01  0.125209E+00  0.225758E-01  0.000000E+00  0.000000E+00  0.000000E+00  0.000000E+00
  0.284082E+01  0.491669E-02  0.128324E-01  0.000000E+00  0.000000E+00  0.000000E+00  0.000000E+00
  0.284082E+01  0.147402E+00  0.111590E+00  0.000000E+00  0.000000E+00  0.000000E+00  0.000000E+00
  0.284082E+01  0.168788E+00  0.125464E+00  0.000000E+00  0.000000E+00  0.000000E+00  0.000000E+00
  0.284082E+01 -0.662617E-01 -0.133911E-01  0.000000E+00  0.000000E+00  0.000000E+00  0.000000E+00
  0.284082E+01 -0.257257E-01  0.261435E-01  0.000000E+00  0.000000E+00  0.000000E+00  0.000000E+00
  0.284082E+01  0.221303E-01 -0.155315E+00  0.000000E+00  0.000000E+00  0.000000E+00  0.000000E+00
  0.284082E+01 -0.535553E-01 -0.460538E-01  0.000000E+00  0.000000E+00  0.000000E+00  0.000000E+00
  0.284082E+01  0.166218E+00 -0.172940E+00  0.000000E+00  0.000000E+00  0.000000E+00  0.000000E+00
  0.284082E+01  0.182216E+00  0.957543E-01  0.000000E+00  0.000000E+00  0.000000E+00  0.000000E+00
  0.284082E+01 -0.119201E+00  0.559704E-01  0.000000E+00  0.000000E+00  0.000000E+00  0.000000E+00
  0.284082E+01 -0.102700E+00  0.694986E-01  0.000000E+00  0.000000E+00  0.000000E+00  0.000000E+00
  0.284082E+01  0.101440E+00 -0.194433E+00  0.000000E+00  0.000000E+00  0.000000E+00  0.000000E+00
  0.284082E+01 -0.452666E-01  0.237429E-01  0.000000E+00  0.000000E+00  0.000000E+00  0.000000E+00
  0.284082E+01 -0.219294E-01 -0.774795E-01  0.000000E+00  0.000000E+00  0.000000E+00  0.000000E+00
  0.284082E+01 -0.947220E-01  0.235681E-01  0.000000E+00  0.000000E+00  0.000000E+00  0.000000E+00
  0.284082E+01  0.920804E-02 -0.331559E-01  0.000000E+00  0.000000E+00  0.000000E+00  0.000000E+00
  0.284082E+01 -0.129534E+00 -0.210330E+00  0.000000E+00  0.000000E+00  0.000000E+00  0.000000E+00
  0.284082E+01 -0.316684E-01  0.788059E-02  0.000000E+00  0.000000E+00  0.000000E+00  0.000000E+00
  0.284082E+01 -0.171022E-01 -0.519016E-01  0.000000E+00  0.000000E+00  0.000000E+00  0.000000E+00
  0.284082E+01 -0.616320E-02 -0.165526E+00  0.000000E+00  0.000000E+00  0.000000E+00  0.000000E+00
  0.284082E+01  0.773415E-01  0.154325E+00  0.000000E+00  0.000000E+00  0.000000E+00  0.000000E+00
  0.284082E+01 -0.763237E-01  0.129799E+00  0.000000E+00  0.000000E+00  0.000000E+00  0.000000E+00
  0.284082E+01 -0.834344E-01 -0.183659E-01  0.000000E+00  0.000000E+00  0.000000E+00  0.000000E+00
  0.284082E+01 -0.113073E-01  0.200447E+00  0.000000E+00  0.000000E+00  0.000000E+00  0.000000E+00
  0.284082E+01 -0.387712E-03 -0.330182E-02  0.000000E+00  0.000000E+00  0.000000E+00  0.000000E+00
  0.284082E+01 -0.388013E-01  0.378781E-01  0.000000E+00  0.000000E+00  0.000000E+00  0.000000E+00
  0.284082E+01  0.131718E+00  0.180849E+00  0.000000E+00  0.000000E+00  0.000000E+00  0.000000E+00
  0.284082E+01  0.731781E-01 -0.117950E+00  0.000000E+00  0.000000E+00  0.000000E+00  0.000000E+00
  0.284082E+01 -0.388372E-01 -0.179252E+00  0.000000E+00  0.000000E+00  0.000000E+00  0.000000E+00
  0.284082E+01  0.396662E-01  0.907787E-01  0.000000E+00  0.000000E+00  0.000000E+00  0.000000E+00
  0.284082E+01 -0.105585E+00  0.155549E+00  0.000000E+00  0.000000E+00  0.000000E+00  0.000000E+00
  0.284082E+01  0.130992E+00  0.169676E-01  0.000000E+00  0.000000E+00  0.000000E+00  0.000000E+00
  0.284082E+01 -0.200032E-01 -0.878470E-01  0.000000E+00  0.000000E+00  0.000000E+00  0.000000E+00
  0.284082E+01  0.197580E+00  0.132044E+00  0.000000E+00  0.000000E+00  0.000000E+00  0.000000E+00
  0.284082E+01  0.116194E+00 -0.153516E+00  0.000000E+00  0.000000E+00  0.000000E+00  0.000000E+00
  0.284082E+01  0.601646E-01 -0.883160E-01  0.000000E+00  0.000000E+00  0.000000E+00  0.000000E+00
  0.284082E+01  0.238152E+00  0.326969E-02  0.000000E+00  0.000000E+00  0.000000E+00  0.000000E+00
  0.284082E+01  0.203548E+00 -0.116371E+00  0.000000E+00  0.000000E+00  0.000000E+00  0.000000E+00
  0.284082E+01 -0.360476E-01 -0.638229E-01  0.000000E+00  0.000000E+00  0.000000E+00  0.000000E+00
  0.284082E+01 -0.848023E-01 -0.574396E-01  0.000000E+00  0.000000E+00  0.000000E+00  0.000000E+00
  0.284082E+01  0.573252E-01  0.671518E-02  0.000000E+00  0.000000E+00  0.000000E+00  0.000000E+00
  0.284082E+01  0.831120E-01 -0.198433E+00  0.000000E+00  0.000000E+00  0.000000E+00  0.000000E+00
  0.284082E+01  0.183579E+00  0.775549E-01  0.000000E+00  0.000000E+00  0.000000E+00  0.000000E+00
  0.284082E+01  0.998138E-01 -0.932486E-01  0.000000E+00  0.000000E+00  0.000000E+00  0.000000E+00
  0.284082E+01  0.486733E-01  0.709062E-01  0.000000E+00  0.000000E+00  0.000000E+00  0.000000E+00
  0.284082E+01  0.106630E-02 -0.664369E-02  0.000000E+00  0.000000E+00  0.000000E+00  0.000000E+00
  0.284082E+01 -0.183780E+00  0.110968E-01  0.000000E+00  0.000000E+00  0.000000E+00  0.000000E+00
  0.284082E+01 -0.630265E-01  0.198179E+00  0.000000E+00  0.000000E+00  0.000000E+00  0.000000E+00
  0.284082E+01  0.100888E+00 -0.174497E+00  0.000000E+00  0.000000E+00  0.000000E+00  0.000000E+00
  0.284082E+01  0.214868E-01 -0.880339E-01  0.000000E+00  0.000000E+00  0.000000E+00  0.000000E+00
  0.284082E+01 -0.116942E+00 -0.189134E+00  0.000000E+00  0.000000E+00  0.000000E+00  0.000000E+00
  0.284082E+01 -0.455613E-01  0.163382E+00  0.000000E+00  0.000000E+00  0.000000E+00  0.000000E+00
  0.284082E+01  0.210899E+00  0.110061E+00  0.000000E+00  0.000000E+00  0.000000E+00  0.000000E+00
  0.284082E+01 -0.133481E+00 -0.180591E+00  0.000000E+00  0.000000E+00  0.000000E+00  0.000000E+00
  0.284082E+01 -0.130211E-02 -0.667164E-02  0.000000E+00  0.000000E+00  0.000000E+00  0.000000E+00
  0.284082E+01  0.709903E-01 -0.215094E+00  0.000000E+00  0.000000E+00  0.000000E+00  0.000000E+00
  0.284082E+01 -0.571671E-01  0.869085E-01  0.000000E+00  0.000000E+00  0.000000E+00  0.000000E+00
  0.284082E+01 -0.135151E+00  0.115483E+00  0.000000E+00  0.000000E+00  0.000000E+00  0.000000E+00
  0.284082E+01 -0.593047E-02  0.131344E+00  0.000000E+00  0.000000E+00  0.000000E+00  0.000000E+00
  0.284082E+01  0.843791E-01  0.491372E-01  0.000000E+00  0.000000E+00  0.000000E+00  0.000000E+00
  0.284082E+01 -0.172600E-01 -0.162939E-01  0.000000E+00  0.000000E+00  0.000000E+00  0.000000E+00
  0.284082E+01  0.112272E+00  0.135165E+00  0.000000E+00  0.000000E+00  0.000000E+00  0.000000E+00
  0.284082E+01 -0.872953E-02 -0.992225E-01  0.000000E+00  0.000000E+00  0.000000E+00  0.000000E+00
  0.284082E+01 -0.744023E-02  0.329851E-03  0.000000E+00  0.000000E+00  0.000000E+00  0.000000E+00
  0.284082E+01  0.183430E+00  0.153328E+00  0.000000E+00  0.000000E+00  0.000000E+00  0.000000E+00
  0.284082E+01 -0.241728E+00 -0.414609E-02  0.000000E+00  0.000000E+00  0.000000E+00  0.000000E+00
  0.284082E+01 -0.871819E-01  0.153416E+00  0.000000E+00  0.000000E+00  0.000000E+00  0.000000E+00
  0.284082E+01 -0.894255E-01  0.812890E-01  0.000000E+00  0.000000E+00  0.000000E+00  0.000000E+00
  0.284082E+01  0.298469E-01  0.187202E+00  0.000000E+00  0.000000E+00  0.000000E+00  0.000000E+00
