  0.278394E+01 -0.342210E+00  0.168220E-01  0.000000E+00  0.000000E+00  0.000000E+00  0.000000E+00
  0.238569E+01  0.781612E-02 -0.343636E+00  0.000000E+00  0.000000E+00  0.000000E+00  0.000000E+00
  0.168929E+01 -0.696013E-03 -0.185387E+00  0.000000E+00  0.000000E+00  0.000000E+00  0.000000E+00
  0.181616E+01  0.121781E-01  0.190021E+00  0.000000E+00  0.000000E+00  0.000000E+00  0.000000E+00
  0.249931E+01 -0.384849E+00  0.425216E-02  0.000000E+00  0.000000E+00  0.000000E+00  0.000000E+00
  0.202263E+01 -0.115513E-01 -0.239321E+00  0.000000E+00  0.000000E+00  0.000000E+00  0.000000E+00
  0.279877E+01 -0.104751E-01  0.423443E+00  0.000000E+00  0.000000E+00  0.000000E+00  0.000000E+00
  0.194755E+01  0.154196E-01  0.197448E+00  0.000000E+00  0.000000E+00  0.000000E+00  0.000000E+00
  0.218393E+01  0.343939E-02  0.307736E+00  0.000000E+00  0.000000E+00  0.000000E+00  0.000000E+00
  0.222463E+01  0.264737E+00  0.141380E-01  0.000000E+00  0.000000E+00  0.000000E+00  0.000000E+00
  0.180347E+01  0.198457E+00  0.945129E-02  0.000000E+00  0.000000E+00  0.000000E+00  0.000000E+00
  0.200503E+01 -0.219209E+00 -0.140931E-01  0.000000E+00  0.000000E+00  0.000000E+00  0.000000E+00
  0.213345E+01 -0.562341E-02  0.290277E+00  0.000000E+00  0.000000E+00  0.000000E+00  0.000000E+00
  0.260403E+01 -0.831008E-04 -0.417049E+00  0.000000E+00  0.000000E+00  0.000000E+00  0.000000E+00
  0.251756E+01  0.178566E-01 -0.276562E+00  0.000000E+00  0.000000E+00  0.000000E+00  0.000000E+00
  0.232620E+01 -0.257990E+00  0.167015E-01  0.000000E+00  0.000000E+00  0.000000E+00  0.000000E+00
  0.281423E+01  0.345127E+00  0.169816E-01  0.000000E+00  0.000000E+00  0.000000E+00  0.000000E+00
  0.258708E+01 -0.186437E-01 -0.274993E+00  0.000000E+00  0.000000E+00  0.000000E+00  0.000000E+00
  0.246018E+01 -0.360667E+00 -0.799019E-02  0.000000E+00  0.000000E+00  0.000000E+00  0.000000E+00
  0.256765E+01 -0.496132E-02 -0.399730E+00  0.000000E+00  0.000000E+00  0.000000E+00  0.000000E+00
  0.178837E+01  0.194925E+00  0.944934E-02  0.000000E+00  0.000000E+00  0.000000E+00  0.000000E+00
  0.238499E+01  0.916871E-02  0.336399E+00  0.000000E+00  0.000000E+00  0.000000E+00  0.000000E+00
  0.164556E+01  0.171116E+00 -0.482022E-02  0.000000E+00  0.000000E+00  0.000000E+00  0.000000E+00
  0.251856E+01 -0.307039E+00  0.157528E-01  0.000000E+00  0.000000E+00  0.000000E+00  0.000000E+00
  0.172970E+01  0.189548E+00 -0.621404E-02  0.000000E+00  0.000000E+00  0.000000E+00  0.000000E+00
  0.260812E+01 -0.329780E+00 -0.153667E-01  0.000000E+00  0.000000E+00  0.000000E+00  0.000000E+00
  0.247868E+01 -0.317537E+00 -0.141613E-01  0.000000E+00  0.000000E+00  0.000000E+00  0.000000E+00
  0.280594E+01  0.124947E-01 -0.405504E+00  0.000000E+00  0.000000E+00  0.000000E+00  0.000000E+00
  0.203361E+01  0.156359E-01 -0.212728E+00  0.000000E+00  0.000000E+00  0.000000E+00  0.000000E+00
  0.224705E+01 -0.105320E-01 -0.296269E+00  0.000000E+00  0.000000E+00  0.000000E+00  0.000000E+00
  0.190831E+01 -0.236614E+00 -0.470108E-02  0.000000E+00  0.000000E+00  0.000000E+00  0.000000E+00
  0.228815E+01 -0.178420E-01  0.236113E+00  0.000000E+00  0.000000E+00  0.000000E+00  0.000000E+00
  0.205156E+01 -0.218809E+00 -0.153466E-01  0.000000E+00  0.000000E+00  0.000000E+00  0.000000E+00
  0.219939E+01  0.258409E+00 -0.142597E-01  0.000000E+00  0.000000E+00  0.000000E+00  0.000000E+00
  0.199278E+01  0.194995E-02 -0.261498E+00  0.000000E+00  0.000000E+00  0.000000E+00  0.000000E+00
  0.262356E+01  0.352862E+00 -0.137115E-01  0.000000E+00  0.000000E+00  0.000000E+00  0.000000E+00
  0.236327E+01 -0.161681E-02  0.355351E+00  0.000000E+00  0.000000E+00  0.000000E+00  0.000000E+00
  0.202766E+01  0.269908E+00 -0.236834E-02  0.000000E+00  0.000000E+00  0.000000E+00  0.000000E+00
  0.279167E+01 -0.166428E-01  0.346657E+00  0.000000E+00  0.000000E+00  0.000000E+00  0.000000E+00
  0.218544E+01 -0.308610E+00 -0.314009E-02  0.000000E+00  0.000000E+00  0.000000E+00  0.000000E+00
  0.177578E+01 -0.179797E+00 -0.124538E-01  0.000000E+00  0.000000E+00  0.000000E+00  0.000000E+00
  0.236421E+01 -0.354021E+00  0.284347E-02  0.000000E+00  0.000000E+00  0.000000E+00  0.000000E+00
  0.214827E+01 -0.114201E-01 -0.268350E+00  0.000000E+00  0.000000E+00  0.000000E+00  0.000000E+00
  0.188982E+01 -0.228048E+00  0.652225E-02  0.000000E+00  0.000000E+00  0.000000E+00  0.000000E+00
  0.222151E+01 -0.299420E+00 -0.886032E-02  0.000000E+00  0.000000E+00  0.000000E+00  0.000000E+00
  0.235977E+01 -0.639754E-02  0.343382E+00  0.000000E+00  0.000000E+00  0.000000E+00  0.000000E+00
  0.180222E+01  0.160420E-02 -0.213610E+00  0.000000E+00  0.000000E+00  0.000000E+00  0.000000E+00
  0.255801E+01  0.102199E-01 -0.369979E+00  0.000000E+00  0.000000E+00  0.000000E+00  0.000000E+00
  0.210314E+01 -0.152930E-01 -0.229600E+00  0.000000E+00  0.000000E+00  0.000000E+00  0.000000E+00
  0.211270E+01 -0.573854E-02 -0.284843E+00  0.000000E+00  0.000000E+00  0.000000E+00  0.000000E+00
  0.258456E+01 -0.377694E+00  0.100029E-01  0.000000E+00  0.000000E+00  0.000000E+00  0.000000E+00
  0.210102E+01  0.289160E+00 -0.152408E-02  0.000000E+00  0.000000E+00  0.000000E+00  0.000000E+00
  0.232563E+01 -0.142453E-01 -0.284800E+00  0.000000E+00  0.000000E+00  0.000000E+00  0.000000E+00
  0.193650E+01 -0.224061E+00  0.107256E-01  0.000000E+00  0.000000E+00  0.000000E+00  0.000000E+00
  0.191188E+01  0.114715E-01  0.214854E+00  0.000000E+00  0.000000E+00  0.000000E+00  0.000000E+00
  0.206549E+01  0.275601E+00  0.474615E-02  0.000000E+00  0.000000E+00  0.000000E+00  0.000000E+00
  0.183425E+01 -0.715572E-02  0.212865E+00  0.000000E+00  0.000000E+00  0.000000E+00  0.000000E+00
  0.262601E+01 -0.123408E-01 -0.367536E+00  0.000000E+00  0.000000E+00  0.000000E+00  0.000000E+00
  0.194758E+01  0.250704E+00  0.861719E-03  0.000000E+00  0.000000E+00  0.000000E+00  0.000000E+00
  0.202006E+01  0.132123E-01 -0.228536E+00  0.000000E+00  0.000000E+00  0.000000E+00  0.000000E+00
  0.223786E+01 -0.275155E+00 -0.132363E-01  0.000000E+00  0.000000E+00  0.000000E+00  0.000000E+00
  0.233312E+01  0.348462E+00  0.829404E-04  0.000000E+00  0.000000E+00  0.000000E+00  0.000000E+00
  0.260471E+01 -0.190598E-01 -0.269993E+00  0.000000E+00  0.000000E+00  0.000000E+00  0.000000E+00
  0.162353E+01  0.262350E-02  0.167878E+00  0.000000E+00  0.000000E+00  0.000000E+00  0.000000E+00
  0.244972E+01  0.325335E+00 -0.127274E-01  0.000000E+00  0.000000E+00  0.000000E+00  0.000000E+00
  0.222320E+01 -0.319128E+00  0.241962E-02  0.000000E+00  0.000000E+00  0.000000E+00  0.000000E+00
  0.203321E+01  0.111032E-01 -0.244179E+00  0.000000E+00  0.000000E+00  0.000000E+00  0.000000E+00
  0.271345E+01 -0.377910E+00 -0.131814E-01  0.000000E+00  0.000000E+00  0.000000E+00  0.000000E+00
  0.261640E+01 -0.115385E-01  0.372753E+00  0.000000E+00  0.000000E+00  0.000000E+00  0.000000E+00
  0.221873E+01 -0.117275E-01  0.282166E+00  0.000000E+00  0.000000E+00  0.000000E+00  0.000000E+00
  0.250721E+01  0.303233E+00  0.158757E-01  0.000000E+00  0.000000E+00  0.000000E+00  0.000000E+00
  0.241568E+01 -0.103672E-01 -0.336108E+00  0.000000E+00  0.000000E+00  0.000000E+00  0.000000E+00
  0.216209E+01  0.303346E+00 -0.272267E-02  0.000000E+00  0.000000E+00  0.000000E+00  0.000000E+00
  0.265993E+01 -0.193877E-01 -0.272236E+00  0.000000E+00  0.000000E+00  0.000000E+00  0.000000E+00
  0.202577E+01  0.118329E-01  0.238412E+00  0.000000E+00  0.000000E+00  0.000000E+00  0.000000E+00
  0.179237E+01  0.567202E-02  0.206039E+00  0.000000E+00  0.000000E+00  0.000000E+00  0.000000E+00
  0.280671E+01 -0.196891E-01 -0.288621E+00  0.000000E+00  0.000000E+00  0.000000E+00  0.000000E+00
  0.257643E+01 -0.170221E-01 -0.300327E+00  0.000000E+00  0.000000E+00  0.000000E+00  0.000000E+00
  0.267558E+01 -0.298291E+00  0.182026E-01  0.000000E+00  0.000000E+00  0.000000E+00  0.000000E+00
  0.183152E+01  0.282915E-02  0.220046E+00  0.000000E+00  0.000000E+00  0.000000E+00  0.000000E+00
  0.253287E+01  0.321960E+00  0.147690E-01  0.000000E+00  0.000000E+00  0.000000E+00  0.000000E+00
  0.283634E+01  0.186917E-01  0.316010E+00  0.000000E+00  0.000000E+00  0.000000E+00  0.000000E+00
  0.219247E+01 -0.104439E-01  0.284247E+00  0.000000E+00  0.000000E+00  0.000000E+00  0.000000E+00
  0.242436E+01 -0.345728E+00 -0.915899E-02  0.000000E+00  0.000000E+00  0.000000E+00  0.000000E+00
  0.177735E+01  0.185364E+00  0.112895E-01  0.000000E+00  0.000000E+00  0.000000E+00  0.000000E+00
  0.210072E+01 -0.156700E-01 -0.225670E+00  0.000000E+00  0.000000E+00  0.000000E+00  0.000000E+00
  0.232827E+01 -0.243391E+00  0.178305E-01  0.000000E+00  0.000000E+00  0.000000E+00  0.000000E+00
  0.186937E+01 -0.192802E+00  0.137770E-01  0.000000E+00  0.000000E+00  0.000000E+00  0.000000E+00
  0.242645E+01 -0.300292E-02  0.369398E+00  0.000000E+00  0.000000E+00  0.000000E+00  0.000000E+00
  0.190296E+01 -0.236478E+00 -0.399535E-02  0.000000E+00  0.000000E+00  0.000000E+00  0.000000E+00
  0.216134E+01  0.256692E+00 -0.134989E-01  0.000000E+00  0.000000E+00  0.000000E+00  0.000000E+00
  0.283569E+01 -0.182614E-01  0.324885E+00  0.000000E+00  0.000000E+00  0.000000E+00  0.000000E+00
  0.222050E+01  0.306831E+00 -0.708565E-02  0.000000E+00  0.000000E+00  0.000000E+00  0.000000E+00
  0.170286E+01 -0.188834E+00 -0.639915E-03  0.000000E+00  0.000000E+00  0.000000E+00  0.000000E+00
  0.261157E+01  0.715396E-02  0.401440E+00  0.000000E+00  0.000000E+00  0.000000E+00  0.000000E+00
  0.192429E+01 -0.216380E+00 -0.117180E-01  0.000000E+00  0.000000E+00  0.000000E+00  0.000000E+00
  0.223135E+01 -0.221901E+00 -0.181512E-01  0.000000E+00  0.000000E+00  0.000000E+00  0.000000E+00
  0.196044E+01  0.253855E+00 -0.111658E-02  0.000000E+00  0.000000E+00  0.000000E+00  0.000000E+00
  0.178426E+01  0.118940E-01 -0.184273E+00  0.000000E+00  0.000000E+00  0.000000E+00  0.000000E+00
  0.236661E+01 -0.145364E-01 -0.290400E+00  0.000000E+00  0.000000E+00  0.000000E+00  0.000000E+00
  0.240593E+01 -0.362020E+00 -0.406262E-02  0.000000E+00  0.000000E+00  0.000000E+00  0.000000E+00
  0.256881E+01  0.261978E+00 -0.191699E-01  0.000000E+00  0.000000E+00  0.000000E+00  0.000000E+00
  0.236748E+01  0.354257E+00 -0.318195E-02  0.000000E+00  0.000000E+00  0.000000E+00  0.000000E+00
  0.257547E+01  0.181633E-01 -0.281600E+00  0.000000E+00  0.000000E+00  0.000000E+00  0.000000E+00
  0.179088E+01 -0.119279E-02 -0.210940E+00  0.000000E+00  0.000000E+00  0.000000E+00  0.000000E+00
  0.176969E+01 -0.205397E+00  0.159167E-02  0.000000E+00  0.000000E+00  0.000000E+00  0.000000E+00
  0.183811E+01  0.268664E-02  0.221846E+00  0.000000E+00  0.000000E+00  0.000000E+00  0.000000E+00
  0.203671E+01 -0.234255E+00 -0.128925E-01  0.000000E+00  0.000000E+00  0.000000E+00  0.000000E+00
  0.251037E+01 -0.340916E+00 -0.124696E-01  0.000000E+00  0.000000E+00  0.000000E+00  0.000000E+00
  0.218293E+01  0.137968E-02  0.309966E+00  0.000000E+00  0.000000E+00  0.000000E+00  0.000000E+00
  0.214514E+01 -0.215321E+00 -0.174613E-01  0.000000E+00  0.000000E+00  0.000000E+00  0.000000E+00
  0.233378E+01  0.340894E+00  0.523684E-02  0.000000E+00  0.000000E+00  0.000000E+00  0.000000E+00
  0.177110E+01  0.184977E+00  0.110408E-01  0.000000E+00  0.000000E+00  0.000000E+00  0.000000E+00
  0.210877E+01  0.271216E+00  0.919557E-02  0.000000E+00  0.000000E+00  0.000000E+00  0.000000E+00
  0.221577E+01 -0.272737E+00 -0.129394E-01  0.000000E+00  0.000000E+00  0.000000E+00  0.000000E+00
  0.225500E+01 -0.242176E+00  0.169027E-01  0.000000E+00  0.000000E+00  0.000000E+00  0.000000E+00
  0.245703E+01  0.297927E+00 -0.155075E-01  0.000000E+00  0.000000E+00  0.000000E+00  0.000000E+00
  0.261195E+01  0.417496E+00  0.215434E-02  0.000000E+00  0.000000E+00  0.000000E+00  0.000000E+00
  0.211526E+01 -0.383265E-02  0.289837E+00  0.000000E+00  0.000000E+00  0.000000E+00  0.000000E+00
  0.268306E+01  0.172155E-01  0.316923E+00  0.000000E+00  0.000000E+00  0.000000E+00  0.000000E+00
  0.239480E+01  0.246157E+00 -0.184200E-01  0.000000E+00  0.000000E+00  0.000000E+00  0.000000E+00
  0.169951E+01 -0.692578E-02  0.180687E+00  0.000000E+00  0.000000E+00  0.000000E+00  0.000000E+00
  0.275712E+01  0.400460E+00 -0.119405E-01  0.000000E+00  0.000000E+00  0.000000E+00  0.000000E+00
  0.224644E+01 -0.114687E-01  0.290133E+00  0.000000E+00  0.000000E+00  0.000000E+00  0.000000E+00
  0.201082E+01  0.212112E-02  0.265902E+00  0.000000E+00  0.000000E+00  0.000000E+00  0.000000E+00
  0.161602E+01 -0.198742E-02 -0.166381E+00  0.000000E+00  0.000000E+00  0.000000E+00  0.000000E+00
  0.253690E+01 -0.571142E-02  0.389476E+00  0.000000E+00  0.000000E+00  0.000000E+00  0.000000E+00
  0.175406E+01 -0.187376E+00 -0.929842E-02  0.000000E+00  0.000000E+00  0.000000E+00  0.000000E+00
  0.176778E+01 -0.487718E-04  0.205332E+00  0.000000E+00  0.000000E+00  0.000000E+00  0.000000E+00
  0.270903E+01 -0.718050E-02  0.424941E+00  0.000000E+00  0.000000E+00  0.000000E+00  0.000000E+00
  0.221384E+01 -0.146594E-01  0.257806E+00  0.000000E+00  0.000000E+00  0.000000E+00  0.000000E+00
  0.171813E+01 -0.183430E+00 -0.768456E-02  0.000000E+00  0.000000E+00  0.000000E+00  0.000000E+00
  0.229498E+01  0.166478E-01  0.252759E+00  0.000000E+00  0.000000E+00  0.000000E+00  0.000000E+00
  0.246525E+01 -0.285666E+00 -0.165930E-01  0.000000E+00  0.000000E+00  0.000000E+00  0.000000E+00
  0.272611E+01  0.323682E-02 -0.444188E+00  0.000000E+00  0.000000E+00  0.000000E+00  0.000000E+00
  0.163007E+01  0.150830E-03  0.170464E+00  0.000000E+00  0.000000E+00  0.000000E+00  0.000000E+00
  0.188855E+01  0.221450E+00 -0.861719E-02  0.000000E+00  0.000000E+00  0.000000E+00  0.000000E+00
  0.243117E+01  0.287485E+00 -0.159468E-01  0.000000E+00  0.000000E+00  0.000000E+00  0.000000E+00
  0.239991E+01  0.181092E-01 -0.251892E+00  0.000000E+00  0.000000E+00  0.000000E+00  0.000000E+00
  0.225733E+01 -0.182572E-01 -0.224941E+00  0.000000E+00  0.000000E+00  0.000000E+00  0.000000E+00
  0.183440E+01  0.881694E-02 -0.207922E+00  0.000000E+00  0.000000E+00  0.000000E+00  0.000000E+00
  0.214076E+01 -0.126631E-01  0.258462E+00  0.000000E+00  0.000000E+00  0.000000E+00  0.000000E+00
  0.190872E+01  0.239355E+00 -0.292882E-02  0.000000E+00  0.000000E+00  0.000000E+00  0.000000E+00
  0.253925E+01 -0.346517E+00 -0.125492E-01  0.000000E+00  0.000000E+00  0.000000E+00  0.000000E+00
  0.248499E+01  0.451110E-02  0.380561E+00  0.000000E+00  0.000000E+00  0.000000E+00  0.000000E+00
  0.269914E+01 -0.192685E-01 -0.281067E+00  0.000000E+00  0.000000E+00  0.000000E+00  0.000000E+00
  0.187556E+01  0.535744E-02 -0.227215E+00  0.000000E+00  0.000000E+00  0.000000E+00  0.000000E+00
  0.252510E+01  0.328150E-02 -0.393631E+00  0.000000E+00  0.000000E+00  0.000000E+00  0.000000E+00
  0.237506E+01 -0.247298E+00  0.181263E-01  0.000000E+00  0.000000E+00  0.000000E+00  0.000000E+00
  0.228493E+01 -0.278074E+00  0.140566E-01  0.000000E+00  0.000000E+00  0.000000E+00  0.000000E+00
  0.181885E+01  0.666406E-02  0.210365E+00  0.000000E+00  0.000000E+00  0.000000E+00  0.000000E+00
  0.203743E+01 -0.269734E+00 -0.418849E-02  0.000000E+00  0.000000E+00  0.000000E+00  0.000000E+00
  0.273680E+01  0.448896E+00  0.221246E-02  0.000000E+00  0.000000E+00  0.000000E+00  0.000000E+00
  0.256929E+01 -0.179523E-01 -0.284124E+00  0.000000E+00  0.000000E+00  0.000000E+00  0.000000E+00
  0.254278E+01 -0.123316E-01  0.349294E+00  0.000000E+00  0.000000E+00  0.000000E+00  0.000000E+00
  0.199053E+01  0.244013E+00 -0.904110E-02  0.000000E+00  0.000000E+00  0.000000E+00  0.000000E+00
  0.244585E+01  0.290748E+00  0.159146E-01  0.000000E+00  0.000000E+00  0.000000E+00  0.000000E+00
  0.192400E+01 -0.627029E-02  0.237055E+00  0.000000E+00  0.000000E+00  0.000000E+00  0.000000E+00
  0.223175E+01  0.140877E-02  0.322285E+00  0.000000E+00  0.000000E+00  0.000000E+00  0.000000E+00
  0.207133E+01  0.299386E-02  0.280153E+00  0.000000E+00  0.000000E+00  0.000000E+00  0.000000E+00
  0.202397E+01 -0.256153E+00  0.795420E-02  0.000000E+00  0.000000E+00  0.000000E+00  0.000000E+00
  0.245644E+01 -0.251114E+00  0.187514E-01  0.000000E+00  0.000000E+00  0.000000E+00  0.000000E+00
  0.268337E+01 -0.396684E+00  0.105036E-01  0.000000E+00  0.000000E+00  0.000000E+00  0.000000E+00
  0.263683E+01  0.314899E+00 -0.168063E-01  0.000000E+00  0.000000E+00  0.000000E+00  0.000000E+00
  0.182609E+01  0.200669E+00  0.102691E-01  0.000000E+00  0.000000E+00  0.000000E+00  0.000000E+00
  0.267519E+01 -0.159254E-01 -0.335372E+00  0.000000E+00  0.000000E+00  0.000000E+00  0.000000E+00
  0.173426E+01  0.191770E+00  0.564026E-02  0.000000E+00  0.000000E+00  0.000000E+00  0.000000E+00
  0.222323E+01 -0.148723E-01  0.257733E+00  0.000000E+00  0.000000E+00  0.000000E+00  0.000000E+00
  0.183534E+01  0.601681E-02 -0.215897E+00  0.000000E+00  0.000000E+00  0.000000E+00  0.000000E+00
  0.184699E+01  0.190569E+00  0.133486E-01  0.000000E+00  0.000000E+00  0.000000E+00  0.000000E+00
  0.267104E+01 -0.167066E-01 -0.322876E+00  0.000000E+00  0.000000E+00  0.000000E+00  0.000000E+00
  0.273842E+01  0.544690E-02 -0.440239E+00  0.000000E+00  0.000000E+00  0.000000E+00  0.000000E+00
  0.182025E+01 -0.215983E+00 -0.386719E-02  0.000000E+00  0.000000E+00  0.000000E+00  0.000000E+00
  0.264123E+01  0.174697E-01  0.305066E+00  0.000000E+00  0.000000E+00  0.000000E+00  0.000000E+00
  0.170165E+01 -0.320608E-02  0.187032E+00  0.000000E+00  0.000000E+00  0.000000E+00  0.000000E+00
  0.196298E+01  0.235708E+00  0.948426E-02  0.000000E+00  0.000000E+00  0.000000E+00  0.000000E+00
  0.279648E+01 -0.362639E+00 -0.156889E-01  0.000000E+00  0.000000E+00  0.000000E+00  0.000000E+00
  0.195610E+01  0.214323E+00  0.132863E-01  0.000000E+00  0.000000E+00  0.000000E+00  0.000000E+00
  0.231062E+01 -0.329986E+00  0.676325E-02  0.000000E+00  0.000000E+00  0.000000E+00  0.000000E+00
  0.246883E+01  0.334326E+00  0.121788E-01  0.000000E+00  0.000000E+00  0.000000E+00  0.000000E+00
  0.240949E+01 -0.327710E+00 -0.113499E-01  0.000000E+00  0.000000E+00  0.000000E+00  0.000000E+00
  0.267213E+01  0.366782E+00  0.133868E-01  0.000000E+00  0.000000E+00  0.000000E+00  0.000000E+00
  0.237403E+01 -0.273112E+00  0.162147E-01  0.000000E+00  0.000000E+00  0.000000E+00  0.000000E+00
  0.163388E+01  0.115370E-02  0.171248E+00  0.000000E+00  0.000000E+00  0.000000E+00  0.000000E+00
  0.281225E+01  0.371674E+00  0.152893E-01  0.000000E+00  0.000000E+00  0.000000E+00  0.000000E+00
  0.237592E+01  0.585962E-02  0.349290E+00  0.000000E+00  0.000000E+00  0.000000E+00  0.000000E+00
  0.201034E+01 -0.149649E-01 -0.213675E+00  0.000000E+00  0.000000E+00  0.000000E+00  0.000000E+00
  0.226507E+01  0.176571E-01  0.234489E+00  0.000000E+00  0.000000E+00  0.000000E+00  0.000000E+00
  0.227350E+01  0.233820E+00 -0.178195E-01  0.000000E+00  0.000000E+00  0.000000E+00  0.000000E+00
  0.184345E+01 -0.221212E+00 -0.425697E-02  0.000000E+00  0.000000E+00  0.000000E+00  0.000000E+00
  0.271671E+01  0.419653E+00  0.840335E-02  0.000000E+00  0.000000E+00  0.000000E+00  0.000000E+00
  0.256851E+01 -0.157175E-01 -0.317324E+00  0.000000E+00  0.000000E+00  0.000000E+00  0.000000E+00
  0.206346E+01 -0.252867E+00  0.107684E-01  0.000000E+00  0.000000E+00  0.000000E+00  0.000000E+00
  0.166272E+01 -0.171818E+00 -0.688715E-02  0.000000E+00  0.000000E+00  0.000000E+00  0.000000E+00
  0.262860E+01  0.230244E-03  0.423254E+00  0.000000E+00  0.000000E+00  0.000000E+00  0.000000E+00
  0.269682E+01 -0.440449E+00 -0.514979E-03  0.000000E+00  0.000000E+00  0.000000E+00  0.000000E+00
  0.256525E+01 -0.369199E+00 -0.105494E-01  0.000000E+00  0.000000E+00  0.000000E+00  0.000000E+00
  0.255662E+01  0.355248E+00 -0.120100E-01  0.000000E+00  0.000000E+00  0.000000E+00  0.000000E+00
  0.174795E+01 -0.616766E-02  0.194120E+00  0.000000E+00  0.000000E+00  0.000000E+00  0.000000E+00
  0.195964E+01  0.414320E-03 -0.253871E+00  0.000000E+00  0.000000E+00  0.000000E+00  0.000000E+00
  0.264856E+01  0.338418E+00  0.153245E-01  0.000000E+00  0.000000E+00  0.000000E+00  0.000000E+00
  0.279292E+01 -0.705690E-02 -0.445970E+00  0.000000E+00  0.000000E+00  0.000000E+00  0.000000E+00
  0.265201E+01  0.428577E+00 -0.134534E-02  0.000000E+00  0.000000E+00  0.000000E+00  0.000000E+00
  0.253024E+01 -0.181903E-01  0.273277E+00  0.000000E+00  0.000000E+00  0.000000E+00  0.000000E+00
  0.189574E+01  0.435387E-02 -0.234095E+00  0.000000E+00  0.000000E+00  0.000000E+00  0.000000E+00
  0.177915E+01 -0.199185E+00  0.728110E-02  0.000000E+00  0.000000E+00  0.000000E+00  0.000000E+00
  0.273545E+01 -0.450259E+00  0.423123E-03  0.000000E+00  0.000000E+00  0.000000E+00  0.000000E+00
  0.257498E+01  0.389806E+00 -0.769483E-02  0.000000E+00  0.000000E+00  0.000000E+00  0.000000E+00
  0.235664E+01  0.638800E-02  0.342653E+00  0.000000E+00  0.000000E+00  0.000000E+00  0.000000E+00
  0.237496E+01 -0.342459E+00  0.751302E-02  0.000000E+00  0.000000E+00  0.000000E+00  0.000000E+00
  0.203912E+01  0.203688E+00 -0.167237E-01  0.000000E+00  0.000000E+00  0.000000E+00  0.000000E+00
  0.249481E+01 -0.247633E+00  0.192935E-01  0.000000E+00  0.000000E+00  0.000000E+00  0.000000E+00
  0.187166E+01  0.121410E-01 -0.202483E+00  0.000000E+00  0.000000E+00  0.000000E+00  0.000000E+00
  0.282998E+01  0.203026E-01  0.276735E+00  0.000000E+00  0.000000E+00  0.000000E+00  0.000000E+00
  0.261161E+01  0.991618E-02  0.384602E+00  0.000000E+00  0.000000E+00  0.000000E+00  0.000000E+00
  0.204344E+01  0.263909E-02 -0.273585E+00  0.000000E+00  0.000000E+00  0.000000E+00  0.000000E+00
  0.230706E+01 -0.142214E-01  0.281163E+00  0.000000E+00  0.000000E+00  0.000000E+00  0.000000E+00
  0.241382E+01 -0.342411E+00 -0.930133E-02  0.000000E+00  0.000000E+00  0.000000E+00  0.000000E+00
  0.228537E+01  0.895090E-02  0.314074E+00  0.000000E+00  0.000000E+00  0.000000E+00  0.000000E+00
  0.282075E+01  0.373340E+00 -0.152919E-01  0.000000E+00  0.000000E+00  0.000000E+00  0.000000E+00
  0.263571E+01 -0.183317E-01 -0.289024E+00  0.000000E+00  0.000000E+00  0.000000E+00  0.000000E+00
  0.190634E+01 -0.209004E+00  0.123545E-01  0.000000E+00  0.000000E+00  0.000000E+00  0.000000E+00
  0.179158E+01 -0.209345E+00  0.344222E-02  0.000000E+00  0.000000E+00  0.000000E+00  0.000000E+00
  0.189890E+01  0.211704E+00  0.115181E-01  0.000000E+00  0.000000E+00  0.000000E+00  0.000000E+00
  0.209082E+01 -0.169537E-01  0.211009E+00  0.000000E+00  0.000000E+00  0.000000E+00  0.000000E+00
  0.238254E+01 -0.393634E-02  0.356473E+00  0.000000E+00  0.000000E+00  0.000000E+00  0.000000E+00
  0.168336E+01  0.183237E+00  0.221353E-02  0.000000E+00  0.000000E+00  0.000000E+00  0.000000E+00
  0.269492E+01 -0.354215E+00 -0.148346E-01  0.000000E+00  0.000000E+00  0.000000E+00  0.000000E+00
  0.271901E+01 -0.445901E+00 -0.854843E-03  0.000000E+00  0.000000E+00  0.000000E+00  0.000000E+00
  0.222164E+01 -0.128899E-01  0.274390E+00  0.000000E+00  0.000000E+00  0.000000E+00  0.000000E+00
  0.167947E+01  0.179090E+00  0.512408E-02  0.000000E+00  0.000000E+00  0.000000E+00  0.000000E+00
  0.268997E+01  0.395564E+00 -0.108221E-01  0.000000E+00  0.000000E+00  0.000000E+00  0.000000E+00
  0.229012E+01  0.836841E-02 -0.318103E+00  0.000000E+00  0.000000E+00  0.000000E+00  0.000000E+00
  0.190816E+01  0.220215E+00 -0.101294E-01  0.000000E+00  0.000000E+00  0.000000E+00  0.000000E+00
  0.264384E+01 -0.136598E-01 -0.357733E+00  0.000000E+00  0.000000E+00  0.000000E+00  0.000000E+00
  0.230812E+01 -0.379995E-03  0.342093E+00  0.000000E+00  0.000000E+00  0.000000E+00  0.000000E+00
  0.227563E+01  0.318351E-02 -0.331190E+00  0.000000E+00  0.000000E+00  0.000000E+00  0.000000E+00
  0.231186E+01 -0.286065E+00  0.138013E-01  0.000000E+00  0.000000E+00  0.000000E+00  0.000000E+00
  0.217165E+01 -0.221284E+00 -0.173640E-01  0.000000E+00  0.000000E+00  0.000000E+00  0.000000E+00
  0.196580E+01  0.213885E+00 -0.136710E-01  0.000000E+00  0.000000E+00  0.000000E+00  0.000000E+00
  0.233404E+01  0.320056E+00 -0.992231E-02  0.000000E+00  0.000000E+00  0.000000E+00  0.000000E+00
  0.219411E+01  0.109974E-01  0.281330E+00  0.000000E+00  0.000000E+00  0.000000E+00  0.000000E+00
  0.238399E+01 -0.110738E-03 -0.361338E+00  0.000000E+00  0.000000E+00  0.000000E+00  0.000000E+00
  0.202906E+01 -0.475020E-02  0.266536E+00  0.000000E+00  0.000000E+00  0.000000E+00  0.000000E+00
  0.226554E+01  0.164186E-01  0.249878E+00  0.000000E+00  0.000000E+00  0.000000E+00  0.000000E+00
  0.234252E+01  0.330478E+00  0.839357E-02  0.000000E+00  0.000000E+00  0.000000E+00  0.000000E+00
  0.238409E+01  0.354271E+00 -0.493020E-02  0.000000E+00  0.000000E+00  0.000000E+00  0.000000E+00
  0.252684E+01 -0.147930E-01 -0.320449E+00  0.000000E+00  0.000000E+00  0.000000E+00  0.000000E+00
  0.193385E+01  0.111116E-01 -0.221599E+00  0.000000E+00  0.000000E+00  0.000000E+00  0.000000E+00
  0.267147E+01 -0.357085E+00  0.142177E-01  0.000000E+00  0.000000E+00  0.000000E+00  0.000000E+00
  0.200839E+01 -0.265733E+00 -0.155450E-02  0.000000E+00  0.000000E+00  0.000000E+00  0.000000E+00
  0.225296E+01  0.315502E+00 -0.687869E-02  0.000000E+00  0.000000E+00  0.000000E+00  0.000000E+00
  0.267167E+01 -0.273203E+00 -0.194302E-01  0.000000E+00  0.000000E+00  0.000000E+00  0.000000E+00
  0.237039E+01  0.262262E+00  0.170115E-01  0.000000E+00  0.000000E+00  0.000000E+00  0.000000E+00
  0.243709E+01  0.367149E+00  0.502067E-02  0.000000E+00  0.000000E+00  0.000000E+00  0.000000E+00
  0.261179E+01  0.166382E-01  0.312742E+00  0.000000E+00  0.000000E+00  0.000000E+00  0.000000E+00
  0.233143E+01  0.275627E+00 -0.152646E-01  0.000000E+00  0.000000E+00  0.000000E+00  0.000000E+00
  0.170771E+01  0.816501E-02  0.179696E+00  0.000000E+00  0.000000E+00  0.000000E+00  0.000000E+00
  0.231250E+01 -0.286917E+00  0.137219E-01  0.000000E+00  0.000000E+00  0.000000E+00  0.000000E+00
  0.281830E+01  0.385817E+00  0.143582E-01  0.000000E+00  0.000000E+00  0.000000E+00  0.000000E+00
  0.282747E+01 -0.417602E+00  0.117943E-01  0.000000E+00  0.000000E+00  0.000000E+00  0.000000E+00
  0.202666E+01  0.217105E+00 -0.149500E-01  0.000000E+00  0.000000E+00  0.000000E+00  0.000000E+00
  0.254796E+01 -0.168427E-01 -0.297710E+00  0.000000E+00  0.000000E+00  0.000000E+00  0.000000E+00
  0.223282E+01  0.314589E+00 -0.569026E-02  0.000000E+00  0.000000E+00  0.000000E+00  0.000000E+00
  0.191855E+01 -0.243485E+00  0.298288E-03  0.000000E+00  0.000000E+00  0.000000E+00  0.000000E+00
  0.259062E+01 -0.156199E-01  0.322977E+00  0.000000E+00  0.000000E+00  0.000000E+00  0.000000E+00
  0.250921E+01 -0.382550E+00 -0.573874E-02  0.000000E+00  0.000000E+00  0.000000E+00  0.000000E+00
  0.182379E+01 -0.591913E-02  0.213272E+00  0.000000E+00  0.000000E+00  0.000000E+00  0.000000E+00
  0.240603E+01 -0.165005E-01 -0.275651E+00  0.000000E+00  0.000000E+00  0.000000E+00  0.000000E+00
  0.252190E+01  0.189537E-02  0.395116E+00  0.000000E+00  0.000000E+00  0.000000E+00  0.000000E+00
  0.271337E+01  0.305151E+00 -0.181866E-01  0.000000E+00  0.000000E+00  0.000000E+00  0.000000E+00
  0.245649E+01  0.372821E+00  0.473656E-02  0.000000E+00  0.000000E+00  0.000000E+00  0.000000E+00
  0.245200E+01  0.256775E+00  0.183698E-01  0.000000E+00  0.000000E+00  0.000000E+00  0.000000E+00
  0.232430E+01  0.121469E-01  0.302616E+00  0.000000E+00  0.000000E+00  0.000000E+00  0.000000E+00
  0.213473E+01  0.262461E+00 -0.118723E-01  0.000000E+00  0.000000E+00  0.000000E+00  0.000000E+00
  0.189688E+01  0.315706E-02  0.236112E+00  0.000000E+00  0.000000E+00  0.000000E+00  0.000000E+00
  0.268715E+01  0.436721E+00 -0.197797E-02  0.000000E+00  0.000000E+00  0.000000E+00  0.000000E+00
  0.267446E+01 -0.275785E+00  0.193300E-01  0.000000E+00  0.000000E+00  0.000000E+00  0.000000E+00
  0.195146E+01 -0.244240E+00  0.609343E-02  0.000000E+00  0.000000E+00  0.000000E+00  0.000000E+00
  0.161370E+01 -0.165951E+00 -0.166655E-02  0.000000E+00  0.000000E+00  0.000000E+00  0.000000E+00
  0.269887E+01  0.146843E-01 -0.356961E+00  0.000000E+00  0.000000E+00  0.000000E+00  0.000000E+00
  0.277193E+01 -0.849984E-02 -0.432182E+00  0.000000E+00  0.000000E+00  0.000000E+00  0.000000E+00
  0.222744E+01 -0.227695E+00 -0.176611E-01  0.000000E+00  0.000000E+00  0.000000E+00  0.000000E+00
  0.218918E+01 -0.110841E-01  0.279677E+00  0.000000E+00  0.000000E+00  0.000000E+00  0.000000E+00
  0.191904E+01  0.207269E+00  0.131386E-01  0.000000E+00  0.000000E+00  0.000000E+00  0.000000E+00
  0.234697E+01 -0.176150E-01  0.249759E+00  0.000000E+00  0.000000E+00  0.000000E+00  0.000000E+00
  0.265696E+01 -0.167926E-01 -0.318888E+00  0.000000E+00  0.000000E+00  0.000000E+00  0.000000E+00
  0.210424E+01  0.139792E-01 -0.240853E+00  0.000000E+00  0.000000E+00  0.000000E+00  0.000000E+00
  0.172672E+01 -0.100600E-01  0.178457E+00  0.000000E+00  0.000000E+00  0.000000E+00  0.000000E+00
  0.221282E+01 -0.919963E-02  0.295692E+00  0.000000E+00  0.000000E+00  0.000000E+00  0.000000E+00
  0.262783E+01 -0.421225E+00  0.233604E-02  0.000000E+00  0.000000E+00  0.000000E+00  0.000000E+00
  0.279258E+01  0.156420E-01  0.362571E+00  0.000000E+00  0.000000E+00  0.000000E+00  0.000000E+00
  0.175302E+01  0.103279E-01 -0.183587E+00  0.000000E+00  0.000000E+00  0.000000E+00  0.000000E+00
  0.251960E+01 -0.355931E+00  0.109201E-01  0.000000E+00  0.000000E+00  0.000000E+00  0.000000E+00
  0.197553E+01 -0.146496E-01 -0.209005E+00  0.000000E+00  0.000000E+00  0.000000E+00  0.000000E+00
  0.260962E+01  0.304197E+00 -0.171677E-01  0.000000E+00  0.000000E+00  0.000000E+00  0.000000E+00
  0.281847E+01 -0.402328E+00 -0.130241E-01  0.000000E+00  0.000000E+00  0.000000E+00  0.000000E+00
  0.242195E+01 -0.369342E+00  0.232646E-02  0.000000E+00  0.000000E+00  0.000000E+00  0.000000E+00
  0.175360E+01  0.182994E-02 -0.201201E+00  0.000000E+00  0.000000E+00  0.000000E+00  0.000000E+00
  0.270177E+01  0.434686E+00  0.446753E-02  0.000000E+00  0.000000E+00  0.000000E+00  0.000000E+00
  0.237251E+01  0.243801E+00 -0.183261E-01  0.000000E+00  0.000000E+00  0.000000E+00  0.000000E+00
  0.233110E+01  0.431334E-02 -0.342734E+00  0.000000E+00  0.000000E+00  0.000000E+00  0.000000E+00
  0.189757E+01  0.117324E-01 -0.210332E+00  0.000000E+00  0.000000E+00  0.000000E+00  0.000000E+00
  0.239666E+01  0.118891E-01 -0.320688E+00  0.000000E+00  0.000000E+00  0.000000E+00  0.000000E+00
  0.258713E+01 -0.405229E+00 -0.475738E-02  0.000000E+00  0.000000E+00  0.000000E+00  0.000000E+00
  0.202457E+01  0.107549E-01  0.244050E+00  0.000000E+00  0.000000E+00  0.000000E+00  0.000000E+00
  0.168474E+01  0.363051E-02 -0.182354E+00  0.000000E+00  0.000000E+00  0.000000E+00  0.000000E+00
  0.165062E+01 -0.175666E+00 -0.135661E-03  0.000000E+00  0.000000E+00  0.000000E+00  0.000000E+00
  0.206014E+01  0.267659E+00 -0.715659E-02  0.000000E+00  0.000000E+00  0.000000E+00  0.000000E+00
  0.235462E+01 -0.352381E+00  0.231906E-02  0.000000E+00  0.000000E+00  0.000000E+00  0.000000E+00
  0.214002E+01 -0.299183E+00  0.127916E-02  0.000000E+00  0.000000E+00  0.000000E+00  0.000000E+00
  0.281371E+01 -0.405379E-02 -0.463915E+00  0.000000E+00  0.000000E+00  0.000000E+00  0.000000E+00
  0.272128E+01  0.700915E-02  0.428819E+00  0.000000E+00  0.000000E+00  0.000000E+00  0.000000E+00
  0.208359E+01 -0.221146E+00 -0.157940E-01  0.000000E+00  0.000000E+00  0.000000E+00  0.000000E+00
  0.186531E+01  0.208077E+00  0.106571E-01  0.000000E+00  0.000000E+00  0.000000E+00  0.000000E+00
  0.270240E+01 -0.395353E+00 -0.111742E-01  0.000000E+00  0.000000E+00  0.000000E+00  0.000000E+00
  0.211280E+01  0.214646E+00 -0.169957E-01  0.000000E+00  0.000000E+00  0.000000E+00  0.000000E+00
  0.229166E+01 -0.334017E+00 -0.381003E-02  0.000000E+00  0.000000E+00  0.000000E+00  0.000000E+00
  0.176798E+01 -0.269641E-02  0.204184E+00  0.000000E+00  0.000000E+00  0.000000E+00  0.000000E+00
  0.271938E+01  0.396881E+00  0.114302E-01  0.000000E+00  0.000000E+00  0.000000E+00  0.000000E+00
  0.216846E+01 -0.236991E+00  0.158747E-01  0.000000E+00  0.000000E+00  0.000000E+00  0.000000E+00
  0.224640E+01 -0.324782E+00 -0.256688E-02  0.000000E+00  0.000000E+00  0.000000E+00  0.000000E+00
  0.178365E+01 -0.209263E+00  0.719570E-03  0.000000E+00  0.000000E+00  0.000000E+00  0.000000E+00
  0.215343E+01 -0.265583E+00 -0.120306E-01  0.000000E+00  0.000000E+00  0.000000E+00  0.000000E+00
  0.193068E+01 -0.131869E-01 -0.209481E+00  0.000000E+00  0.000000E+00  0.000000E+00  0.000000E+00
  0.247328E+01 -0.254173E+00 -0.187376E-01  0.000000E+00  0.000000E+00  0.000000E+00  0.000000E+00
  0.224814E+01  0.326940E+00  0.157190E-03  0.000000E+00  0.000000E+00  0.000000E+00  0.000000E+00
  0.203986E+01  0.249146E+00 -0.104430E-01  0.000000E+00  0.000000E+00  0.000000E+00  0.000000E+00
  0.169260E+01  0.185410E+00  0.243718E-02  0.000000E+00  0.000000E+00  0.000000E+00  0.000000E+00
  0.262707E+01 -0.161363E-01 -0.322999E+00  0.000000E+00  0.000000E+00  0.000000E+00  0.000000E+00
  0.193254E+01  0.224269E+00  0.104848E-01  0.000000E+00  0.000000E+00  0.000000E+00  0.000000E+00
  0.280167E+01  0.193740E-01 -0.295205E+00  0.000000E+00  0.000000E+00  0.000000E+00  0.000000E+00
  0.173080E+01  0.195870E+00  0.796406E-03  0.000000E+00  0.000000E+00  0.000000E+00  0.000000E+00
  0.208257E+01  0.278905E+00 -0.515430E-02  0.000000E+00  0.000000E+00  0.000000E+00  0.000000E+00
  0.282885E+01  0.618437E-02 -0.459239E+00  0.000000E+00  0.000000E+00  0.000000E+00  0.000000E+00
  0.199346E+01 -0.262073E+00  0.137092E-02  0.000000E+00  0.000000E+00  0.000000E+00  0.000000E+00
  0.181180E+01  0.211260E+00  0.545570E-02  0.000000E+00  0.000000E+00  0.000000E+00  0.000000E+00
  0.186415E+01  0.688934E-02  0.220836E+00  0.000000E+00  0.000000E+00  0.000000E+00  0.000000E+00
  0.274408E+01 -0.184384E-02 -0.451276E+00  0.000000E+00  0.000000E+00  0.000000E+00  0.000000E+00
  0.221455E+01 -0.256533E+00 -0.148120E-01  0.000000E+00  0.000000E+00  0.000000E+00  0.000000E+00
  0.275849E+01  0.347025E+00  0.162259E-01  0.000000E+00  0.000000E+00  0.000000E+00  0.000000E+00
  0.230787E+01 -0.337644E+00 -0.400902E-02  0.000000E+00  0.000000E+00  0.000000E+00  0.000000E+00
  0.190945E+01  0.200345E+00 -0.139208E-01  0.000000E+00  0.000000E+00  0.000000E+00  0.000000E+00
  0.270619E+01  0.157422E-01 -0.344077E+00  0.000000E+00  0.000000E+00  0.000000E+00  0.000000E+00
  0.172868E+01  0.179552E+00  0.987141E-02  0.000000E+00  0.000000E+00  0.000000E+00  0.000000E+00
  0.172643E+01 -0.847996E-02  0.183309E+00  0.000000E+00  0.000000E+00  0.000000E+00  0.000000E+00
  0.256309E+01  0.666073E-02  0.391985E+00  0.000000E+00  0.000000E+00  0.000000E+00  0.000000E+00
  0.200426E+01  0.264174E+00  0.220007E-02  0.000000E+00  0.000000E+00  0.000000E+00  0.000000E+00
  0.218172E+01 -0.236220E+00  0.161989E-01  0.000000E+00  0.000000E+00  0.000000E+00  0.000000E+00
  0.274152E+01  0.332184E+00  0.169477E-01  0.000000E+00  0.000000E+00  0.000000E+00  0.000000E+00
  0.265898E+01  0.557351E-02  0.420117E+00  0.000000E+00  0.000000E+00  0.000000E+00  0.000000E+00
  0.280131E+01 -0.168521E-01 -0.344951E+00  0.000000E+00  0.000000E+00  0.000000E+00  0.000000E+00
  0.227107E+01  0.269545E+00  0.146592E-01  0.000000E+00  0.000000E+00  0.000000E+00  0.000000E+00
  0.174963E+01  0.675025E-02  0.193281E+00  0.000000E+00  0.000000E+00  0.000000E+00  0.000000E+00
  0.169263E+01 -0.796915E-02  0.176587E+00  0.000000E+00  0.000000E+00  0.000000E+00  0.000000E+00
  0.206148E+01 -0.156240E-02  0.279144E+00  0.000000E+00  0.000000E+00  0.000000E+00  0.000000E+00
  0.222827E+01 -0.321618E+00 -0.107811E-02  0.000000E+00  0.000000E+00  0.000000E+00  0.000000E+00
  0.200439E+01  0.984649E-02 -0.243798E+00  0.000000E+00  0.000000E+00  0.000000E+00  0.000000E+00
  0.260897E+01  0.912066E-02  0.389470E+00  0.000000E+00  0.000000E+00  0.000000E+00  0.000000E+00
  0.199776E+01  0.122546E-01 -0.229720E+00  0.000000E+00  0.000000E+00  0.000000E+00  0.000000E+00
  0.204595E+01 -0.130849E-01  0.234971E+00  0.000000E+00  0.000000E+00  0.000000E+00  0.000000E+00
  0.247932E+01  0.379946E+00 -0.422031E-02  0.000000E+00  0.000000E+00  0.000000E+00  0.000000E+00
  0.280643E+01  0.103616E-01 -0.426178E+00  0.000000E+00  0.000000E+00  0.000000E+00  0.000000E+00
  0.253805E+01 -0.316885E+00 -0.152783E-01  0.000000E+00  0.000000E+00  0.000000E+00  0.000000E+00
  0.173197E+01  0.302041E-02 -0.194827E+00  0.000000E+00  0.000000E+00  0.000000E+00  0.000000E+00
  0.251163E+01  0.883411E-03 -0.393411E+00  0.000000E+00  0.000000E+00  0.000000E+00  0.000000E+00
  0.256510E+01 -0.311521E+00 -0.160995E-01  0.000000E+00  0.000000E+00  0.000000E+00  0.000000E+00
  0.221542E+01  0.172504E-01 -0.230648E+00  0.000000E+00  0.000000E+00  0.000000E+00  0.000000E+00
  0.190034E+01  0.236717E+00  0.336743E-02  0.000000E+00  0.000000E+00  0.000000E+00  0.000000E+00
  0.201495E+01 -0.388880E-02  0.264647E+00  0.000000E+00  0.000000E+00  0.000000E+00  0.000000E+00
  0.230576E+01  0.580976E-02  0.332187E+00  0.000000E+00  0.000000E+00  0.000000E+00  0.000000E+00
  0.276775E+01 -0.335379E+00  0.170469E-01  0.000000E+00  0.000000E+00  0.000000E+00  0.000000E+00
  0.234813E+01  0.320496E+00 -0.103750E-01  0.000000E+00  0.000000E+00  0.000000E+00  0.000000E+00
  0.180565E+01 -0.214055E+00 -0.224103E-02  0.000000E+00  0.000000E+00  0.000000E+00  0.000000E+00
  0.229340E+01  0.986861E-02 -0.310925E+00  0.000000E+00  0.000000E+00  0.000000E+00  0.000000E+00
  0.192431E+01 -0.576585E-02 -0.238357E+00  0.000000E+00  0.000000E+00  0.000000E+00  0.000000E+00
  0.164171E+01  0.172496E+00  0.256898E-02  0.000000E+00  0.000000E+00  0.000000E+00  0.000000E+00
  0.230338E+01  0.340451E+00 -0.132803E-02  0.000000E+00  0.000000E+00  0.000000E+00  0.000000E+00
  0.245482E+01  0.378848E+00  0.118539E-02  0.000000E+00  0.000000E+00  0.000000E+00  0.000000E+00
  0.228962E+01 -0.967210E-03 -0.337198E+00  0.000000E+00  0.000000E+00  0.000000E+00  0.000000E+00
  0.174487E+01  0.402329E-02 -0.196931E+00  0.000000E+00  0.000000E+00  0.000000E+00  0.000000E+00
  0.231196E+01 -0.178488E-01  0.240241E+00  0.000000E+00  0.000000E+00  0.000000E+00  0.000000E+00
  0.268134E+01 -0.533794E-02  0.426555E+00  0.000000E+00  0.000000E+00  0.000000E+00  0.000000E+00
  0.220364E+01  0.921980E-02 -0.293429E+00  0.000000E+00  0.000000E+00  0.000000E+00  0.000000E+00
  0.173391E+01  0.260857E-02  0.195682E+00  0.000000E+00  0.000000E+00  0.000000E+00  0.000000E+00
  0.181442E+01 -0.633479E-02 -0.210053E+00  0.000000E+00  0.000000E+00  0.000000E+00  0.000000E+00
  0.226715E+01  0.325835E+00 -0.470417E-02  0.000000E+00  0.000000E+00  0.000000E+00  0.000000E+00
  0.216214E+01 -0.147293E-01 -0.246583E+00  0.000000E+00  0.000000E+00  0.000000E+00  0.000000E+00
  0.265617E+01  0.407924E+00  0.794888E-02  0.000000E+00  0.000000E+00  0.000000E+00  0.000000E+00
  0.262528E+01 -0.293313E+00  0.179911E-01  0.000000E+00  0.000000E+00  0.000000E+00  0.000000E+00
  0.166732E+01  0.301999E-03  0.179885E+00  0.000000E+00  0.000000E+00  0.000000E+00  0.000000E+00
  0.212667E+01  0.261900E+00 -0.116768E-01  0.000000E+00  0.000000E+00  0.000000E+00  0.000000E+00
  0.172652E+01  0.176934E+00  0.104806E-01  0.000000E+00  0.000000E+00  0.000000E+00  0.000000E+00
  0.182373E+01  0.219378E+00 -0.822241E-03  0.000000E+00  0.000000E+00  0.000000E+00  0.000000E+00
  0.269385E+01  0.374876E+00  0.130725E-01  0.000000E+00  0.000000E+00  0.000000E+00  0.000000E+00
  0.271839E+01  0.421220E+00  0.821785E-02  0.000000E+00  0.000000E+00  0.000000E+00  0.000000E+00
  0.189692E+01  0.147557E-01 -0.192144E+00  0.000000E+00  0.000000E+00  0.000000E+00  0.000000E+00
  0.188262E+01 -0.117849E-01  0.206728E+00  0.000000E+00  0.000000E+00  0.000000E+00  0.000000E+00
  0.281136E+01 -0.345344E+00  0.169384E-01  0.000000E+00  0.000000E+00  0.000000E+00  0.000000E+00
  0.267175E+01  0.120068E-01 -0.380843E+00  0.000000E+00  0.000000E+00  0.000000E+00  0.000000E+00
  0.226254E+01  0.329808E+00 -0.172155E-02  0.000000E+00  0.000000E+00  0.000000E+00  0.000000E+00
  0.220972E+01  0.264194E+00 -0.138379E-01  0.000000E+00  0.000000E+00  0.000000E+00  0.000000E+00
  0.261071E+01 -0.375867E+00  0.110197E-01  0.000000E+00  0.000000E+00  0.000000E+00  0.000000E+00
  0.237675E+01  0.175824E-01  0.255573E+00  0.000000E+00  0.000000E+00  0.000000E+00  0.000000E+00
  0.213850E+01  0.119477E-01  0.262811E+00  0.000000E+00  0.000000E+00  0.000000E+00  0.000000E+00
  0.229863E+01 -0.824526E-02  0.320722E+00  0.000000E+00  0.000000E+00  0.000000E+00  0.000000E+00
  0.249778E+01  0.372184E+00 -0.749941E-02  0.000000E+00  0.000000E+00  0.000000E+00  0.000000E+00
  0.242635E+01 -0.109595E-01  0.334409E+00  0.000000E+00  0.000000E+00  0.000000E+00  0.000000E+00
  0.182838E+01  0.190522E+00  0.126143E-01  0.000000E+00  0.000000E+00  0.000000E+00  0.000000E+00
  0.233931E+01  0.173665E-01  0.251789E+00  0.000000E+00  0.000000E+00  0.000000E+00  0.000000E+00
  0.177949E+01  0.861787E-02  0.195530E+00  0.000000E+00  0.000000E+00  0.000000E+00  0.000000E+00
  0.177865E+01  0.105990E-01 -0.188457E+00  0.000000E+00  0.000000E+00  0.000000E+00  0.000000E+00
  0.225759E+01  0.167080E-01  0.244988E+00  0.000000E+00  0.000000E+00  0.000000E+00  0.000000E+00
  0.260967E+01 -0.360413E+00 -0.127048E-01  0.000000E+00  0.000000E+00  0.000000E+00  0.000000E+00
  0.232187E+01  0.965799E-02 -0.318784E+00  0.000000E+00  0.000000E+00  0.000000E+00  0.000000E+00
  0.206829E+01  0.138584E-01 -0.234219E+00  0.000000E+00  0.000000E+00  0.000000E+00  0.000000E+00
  0.203376E+01  0.162334E-01  0.207368E+00  0.000000E+00  0.000000E+00  0.000000E+00  0.000000E+00
  0.240354E+01 -0.125115E-01 -0.317120E+00  0.000000E+00  0.000000E+00  0.000000E+00  0.000000E+00
  0.236815E+01 -0.308045E+00 -0.126698E-01  0.000000E+00  0.000000E+00  0.000000E+00  0.000000E+00
  0.206623E+01 -0.271063E+00  0.655559E-02  0.000000E+00  0.000000E+00  0.000000E+00  0.000000E+00
  0.282054E+01 -0.168177E-01  0.349138E+00  0.000000E+00  0.000000E+00  0.000000E+00  0.000000E+00
  0.253023E+01 -0.893811E-02 -0.372035E+00  0.000000E+00  0.000000E+00  0.000000E+00  0.000000E+00
  0.180439E+01  0.130171E-02  0.214309E+00  0.000000E+00  0.000000E+00  0.000000E+00  0.000000E+00
  0.259660E+01 -0.348025E+00  0.136313E-01  0.000000E+00  0.000000E+00  0.000000E+00  0.000000E+00
  0.186966E+01  0.952141E-02 -0.213707E+00  0.000000E+00  0.000000E+00  0.000000E+00  0.000000E+00
  0.188814E+01 -0.227375E+00 -0.662440E-02  0.000000E+00  0.000000E+00  0.000000E+00  0.000000E+00
  0.171869E+01 -0.177033E+00  0.992991E-02  0.000000E+00  0.000000E+00  0.000000E+00  0.000000E+00
  0.201949E+01 -0.769109E-02  0.256010E+00  0.000000E+00  0.000000E+00  0.000000E+00  0.000000E+00
  0.277513E+01 -0.459274E+00 -0.172276E-02  0.000000E+00  0.000000E+00  0.000000E+00  0.000000E+00
  0.188074E+01 -0.224235E+00 -0.712280E-02  0.000000E+00  0.000000E+00  0.000000E+00  0.000000E+00
  0.275508E+01  0.102555E-02 -0.454911E+00  0.000000E+00  0.000000E+00  0.000000E+00  0.000000E+00
  0.234604E+01 -0.252896E+00  0.173753E-01  0.000000E+00  0.000000E+00  0.000000E+00  0.000000E+00
  0.196293E+01 -0.159391E-01  0.196250E+00  0.000000E+00  0.000000E+00  0.000000E+00  0.000000E+00
  0.262434E+01  0.193501E-01 -0.267326E+00  0.000000E+00  0.000000E+00  0.000000E+00  0.000000E+00
  0.178571E+01 -0.578567E-02 -0.204174E+00  0.000000E+00  0.000000E+00  0.000000E+00  0.000000E+00
  0.242582E+01  0.618034E-02  0.360389E+00  0.000000E+00  0.000000E+00  0.000000E+00  0.000000E+00
  0.203768E+01 -0.214931E+00 -0.154754E-01  0.000000E+00  0.000000E+00  0.000000E+00  0.000000E+00
  0.282193E+01  0.189279E-01  0.308492E+00  0.000000E+00  0.000000E+00  0.000000E+00  0.000000E+00
  0.242916E+01 -0.338688E+00 -0.104444E-01  0.000000E+00  0.000000E+00  0.000000E+00  0.000000E+00
  0.271782E+01 -0.730321E-02  0.426411E+00  0.000000E+00  0.000000E+00  0.000000E+00  0.000000E+00
  0.261944E+01 -0.416263E+00 -0.372109E-02  0.000000E+00  0.000000E+00  0.000000E+00  0.000000E+00
  0.235664E+01 -0.187787E-01  0.233963E+00  0.000000E+00  0.000000E+00  0.000000E+00  0.000000E+00
  0.185783E+01 -0.208689E+00 -0.100988E-01  0.000000E+00  0.000000E+00  0.000000E+00  0.000000E+00
  0.196157E+01 -0.480972E-02  0.249644E+00  0.000000E+00  0.000000E+00  0.000000E+00  0.000000E+00
  0.246242E+01 -0.331635E+00 -0.123271E-01  0.000000E+00  0.000000E+00  0.000000E+00  0.000000E+00
  0.198179E+01 -0.214882E+00 -0.140175E-01  0.000000E+00  0.000000E+00  0.000000E+00  0.000000E+00
  0.238042E+01  0.109943E-01 -0.323713E+00  0.000000E+00  0.000000E+00  0.000000E+00  0.000000E+00
  0.239264E+01 -0.186425E-01 -0.242215E+00  0.000000E+00  0.000000E+00  0.000000E+00  0.000000E+00
  0.221305E+01 -0.318057E+00 -0.158333E-03  0.000000E+00  0.000000E+00  0.000000E+00  0.000000E+00
  0.204135E+01  0.152943E-01  0.217214E+00  0.000000E+00  0.000000E+00  0.000000E+00  0.000000E+00
  0.264290E+01 -0.857790E-02 -0.400976E+00  0.000000E+00  0.000000E+00  0.000000E+00  0.000000E+00
  0.247315E+01 -0.318860E+00 -0.139238E-01  0.000000E+00  0.000000E+00  0.000000E+00  0.000000E+00
  0.221911E+01 -0.466874E-02 -0.313975E+00  0.000000E+00  0.000000E+00  0.000000E+00  0.000000E+00
  0.177128E+01  0.206175E+00  0.504424E-03  0.000000E+00  0.000000E+00  0.000000E+00  0.000000E+00
  0.232221E+01 -0.254160E+00  0.169461E-01  0.000000E+00  0.000000E+00  0.000000E+00  0.000000E+00
  0.206470E+01 -0.279887E+00  0.165861E-02  0.000000E+00  0.000000E+00  0.000000E+00  0.000000E+00
  0.216252E+01 -0.396147E-02  0.301414E+00  0.000000E+00  0.000000E+00  0.000000E+00  0.000000E+00
  0.257048E+01  0.916141E-02  0.380136E+00  0.000000E+00  0.000000E+00  0.000000E+00  0.000000E+00
  0.222741E+01  0.256314E+00 -0.151077E-01  0.000000E+00  0.000000E+00  0.000000E+00  0.000000E+00
  0.201531E+01  0.210155E+00 -0.155141E-01  0.000000E+00  0.000000E+00  0.000000E+00  0.000000E+00
  0.211086E+01  0.422268E-02  0.287994E+00  0.000000E+00  0.000000E+00  0.000000E+00  0.000000E+00
  0.178004E+01  0.207817E+00 -0.192624E-02  0.000000E+00  0.000000E+00  0.000000E+00  0.000000E+00
  0.280810E+01  0.160172E-01  0.359880E+00  0.000000E+00  0.000000E+00  0.000000E+00  0.000000E+00
  0.201901E+01  0.161441E-01 -0.205344E+00  0.000000E+00  0.000000E+00  0.000000E+00  0.000000E+00
  0.284082E+01 -0.692718E-01 -0.108220E+00  0.000000E+00  0.000000E+00  0.000000E+00  0.000000E+00
  0.284082E+01 -0.432587E-01  0.741044E-01  0.000000E+00  0.000000E+00  0.000000E+00  0.000000E+00
  0.284082E+01 -0.348613E-01 -0.111938E+00  0.000000E+00  0.000000E+00  0.000000E+00  0.000000E+00
  0.284082E+01 -0.115327E+00  0.928020E-01  0.000000E+00  0.000000E+00  0.000000E+00  0.000000E+00
  0.284082E+01 -0.191842E+00 -0.122390E+00  0.000000E+00  0.000000E+00  0.000000E+00  0.000000E+00
  0.284082E+01 -0.363640E-01  0.429548E-01  0.000000E+00  0.000000E+00  0.000000E+00  0.000000E+00
  0.284082E+01  0.393941E-02 -0.394143E-02  0.000000E+00  0.000000E+00  0.000000E+00  0.000000E+00
  0.284082E+01 -0.687509E-01 -0.105025E+00  0.000000E+00  0.000000E+00  0.000000E+00  0.000000E+00
  0.284082E+01  0.793198E-02  0.168100E-01  0.000000E+00  0.000000E+00  0.000000E+00  0.000000E+00
  0.284082E+01  0.103822E-01  0.181068E+00  0.000000E+00  0.000000E+00  0.000000E+00  0.000000E+00
  0.284082E+01 -0.221931E+00  0.278250E-01  0.000000E+00  0.000000E+00  0.000000E+00  0.000000E+00
  0.284082E+01  0.145886E+00 -0.327277E-01  0.000000E+00  0.000000E+00  0.000000E+00  0.000000E+00
  0.284082E+01 -0.762546E-01  0.863796E-01  0.000000E+00  0.000000E+00  0.000000E+00  0.000000E+00
  0.284082E+01 -0.601285E-01 -0.494221E-01  0.000000E+00  0.000000E+00  0.000000E+00  0.000000E+00
  0.284082E+01  0.136654E+00  0.168794E+00  0.000000E+00  0.000000E+00  0.000000E+00  0.000000E+00
  0.284082E+01 -0.923436E-01 -0.988149E-01  0.000000E+00  0.000000E+00  0.000000E+00  0.000000E+00
  0.284082E+01  0.675136E-01  0.219633E-01  0.000000E+00  0.000000E+00  0.000000E+00  0.000000E+00
  0.284082E+01  0.110433E+00 -0.529307E-01  0.000000E+00  0.000000E+00  0.000000E+00  0.000000E+00
  0.284082E+01 -0.705104E-01 -0.471249E-01  0.000000E+00  0.000000E+00  0.000000E+00  0.000000E+00
  0.284082E+01 -0.303086E-01 -0.940393E-02  0.000000E+00  0.000000E+00  0.000000E+00  0.000000E+00
  0.284082E+01 -0.340568E-01  0.103944E-01  0.000000E+00  0.000000E+00  0.000000E+00  0.000000E+00
  0.284082E+01 -0.745657E-01 -0.103926E+00  0.000000E+00  0.000000E+00  0.000000E+00  0.000000E+00
  0.284082E+01 -0.281330E-01  0.723743E-01  0.000000E+00  0.000000E+00  0.000000E+00  0.000000E+00
  0.284082E+01  0.348526E-02 -0.220250E-03  0.000000E+00  0.000000E+00  0.000000E+00  0.000000E+00
  0.284082E+01 -0.299697E-01  0.150016E-02  0.000000E+00  0.000000E+00  0.000000E+00  0.000000E+00
  0.284082E+01  0.166559E+00 -0.122994E+00  0.000000E+00  0.000000E+00  0.000000E+00  0.000000E+00
  0.284082E+01  0.181028E+00  0.810212E-01  0.000000E+00  0.000000E+00  0.000000E+00  0.000000E+00
  0.284082E+01 -0.212719E+00  0.276709E-01  0.000000E+00  0.000000E+00  0.000000E+00  0.000000E+00
  0.284082E+01 -0.773718E-02  0.864388E-01  0.000000E+00  0.000000E+00  0.000000E+00  0.000000E+00
  0.284082E+01  0.969279E-02  0.845992E-01  0.000000E+00  0.000000E+00  0.000000E+00  0.000000E+00
  0.284082E+01 -0.821136E-02  0.265134E-01  0.000000E+00  0.000000E+00  0.000000E+00  0.000000E+00
  0.284082E+01  0.283780E-02  0.830827E-01  0.000000E+00  0.000000E+00  0.000000E+00  0.000000E+00
  0.284082E+01 -0.909636E-02 -0.535281E-02  0.000000E+00  0.000000E+00  0.000000E+00  0.000000E+00
  0.284082E+01  0.852515E-01 -0.101347E+00  0.000000E+00  0.000000E+00  0.000000E+00  0.000000E+00
  0.284082E+01  0.173441E-01  0.182257E-01  0.000000E+00  0.000000E+00  0.000000E+00  0.000000E+00
  0.284082E+01  0.308482E-02  0.246605E-01  0.000000E+00  0.000000E+00  0.000000E+00  0.000000E+00
  0.284082E+01  0.128804E+00 -0.117240E+00  0.000000E+00  0.000000E+00  0.000000E+00  0.000000E+00
  0.284082E+01 -0.536651E-01  0.480303E-01  0.000000E+00  0.000000E+00  0.000000E+00  0.000000E+00
  0.284082E+01 -0.190201E+00 -0.210860E-01  0.000000E+00  0.000000E+00  0.000000E+00  0.000000E+00
  0.284082E+01  0.101462E+00  0.113625E+00  0.000000E+00  0.000000E+00  0.000000E+00  0.000000E+00
  0.284082E+01  0.233054E-02  0.186495E+00  0.000000E+00  0.000000E+00  0.000000E+00  0.000000E+00
  0.284082E+01  0.166929E+00 -0.464433E-01  0.000000E+00  0.000000E+00  0.000000E+00  0.000000E+00
  0.284082E+01 -0.369071E-01  0.138332E-01  0.000000E+00  0.000000E+00  0.000000E+00  0.000000E+00
  0.284082E+01 -0.201202E+00 -0.330453E-01  0.000000E+00  0.000000E+00  0.000000E+00  0.000000E+00
  0.284082E+01 -0.406488E-01 -0.293937E-01  0.000000E+00  0.000000E+00  0.000000E+00  0.000000E+00
  0.284082E+01  0.220034E-01  0.135634E+00  0.000000E+00  0.000000E+00  0.000000E+00  0.000000E+00
  0.284082E+01 -0.137311E+00  0.114530E+00  0.000000E+00  0.000000E+00  0.000000E+00  0.000000E+00
  0.284082E+01  0.125954E-01  0.219216E+00  0.000000E+00  0.000000E+00  0.000000E+00  0.000000E+00
  0.284082E+01 -0.586000E-02  0.111528E-01  0.000000E+00  0.000000E+00  0.000000E+00  0.000000E+00
  0.284082E+01  0.523129E-01 -0.107433E-01  0.000000E+00  0.000000E+00  0.000000E+00  0.000000E+00
  0.284082E+01  0.144503E-01 -0.224734E+00  0.000000E+00  0.000000E+00  0.000000E+00  0.000000E+00
  0.284082E+01  0.721295E-01  0.739720E-01  0.000000E+00  0.000000E+00  0.000000E+00  0.000000E+00
  0.284082E+01 -0.100261E+00 -0.521304E-01  0.000000E+00  0.000000E+00  0.000000E+00  0.000000E+00
  0.284082E+01  0.462531E-02 -0.165816E+00  0.000000E+00  0.000000E+00  0.000000E+00  0.000000E+00
  0.284082E+01 -0.871304E-01 -0.587182E-01  0.000000E+00  0.000000E+00  0.000000E+00  0.000000E+00
  0.284082E+01 -0.412637E-01  0.184101E+00  0.000000E+00  0.000000E+00  0.000000E+00  0.000000E+00
  0.284082E+01  0.204567E-01 -0.141860E-01  0.000000E+00  0.000000E+00  0.000000E+00  0.000000E+00
  0.284082E+01  0.206279E+00 -0.416479E-01  0.000000E+00  0.000000E+00  0.000000E+00  0.000000E+00
  0.284082E+01  0.350286E-02 -0.183937E+00  0.000000E+00  0.000000E+00  0.000000E+00  0.000000E+00
  0.284082E+01 -0.713461E-02  0.163442E+00  0.000000E+00  0.000000E+00  0.000000E+00  0.000000E+00
  0.284082E+01 -0.643539E-01  0.234277E+00  0.000000E+00  0.000000E+00  0.000000E+00  0.000000E+00
  0.284082E+01 -0.216736E-02 -0.164502E-01  0.000000E+00  0.000000E+00  0.000000E+00  0.000000E+00
  0.284082E+01 -0.224746E+00 -0.308459E-01  0.000000E+00  0.000000E+00  0.000000E+00  0.000000E+00
  0.284082E+01  0.622653E-01 -0.169802E+00  0.000000E+00  0.000000E+00  0.000000E+00  0.000000E+00
  0.284082E+01  0.221836E+00 -0.114035E-01  0.000000E+00  0.000000E+00  0.000000E+00  0.000000E+00
  0.284082E+01 -0.138017E+00 -0.739450E-01  0.000000E+00  0.000000E+00  0.000000E+00  0.000000E+00
  0.284082E+01  0.171409E+00  0.402779E-01  0.000000E+00  0.000000E+00  0.000000E+00  0.000000E+00
  0.284082E+01  0.228096E+00  0.496543E-02  0.000000E+00  0.000000E+00  0.000000E+00  0.000000E+00
  0.284082E+01  0.201222E+00  0.102093E+00  0.000000E+00  0.000000E+00  0.000000E+00  0.000000E+00
  0.284082E+01  0.552351E-02 -0.108656E-01  0.000000E+00  0.000000E+00  0.000000E+00  0.000000E+00
  0.284082E+01 -0.550049E-01 -0.176152E+00  0.000000E+00  0.000000E+00  0.000000E+00  0.000000E+00
  0.284082E+01 -0.125740E-01 -0.888039E-01  0.000000E+00  0.000000E+00  0.000000E+00  0.000000E+00
  0.284082E+01  0.930080E-03 -0.606912E-01  0.000000E+00  0.000000E+00  0.000000E+00  0.000000E+00
  0.284082E+01  0.137362E+00  0.104332E+00  0.000000E+00  0.000000E+00  0.000000E+00  0.000000E+00
  0.284082E+01  0.207295E+00 -0.122883E+00  0.000000E+00  0.000000E+00  0.000000E+00  0.000000E+00
  0.284082E+01  0.357786E-02 -0.108168E+00  0.000000E+00  0.000000E+00  0.000000E+00  0.000000E+00
  0.284082E+01 -0.164401E+00  0.158148E+00  0.000000E+00  0.000000E+00  0.000000E+00  0.000000E+00
  0.284082E+01  0.192458E+00  0.663486E-01  0.000000E+00  0.000000E+00  0.000000E+00  0.000000E+00
  0.284082E+01  0.820062E-02 -0.183487E-01  0.000000E+00  0.000000E+00  0.000000E+00  0.000000E+00
  0.284082E+01  0.206035E+00 -0.895558E-01  0.000000E+00  0.000000E+00  0.000000E+00  0.000000E+00
  0.284082E+01 -0.936914E-01 -0.195046E+00  0.000000E+00  0.000000E+00  0.000000E+00  0.000000E+00
  0.284082E+01  0.745469E-01  0.620528E-01  0.000000E+00  0.000000E+00  0.000000E+00  0.000000E+00
  0.284082E+01 -0.939884E-01  0.126591E+00  0.000000E+00  0.000000E+00  0.000000E+00  0.000000E+00
  0.284082E+01 -0.169791E+00 -0.898234E-02  0.000000E+00  0.000000E+00  0.000000E+00  0.000000E+00
  0.284082E+01 -0.138941E+00 -0.933464E-01  0.000000E+00  0.000000E+00  0.000000E+00  0.000000E+00
  0.284082E+01 -0.305601E-02 -0.353240E-02  0.000000E+00  0.000000E+00  0.000000E+00  0.000000E+00
  0.284082E+01  0.174096E-01  0.179855E+00  0.000000E+00  0.000000E+00  0.000000E+00  0.000000E+00
  0.284082E+01 -0.115714E+00  0.110318E+00  0.000000E+00  0.000000E+00  0.000000E+00  0.000000E+00
  0.284082E+01  0.156227E+00 -0.137631E+00  0.000000E+00  0.000000E+00  0.000000E+00  0.000000E+00
  0.284082E+01  0.388811E-01  0.146500E-01  0.000000E+00  0.000000E+00  0.000000E+00  0.000000E+00
  0.284082E+01 -0.814330E-02 -0.766540E-02  0.000000E+00  0.000000E+00  0.000000E+00  0.000000E+00
  0.284082E+01  0.105748E+00 -0.174403E+00  0.000000E+00  0.000000E+00  0.000000E+00  0.000000E+00
  0.284082E+01  0.346139E-01  0.322959E-01  0.000000E+00  0.000000E+00  0.000000E+00  0.000000E+00
  0.284082E+01 -0.973519E-01 -0.107491E-01  0.000000E+00  0.000000E+00  0.000000E+00  0.000000E+00
  0.284082E+01 -0.868796E-01 -0.212382E+00  0.000000E+00  0.000000E+00  0.000000E+00  0.000000E+00
  0.284082E+01 -0.978441E-01 -0.114508E+00  0.000000E+00  0.000000E+00  0.000000E+00  0.000000E+00
  0.284082E+01  0.895886E-01  0.237535E-01  0.000000E+00  0.000000E+00  0.000000E+00  0.000000E+00
  0.284082E+01 -0.266298E-02 -0.239592E-01  0.000000E+00  0.000000E+00  0.000000E+00  0.000000E+00
  0.284082E+01 -0.117971E+00  0.181379E-02  0.000000E+00  0.000000E+00  0.000000E+00  0.000000E+00
  0.284082E+01 -0.148388E+00 -0.983194E-01  0.000000E+00  0.000000E+00  0.000000E+00  0.000000E+00
