  0.283944E+01 -0.373257E+00  0.155481E-01  0.000000E+00  0.000000E+00  0.000000E+00  0.000000E+00
  0.228563E+01  0.768782E-02  0.320136E+00  0.000000E+00  0.000000E+00  0.000000E+00  0.000000E+00
  0.201963E+01  0.481829E-02  0.264048E+00  0.000000E+00  0.000000E+00  0.000000E+00  0.000000E+00
  0.235765E+01  0.352578E+00  0.271358E-02  0.000000E+00  0.000000E+00  0.000000E+00  0.000000E+00
  0.264851E+01  0.262614E+00  0.197494E-01  0.000000E+00  0.000000E+00  0.000000E+00  0.000000E+00
  0.177478E+01  0.206580E+00  0.177566E-02  0.000000E+00  0.000000E+00  0.000000E+00  0.000000E+00
  0.168311E+01 -0.293080E-02  0.182626E+00  0.000000E+00  0.000000E+00  0.000000E+00  0.000000E+00
  0.216015E+01 -0.304360E+00  0.112901E-02  0.000000E+00  0.000000E+00  0.000000E+00  0.000000E+00
  0.202887E+01  0.841167E-02  0.255608E+00  0.000000E+00  0.000000E+00  0.000000E+00  0.000000E+00
  0.241757E+01  0.341708E+00  0.956447E-02  0.000000E+00  0.000000E+00  0.000000E+00  0.000000E+00
  0.226856E+01  0.478847E-02  0.325969E+00  0.000000E+00  0.000000E+00  0.000000E+00  0.000000E+00
  0.251240E+01  0.194023E-01  0.248371E+00  0.000000E+00  0.000000E+00  0.000000E+00  0.000000E+00
  0.224693E+01 -0.148920E-01  0.262367E+00  0.000000E+00  0.000000E+00  0.000000E+00  0.000000E+00
  0.217751E+01 -0.146397E-01  0.250532E+00  0.000000E+00  0.000000E+00  0.000000E+00  0.000000E+00
  0.235725E+01 -0.178576E-01  0.248142E+00  0.000000E+00  0.000000E+00  0.000000E+00  0.000000E+00
  0.255950E+01 -0.365784E+00  0.108225E-01  0.000000E+00  0.000000E+00  0.000000E+00  0.000000E+00
  0.169834E+01 -0.185800E+00  0.359347E-02  0.000000E+00  0.000000E+00  0.000000E+00  0.000000E+00
  0.178085E+01 -0.106458E-01  0.188779E+00  0.000000E+00  0.000000E+00  0.000000E+00  0.000000E+00
  0.192235E+01 -0.146373E-01  0.198182E+00  0.000000E+00  0.000000E+00  0.000000E+00  0.000000E+00
  0.180550E+01  0.246233E-02  0.213837E+00  0.000000E+00  0.000000E+00  0.000000E+00  0.000000E+00
  0.255250E+01 -0.286624E+00  0.176188E-01  0.000000E+00  0.000000E+00  0.000000E+00  0.000000E+00
  0.241807E+01  0.365810E+00  0.373851E-02  0.000000E+00  0.000000E+00  0.000000E+00  0.000000E+00
  0.245627E+01 -0.315435E+00  0.139116E-01  0.000000E+00  0.000000E+00  0.000000E+00  0.000000E+00
  0.209434E+01 -0.229615E+00  0.150912E-01  0.000000E+00  0.000000E+00  0.000000E+00  0.000000E+00
  0.166358E+01  0.178894E+00  0.635833E-03  0.000000E+00  0.000000E+00  0.000000E+00  0.000000E+00
  0.259011E+01 -0.396215E+00  0.715801E-02  0.000000E+00  0.000000E+00  0.000000E+00  0.000000E+00
  0.280331E+01  0.152933E-01  0.369827E+00  0.000000E+00  0.000000E+00  0.000000E+00  0.000000E+00
  0.270190E+01  0.340036E+00  0.159629E-01  0.000000E+00  0.000000E+00  0.000000E+00  0.000000E+00
  0.200513E+01  0.227201E+00  0.129247E-01  0.000000E+00  0.000000E+00  0.000000E+00  0.000000E+00
  0.254881E+01  0.304130E+00  0.164066E-01  0.000000E+00  0.000000E+00  0.000000E+00  0.000000E+00
  0.253875E+01 -0.318464E-02  0.397261E+00  0.000000E+00  0.000000E+00  0.000000E+00  0.000000E+00
  0.184763E+01  0.111083E-01  0.202061E+00  0.000000E+00  0.000000E+00  0.000000E+00  0.000000E+00
  0.200031E+01  0.254547E+00  0.669689E-02  0.000000E+00  0.000000E+00  0.000000E+00  0.000000E+00
  0.169521E+01 -0.186396E+00  0.193760E-02  0.000000E+00  0.000000E+00  0.000000E+00  0.000000E+00
  0.283128E+01  0.372389E+00  0.154982E-01  0.000000E+00  0.000000E+00  0.000000E+00  0.000000E+00
  0.240509E+01  0.167701E-01  0.271946E+00  0.000000E+00  0.000000E+00  0.000000E+00  0.000000E+00
  0.205805E+01 -0.256706E+00  0.975776E-02  0.000000E+00  0.000000E+00  0.000000E+00  0.000000E+00
  0.211755E+01 -0.767766E-02  0.279682E+00  0.000000E+00  0.000000E+00  0.000000E+00  0.000000E+00
  0.177099E+01  0.178527E+00  0.124997E-01  0.000000E+00  0.000000E+00  0.000000E+00  0.000000E+00
  0.256247E+01 -0.320072E+00  0.154133E-01  0.000000E+00  0.000000E+00  0.000000E+00  0.000000E+00
  0.236294E+01  0.154847E-01  0.279501E+00  0.000000E+00  0.000000E+00  0.000000E+00  0.000000E+00
  0.219568E+01 -0.169681E-01  0.230355E+00  0.000000E+00  0.000000E+00  0.000000E+00  0.000000E+00
  0.243148E+01 -0.372223E+00  0.195463E-02  0.000000E+00  0.000000E+00  0.000000E+00  0.000000E+00
  0.275239E+01  0.355067E-02  0.450004E+00  0.000000E+00  0.000000E+00  0.000000E+00  0.000000E+00
  0.206944E+01 -0.157808E-01  0.218488E+00  0.000000E+00  0.000000E+00  0.000000E+00  0.000000E+00
  0.227582E+01 -0.236390E+00  0.176590E-01  0.000000E+00  0.000000E+00  0.000000E+00  0.000000E+00
  0.264162E+01  0.102285E-01  0.389231E+00  0.000000E+00  0.000000E+00  0.000000E+00  0.000000E+00
  0.189205E+01  0.126524E-01  0.204229E+00  0.000000E+00  0.000000E+00  0.000000E+00  0.000000E+00
  0.226112E+01 -0.310081E+00  0.860003E-02  0.000000E+00  0.000000E+00  0.000000E+00  0.000000E+00
  0.272494E+01 -0.142407E-01  0.367935E+00  0.000000E+00  0.000000E+00  0.000000E+00  0.000000E+00
  0.261256E+01 -0.703118E-02  0.402291E+00  0.000000E+00  0.000000E+00  0.000000E+00  0.000000E+00
  0.181119E+01  0.194581E+00  0.109233E-01  0.000000E+00  0.000000E+00  0.000000E+00  0.000000E+00
  0.239763E+01 -0.249737E+00  0.182231E-01  0.000000E+00  0.000000E+00  0.000000E+00  0.000000E+00
  0.167013E+01  0.169649E+00  0.857581E-02  0.000000E+00  0.000000E+00  0.000000E+00  0.000000E+00
  0.199382E+01  0.371500E-03  0.262530E+00  0.000000E+00  0.000000E+00  0.000000E+00  0.000000E+00
  0.250315E+01 -0.324439E+00  0.139929E-01  0.000000E+00  0.000000E+00  0.000000E+00  0.000000E+00
  0.231979E+01  0.342569E+00  0.301505E-02  0.000000E+00  0.000000E+00  0.000000E+00  0.000000E+00
  0.251496E+01 -0.251763E+00  0.192471E-01  0.000000E+00  0.000000E+00  0.000000E+00  0.000000E+00
  0.190476E+01  0.129519E-01  0.205291E+00  0.000000E+00  0.000000E+00  0.000000E+00  0.000000E+00
  0.209630E+01 -0.222886E+00  0.158737E-01  0.000000E+00  0.000000E+00  0.000000E+00  0.000000E+00
  0.171658E+01  0.933126E-02  0.178466E+00  0.000000E+00  0.000000E+00  0.000000E+00  0.000000E+00
  0.237880E+01  0.113719E-01  0.320625E+00  0.000000E+00  0.000000E+00  0.000000E+00  0.000000E+00
  0.176097E+01 -0.359409E-02  0.201491E+00  0.000000E+00  0.000000E+00  0.000000E+00  0.000000E+00
  0.218626E+01  0.168618E-01  0.229818E+00  0.000000E+00  0.000000E+00  0.000000E+00  0.000000E+00
  0.278856E+01  0.197783E-01  0.283662E+00  0.000000E+00  0.000000E+00  0.000000E+00  0.000000E+00
  0.272224E+01 -0.899468E-02  0.417047E+00  0.000000E+00  0.000000E+00  0.000000E+00  0.000000E+00
  0.247132E+01  0.244336E+00  0.192674E-01  0.000000E+00  0.000000E+00  0.000000E+00  0.000000E+00
  0.196190E+01  0.151486E-01  0.202440E+00  0.000000E+00  0.000000E+00  0.000000E+00  0.000000E+00
  0.167371E+01 -0.275278E-02  0.180411E+00  0.000000E+00  0.000000E+00  0.000000E+00  0.000000E+00
  0.246590E+01 -0.381709E+00  0.110062E-02  0.000000E+00  0.000000E+00  0.000000E+00  0.000000E+00
  0.222956E+01 -0.122424E-01  0.280963E+00  0.000000E+00  0.000000E+00  0.000000E+00  0.000000E+00
  0.199041E+01 -0.392150E-02  0.258457E+00  0.000000E+00  0.000000E+00  0.000000E+00  0.000000E+00
  0.195107E+01 -0.861119E-02  0.236332E+00  0.000000E+00  0.000000E+00  0.000000E+00  0.000000E+00
  0.235224E+01 -0.468762E-02  0.347037E+00  0.000000E+00  0.000000E+00  0.000000E+00  0.000000E+00
  0.222786E+01 -0.293898E+00  0.101848E-01  0.000000E+00  0.000000E+00  0.000000E+00  0.000000E+00
  0.212497E+01  0.321826E-02  0.293303E+00  0.000000E+00  0.000000E+00  0.000000E+00  0.000000E+00
  0.237297E+01  0.188465E-01  0.235582E+00  0.000000E+00  0.000000E+00  0.000000E+00  0.000000E+00
  0.213823E+01  0.266445E+00  0.113618E-01  0.000000E+00  0.000000E+00  0.000000E+00  0.000000E+00
  0.201154E+01 -0.721235E-02  0.255692E+00  0.000000E+00  0.000000E+00  0.000000E+00  0.000000E+00
  0.193121E+01  0.601442E-03  0.246637E+00  0.000000E+00  0.000000E+00  0.000000E+00  0.000000E+00
  0.214702E+01  0.244972E+00  0.145592E-01  0.000000E+00  0.000000E+00  0.000000E+00  0.000000E+00
  0.184719E+01 -0.125256E-01  0.195101E+00  0.000000E+00  0.000000E+00  0.000000E+00  0.000000E+00
  0.183194E+01  0.443937E-03  0.221539E+00  0.000000E+00  0.000000E+00  0.000000E+00  0.000000E+00
  0.202849E+01 -0.151633E-01  0.215729E+00  0.000000E+00  0.000000E+00  0.000000E+00  0.000000E+00
  0.215539E+01  0.274559E+00  0.106487E-01  0.000000E+00  0.000000E+00  0.000000E+00  0.000000E+00
  0.215929E+01 -0.153481E-01  0.240325E+00  0.000000E+00  0.000000E+00  0.000000E+00  0.000000E+00
  0.215461E+01  0.240649E+00  0.152137E-01  0.000000E+00  0.000000E+00  0.000000E+00  0.000000E+00
  0.179351E+01  0.981066E-02  0.194851E+00  0.000000E+00  0.000000E+00  0.000000E+00  0.000000E+00
  0.226614E+01 -0.174655E-01  0.237190E+00  0.000000E+00  0.000000E+00  0.000000E+00  0.000000E+00
  0.282311E+01  0.343272E+00  0.171798E-01  0.000000E+00  0.000000E+00  0.000000E+00  0.000000E+00
  0.282417E+01 -0.738156E-02  0.451706E+00  0.000000E+00  0.000000E+00  0.000000E+00  0.000000E+00
  0.219379E+01  0.272847E+00  0.122737E-01  0.000000E+00  0.000000E+00  0.000000E+00  0.000000E+00
  0.245455E+01  0.248851E+00  0.188637E-01  0.000000E+00  0.000000E+00  0.000000E+00  0.000000E+00
  0.207814E+01  0.244238E+00  0.127458E-01  0.000000E+00  0.000000E+00  0.000000E+00  0.000000E+00
  0.209838E+01 -0.257245E+00  0.113977E-01  0.000000E+00  0.000000E+00  0.000000E+00  0.000000E+00
  0.269818E+01  0.425606E+00  0.652482E-02  0.000000E+00  0.000000E+00  0.000000E+00  0.000000E+00
  0.202308E+01  0.240477E+00  0.113619E-01  0.000000E+00  0.000000E+00  0.000000E+00  0.000000E+00
  0.189656E+01 -0.210509E+00  0.116527E-01  0.000000E+00  0.000000E+00  0.000000E+00  0.000000E+00
  0.243741E+01  0.261897E+00  0.178868E-01  0.000000E+00  0.000000E+00  0.000000E+00  0.000000E+00
  0.265440E+01 -0.185512E-01  0.288118E+00  0.000000E+00  0.000000E+00  0.000000E+00  0.000000E+00
  0.212627E+01  0.151314E-01  0.235699E+00  0.000000E+00  0.000000E+00  0.000000E+00  0.000000E+00
  0.276924E+01 -0.279051E+00  0.198462E-01  0.000000E+00  0.000000E+00  0.000000E+00  0.000000E+00
  0.241256E+01 -0.139636E-01  0.305724E+00  0.000000E+00  0.000000E+00  0.000000E+00  0.000000E+00
  0.188914E+01 -0.680592E-02  0.227141E+00  0.000000E+00  0.000000E+00  0.000000E+00  0.000000E+00
  0.199296E+01  0.258593E+00  0.421209E-02  0.000000E+00  0.000000E+00  0.000000E+00  0.000000E+00
  0.238422E+01  0.126717E-01  0.311535E+00  0.000000E+00  0.000000E+00  0.000000E+00  0.000000E+00
  0.196490E+01 -0.249484E+00  0.527803E-02  0.000000E+00  0.000000E+00  0.000000E+00  0.000000E+00
  0.205723E+01 -0.273567E+00  0.473644E-02  0.000000E+00  0.000000E+00  0.000000E+00  0.000000E+00
  0.182838E+01  0.204963E+00  0.926448E-02  0.000000E+00  0.000000E+00  0.000000E+00  0.000000E+00
  0.214964E+01 -0.286088E+00  0.801026E-02  0.000000E+00  0.000000E+00  0.000000E+00  0.000000E+00
  0.258986E+01  0.259435E+00  0.194661E-01  0.000000E+00  0.000000E+00  0.000000E+00  0.000000E+00
  0.198265E+01 -0.244632E+00  0.839988E-02  0.000000E+00  0.000000E+00  0.000000E+00  0.000000E+00
  0.192953E+01 -0.198007E+00  0.148665E-01  0.000000E+00  0.000000E+00  0.000000E+00  0.000000E+00
  0.251526E+01 -0.127545E-02  0.394064E+00  0.000000E+00  0.000000E+00  0.000000E+00  0.000000E+00
  0.265505E+01 -0.198613E-01  0.261131E+00  0.000000E+00  0.000000E+00  0.000000E+00  0.000000E+00
  0.181771E+01 -0.212526E+00  0.555377E-02  0.000000E+00  0.000000E+00  0.000000E+00  0.000000E+00
  0.243291E+01 -0.144063E-01  0.305436E+00  0.000000E+00  0.000000E+00  0.000000E+00  0.000000E+00
  0.211988E+01  0.293202E+00  0.232301E-02  0.000000E+00  0.000000E+00  0.000000E+00  0.000000E+00
  0.241140E+01  0.838714E-03  0.368074E+00  0.000000E+00  0.000000E+00  0.000000E+00  0.000000E+00
  0.278995E+01 -0.316508E+00  0.182850E-01  0.000000E+00  0.000000E+00  0.000000E+00  0.000000E+00
  0.242270E+01  0.336325E+00  0.105720E-01  0.000000E+00  0.000000E+00  0.000000E+00  0.000000E+00
  0.233283E+01  0.141548E-01  0.287168E+00  0.000000E+00  0.000000E+00  0.000000E+00  0.000000E+00
  0.226183E+01 -0.539652E-02  0.322624E+00  0.000000E+00  0.000000E+00  0.000000E+00  0.000000E+00
  0.276612E+01  0.212220E-02  0.456436E+00  0.000000E+00  0.000000E+00  0.000000E+00  0.000000E+00
  0.193298E+01 -0.246954E+00  0.100851E-02  0.000000E+00  0.000000E+00  0.000000E+00  0.000000E+00
  0.241483E+01  0.369077E+00  0.497535E-03  0.000000E+00  0.000000E+00  0.000000E+00  0.000000E+00
  0.200608E+01 -0.118400E-02  0.265367E+00  0.000000E+00  0.000000E+00  0.000000E+00  0.000000E+00
  0.180106E+01 -0.433318E-02  0.210521E+00  0.000000E+00  0.000000E+00  0.000000E+00  0.000000E+00
  0.225872E+01 -0.325906E+00  0.374488E-02  0.000000E+00  0.000000E+00  0.000000E+00  0.000000E+00
  0.276057E+01  0.127887E-01  0.392407E+00  0.000000E+00  0.000000E+00  0.000000E+00  0.000000E+00
  0.213874E+01  0.156808E-01  0.233066E+00  0.000000E+00  0.000000E+00  0.000000E+00  0.000000E+00
  0.215216E+01 -0.248893E+00  0.142232E-01  0.000000E+00  0.000000E+00  0.000000E+00  0.000000E+00
  0.221127E+01  0.515717E-02  0.310783E+00  0.000000E+00  0.000000E+00  0.000000E+00  0.000000E+00
  0.224859E+01 -0.301129E+00  0.975608E-02  0.000000E+00  0.000000E+00  0.000000E+00  0.000000E+00
  0.239641E+01  0.104181E-01  0.331331E+00  0.000000E+00  0.000000E+00  0.000000E+00  0.000000E+00
  0.266408E+01  0.340731E+00  0.153833E-01  0.000000E+00  0.000000E+00  0.000000E+00  0.000000E+00
  0.200542E+01  0.474779E-02  0.260664E+00  0.000000E+00  0.000000E+00  0.000000E+00  0.000000E+00
  0.245310E+01  0.242898E+00  0.191851E-01  0.000000E+00  0.000000E+00  0.000000E+00  0.000000E+00
  0.205494E+01  0.364107E-02  0.275070E+00  0.000000E+00  0.000000E+00  0.000000E+00  0.000000E+00
  0.264348E+01  0.405198E+00  0.789279E-02  0.000000E+00  0.000000E+00  0.000000E+00  0.000000E+00
  0.231970E+01 -0.242382E-02  0.343439E+00  0.000000E+00  0.000000E+00  0.000000E+00  0.000000E+00
  0.260638E+01  0.150563E-01  0.333411E+00  0.000000E+00  0.000000E+00  0.000000E+00  0.000000E+00
  0.172059E+01 -0.111892E-02  0.193190E+00  0.000000E+00  0.000000E+00  0.000000E+00  0.000000E+00
  0.262315E+01 -0.531548E-02  0.412245E+00  0.000000E+00  0.000000E+00  0.000000E+00  0.000000E+00
  0.282348E+01 -0.588897E-02  0.459311E+00  0.000000E+00  0.000000E+00  0.000000E+00  0.000000E+00
  0.172546E+01 -0.181035E+00  0.917531E-02  0.000000E+00  0.000000E+00  0.000000E+00  0.000000E+00
  0.173516E+01  0.191918E+00  0.568054E-02  0.000000E+00  0.000000E+00  0.000000E+00  0.000000E+00
  0.170826E+01 -0.181510E+00  0.749553E-02  0.000000E+00  0.000000E+00  0.000000E+00  0.000000E+00
  0.175174E+01  0.371868E-02  0.199032E+00  0.000000E+00  0.000000E+00  0.000000E+00  0.000000E+00
  0.263087E+01 -0.420582E+00  0.309697E-02  0.000000E+00  0.000000E+00  0.000000E+00  0.000000E+00
  0.181683E+01  0.194699E-02  0.217089E+00  0.000000E+00  0.000000E+00  0.000000E+00  0.000000E+00
  0.261671E+01 -0.284625E+00  0.183936E-01  0.000000E+00  0.000000E+00  0.000000E+00  0.000000E+00
  0.260268E+01 -0.947443E-02  0.385626E+00  0.000000E+00  0.000000E+00  0.000000E+00  0.000000E+00
  0.248902E+01  0.989009E-02  0.356286E+00  0.000000E+00  0.000000E+00  0.000000E+00  0.000000E+00
  0.166183E+01  0.177886E+00  0.208656E-02  0.000000E+00  0.000000E+00  0.000000E+00  0.000000E+00
  0.253198E+01 -0.177599E-01  0.280682E+00  0.000000E+00  0.000000E+00  0.000000E+00  0.000000E+00
  0.265471E+01 -0.661259E-02  0.414572E+00  0.000000E+00  0.000000E+00  0.000000E+00  0.000000E+00
  0.223420E+01 -0.321603E+00  0.264503E-02  0.000000E+00  0.000000E+00  0.000000E+00  0.000000E+00
  0.274191E+01 -0.442807E+00  0.500547E-02  0.000000E+00  0.000000E+00  0.000000E+00  0.000000E+00
  0.243793E+01  0.519251E-02  0.366821E+00  0.000000E+00  0.000000E+00  0.000000E+00  0.000000E+00
  0.267898E+01 -0.262710E+00  0.199528E-01  0.000000E+00  0.000000E+00  0.000000E+00  0.000000E+00
  0.244822E+01  0.310243E+00  0.142513E-01  0.000000E+00  0.000000E+00  0.000000E+00  0.000000E+00
  0.234260E+01  0.622831E-02  0.339799E+00  0.000000E+00  0.000000E+00  0.000000E+00  0.000000E+00
  0.188953E+01  0.234925E+00  0.254932E-02  0.000000E+00  0.000000E+00  0.000000E+00  0.000000E+00
  0.239668E+01 -0.178792E-02  0.363622E+00  0.000000E+00  0.000000E+00  0.000000E+00  0.000000E+00
  0.220209E+01 -0.978057E-02  0.290159E+00  0.000000E+00  0.000000E+00  0.000000E+00  0.000000E+00
  0.270421E+01  0.335276E+00  0.163113E-01  0.000000E+00  0.000000E+00  0.000000E+00  0.000000E+00
  0.219160E+01 -0.585047E-02  0.303951E+00  0.000000E+00  0.000000E+00  0.000000E+00  0.000000E+00
  0.165644E+01  0.118433E-02  0.176943E+00  0.000000E+00  0.000000E+00  0.000000E+00  0.000000E+00
  0.167142E+01 -0.172246E+00  0.765430E-02  0.000000E+00  0.000000E+00  0.000000E+00  0.000000E+00
  0.268351E+01  0.286025E+00  0.189067E-01  0.000000E+00  0.000000E+00  0.000000E+00  0.000000E+00
  0.260906E+01  0.194801E-01  0.262195E+00  0.000000E+00  0.000000E+00  0.000000E+00  0.000000E+00
  0.266339E+01 -0.358403E+00  0.139632E-01  0.000000E+00  0.000000E+00  0.000000E+00  0.000000E+00
  0.185194E+01 -0.270975E-02  0.225303E+00  0.000000E+00  0.000000E+00  0.000000E+00  0.000000E+00
  0.206081E+01 -0.168264E-01  0.206730E+00  0.000000E+00  0.000000E+00  0.000000E+00  0.000000E+00
  0.221511E+01 -0.135900E-01  0.267403E+00  0.000000E+00  0.000000E+00  0.000000E+00  0.000000E+00
  0.254575E+01 -0.313151E+00  0.156939E-01  0.000000E+00  0.000000E+00  0.000000E+00  0.000000E+00
  0.177800E+01 -0.207607E+00  0.136844E-02  0.000000E+00  0.000000E+00  0.000000E+00  0.000000E+00
  0.207264E+01 -0.395677E-03  0.282480E+00  0.000000E+00  0.000000E+00  0.000000E+00  0.000000E+00
  0.184635E+01  0.152720E-02  0.224803E+00  0.000000E+00  0.000000E+00  0.000000E+00  0.000000E+00
  0.190207E+01 -0.219316E+00  0.100084E-01  0.000000E+00  0.000000E+00  0.000000E+00  0.000000E+00
  0.255528E+01 -0.128289E-01  0.347360E+00  0.000000E+00  0.000000E+00  0.000000E+00  0.000000E+00
  0.190213E+01  0.986554E-02  0.219921E+00  0.000000E+00  0.000000E+00  0.000000E+00  0.000000E+00
  0.213097E+01  0.294774E+00  0.324052E-02  0.000000E+00  0.000000E+00  0.000000E+00  0.000000E+00
  0.199304E+01  0.259627E+00  0.360016E-02  0.000000E+00  0.000000E+00  0.000000E+00  0.000000E+00
  0.208507E+01  0.264499E+00  0.944337E-02  0.000000E+00  0.000000E+00  0.000000E+00  0.000000E+00
  0.212447E+01  0.249345E+00  0.134316E-01  0.000000E+00  0.000000E+00  0.000000E+00  0.000000E+00
  0.203576E+01 -0.627144E-02  0.264443E+00  0.000000E+00  0.000000E+00  0.000000E+00  0.000000E+00
  0.248166E+01 -0.295950E+00  0.160540E-01  0.000000E+00  0.000000E+00  0.000000E+00  0.000000E+00
  0.190839E+01  0.104109E-01  0.219046E+00  0.000000E+00  0.000000E+00  0.000000E+00  0.000000E+00
  0.226125E+01  0.592837E-04  0.330267E+00  0.000000E+00  0.000000E+00  0.000000E+00  0.000000E+00
  0.209673E+01  0.217229E+00  0.164602E-01  0.000000E+00  0.000000E+00  0.000000E+00  0.000000E+00
  0.221625E+01 -0.310905E+00  0.555439E-02  0.000000E+00  0.000000E+00  0.000000E+00  0.000000E+00
  0.196191E+01 -0.409959E-02  0.251037E+00  0.000000E+00  0.000000E+00  0.000000E+00  0.000000E+00
  0.179545E+01 -0.187450E+00  0.117440E-01  0.000000E+00  0.000000E+00  0.000000E+00  0.000000E+00
  0.249359E+01  0.182977E-01  0.265128E+00  0.000000E+00  0.000000E+00  0.000000E+00  0.000000E+00
  0.176235E+01 -0.191999E+00  0.843456E-02  0.000000E+00  0.000000E+00  0.000000E+00  0.000000E+00
  0.207887E+01  0.476166E-03  0.284041E+00  0.000000E+00  0.000000E+00  0.000000E+00  0.000000E+00
  0.251597E+01  0.389776E+00  0.395865E-02  0.000000E+00  0.000000E+00  0.000000E+00  0.000000E+00
  0.165951E+01 -0.175898E+00  0.375827E-02  0.000000E+00  0.000000E+00  0.000000E+00  0.000000E+00
  0.207239E+01  0.253834E+00  0.109649E-01  0.000000E+00  0.000000E+00  0.000000E+00  0.000000E+00
  0.269829E+01 -0.110211E-01  0.395758E+00  0.000000E+00  0.000000E+00  0.000000E+00  0.000000E+00
  0.221229E+01 -0.971343E-02  0.292897E+00  0.000000E+00  0.000000E+00  0.000000E+00  0.000000E+00
  0.165266E+01  0.652415E-02  0.170080E+00  0.000000E+00  0.000000E+00  0.000000E+00  0.000000E+00
  0.161501E+01 -0.165681E+00  0.269550E-02  0.000000E+00  0.000000E+00  0.000000E+00  0.000000E+00
  0.219538E+01 -0.243785E+00  0.157253E-01  0.000000E+00  0.000000E+00  0.000000E+00  0.000000E+00
  0.201337E+01  0.209524E+00  0.155430E-01  0.000000E+00  0.000000E+00  0.000000E+00  0.000000E+00
  0.251240E+01 -0.346815E+00  0.118479E-01  0.000000E+00  0.000000E+00  0.000000E+00  0.000000E+00
  0.215106E+01  0.291867E+00  0.653146E-02  0.000000E+00  0.000000E+00  0.000000E+00  0.000000E+00
  0.222181E+01 -0.168722E-01  0.236343E+00  0.000000E+00  0.000000E+00  0.000000E+00  0.000000E+00
  0.172717E+01  0.860707E-02  0.183125E+00  0.000000E+00  0.000000E+00  0.000000E+00  0.000000E+00
  0.226175E+01  0.155355E-01  0.258856E+00  0.000000E+00  0.000000E+00  0.000000E+00  0.000000E+00
  0.182860E+01 -0.172905E-02  0.220201E+00  0.000000E+00  0.000000E+00  0.000000E+00  0.000000E+00
  0.264928E+01 -0.660309E-02  0.413290E+00  0.000000E+00  0.000000E+00  0.000000E+00  0.000000E+00
  0.271419E+01 -0.675978E-02  0.428368E+00  0.000000E+00  0.000000E+00  0.000000E+00  0.000000E+00
  0.237893E+01 -0.162998E-01  0.273008E+00  0.000000E+00  0.000000E+00  0.000000E+00  0.000000E+00
  0.225880E+01  0.182038E-01  0.225945E+00  0.000000E+00  0.000000E+00  0.000000E+00  0.000000E+00
  0.284082E+01 -0.529649E-02  0.372319E-01  0.000000E+00  0.000000E+00  0.000000E+00  0.000000E+00
  0.284082E+01 -0.631196E-01 -0.645017E-01  0.000000E+00  0.000000E+00  0.000000E+00  0.000000E+00
  0.284082E+01  0.150001E-01 -0.221877E-01  0.000000E+00  0.000000E+00  0.000000E+00  0.000000E+00
  0.284082E+01 -0.390284E-01  0.137532E+00  0.000000E+00  0.000000E+00  0.000000E+00  0.000000E+00
  0.284082E+01 -0.578722E-01  0.521057E-01  0.000000E+00  0.000000E+00  0.000000E+00  0.000000E+00
  0.284082E+01 -0.234266E-01 -0.391907E-01  0.000000E+00  0.000000E+00  0.000000E+00  0.000000E+00
  0.284082E+01 -0.198750E+00 -0.986512E-01  0.000000E+00  0.000000E+00  0.000000E+00  0.000000E+00
  0.284082E+01  0.531525E-03  0.319929E-01  0.000000E+00  0.000000E+00  0.000000E+00  0.000000E+00
  0.284082E+01 -0.106116E+00  0.178627E+00  0.000000E+00  0.000000E+00  0.000000E+00  0.000000E+00
  0.284082E+01 -0.208441E+00 -0.129327E+00  0.000000E+00  0.000000E+00  0.000000E+00  0.000000E+00
  0.284082E+01  0.478841E-01  0.146404E+00  0.000000E+00  0.000000E+00  0.000000E+00  0.000000E+00
  0.284082E+01 -0.250484E-01  0.599831E-01  0.000000E+00  0.000000E+00  0.000000E+00  0.000000E+00
  0.284082E+01  0.291933E-02  0.231527E-01  0.000000E+00  0.000000E+00  0.000000E+00  0.000000E+00
  0.284082E+01 -0.534270E-01 -0.128440E+00  0.000000E+00  0.000000E+00  0.000000E+00  0.000000E+00
  0.284082E+01  0.679343E-01  0.127978E+00  0.000000E+00  0.000000E+00  0.000000E+00  0.000000E+00
  0.284082E+01  0.112691E-01  0.182823E+00  0.000000E+00  0.000000E+00  0.000000E+00  0.000000E+00
  0.284082E+01 -0.160809E-01 -0.788377E-01  0.000000E+00  0.000000E+00  0.000000E+00  0.000000E+00
  0.284082E+01  0.162120E-01 -0.692835E-01  0.000000E+00  0.000000E+00  0.000000E+00  0.000000E+00
  0.284082E+01 -0.220086E+00  0.928304E-01  0.000000E+00  0.000000E+00  0.000000E+00  0.000000E+00
  0.284082E+01  0.161574E-01  0.869986E-01  0.000000E+00  0.000000E+00  0.000000E+00  0.000000E+00
  0.284082E+01  0.263920E-01  0.916372E-01  0.000000E+00  0.000000E+00  0.000000E+00  0.000000E+00
  0.284082E+01 -0.805708E-02  0.164418E-01  0.000000E+00  0.000000E+00  0.000000E+00  0.000000E+00
  0.284082E+01 -0.254341E-01  0.105902E+00  0.000000E+00  0.000000E+00  0.000000E+00  0.000000E+00
  0.284082E+01  0.544428E-01  0.156035E+00  0.000000E+00  0.000000E+00  0.000000E+00  0.000000E+00
  0.284082E+01  0.163218E+00  0.170621E+00  0.000000E+00  0.000000E+00  0.000000E+00  0.000000E+00
  0.284082E+01  0.174093E+00 -0.125661E+00  0.000000E+00  0.000000E+00  0.000000E+00  0.000000E+00
  0.284082E+01  0.215744E+00 -0.741016E-01  0.000000E+00  0.000000E+00  0.000000E+00  0.000000E+00
  0.284082E+01  0.155869E+00 -0.854000E-01  0.000000E+00  0.000000E+00  0.000000E+00  0.000000E+00
  0.284082E+01  0.332247E-01  0.259311E-01  0.000000E+00  0.000000E+00  0.000000E+00  0.000000E+00
  0.284082E+01  0.921105E-01 -0.115417E+00  0.000000E+00  0.000000E+00  0.000000E+00  0.000000E+00
  0.284082E+01 -0.836030E-01 -0.750129E-01  0.000000E+00  0.000000E+00  0.000000E+00  0.000000E+00
  0.284082E+01  0.666017E-01 -0.195639E+00  0.000000E+00  0.000000E+00  0.000000E+00  0.000000E+00
  0.284082E+01 -0.748031E-01 -0.178144E-01  0.000000E+00  0.000000E+00  0.000000E+00  0.000000E+00
  0.284082E+01  0.212577E+00 -0.710586E-01  0.000000E+00  0.000000E+00  0.000000E+00  0.000000E+00
  0.284082E+01  0.887730E-02  0.241962E-01  0.000000E+00  0.000000E+00  0.000000E+00  0.000000E+00
  0.284082E+01 -0.157937E-02 -0.425778E-02  0.000000E+00  0.000000E+00  0.000000E+00  0.000000E+00
  0.284082E+01 -0.315122E-01  0.120873E-01  0.000000E+00  0.000000E+00  0.000000E+00  0.000000E+00
  0.284082E+01 -0.196699E-01  0.148584E+00  0.000000E+00  0.000000E+00  0.000000E+00  0.000000E+00
  0.284082E+01 -0.659588E-01 -0.140950E-01  0.000000E+00  0.000000E+00  0.000000E+00  0.000000E+00
  0.284082E+01  0.701695E-01  0.421888E-02  0.000000E+00  0.000000E+00  0.000000E+00  0.000000E+00
  0.284082E+01 -0.934745E-01 -0.722443E-01  0.000000E+00  0.000000E+00  0.000000E+00  0.000000E+00
  0.284082E+01  0.206497E+00  0.140261E+00  0.000000E+00  0.000000E+00  0.000000E+00  0.000000E+00
  0.284082E+01  0.846158E-01  0.550330E-01  0.000000E+00  0.000000E+00  0.000000E+00  0.000000E+00
  0.284082E+01 -0.400624E-01  0.586241E-01  0.000000E+00  0.000000E+00  0.000000E+00  0.000000E+00
  0.284082E+01 -0.198694E+00 -0.687013E-01  0.000000E+00  0.000000E+00  0.000000E+00  0.000000E+00
  0.284082E+01 -0.147153E-02  0.192126E-02  0.000000E+00  0.000000E+00  0.000000E+00  0.000000E+00
  0.284082E+01  0.136127E+00 -0.113682E+00  0.000000E+00  0.000000E+00  0.000000E+00  0.000000E+00
  0.284082E+01  0.198618E+00  0.683915E-01  0.000000E+00  0.000000E+00  0.000000E+00  0.000000E+00
  0.284082E+01 -0.326559E-01 -0.541134E-01  0.000000E+00  0.000000E+00  0.000000E+00  0.000000E+00
  0.284082E+01  0.844464E-02 -0.165183E-03  0.000000E+00  0.000000E+00  0.000000E+00  0.000000E+00
  0.284082E+01 -0.650377E-01  0.416490E-01  0.000000E+00  0.000000E+00  0.000000E+00  0.000000E+00
  0.284082E+01  0.900633E-01  0.682033E-01  0.000000E+00  0.000000E+00  0.000000E+00  0.000000E+00
  0.284082E+01 -0.114442E-01  0.535616E-01  0.000000E+00  0.000000E+00  0.000000E+00  0.000000E+00
  0.284082E+01 -0.216763E-01 -0.151253E-01  0.000000E+00  0.000000E+00  0.000000E+00  0.000000E+00
  0.284082E+01  0.161300E+00 -0.151830E+00  0.000000E+00  0.000000E+00  0.000000E+00  0.000000E+00
  0.284082E+01 -0.316242E-01 -0.824462E-01  0.000000E+00  0.000000E+00  0.000000E+00  0.000000E+00
  0.284082E+01 -0.163270E-01 -0.492968E-01  0.000000E+00  0.000000E+00  0.000000E+00  0.000000E+00
  0.284082E+01 -0.123995E+00  0.170419E+00  0.000000E+00  0.000000E+00  0.000000E+00  0.000000E+00
  0.284082E+01 -0.686793E-01 -0.795078E-01  0.000000E+00  0.000000E+00  0.000000E+00  0.000000E+00
  0.284082E+01  0.397782E-02  0.463437E-01  0.000000E+00  0.000000E+00  0.000000E+00  0.000000E+00
  0.284082E+01 -0.147585E+00  0.181139E+00  0.000000E+00  0.000000E+00  0.000000E+00  0.000000E+00
  0.284082E+01  0.204005E-01  0.117728E-01  0.000000E+00  0.000000E+00  0.000000E+00  0.000000E+00
  0.284082E+01  0.340827E-01 -0.244045E+00  0.000000E+00  0.000000E+00  0.000000E+00  0.000000E+00
  0.284082E+01 -0.682196E-01  0.179970E+00  0.000000E+00  0.000000E+00  0.000000E+00  0.000000E+00
  0.284082E+01 -0.193444E+00 -0.807085E-01  0.000000E+00  0.000000E+00  0.000000E+00  0.000000E+00
  0.284082E+01  0.319070E-01  0.536850E-01  0.000000E+00  0.000000E+00  0.000000E+00  0.000000E+00
  0.284082E+01  0.162064E+00 -0.837433E-01  0.000000E+00  0.000000E+00  0.000000E+00  0.000000E+00
  0.284082E+01  0.234708E-01  0.999972E-01  0.000000E+00  0.000000E+00  0.000000E+00  0.000000E+00
  0.284082E+01  0.622201E-02 -0.161214E-01  0.000000E+00  0.000000E+00  0.000000E+00  0.000000E+00
  0.284082E+01 -0.555967E-01 -0.398807E-01  0.000000E+00  0.000000E+00  0.000000E+00  0.000000E+00
  0.284082E+01 -0.136976E+00  0.612165E-01  0.000000E+00  0.000000E+00  0.000000E+00  0.000000E+00
  0.284082E+01  0.284360E-01 -0.325511E-01  0.000000E+00  0.000000E+00  0.000000E+00  0.000000E+00
  0.284082E+01  0.238327E+00  0.147744E-01  0.000000E+00  0.000000E+00  0.000000E+00  0.000000E+00
  0.284082E+01  0.103407E+00 -0.903133E-01  0.000000E+00  0.000000E+00  0.000000E+00  0.000000E+00
  0.284082E+01  0.267329E-02  0.744714E-03  0.000000E+00  0.000000E+00  0.000000E+00  0.000000E+00
  0.284082E+01  0.878119E-01  0.694002E-01  0.000000E+00  0.000000E+00  0.000000E+00  0.000000E+00
  0.284082E+01  0.246705E-01 -0.267752E-02  0.000000E+00  0.000000E+00  0.000000E+00  0.000000E+00
  0.284082E+01 -0.447198E-01  0.106566E+00  0.000000E+00  0.000000E+00  0.000000E+00  0.000000E+00
  0.284082E+01 -0.103089E+00 -0.140019E+00  0.000000E+00  0.000000E+00  0.000000E+00  0.000000E+00
  0.284082E+01 -0.511678E-02  0.583842E-03  0.000000E+00  0.000000E+00  0.000000E+00  0.000000E+00
  0.284082E+01  0.875304E-01  0.189455E+00  0.000000E+00  0.000000E+00  0.000000E+00  0.000000E+00
  0.284082E+01 -0.396661E-01 -0.309049E-02  0.000000E+00  0.000000E+00  0.000000E+00  0.000000E+00
  0.284082E+01 -0.195974E+00 -0.396831E-01  0.000000E+00  0.000000E+00  0.000000E+00  0.000000E+00
  0.284082E+01 -0.449010E-01  0.104236E+00  0.000000E+00  0.000000E+00  0.000000E+00  0.000000E+00
  0.284082E+01  0.660490E-01  0.863528E-01  0.000000E+00  0.000000E+00  0.000000E+00  0.000000E+00
  0.284082E+01  0.141584E+00 -0.984497E-01  0.000000E+00  0.000000E+00  0.000000E+00  0.000000E+00
  0.284082E+01 -0.103924E+00 -0.115005E+00  0.000000E+00  0.000000E+00  0.000000E+00  0.000000E+00
  0.284082E+01 -0.975723E-01 -0.134146E+00  0.000000E+00  0.000000E+00  0.000000E+00  0.000000E+00
  0.284082E+01  0.952660E-01 -0.167439E+00  0.000000E+00  0.000000E+00  0.000000E+00  0.000000E+00
  0.284082E+01  0.337990E-01  0.143027E-01  0.000000E+00  0.000000E+00  0.000000E+00  0.000000E+00
  0.284082E+01  0.131352E-01 -0.567822E-01  0.000000E+00  0.000000E+00  0.000000E+00  0.000000E+00
  0.284082E+01  0.781001E-01  0.518751E-01  0.000000E+00  0.000000E+00  0.000000E+00  0.000000E+00
  0.284082E+01 -0.561773E-01  0.159407E-01  0.000000E+00  0.000000E+00  0.000000E+00  0.000000E+00
  0.284082E+01 -0.176194E+00 -0.462164E-01  0.000000E+00  0.000000E+00  0.000000E+00  0.000000E+00
  0.284082E+01  0.457823E-01  0.151391E-01  0.000000E+00  0.000000E+00  0.000000E+00  0.000000E+00
  0.284082E+01  0.182631E+00 -0.147241E+00  0.000000E+00  0.000000E+00  0.000000E+00  0.000000E+00
  0.284082E+01 -0.409916E-01 -0.186625E+00  0.000000E+00  0.000000E+00  0.000000E+00  0.000000E+00
  0.284082E+01  0.793031E-01 -0.284772E-01  0.000000E+00  0.000000E+00  0.000000E+00  0.000000E+00
  0.284082E+01 -0.391941E-02 -0.350489E-01  0.000000E+00  0.000000E+00  0.000000E+00  0.000000E+00
  0.284082E+01  0.758268E-01  0.189283E-01  0.000000E+00  0.000000E+00  0.000000E+00  0.000000E+00
