  0.172720E+01  0.194706E+00  0.150168E-02  0.000000E+00  0.000000E+00  0.000000E+00  0.000000E+00
  0.233357E+01  0.283263E+00  0.145697E-01  0.000000E+00  0.000000E+00  0.000000E+00  0.000000E+00
  0.214500E+01  0.652171E-02 -0.290419E+00  0.000000E+00  0.000000E+00  0.000000E+00  0.000000E+00
  0.166793E+01 -0.170748E+00 -0.793280E-02  0.000000E+00  0.000000E+00  0.000000E+00  0.000000E+00
  0.275089E+01 -0.171327E-01 -0.330798E+00  0.000000E+00  0.000000E+00  0.000000E+00  0.000000E+00
  0.224370E+01 -0.323404E+00 -0.304154E-02  0.000000E+00  0.000000E+00  0.000000E+00  0.000000E+00
  0.241678E+01  0.366653E+00  0.317334E-02  0.000000E+00  0.000000E+00  0.000000E+00  0.000000E+00
  0.197499E+01 -0.740416E-02  0.246227E+00  0.000000E+00  0.000000E+00  0.000000E+00  0.000000E+00
  0.174782E+01 -0.189143E+00 -0.822006E-02  0.000000E+00  0.000000E+00  0.000000E+00  0.000000E+00
  0.220464E+01  0.306629E+00 -0.602280E-02  0.000000E+00  0.000000E+00  0.000000E+00  0.000000E+00
  0.221792E+01  0.163297E-01  0.241770E+00  0.000000E+00  0.000000E+00  0.000000E+00  0.000000E+00
  0.221985E+01  0.269997E+00 -0.133966E-01  0.000000E+00  0.000000E+00  0.000000E+00  0.000000E+00
  0.248024E+01  0.290558E+00  0.164418E-01  0.000000E+00  0.000000E+00  0.000000E+00  0.000000E+00
  0.189220E+01 -0.222225E+00 -0.864403E-02  0.000000E+00  0.000000E+00  0.000000E+00  0.000000E+00
  0.200231E+01 -0.144298E-01 -0.216164E+00  0.000000E+00  0.000000E+00  0.000000E+00  0.000000E+00
  0.244333E+01  0.961578E-02  0.347412E+00  0.000000E+00  0.000000E+00  0.000000E+00  0.000000E+00
  0.210412E+01  0.235627E+00 -0.146209E-01  0.000000E+00  0.000000E+00  0.000000E+00  0.000000E+00
  0.217388E+01  0.276801E+00 -0.109858E-01  0.000000E+00  0.000000E+00  0.000000E+00  0.000000E+00
  0.244326E+01 -0.197444E-02  0.375173E+00  0.000000E+00  0.000000E+00  0.000000E+00  0.000000E+00
  0.189192E+01  0.229422E+00 -0.617618E-02  0.000000E+00  0.000000E+00  0.000000E+00  0.000000E+00
  0.223655E+01  0.168780E-01  0.239027E+00  0.000000E+00  0.000000E+00  0.000000E+00  0.000000E+00
  0.215305E+01  0.276488E+00  0.102053E-01  0.000000E+00  0.000000E+00  0.000000E+00  0.000000E+00
  0.274151E+01 -0.408440E+00 -0.106930E-01  0.000000E+00  0.000000E+00  0.000000E+00  0.000000E+00
  0.191891E+01  0.357335E-02  0.241094E+00  0.000000E+00  0.000000E+00  0.000000E+00  0.000000E+00
  0.162712E+01  0.389457E-02 -0.167646E+00  0.000000E+00  0.000000E+00  0.000000E+00  0.000000E+00
  0.226979E+01 -0.853984E-02  0.312433E+00  0.000000E+00  0.000000E+00  0.000000E+00  0.000000E+00
  0.238361E+01 -0.344720E+00 -0.747484E-02  0.000000E+00  0.000000E+00  0.000000E+00  0.000000E+00
  0.242289E+01  0.238893E+00  0.191344E-01  0.000000E+00  0.000000E+00  0.000000E+00  0.000000E+00
  0.261512E+01 -0.133474E-01 -0.355013E+00  0.000000E+00  0.000000E+00  0.000000E+00  0.000000E+00
  0.228813E+01  0.150591E-01  0.269058E+00  0.000000E+00  0.000000E+00  0.000000E+00  0.000000E+00
  0.219761E+01  0.242997E+00  0.158451E-01  0.000000E+00  0.000000E+00  0.000000E+00  0.000000E+00
  0.172107E+01  0.450866E-03 -0.193475E+00  0.000000E+00  0.000000E+00  0.000000E+00  0.000000E+00
  0.191082E+01  0.130013E-01  0.206312E+00  0.000000E+00  0.000000E+00  0.000000E+00  0.000000E+00
  0.249751E+01  0.164395E-01 -0.293882E+00  0.000000E+00  0.000000E+00  0.000000E+00  0.000000E+00
  0.247317E+01  0.353953E+00  0.968329E-02  0.000000E+00  0.000000E+00  0.000000E+00  0.000000E+00
  0.209063E+01  0.926316E-02 -0.266638E+00  0.000000E+00  0.000000E+00  0.000000E+00  0.000000E+00
  0.216230E+01 -0.168822E-01 -0.225114E+00  0.000000E+00  0.000000E+00  0.000000E+00  0.000000E+00
  0.223621E+01  0.254537E+00 -0.154625E-01  0.000000E+00  0.000000E+00  0.000000E+00  0.000000E+00
  0.174909E+01 -0.547128E-02  0.195737E+00  0.000000E+00  0.000000E+00  0.000000E+00  0.000000E+00
  0.221509E+01 -0.429917E-04 -0.318579E+00  0.000000E+00  0.000000E+00  0.000000E+00  0.000000E+00
  0.201205E+01  0.214726E+00  0.148763E-01  0.000000E+00  0.000000E+00  0.000000E+00  0.000000E+00
  0.266767E+01  0.191432E-01  0.278596E+00  0.000000E+00  0.000000E+00  0.000000E+00  0.000000E+00
  0.271003E+01 -0.171416E-01  0.323114E+00  0.000000E+00  0.000000E+00  0.000000E+00  0.000000E+00
  0.169464E+01  0.218006E-02 -0.186103E+00  0.000000E+00  0.000000E+00  0.000000E+00  0.000000E+00
  0.196940E+01  0.218585E+00  0.130642E-01  0.000000E+00  0.000000E+00  0.000000E+00  0.000000E+00
  0.198238E+01  0.156227E-02  0.259155E+00  0.000000E+00  0.000000E+00  0.000000E+00  0.000000E+00
  0.206729E+01  0.752955E-02 -0.268105E+00  0.000000E+00  0.000000E+00  0.000000E+00  0.000000E+00
  0.189889E+01  0.745689E-02  0.227667E+00  0.000000E+00  0.000000E+00  0.000000E+00  0.000000E+00
  0.264032E+01  0.406880E+00 -0.744851E-02  0.000000E+00  0.000000E+00  0.000000E+00  0.000000E+00
  0.265125E+01  0.194634E-01 -0.269245E+00  0.000000E+00  0.000000E+00  0.000000E+00  0.000000E+00
  0.226440E+01  0.311518E+00  0.846326E-02  0.000000E+00  0.000000E+00  0.000000E+00  0.000000E+00
  0.215287E+01  0.778946E-02 -0.287754E+00  0.000000E+00  0.000000E+00  0.000000E+00  0.000000E+00
  0.267573E+01  0.316206E+00 -0.171773E-01  0.000000E+00  0.000000E+00  0.000000E+00  0.000000E+00
  0.255193E+01 -0.742223E-02 -0.385652E+00  0.000000E+00  0.000000E+00  0.000000E+00  0.000000E+00
  0.198189E+01  0.587485E-02 -0.252271E+00  0.000000E+00  0.000000E+00  0.000000E+00  0.000000E+00
  0.205545E+01  0.243312E+00 -0.121161E-01  0.000000E+00  0.000000E+00  0.000000E+00  0.000000E+00
  0.224265E+01 -0.178395E-01  0.228076E+00  0.000000E+00  0.000000E+00  0.000000E+00  0.000000E+00
  0.251577E+01  0.378964E+00  0.699005E-02  0.000000E+00  0.000000E+00  0.000000E+00  0.000000E+00
  0.251716E+01 -0.312477E+00  0.152965E-01  0.000000E+00  0.000000E+00  0.000000E+00  0.000000E+00
  0.230153E+01  0.423688E-02 -0.335541E+00  0.000000E+00  0.000000E+00  0.000000E+00  0.000000E+00
  0.280647E+01  0.877780E-02 -0.438488E+00  0.000000E+00  0.000000E+00  0.000000E+00  0.000000E+00
  0.251334E+01  0.292003E-02 -0.391393E+00  0.000000E+00  0.000000E+00  0.000000E+00  0.000000E+00
  0.261464E+01 -0.538459E-02  0.409886E+00  0.000000E+00  0.000000E+00  0.000000E+00  0.000000E+00
  0.250672E+01 -0.884542E-02  0.367032E+00  0.000000E+00  0.000000E+00  0.000000E+00  0.000000E+00
  0.281958E+01 -0.119268E-01 -0.414495E+00  0.000000E+00  0.000000E+00  0.000000E+00  0.000000E+00
  0.177860E+01  0.185268E+00  0.113791E-01  0.000000E+00  0.000000E+00  0.000000E+00  0.000000E+00
  0.233290E+01 -0.337157E+00 -0.630148E-02  0.000000E+00  0.000000E+00  0.000000E+00  0.000000E+00
  0.261358E+01  0.156988E-01 -0.326452E+00  0.000000E+00  0.000000E+00  0.000000E+00  0.000000E+00
  0.265783E+01 -0.849214E-02 -0.405064E+00  0.000000E+00  0.000000E+00  0.000000E+00  0.000000E+00
  0.219756E+01  0.731754E-02 -0.300384E+00  0.000000E+00  0.000000E+00  0.000000E+00  0.000000E+00
  0.162017E+01 -0.166916E+00 -0.278305E-02  0.000000E+00  0.000000E+00  0.000000E+00  0.000000E+00
  0.239411E+01 -0.116708E-01 -0.321817E+00  0.000000E+00  0.000000E+00  0.000000E+00  0.000000E+00
  0.225535E+01 -0.235262E+00  0.174634E-01  0.000000E+00  0.000000E+00  0.000000E+00  0.000000E+00
  0.204572E+01 -0.228699E+00 -0.139618E-01  0.000000E+00  0.000000E+00  0.000000E+00  0.000000E+00
  0.199118E+01  0.261416E+00  0.150561E-02  0.000000E+00  0.000000E+00  0.000000E+00  0.000000E+00
  0.203145E+01  0.772319E-02 -0.258777E+00  0.000000E+00  0.000000E+00  0.000000E+00  0.000000E+00
  0.169404E+01  0.184878E+00 -0.344735E-02  0.000000E+00  0.000000E+00  0.000000E+00  0.000000E+00
  0.260504E+01 -0.413774E+00 -0.324597E-02  0.000000E+00  0.000000E+00  0.000000E+00  0.000000E+00
  0.174607E+01  0.193587E+00 -0.620179E-02  0.000000E+00  0.000000E+00  0.000000E+00  0.000000E+00
  0.233188E+01  0.348041E+00  0.621190E-03  0.000000E+00  0.000000E+00  0.000000E+00  0.000000E+00
  0.227757E+01 -0.122893E-01 -0.291208E+00  0.000000E+00  0.000000E+00  0.000000E+00  0.000000E+00
  0.202165E+01 -0.113999E-01 -0.239945E+00  0.000000E+00  0.000000E+00  0.000000E+00  0.000000E+00
  0.232888E+01  0.266073E+00  0.160734E-01  0.000000E+00  0.000000E+00  0.000000E+00  0.000000E+00
  0.206317E+01 -0.798845E-02  0.265433E+00  0.000000E+00  0.000000E+00  0.000000E+00  0.000000E+00
  0.214372E+01 -0.161620E-01 -0.229270E+00  0.000000E+00  0.000000E+00  0.000000E+00  0.000000E+00
  0.241555E+01  0.144952E-01 -0.300915E+00  0.000000E+00  0.000000E+00  0.000000E+00  0.000000E+00
  0.195624E+01 -0.129793E-01 -0.216271E+00  0.000000E+00  0.000000E+00  0.000000E+00  0.000000E+00
  0.226689E+01  0.458117E-03  0.331640E+00  0.000000E+00  0.000000E+00  0.000000E+00  0.000000E+00
  0.259509E+01  0.179904E-01  0.288016E+00  0.000000E+00  0.000000E+00  0.000000E+00  0.000000E+00
  0.215641E+01 -0.551764E-02  0.296234E+00  0.000000E+00  0.000000E+00  0.000000E+00  0.000000E+00
  0.168064E+01 -0.177845E+00  0.603709E-02  0.000000E+00  0.000000E+00  0.000000E+00  0.000000E+00
  0.259839E+01  0.276093E+00  0.186870E-01  0.000000E+00  0.000000E+00  0.000000E+00  0.000000E+00
  0.207007E+01 -0.906857E-02  0.262667E+00  0.000000E+00  0.000000E+00  0.000000E+00  0.000000E+00
  0.182728E+01  0.208042E+00 -0.825231E-02  0.000000E+00  0.000000E+00  0.000000E+00  0.000000E+00
  0.196335E+01 -0.241526E+00  0.797673E-02  0.000000E+00  0.000000E+00  0.000000E+00  0.000000E+00
  0.219148E+01 -0.111574E-01 -0.279743E+00  0.000000E+00  0.000000E+00  0.000000E+00  0.000000E+00
  0.250345E+01  0.148701E-01 -0.314785E+00  0.000000E+00  0.000000E+00  0.000000E+00  0.000000E+00
  0.216809E+01 -0.143129E-01 -0.251446E+00  0.000000E+00  0.000000E+00  0.000000E+00  0.000000E+00
  0.267984E+01 -0.154588E-01 -0.342845E+00  0.000000E+00  0.000000E+00  0.000000E+00  0.000000E+00
  0.244538E+01 -0.299712E+00 -0.151576E-01  0.000000E+00  0.000000E+00  0.000000E+00  0.000000E+00
  0.282540E+01  0.447552E+00  0.810378E-02  0.000000E+00  0.000000E+00  0.000000E+00  0.000000E+00
  0.164604E+01  0.170325E+00 -0.544211E-02  0.000000E+00  0.000000E+00  0.000000E+00  0.000000E+00
  0.206963E+01  0.146694E-01 -0.228149E+00  0.000000E+00  0.000000E+00  0.000000E+00  0.000000E+00
  0.283187E+01 -0.541027E-02 -0.463486E+00  0.000000E+00  0.000000E+00  0.000000E+00  0.000000E+00
  0.238865E+01  0.345991E+00 -0.746325E-02  0.000000E+00  0.000000E+00  0.000000E+00  0.000000E+00
  0.171888E+01  0.180610E+00 -0.879743E-02  0.000000E+00  0.000000E+00  0.000000E+00  0.000000E+00
  0.281141E+01  0.129616E-01 -0.401515E+00  0.000000E+00  0.000000E+00  0.000000E+00  0.000000E+00
  0.165367E+01  0.207966E-02 -0.175831E+00  0.000000E+00  0.000000E+00  0.000000E+00  0.000000E+00
  0.241191E+01  0.182815E-01 -0.251292E+00  0.000000E+00  0.000000E+00  0.000000E+00  0.000000E+00
  0.224546E+01 -0.231836E+00  0.175908E-01  0.000000E+00  0.000000E+00  0.000000E+00  0.000000E+00
  0.219918E+01 -0.305485E+00 -0.595916E-02  0.000000E+00  0.000000E+00  0.000000E+00  0.000000E+00
  0.261886E+01  0.174278E-01 -0.301701E+00  0.000000E+00  0.000000E+00  0.000000E+00  0.000000E+00
  0.173664E+01  0.436862E-02 -0.194408E+00  0.000000E+00  0.000000E+00  0.000000E+00  0.000000E+00
  0.251600E+01  0.127315E-01  0.339739E+00  0.000000E+00  0.000000E+00  0.000000E+00  0.000000E+00
  0.209157E+01 -0.613703E-02 -0.278516E+00  0.000000E+00  0.000000E+00  0.000000E+00  0.000000E+00
  0.234506E+01  0.146298E-01 -0.285019E+00  0.000000E+00  0.000000E+00  0.000000E+00  0.000000E+00
  0.208467E+01 -0.971550E-02  0.263115E+00  0.000000E+00  0.000000E+00  0.000000E+00  0.000000E+00
  0.249192E+01 -0.165066E-01  0.291901E+00  0.000000E+00  0.000000E+00  0.000000E+00  0.000000E+00
  0.279307E+01 -0.178014E-01 -0.326426E+00  0.000000E+00  0.000000E+00  0.000000E+00  0.000000E+00
  0.220269E+01  0.151261E-01  0.251151E+00  0.000000E+00  0.000000E+00  0.000000E+00  0.000000E+00
  0.205268E+01 -0.100395E-01  0.254107E+00  0.000000E+00  0.000000E+00  0.000000E+00  0.000000E+00
  0.219319E+01 -0.180289E-01 -0.216863E+00  0.000000E+00  0.000000E+00  0.000000E+00  0.000000E+00
  0.225532E+01 -0.716826E-02 -0.314961E+00  0.000000E+00  0.000000E+00  0.000000E+00  0.000000E+00
  0.211523E+01 -0.273222E+00 -0.909037E-02  0.000000E+00  0.000000E+00  0.000000E+00  0.000000E+00
  0.247139E+01  0.380524E+00 -0.309283E-02  0.000000E+00  0.000000E+00  0.000000E+00  0.000000E+00
  0.245352E+01  0.159615E-01 -0.291657E+00  0.000000E+00  0.000000E+00  0.000000E+00  0.000000E+00
  0.171800E+01 -0.466757E-02  0.189338E+00  0.000000E+00  0.000000E+00  0.000000E+00  0.000000E+00
  0.177058E+01 -0.780947E-02  0.195729E+00  0.000000E+00  0.000000E+00  0.000000E+00  0.000000E+00
  0.249389E+01  0.108568E-01 -0.350553E+00  0.000000E+00  0.000000E+00  0.000000E+00  0.000000E+00
  0.172084E+01 -0.189967E+00  0.472108E-02  0.000000E+00  0.000000E+00  0.000000E+00  0.000000E+00
  0.207034E+01  0.125936E-01  0.243548E+00  0.000000E+00  0.000000E+00  0.000000E+00  0.000000E+00
  0.260670E+01 -0.175637E-01 -0.297270E+00  0.000000E+00  0.000000E+00  0.000000E+00  0.000000E+00
  0.222301E+01 -0.144060E-01  0.262008E+00  0.000000E+00  0.000000E+00  0.000000E+00  0.000000E+00
  0.220718E+01  0.105931E-01 -0.286753E+00  0.000000E+00  0.000000E+00  0.000000E+00  0.000000E+00
  0.177564E+01 -0.250545E-02  0.206279E+00  0.000000E+00  0.000000E+00  0.000000E+00  0.000000E+00
  0.277929E+01  0.832818E-02  0.435067E+00  0.000000E+00  0.000000E+00  0.000000E+00  0.000000E+00
  0.184817E+01  0.456270E-02 -0.221894E+00  0.000000E+00  0.000000E+00  0.000000E+00  0.000000E+00
  0.229186E+01 -0.231163E+00  0.182399E-01  0.000000E+00  0.000000E+00  0.000000E+00  0.000000E+00
  0.219026E+01  0.311668E+00 -0.158191E-02  0.000000E+00  0.000000E+00  0.000000E+00  0.000000E+00
  0.265164E+01  0.362703E-02 -0.424566E+00  0.000000E+00  0.000000E+00  0.000000E+00  0.000000E+00
  0.265782E+01 -0.188882E-01 -0.282139E+00  0.000000E+00  0.000000E+00  0.000000E+00  0.000000E+00
  0.190395E+01  0.223482E+00  0.906623E-02  0.000000E+00  0.000000E+00  0.000000E+00  0.000000E+00
  0.195431E+01  0.250127E+00  0.345842E-02  0.000000E+00  0.000000E+00  0.000000E+00  0.000000E+00
  0.219860E+01 -0.278886E+00 -0.115431E-01  0.000000E+00  0.000000E+00  0.000000E+00  0.000000E+00
  0.277912E+01 -0.402697E+00  0.122016E-01  0.000000E+00  0.000000E+00  0.000000E+00  0.000000E+00
  0.245476E+01  0.168576E-01  0.280065E+00  0.000000E+00  0.000000E+00  0.000000E+00  0.000000E+00
  0.169993E+01 -0.463240E-02  0.184895E+00  0.000000E+00  0.000000E+00  0.000000E+00  0.000000E+00
  0.253470E+01 -0.152435E-01 -0.316643E+00  0.000000E+00  0.000000E+00  0.000000E+00  0.000000E+00
  0.210399E+01  0.276617E+00  0.762381E-02  0.000000E+00  0.000000E+00  0.000000E+00  0.000000E+00
  0.245706E+01  0.255239E+00 -0.185147E-01  0.000000E+00  0.000000E+00  0.000000E+00  0.000000E+00
  0.179932E+01  0.774922E-02  0.202809E+00  0.000000E+00  0.000000E+00  0.000000E+00  0.000000E+00
  0.264674E+01 -0.193771E-01 -0.270349E+00  0.000000E+00  0.000000E+00  0.000000E+00  0.000000E+00
  0.200519E+01  0.925169E-03  0.265256E+00  0.000000E+00  0.000000E+00  0.000000E+00  0.000000E+00
  0.283063E+01 -0.473982E+00 -0.107461E-02  0.000000E+00  0.000000E+00  0.000000E+00  0.000000E+00
  0.276445E+01 -0.215103E-02 -0.455969E+00  0.000000E+00  0.000000E+00  0.000000E+00  0.000000E+00
  0.200189E+01 -0.255713E+00  0.642599E-02  0.000000E+00  0.000000E+00  0.000000E+00  0.000000E+00
  0.214969E+01  0.116088E-01  0.267487E+00  0.000000E+00  0.000000E+00  0.000000E+00  0.000000E+00
  0.193490E+01 -0.149034E-01  0.198829E+00  0.000000E+00  0.000000E+00  0.000000E+00  0.000000E+00
  0.280534E+01  0.106993E-01 -0.422990E+00  0.000000E+00  0.000000E+00  0.000000E+00  0.000000E+00
  0.233007E+01 -0.238366E+00 -0.182003E-01  0.000000E+00  0.000000E+00  0.000000E+00  0.000000E+00
  0.255382E+01 -0.358823E+00  0.115235E-01  0.000000E+00  0.000000E+00  0.000000E+00  0.000000E+00
  0.170534E+01 -0.185157E+00  0.533446E-02  0.000000E+00  0.000000E+00  0.000000E+00  0.000000E+00
  0.207598E+01 -0.132737E-01 -0.240120E+00  0.000000E+00  0.000000E+00  0.000000E+00  0.000000E+00
  0.212501E+01  0.521052E-02 -0.289279E+00  0.000000E+00  0.000000E+00  0.000000E+00  0.000000E+00
  0.189226E+01 -0.236810E+00 -0.444003E-03  0.000000E+00  0.000000E+00  0.000000E+00  0.000000E+00
  0.255287E+01  0.386071E+00  0.738401E-02  0.000000E+00  0.000000E+00  0.000000E+00  0.000000E+00
  0.189001E+01 -0.233750E+00  0.364622E-02  0.000000E+00  0.000000E+00  0.000000E+00  0.000000E+00
  0.240631E+01 -0.166047E-01 -0.274353E+00  0.000000E+00  0.000000E+00  0.000000E+00  0.000000E+00
  0.183836E+01 -0.349381E-02 -0.221010E+00  0.000000E+00  0.000000E+00  0.000000E+00  0.000000E+00
  0.247638E+01 -0.721913E-02  0.368343E+00  0.000000E+00  0.000000E+00  0.000000E+00  0.000000E+00
  0.256503E+01 -0.811654E-03 -0.406962E+00  0.000000E+00  0.000000E+00  0.000000E+00  0.000000E+00
  0.280067E+01 -0.434392E+00 -0.915726E-02  0.000000E+00  0.000000E+00  0.000000E+00  0.000000E+00
  0.181373E+01 -0.193962E+00  0.112028E-01  0.000000E+00  0.000000E+00  0.000000E+00  0.000000E+00
  0.197458E+01  0.236299E+00 -0.997258E-02  0.000000E+00  0.000000E+00  0.000000E+00  0.000000E+00
  0.264800E+01 -0.171170E-01  0.312079E+00  0.000000E+00  0.000000E+00  0.000000E+00  0.000000E+00
  0.227794E+01  0.299666E+00  0.111072E-01  0.000000E+00  0.000000E+00  0.000000E+00  0.000000E+00
  0.234409E+01  0.136461E-01  0.294301E+00  0.000000E+00  0.000000E+00  0.000000E+00  0.000000E+00
  0.280270E+01  0.446998E+00  0.729705E-02  0.000000E+00  0.000000E+00  0.000000E+00  0.000000E+00
  0.265234E+01  0.357417E+00  0.138472E-01  0.000000E+00  0.000000E+00  0.000000E+00  0.000000E+00
  0.173151E+01  0.959346E-02  0.181133E+00  0.000000E+00  0.000000E+00  0.000000E+00  0.000000E+00
  0.233973E+01  0.175145E-01  0.249849E+00  0.000000E+00  0.000000E+00  0.000000E+00  0.000000E+00
  0.195125E+01 -0.209017E+00 -0.139386E-01  0.000000E+00  0.000000E+00  0.000000E+00  0.000000E+00
  0.231200E+01  0.681900E-02 -0.330107E+00  0.000000E+00  0.000000E+00  0.000000E+00  0.000000E+00
  0.175095E+01 -0.201024E+00 -0.535937E-03  0.000000E+00  0.000000E+00  0.000000E+00  0.000000E+00
  0.182313E+01 -0.363047E-02 -0.217020E+00  0.000000E+00  0.000000E+00  0.000000E+00  0.000000E+00
  0.243737E+01 -0.298666E+00  0.151078E-01  0.000000E+00  0.000000E+00  0.000000E+00  0.000000E+00
  0.169445E+01  0.180075E+00 -0.663173E-02  0.000000E+00  0.000000E+00  0.000000E+00  0.000000E+00
  0.236122E+01  0.177747E-01  0.250043E+00  0.000000E+00  0.000000E+00  0.000000E+00  0.000000E+00
  0.281000E+01 -0.422519E+00 -0.108707E-01  0.000000E+00  0.000000E+00  0.000000E+00  0.000000E+00
  0.275846E+01 -0.189337E-01  0.297870E+00  0.000000E+00  0.000000E+00  0.000000E+00  0.000000E+00
  0.186554E+01  0.133081E-01 -0.194775E+00  0.000000E+00  0.000000E+00  0.000000E+00  0.000000E+00
  0.166823E+01  0.179083E+00 -0.268795E-02  0.000000E+00  0.000000E+00  0.000000E+00  0.000000E+00
  0.233426E+01 -0.346127E+00  0.306112E-02  0.000000E+00  0.000000E+00  0.000000E+00  0.000000E+00
  0.214283E+01  0.252076E+00 -0.135857E-01  0.000000E+00  0.000000E+00  0.000000E+00  0.000000E+00
  0.241296E+01  0.164272E-01  0.277914E+00  0.000000E+00  0.000000E+00  0.000000E+00  0.000000E+00
  0.213877E+01  0.222034E+00  0.167614E-01  0.000000E+00  0.000000E+00  0.000000E+00  0.000000E+00
  0.176290E+01  0.195698E+00  0.709782E-02  0.000000E+00  0.000000E+00  0.000000E+00  0.000000E+00
  0.210098E+01  0.218669E+00 -0.163979E-01  0.000000E+00  0.000000E+00  0.000000E+00  0.000000E+00
  0.189447E+01 -0.232852E+00 -0.487335E-02  0.000000E+00  0.000000E+00  0.000000E+00  0.000000E+00
  0.227545E+01 -0.290845E+00  0.122754E-01  0.000000E+00  0.000000E+00  0.000000E+00  0.000000E+00
  0.280368E+01 -0.789561E-03  0.467365E+00  0.000000E+00  0.000000E+00  0.000000E+00  0.000000E+00
  0.276397E+01  0.339638E+00 -0.167515E-01  0.000000E+00  0.000000E+00  0.000000E+00  0.000000E+00
  0.170033E+01  0.185093E+00  0.456335E-02  0.000000E+00  0.000000E+00  0.000000E+00  0.000000E+00
  0.256400E+01 -0.339472E+00 -0.137846E-01  0.000000E+00  0.000000E+00  0.000000E+00  0.000000E+00
  0.273109E+01  0.197943E-01 -0.274392E+00  0.000000E+00  0.000000E+00  0.000000E+00  0.000000E+00
  0.197603E+01  0.224018E+00 -0.124097E-01  0.000000E+00  0.000000E+00  0.000000E+00  0.000000E+00
  0.184659E+01  0.200094E+00 -0.114872E-01  0.000000E+00  0.000000E+00  0.000000E+00  0.000000E+00
  0.168316E+01 -0.172044E+00  0.883384E-02  0.000000E+00  0.000000E+00  0.000000E+00  0.000000E+00
  0.283499E+01 -0.135119E-01  0.400089E+00  0.000000E+00  0.000000E+00  0.000000E+00  0.000000E+00
  0.213008E+01 -0.217311E+00  0.170449E-01  0.000000E+00  0.000000E+00  0.000000E+00  0.000000E+00
  0.268695E+01  0.171562E-01  0.318620E+00  0.000000E+00  0.000000E+00  0.000000E+00  0.000000E+00
  0.262374E+01 -0.318176E+00 -0.164249E-01  0.000000E+00  0.000000E+00  0.000000E+00  0.000000E+00
  0.212390E+01 -0.284454E+00  0.676952E-02  0.000000E+00  0.000000E+00  0.000000E+00  0.000000E+00
  0.277481E+01  0.119990E-01  0.403808E+00  0.000000E+00  0.000000E+00  0.000000E+00  0.000000E+00
  0.174309E+01  0.178250E+00  0.111334E-01  0.000000E+00  0.000000E+00  0.000000E+00  0.000000E+00
  0.174408E+01  0.264744E-02  0.198210E+00  0.000000E+00  0.000000E+00  0.000000E+00  0.000000E+00
  0.256227E+01 -0.156438E-01  0.317061E+00  0.000000E+00  0.000000E+00  0.000000E+00  0.000000E+00
  0.202984E+01  0.235445E+00  0.124738E-01  0.000000E+00  0.000000E+00  0.000000E+00  0.000000E+00
  0.278740E+01  0.538321E-02  0.452604E+00  0.000000E+00  0.000000E+00  0.000000E+00  0.000000E+00
  0.263344E+01  0.120740E-01  0.371708E+00  0.000000E+00  0.000000E+00  0.000000E+00  0.000000E+00
  0.235792E+01  0.315487E+00 -0.114309E-01  0.000000E+00  0.000000E+00  0.000000E+00  0.000000E+00
  0.253371E+01  0.701876E-02  0.383190E+00  0.000000E+00  0.000000E+00  0.000000E+00  0.000000E+00
  0.183031E+01  0.686252E-02 -0.212666E+00  0.000000E+00  0.000000E+00  0.000000E+00  0.000000E+00
  0.245741E+01  0.134499E-01 -0.320260E+00  0.000000E+00  0.000000E+00  0.000000E+00  0.000000E+00
  0.283765E+01  0.143059E-01  0.390527E+00  0.000000E+00  0.000000E+00  0.000000E+00  0.000000E+00
  0.243835E+01  0.297712E+00  0.152085E-01  0.000000E+00  0.000000E+00  0.000000E+00  0.000000E+00
  0.241655E+01 -0.241989E-02 -0.367850E+00  0.000000E+00  0.000000E+00  0.000000E+00  0.000000E+00
  0.216810E+01  0.111582E-01 -0.274441E+00  0.000000E+00  0.000000E+00  0.000000E+00  0.000000E+00
  0.185769E+01  0.181827E-02  0.227491E+00  0.000000E+00  0.000000E+00  0.000000E+00  0.000000E+00
  0.264657E+01  0.750724E-02 -0.408077E+00  0.000000E+00  0.000000E+00  0.000000E+00  0.000000E+00
  0.224980E+01 -0.245262E+00 -0.165589E-01  0.000000E+00  0.000000E+00  0.000000E+00  0.000000E+00
  0.195594E+01 -0.233935E+00  0.951409E-02  0.000000E+00  0.000000E+00  0.000000E+00  0.000000E+00
  0.211941E+01  0.140593E-01 -0.243399E+00  0.000000E+00  0.000000E+00  0.000000E+00  0.000000E+00
  0.275408E+01  0.532657E-02 -0.444592E+00  0.000000E+00  0.000000E+00  0.000000E+00  0.000000E+00
  0.276734E+01 -0.179031E-01 -0.319950E+00  0.000000E+00  0.000000E+00  0.000000E+00  0.000000E+00
  0.199033E+01 -0.214614E+00  0.143035E-01  0.000000E+00  0.000000E+00  0.000000E+00  0.000000E+00
  0.260682E+01  0.279456E+00 -0.185829E-01  0.000000E+00  0.000000E+00  0.000000E+00  0.000000E+00
  0.246408E+01  0.261369E-02 -0.379528E+00  0.000000E+00  0.000000E+00  0.000000E+00  0.000000E+00
  0.165664E+01  0.177151E+00  0.546895E-03  0.000000E+00  0.000000E+00  0.000000E+00  0.000000E+00
  0.227157E+01 -0.152358E-01  0.263920E+00  0.000000E+00  0.000000E+00  0.000000E+00  0.000000E+00
  0.209842E+01 -0.394985E-02 -0.285413E+00  0.000000E+00  0.000000E+00  0.000000E+00  0.000000E+00
  0.210286E+01  0.288767E+00  0.245127E-02  0.000000E+00  0.000000E+00  0.000000E+00  0.000000E+00
  0.196981E+01  0.250262E+00  0.547247E-02  0.000000E+00  0.000000E+00  0.000000E+00  0.000000E+00
  0.171633E+01  0.214683E-02 -0.191595E+00  0.000000E+00  0.000000E+00  0.000000E+00  0.000000E+00
  0.265296E+01 -0.314751E+00 -0.170075E-01  0.000000E+00  0.000000E+00  0.000000E+00  0.000000E+00
  0.268131E+01 -0.300783E+00 -0.181216E-01  0.000000E+00  0.000000E+00  0.000000E+00  0.000000E+00
  0.196143E+01 -0.762090E-02 -0.242252E+00  0.000000E+00  0.000000E+00  0.000000E+00  0.000000E+00
  0.265882E+01 -0.375405E+00 -0.122747E-01  0.000000E+00  0.000000E+00  0.000000E+00  0.000000E+00
  0.249018E+01  0.889912E-02 -0.362797E+00  0.000000E+00  0.000000E+00  0.000000E+00  0.000000E+00
  0.245774E+01 -0.174084E-01 -0.272743E+00  0.000000E+00  0.000000E+00  0.000000E+00  0.000000E+00
  0.226007E+01 -0.326103E+00 -0.381565E-02  0.000000E+00  0.000000E+00  0.000000E+00  0.000000E+00
  0.268715E+01  0.289559E+00  0.187607E-01  0.000000E+00  0.000000E+00  0.000000E+00  0.000000E+00
  0.244069E+01  0.728468E-05 -0.375697E+00  0.000000E+00  0.000000E+00  0.000000E+00  0.000000E+00
  0.241028E+01 -0.175872E-01  0.261538E+00  0.000000E+00  0.000000E+00  0.000000E+00  0.000000E+00
  0.167830E+01 -0.180739E+00  0.363177E-02  0.000000E+00  0.000000E+00  0.000000E+00  0.000000E+00
  0.167009E+01 -0.170426E+00  0.827228E-02  0.000000E+00  0.000000E+00  0.000000E+00  0.000000E+00
  0.189366E+01 -0.816989E-02  0.224179E+00  0.000000E+00  0.000000E+00  0.000000E+00  0.000000E+00
  0.218291E+01 -0.235609E+00  0.162781E-01  0.000000E+00  0.000000E+00  0.000000E+00  0.000000E+00
  0.248950E+01 -0.127357E-01 -0.333926E+00  0.000000E+00  0.000000E+00  0.000000E+00  0.000000E+00
  0.195534E+01 -0.154090E-01  0.199085E+00  0.000000E+00  0.000000E+00  0.000000E+00  0.000000E+00
  0.165510E+01 -0.169178E+00 -0.726238E-02  0.000000E+00  0.000000E+00  0.000000E+00  0.000000E+00
  0.189209E+01  0.236373E+00  0.150625E-02  0.000000E+00  0.000000E+00  0.000000E+00  0.000000E+00
  0.192373E+01 -0.193300E+00 -0.153413E-01  0.000000E+00  0.000000E+00  0.000000E+00  0.000000E+00
  0.181785E+01 -0.415356E-02 -0.214979E+00  0.000000E+00  0.000000E+00  0.000000E+00  0.000000E+00
  0.246631E+01  0.316801E+00  0.139840E-01  0.000000E+00  0.000000E+00  0.000000E+00  0.000000E+00
  0.194970E+01  0.251103E+00 -0.119020E-02  0.000000E+00  0.000000E+00  0.000000E+00  0.000000E+00
  0.180578E+01 -0.631020E-02  0.207992E+00  0.000000E+00  0.000000E+00  0.000000E+00  0.000000E+00
  0.235213E+01  0.330324E+00 -0.886429E-02  0.000000E+00  0.000000E+00  0.000000E+00  0.000000E+00
  0.279709E+01 -0.337370E+00  0.172429E-01  0.000000E+00  0.000000E+00  0.000000E+00  0.000000E+00
  0.210074E+01  0.170973E-01  0.211309E+00  0.000000E+00  0.000000E+00  0.000000E+00  0.000000E+00
  0.181992E+01 -0.277814E-02 -0.217179E+00  0.000000E+00  0.000000E+00  0.000000E+00  0.000000E+00
  0.220947E+01 -0.105129E-01  0.287752E+00  0.000000E+00  0.000000E+00  0.000000E+00  0.000000E+00
  0.268123E+01  0.149457E-01 -0.349987E+00  0.000000E+00  0.000000E+00  0.000000E+00  0.000000E+00
  0.234437E+01  0.337713E+00 -0.688807E-02  0.000000E+00  0.000000E+00  0.000000E+00  0.000000E+00
  0.223168E+01  0.319669E+00 -0.346294E-02  0.000000E+00  0.000000E+00  0.000000E+00  0.000000E+00
  0.233938E+01  0.264526E+00 -0.163734E-01  0.000000E+00  0.000000E+00  0.000000E+00  0.000000E+00
  0.279522E+01 -0.186610E-01 -0.309738E+00  0.000000E+00  0.000000E+00  0.000000E+00  0.000000E+00
  0.166694E+01  0.178264E+00  0.326261E-02  0.000000E+00  0.000000E+00  0.000000E+00  0.000000E+00
  0.196312E+01 -0.234254E+00  0.983274E-02  0.000000E+00  0.000000E+00  0.000000E+00  0.000000E+00
  0.269332E+01 -0.130775E-01  0.374708E+00  0.000000E+00  0.000000E+00  0.000000E+00  0.000000E+00
  0.249966E+01  0.872604E-02  0.366059E+00  0.000000E+00  0.000000E+00  0.000000E+00  0.000000E+00
  0.223754E+01 -0.320667E+00  0.371298E-02  0.000000E+00  0.000000E+00  0.000000E+00  0.000000E+00
  0.174083E+01  0.192772E+00  0.596718E-02  0.000000E+00  0.000000E+00  0.000000E+00  0.000000E+00
  0.197733E+01  0.562818E-02  0.251752E+00  0.000000E+00  0.000000E+00  0.000000E+00  0.000000E+00
  0.165874E+01  0.122777E-02  0.177511E+00  0.000000E+00  0.000000E+00  0.000000E+00  0.000000E+00
  0.229524E+01 -0.329934E+00  0.570427E-02  0.000000E+00  0.000000E+00  0.000000E+00  0.000000E+00
  0.266143E+01  0.899119E-02 -0.402704E+00  0.000000E+00  0.000000E+00  0.000000E+00  0.000000E+00
  0.175368E+01 -0.441003E-02 -0.198599E+00  0.000000E+00  0.000000E+00  0.000000E+00  0.000000E+00
  0.242289E+01 -0.296746E+00  0.150184E-01  0.000000E+00  0.000000E+00  0.000000E+00  0.000000E+00
  0.195897E+01  0.239655E+00 -0.821242E-02  0.000000E+00  0.000000E+00  0.000000E+00  0.000000E+00
  0.260333E+01  0.395160E-02 -0.411635E+00  0.000000E+00  0.000000E+00  0.000000E+00  0.000000E+00
  0.237059E+01  0.772480E-02  0.340432E+00  0.000000E+00  0.000000E+00  0.000000E+00  0.000000E+00
  0.210160E+01 -0.239226E+00 -0.141155E-01  0.000000E+00  0.000000E+00  0.000000E+00  0.000000E+00
  0.280614E+01 -0.183006E-01 -0.318989E+00  0.000000E+00  0.000000E+00  0.000000E+00  0.000000E+00
  0.225605E+01 -0.101318E-01 -0.300725E+00  0.000000E+00  0.000000E+00  0.000000E+00  0.000000E+00
  0.210844E+01  0.285843E+00 -0.493469E-02  0.000000E+00  0.000000E+00  0.000000E+00  0.000000E+00
  0.281192E+01 -0.404319E+00  0.127222E-01  0.000000E+00  0.000000E+00  0.000000E+00  0.000000E+00
  0.180717E+01  0.213900E+00 -0.285157E-02  0.000000E+00  0.000000E+00  0.000000E+00  0.000000E+00
  0.208549E+01 -0.223875E+00  0.155375E-01  0.000000E+00  0.000000E+00  0.000000E+00  0.000000E+00
  0.193224E+01  0.841774E-02 -0.232548E+00  0.000000E+00  0.000000E+00  0.000000E+00  0.000000E+00
  0.258884E+01  0.255788E+00 -0.196341E-01  0.000000E+00  0.000000E+00  0.000000E+00  0.000000E+00
  0.233772E+01 -0.185119E-01  0.234978E+00  0.000000E+00  0.000000E+00  0.000000E+00  0.000000E+00
  0.225782E+01  0.151209E-01  0.262317E+00  0.000000E+00  0.000000E+00  0.000000E+00  0.000000E+00
  0.184379E+01 -0.199182E+00  0.115478E-01  0.000000E+00  0.000000E+00  0.000000E+00  0.000000E+00
  0.198535E+01 -0.625434E-02 -0.252134E+00  0.000000E+00  0.000000E+00  0.000000E+00  0.000000E+00
  0.240373E+01 -0.422488E-02 -0.361070E+00  0.000000E+00  0.000000E+00  0.000000E+00  0.000000E+00
  0.269000E+01 -0.295375E+00  0.184883E-01  0.000000E+00  0.000000E+00  0.000000E+00  0.000000E+00
  0.228535E+01  0.269885E+00 -0.149215E-01  0.000000E+00  0.000000E+00  0.000000E+00  0.000000E+00
  0.173566E+01  0.197019E+00  0.107445E-02  0.000000E+00  0.000000E+00  0.000000E+00  0.000000E+00
  0.224977E+01  0.322645E+00  0.422822E-02  0.000000E+00  0.000000E+00  0.000000E+00  0.000000E+00
  0.209664E+01 -0.140716E-01  0.238535E+00  0.000000E+00  0.000000E+00  0.000000E+00  0.000000E+00
  0.176252E+01  0.201174E+00  0.414649E-02  0.000000E+00  0.000000E+00  0.000000E+00  0.000000E+00
  0.267159E+01 -0.432911E+00  0.189105E-02  0.000000E+00  0.000000E+00  0.000000E+00  0.000000E+00
  0.224195E+01  0.181482E-01  0.223788E+00  0.000000E+00  0.000000E+00  0.000000E+00  0.000000E+00
  0.246330E+01  0.241918E+00 -0.193282E-01  0.000000E+00  0.000000E+00  0.000000E+00  0.000000E+00
  0.214245E+01 -0.874022E-02  0.281245E+00  0.000000E+00  0.000000E+00  0.000000E+00  0.000000E+00
  0.261780E+01 -0.105188E-01 -0.381502E+00  0.000000E+00  0.000000E+00  0.000000E+00  0.000000E+00
  0.196270E+01  0.140361E-02 -0.254279E+00  0.000000E+00  0.000000E+00  0.000000E+00  0.000000E+00
  0.181089E+01 -0.464980E-02 -0.212472E+00  0.000000E+00  0.000000E+00  0.000000E+00  0.000000E+00
  0.281828E+01 -0.414075E-02  0.464785E+00  0.000000E+00  0.000000E+00  0.000000E+00  0.000000E+00
  0.241287E+01  0.241657E+00  0.188796E-01  0.000000E+00  0.000000E+00  0.000000E+00  0.000000E+00
  0.263995E+01  0.363676E+00 -0.130310E-01  0.000000E+00  0.000000E+00  0.000000E+00  0.000000E+00
  0.264666E+01  0.411212E+00  0.690300E-02  0.000000E+00  0.000000E+00  0.000000E+00  0.000000E+00
  0.244095E+01 -0.284138E+00  0.163595E-01  0.000000E+00  0.000000E+00  0.000000E+00  0.000000E+00
  0.257251E+01 -0.325491E+00 -0.151428E-01  0.000000E+00  0.000000E+00  0.000000E+00  0.000000E+00
  0.170258E+01 -0.549682E-02 -0.184202E+00  0.000000E+00  0.000000E+00  0.000000E+00  0.000000E+00
  0.185392E+01 -0.553926E-02  0.221495E+00  0.000000E+00  0.000000E+00  0.000000E+00  0.000000E+00
  0.250901E+01 -0.261475E+00 -0.186635E-01  0.000000E+00  0.000000E+00  0.000000E+00  0.000000E+00
  0.180770E+01  0.764033E-02  0.205131E+00  0.000000E+00  0.000000E+00  0.000000E+00  0.000000E+00
  0.248824E+01 -0.255706E+00 -0.187929E-01  0.000000E+00  0.000000E+00  0.000000E+00  0.000000E+00
  0.190968E+01 -0.598913E-02 -0.234232E+00  0.000000E+00  0.000000E+00  0.000000E+00  0.000000E+00
  0.233924E+01 -0.318602E-02  0.347159E+00  0.000000E+00  0.000000E+00  0.000000E+00  0.000000E+00
  0.265347E+01 -0.991379E-02 -0.394348E+00  0.000000E+00  0.000000E+00  0.000000E+00  0.000000E+00
  0.283322E+01 -0.356531E+00 -0.165226E-01  0.000000E+00  0.000000E+00  0.000000E+00  0.000000E+00
  0.170224E+01  0.183984E+00  0.557504E-02  0.000000E+00  0.000000E+00  0.000000E+00  0.000000E+00
  0.247329E+01  0.252564E-02  0.381987E+00  0.000000E+00  0.000000E+00  0.000000E+00  0.000000E+00
  0.242860E+01 -0.372618E+00 -0.239447E-03  0.000000E+00  0.000000E+00  0.000000E+00  0.000000E+00
  0.217969E+01  0.155502E-01  0.242434E+00  0.000000E+00  0.000000E+00  0.000000E+00  0.000000E+00
  0.224118E+01  0.322493E+00  0.321017E-02  0.000000E+00  0.000000E+00  0.000000E+00  0.000000E+00
  0.276433E+01 -0.291713E+00 -0.192626E-01  0.000000E+00  0.000000E+00  0.000000E+00  0.000000E+00
  0.249418E+01 -0.406561E-03 -0.389187E+00  0.000000E+00  0.000000E+00  0.000000E+00  0.000000E+00
  0.243638E+01 -0.373470E+00  0.194586E-02  0.000000E+00  0.000000E+00  0.000000E+00  0.000000E+00
  0.260190E+01 -0.378932E+00 -0.103774E-01  0.000000E+00  0.000000E+00  0.000000E+00  0.000000E+00
  0.187206E+01 -0.120249E-01  0.203166E+00  0.000000E+00  0.000000E+00  0.000000E+00  0.000000E+00
  0.269259E+01  0.839834E-02  0.413933E+00  0.000000E+00  0.000000E+00  0.000000E+00  0.000000E+00
  0.172576E+01  0.104883E-01  0.176730E+00  0.000000E+00  0.000000E+00  0.000000E+00  0.000000E+00
  0.227007E+01 -0.128133E-01  0.285507E+00  0.000000E+00  0.000000E+00  0.000000E+00  0.000000E+00
  0.225257E+01 -0.307163E+00 -0.878175E-02  0.000000E+00  0.000000E+00  0.000000E+00  0.000000E+00
  0.172714E+01  0.149337E-02 -0.194693E+00  0.000000E+00  0.000000E+00  0.000000E+00  0.000000E+00
  0.223827E+01 -0.320171E+00  0.404586E-02  0.000000E+00  0.000000E+00  0.000000E+00  0.000000E+00
  0.253441E+01  0.101016E-01 -0.365367E+00  0.000000E+00  0.000000E+00  0.000000E+00  0.000000E+00
  0.225749E+01 -0.265912E+00  0.147477E-01  0.000000E+00  0.000000E+00  0.000000E+00  0.000000E+00
  0.218447E+01  0.288734E+00 -0.925714E-02  0.000000E+00  0.000000E+00  0.000000E+00  0.000000E+00
  0.195536E+01 -0.251789E+00 -0.225913E-02  0.000000E+00  0.000000E+00  0.000000E+00  0.000000E+00
  0.272938E+01  0.133367E-01  0.379592E+00  0.000000E+00  0.000000E+00  0.000000E+00  0.000000E+00
  0.197523E+01  0.294814E-03 -0.257835E+00  0.000000E+00  0.000000E+00  0.000000E+00  0.000000E+00
  0.272968E+01  0.997719E-03 -0.448505E+00  0.000000E+00  0.000000E+00  0.000000E+00  0.000000E+00
  0.176823E+01 -0.120047E-01 -0.180209E+00  0.000000E+00  0.000000E+00  0.000000E+00  0.000000E+00
  0.224373E+01 -0.315072E+00 -0.637171E-02  0.000000E+00  0.000000E+00  0.000000E+00  0.000000E+00
  0.231886E+01  0.264688E+00  0.160251E-01  0.000000E+00  0.000000E+00  0.000000E+00  0.000000E+00
  0.217050E+01  0.176902E-01  0.217133E+00  0.000000E+00  0.000000E+00  0.000000E+00  0.000000E+00
  0.247458E+01 -0.107072E-01  0.347250E+00  0.000000E+00  0.000000E+00  0.000000E+00  0.000000E+00
  0.281027E+01 -0.274207E+00 -0.202879E-01  0.000000E+00  0.000000E+00  0.000000E+00  0.000000E+00
  0.269843E+01 -0.402237E+00 -0.102435E-01  0.000000E+00  0.000000E+00  0.000000E+00  0.000000E+00
  0.176255E+01  0.181084E+00 -0.115136E-01  0.000000E+00  0.000000E+00  0.000000E+00  0.000000E+00
  0.282491E+01 -0.159478E-01 -0.364240E+00  0.000000E+00  0.000000E+00  0.000000E+00  0.000000E+00
  0.219588E+01 -0.310125E+00  0.377253E-02  0.000000E+00  0.000000E+00  0.000000E+00  0.000000E+00
  0.275079E+01 -0.328853E+00 -0.172446E-01  0.000000E+00  0.000000E+00  0.000000E+00  0.000000E+00
  0.221361E+01 -0.254636E+00 -0.149925E-01  0.000000E+00  0.000000E+00  0.000000E+00  0.000000E+00
  0.208649E+01 -0.126156E-01  0.246934E+00  0.000000E+00  0.000000E+00  0.000000E+00  0.000000E+00
  0.269161E+01 -0.153490E-01 -0.346695E+00  0.000000E+00  0.000000E+00  0.000000E+00  0.000000E+00
  0.203533E+01 -0.239987E+00 -0.119274E-01  0.000000E+00  0.000000E+00  0.000000E+00  0.000000E+00
  0.210673E+01  0.267155E+00 -0.993768E-02  0.000000E+00  0.000000E+00  0.000000E+00  0.000000E+00
  0.222956E+01 -0.180126E-01 -0.223459E+00  0.000000E+00  0.000000E+00  0.000000E+00  0.000000E+00
  0.233786E+01  0.243845E+00  0.179178E-01  0.000000E+00  0.000000E+00  0.000000E+00  0.000000E+00
  0.193037E+01  0.339817E-02 -0.244207E+00  0.000000E+00  0.000000E+00  0.000000E+00  0.000000E+00
  0.261703E+01 -0.427778E-02  0.414144E+00  0.000000E+00  0.000000E+00  0.000000E+00  0.000000E+00
  0.236852E+01 -0.327435E+00 -0.100240E-01  0.000000E+00  0.000000E+00  0.000000E+00  0.000000E+00
  0.206981E+01 -0.209811E+00 -0.166894E-01  0.000000E+00  0.000000E+00  0.000000E+00  0.000000E+00
  0.262322E+01 -0.266535E+00  0.193796E-01  0.000000E+00  0.000000E+00  0.000000E+00  0.000000E+00
  0.230748E+01 -0.290172E+00  0.132288E-01  0.000000E+00  0.000000E+00  0.000000E+00  0.000000E+00
  0.209294E+01 -0.241216E+00  0.136202E-01  0.000000E+00  0.000000E+00  0.000000E+00  0.000000E+00
  0.261130E+01 -0.196640E-01  0.258673E+00  0.000000E+00  0.000000E+00  0.000000E+00  0.000000E+00
  0.258344E+01 -0.358430E+00 -0.123123E-01  0.000000E+00  0.000000E+00  0.000000E+00  0.000000E+00
  0.236703E+01 -0.127161E-02  0.356587E+00  0.000000E+00  0.000000E+00  0.000000E+00  0.000000E+00
  0.264858E+01 -0.409374E+00 -0.735527E-02  0.000000E+00  0.000000E+00  0.000000E+00  0.000000E+00
  0.281462E+01  0.110018E-01 -0.422373E+00  0.000000E+00  0.000000E+00  0.000000E+00  0.000000E+00
  0.211710E+01  0.276676E+00  0.840384E-02  0.000000E+00  0.000000E+00  0.000000E+00  0.000000E+00
  0.188759E+01 -0.134580E-01 -0.198604E+00  0.000000E+00  0.000000E+00  0.000000E+00  0.000000E+00
  0.212254E+01  0.316567E-02  0.292772E+00  0.000000E+00  0.000000E+00  0.000000E+00  0.000000E+00
  0.194372E+01  0.141173E-01  0.206222E+00  0.000000E+00  0.000000E+00  0.000000E+00  0.000000E+00
  0.212006E+01  0.265380E+00  0.108424E-01  0.000000E+00  0.000000E+00  0.000000E+00  0.000000E+00
  0.189140E+01 -0.230386E+00 -0.570439E-02  0.000000E+00  0.000000E+00  0.000000E+00  0.000000E+00
  0.196164E+01  0.201382E+00 -0.152773E-01  0.000000E+00  0.000000E+00  0.000000E+00  0.000000E+00
  0.249657E+01 -0.282756E+00 -0.172107E-01  0.000000E+00  0.000000E+00  0.000000E+00  0.000000E+00
  0.265760E+01  0.308101E+00  0.174655E-01  0.000000E+00  0.000000E+00  0.000000E+00  0.000000E+00
  0.198515E+01  0.243692E+00  0.880232E-02  0.000000E+00  0.000000E+00  0.000000E+00  0.000000E+00
  0.216981E+01 -0.127223E-01 -0.264376E+00  0.000000E+00  0.000000E+00  0.000000E+00  0.000000E+00
  0.202584E+01  0.583365E-02 -0.263196E+00  0.000000E+00  0.000000E+00  0.000000E+00  0.000000E+00
  0.169285E+01  0.176915E+00 -0.785771E-02  0.000000E+00  0.000000E+00  0.000000E+00  0.000000E+00
  0.228078E+01  0.299231E+00 -0.112679E-01  0.000000E+00  0.000000E+00  0.000000E+00  0.000000E+00
  0.248605E+01 -0.947368E-02 -0.358304E+00  0.000000E+00  0.000000E+00  0.000000E+00  0.000000E+00
  0.238703E+01 -0.652815E-02  0.349548E+00  0.000000E+00  0.000000E+00  0.000000E+00  0.000000E+00
  0.173305E+01 -0.106461E-01  0.177827E+00  0.000000E+00  0.000000E+00  0.000000E+00  0.000000E+00
  0.180689E+01  0.201406E+00 -0.881616E-02  0.000000E+00  0.000000E+00  0.000000E+00  0.000000E+00
  0.284082E+01 -0.106323E+00  0.181264E-01  0.000000E+00  0.000000E+00  0.000000E+00  0.000000E+00
  0.284082E+01  0.251737E-01 -0.514856E-01  0.000000E+00  0.000000E+00  0.000000E+00  0.000000E+00
  0.284082E+01  0.233345E+00 -0.762366E-01  0.000000E+00  0.000000E+00  0.000000E+00  0.000000E+00
  0.284082E+01  0.130308E-01 -0.302703E-01  0.000000E+00  0.000000E+00  0.000000E+00  0.000000E+00
  0.284082E+01  0.552563E-01  0.141851E+00  0.000000E+00  0.000000E+00  0.000000E+00  0.000000E+00
  0.284082E+01 -0.250693E-01 -0.145908E+00  0.000000E+00  0.000000E+00  0.000000E+00  0.000000E+00
  0.284082E+01 -0.105749E+00 -0.410851E-01  0.000000E+00  0.000000E+00  0.000000E+00  0.000000E+00
  0.284082E+01  0.742244E-01 -0.107108E+00  0.000000E+00  0.000000E+00  0.000000E+00  0.000000E+00
  0.284082E+01 -0.276481E-02 -0.707338E-02  0.000000E+00  0.000000E+00  0.000000E+00  0.000000E+00
  0.284082E+01 -0.138403E+00 -0.114981E+00  0.000000E+00  0.000000E+00  0.000000E+00  0.000000E+00
  0.284082E+01  0.341891E-01  0.131350E-01  0.000000E+00  0.000000E+00  0.000000E+00  0.000000E+00
  0.284082E+01 -0.642634E-03  0.717841E-04  0.000000E+00  0.000000E+00  0.000000E+00  0.000000E+00
  0.284082E+01 -0.490767E-01 -0.892929E-01  0.000000E+00  0.000000E+00  0.000000E+00  0.000000E+00
  0.284082E+01  0.388058E-01  0.203316E+00  0.000000E+00  0.000000E+00  0.000000E+00  0.000000E+00
  0.284082E+01 -0.103706E+00  0.101646E+00  0.000000E+00  0.000000E+00  0.000000E+00  0.000000E+00
  0.284082E+01  0.187287E+00  0.391444E-01  0.000000E+00  0.000000E+00  0.000000E+00  0.000000E+00
  0.284082E+01  0.420706E-01  0.258389E-02  0.000000E+00  0.000000E+00  0.000000E+00  0.000000E+00
  0.284082E+01  0.447673E-01  0.548793E-01  0.000000E+00  0.000000E+00  0.000000E+00  0.000000E+00
  0.284082E+01 -0.758058E-01  0.289580E-01  0.000000E+00  0.000000E+00  0.000000E+00  0.000000E+00
  0.284082E+01 -0.510473E-01 -0.273312E-01  0.000000E+00  0.000000E+00  0.000000E+00  0.000000E+00
  0.284082E+01  0.393800E-01  0.140475E-01  0.000000E+00  0.000000E+00  0.000000E+00  0.000000E+00
  0.284082E+01 -0.643758E-02  0.295171E-01  0.000000E+00  0.000000E+00  0.000000E+00  0.000000E+00
  0.284082E+01 -0.700920E-01  0.120112E+00  0.000000E+00  0.000000E+00  0.000000E+00  0.000000E+00
  0.284082E+01  0.117387E-02 -0.162392E-03  0.000000E+00  0.000000E+00  0.000000E+00  0.000000E+00
  0.284082E+01  0.475466E-01  0.968373E-02  0.000000E+00  0.000000E+00  0.000000E+00  0.000000E+00
  0.284082E+01 -0.101928E+00  0.399578E-01  0.000000E+00  0.000000E+00  0.000000E+00  0.000000E+00
  0.284082E+01 -0.521673E-02 -0.631118E-02  0.000000E+00  0.000000E+00  0.000000E+00  0.000000E+00
  0.284082E+01 -0.970717E-01  0.102992E+00  0.000000E+00  0.000000E+00  0.000000E+00  0.000000E+00
  0.284082E+01  0.283076E-01  0.121048E-01  0.000000E+00  0.000000E+00  0.000000E+00  0.000000E+00
  0.284082E+01  0.175848E+00  0.147446E+00  0.000000E+00  0.000000E+00  0.000000E+00  0.000000E+00
  0.284082E+01 -0.194181E+00 -0.222068E-01  0.000000E+00  0.000000E+00  0.000000E+00  0.000000E+00
  0.284082E+01 -0.127036E-01  0.142806E+00  0.000000E+00  0.000000E+00  0.000000E+00  0.000000E+00
  0.284082E+01  0.308316E-02  0.724775E-01  0.000000E+00  0.000000E+00  0.000000E+00  0.000000E+00
  0.284082E+01  0.236506E-01 -0.121974E-01  0.000000E+00  0.000000E+00  0.000000E+00  0.000000E+00
  0.284082E+01 -0.112205E+00 -0.477897E-01  0.000000E+00  0.000000E+00  0.000000E+00  0.000000E+00
  0.284082E+01 -0.520812E-01  0.177087E+00  0.000000E+00  0.000000E+00  0.000000E+00  0.000000E+00
  0.284082E+01 -0.150249E+00 -0.104841E-02  0.000000E+00  0.000000E+00  0.000000E+00  0.000000E+00
  0.284082E+01 -0.131260E+00  0.243127E-01  0.000000E+00  0.000000E+00  0.000000E+00  0.000000E+00
  0.284082E+01 -0.459579E-01 -0.458142E-01  0.000000E+00  0.000000E+00  0.000000E+00  0.000000E+00
  0.284082E+01  0.173000E+00  0.136174E+00  0.000000E+00  0.000000E+00  0.000000E+00  0.000000E+00
  0.284082E+01  0.234730E-02 -0.148464E-02  0.000000E+00  0.000000E+00  0.000000E+00  0.000000E+00
  0.284082E+01  0.220169E-01  0.258622E-01  0.000000E+00  0.000000E+00  0.000000E+00  0.000000E+00
  0.284082E+01 -0.120916E+00 -0.176239E+00  0.000000E+00  0.000000E+00  0.000000E+00  0.000000E+00
  0.284082E+01 -0.620162E-01 -0.206129E+00  0.000000E+00  0.000000E+00  0.000000E+00  0.000000E+00
  0.284082E+01  0.479744E-01  0.832458E-01  0.000000E+00  0.000000E+00  0.000000E+00  0.000000E+00
  0.284082E+01 -0.878519E-01  0.116812E+00  0.000000E+00  0.000000E+00  0.000000E+00  0.000000E+00
  0.284082E+01 -0.876357E-01  0.266028E-01  0.000000E+00  0.000000E+00  0.000000E+00  0.000000E+00
  0.284082E+01 -0.124272E+00  0.546704E-01  0.000000E+00  0.000000E+00  0.000000E+00  0.000000E+00
  0.284082E+01  0.643475E-01  0.204917E-01  0.000000E+00  0.000000E+00  0.000000E+00  0.000000E+00
  0.284082E+01  0.126254E+00  0.657570E-01  0.000000E+00  0.000000E+00  0.000000E+00  0.000000E+00
  0.284082E+01  0.952516E-01 -0.204959E+00  0.000000E+00  0.000000E+00  0.000000E+00  0.000000E+00
  0.284082E+01 -0.161060E-01 -0.746239E-01  0.000000E+00  0.000000E+00  0.000000E+00  0.000000E+00
  0.284082E+01 -0.878906E-01 -0.200845E+00  0.000000E+00  0.000000E+00  0.000000E+00  0.000000E+00
  0.284082E+01  0.121113E+00  0.363209E-01  0.000000E+00  0.000000E+00  0.000000E+00  0.000000E+00
  0.284082E+01 -0.923333E-01  0.265964E-01  0.000000E+00  0.000000E+00  0.000000E+00  0.000000E+00
  0.284082E+01  0.681387E-02 -0.114002E+00  0.000000E+00  0.000000E+00  0.000000E+00  0.000000E+00
  0.284082E+01  0.167619E-01 -0.515170E-03  0.000000E+00  0.000000E+00  0.000000E+00  0.000000E+00
  0.284082E+01  0.329061E-02  0.630392E-01  0.000000E+00  0.000000E+00  0.000000E+00  0.000000E+00
  0.284082E+01  0.275550E-01 -0.596051E-02  0.000000E+00  0.000000E+00  0.000000E+00  0.000000E+00
  0.284082E+01  0.385816E-01  0.677044E-01  0.000000E+00  0.000000E+00  0.000000E+00  0.000000E+00
  0.284082E+01 -0.778083E-01  0.306715E-01  0.000000E+00  0.000000E+00  0.000000E+00  0.000000E+00
  0.284082E+01  0.312268E-01  0.122421E+00  0.000000E+00  0.000000E+00  0.000000E+00  0.000000E+00
  0.284082E+01  0.506879E-01  0.185771E+00  0.000000E+00  0.000000E+00  0.000000E+00  0.000000E+00
  0.284082E+01  0.529762E-01  0.194311E-01  0.000000E+00  0.000000E+00  0.000000E+00  0.000000E+00
  0.284082E+01  0.163234E+00  0.297520E-03  0.000000E+00  0.000000E+00  0.000000E+00  0.000000E+00
  0.284082E+01 -0.131698E+00  0.148245E+00  0.000000E+00  0.000000E+00  0.000000E+00  0.000000E+00
  0.284082E+01 -0.459121E-01  0.164695E-01  0.000000E+00  0.000000E+00  0.000000E+00  0.000000E+00
  0.284082E+01 -0.101350E+00  0.145791E+00  0.000000E+00  0.000000E+00  0.000000E+00  0.000000E+00
  0.284082E+01  0.890915E-01 -0.539151E-01  0.000000E+00  0.000000E+00  0.000000E+00  0.000000E+00
  0.284082E+01  0.187178E-01 -0.236205E+00  0.000000E+00  0.000000E+00  0.000000E+00  0.000000E+00
  0.284082E+01 -0.173377E+00 -0.140570E+00  0.000000E+00  0.000000E+00  0.000000E+00  0.000000E+00
  0.284082E+01 -0.422632E-01  0.619741E-01  0.000000E+00  0.000000E+00  0.000000E+00  0.000000E+00
  0.284082E+01  0.936211E-01 -0.109213E+00  0.000000E+00  0.000000E+00  0.000000E+00  0.000000E+00
  0.284082E+01 -0.683393E-02  0.287600E-02  0.000000E+00  0.000000E+00  0.000000E+00  0.000000E+00
  0.284082E+01  0.137236E+00  0.528477E-01  0.000000E+00  0.000000E+00  0.000000E+00  0.000000E+00
  0.284082E+01  0.374590E-02  0.145097E+00  0.000000E+00  0.000000E+00  0.000000E+00  0.000000E+00
  0.284082E+01 -0.390620E-02  0.939489E-01  0.000000E+00  0.000000E+00  0.000000E+00  0.000000E+00
  0.284082E+01 -0.110855E+00  0.993352E-01  0.000000E+00  0.000000E+00  0.000000E+00  0.000000E+00
  0.284082E+01 -0.875611E-01 -0.119783E+00  0.000000E+00  0.000000E+00  0.000000E+00  0.000000E+00
  0.284082E+01 -0.185378E+00 -0.150513E+00  0.000000E+00  0.000000E+00  0.000000E+00  0.000000E+00
  0.284082E+01  0.137805E+00 -0.567023E-02  0.000000E+00  0.000000E+00  0.000000E+00  0.000000E+00
  0.284082E+01  0.439197E-01 -0.580781E-01  0.000000E+00  0.000000E+00  0.000000E+00  0.000000E+00
  0.284082E+01 -0.161330E+00  0.939090E-01  0.000000E+00  0.000000E+00  0.000000E+00  0.000000E+00
  0.284082E+01 -0.130476E+00 -0.122012E+00  0.000000E+00  0.000000E+00  0.000000E+00  0.000000E+00
  0.284082E+01 -0.164967E-01 -0.282608E-01  0.000000E+00  0.000000E+00  0.000000E+00  0.000000E+00
  0.284082E+01  0.165812E+00  0.113558E+00  0.000000E+00  0.000000E+00  0.000000E+00  0.000000E+00
  0.284082E+01  0.107929E+00  0.166546E+00  0.000000E+00  0.000000E+00  0.000000E+00  0.000000E+00
  0.284082E+01 -0.826329E-01  0.212248E+00  0.000000E+00  0.000000E+00  0.000000E+00  0.000000E+00
  0.284082E+01  0.464508E-01 -0.702040E-02  0.000000E+00  0.000000E+00  0.000000E+00  0.000000E+00
  0.284082E+01  0.110605E+00 -0.143472E+00  0.000000E+00  0.000000E+00  0.000000E+00  0.000000E+00
  0.284082E+01  0.132606E+00 -0.100836E+00  0.000000E+00  0.000000E+00  0.000000E+00  0.000000E+00
  0.284082E+01 -0.174527E-02 -0.208266E-01  0.000000E+00  0.000000E+00  0.000000E+00  0.000000E+00
  0.284082E+01 -0.207227E+00  0.965828E-01  0.000000E+00  0.000000E+00  0.000000E+00  0.000000E+00
  0.284082E+01 -0.308060E-01  0.157451E+00  0.000000E+00  0.000000E+00  0.000000E+00  0.000000E+00
  0.284082E+01  0.294885E-01  0.475149E-01  0.000000E+00  0.000000E+00  0.000000E+00  0.000000E+00
  0.284082E+01  0.123460E+00 -0.210898E+00  0.000000E+00  0.000000E+00  0.000000E+00  0.000000E+00
  0.284082E+01 -0.742970E-01 -0.129610E+00  0.000000E+00  0.000000E+00  0.000000E+00  0.000000E+00
  0.284082E+01  0.864328E-01  0.163288E-01  0.000000E+00  0.000000E+00  0.000000E+00  0.000000E+00
  0.284082E+01  0.890790E-01 -0.131495E+00  0.000000E+00  0.000000E+00  0.000000E+00  0.000000E+00
  0.284082E+01 -0.849680E-01 -0.116160E+00  0.000000E+00  0.000000E+00  0.000000E+00  0.000000E+00
