  0.197627E+01 -0.254118E+00 -0.438284E-02  0.000000E+00  0.000000E+00  0.000000E+00  0.000000E+00
  0.176249E+01  0.291623E-02 -0.202599E+00  0.000000E+00  0.000000E+00  0.000000E+00  0.000000E+00
  0.261090E+01  0.131355E-01  0.356325E+00  0.000000E+00  0.000000E+00  0.000000E+00  0.000000E+00
  0.181535E+01 -0.212081E+00  0.548338E-02  0.000000E+00  0.000000E+00  0.000000E+00  0.000000E+00
  0.187059E+01  0.227855E+00  0.433510E-02  0.000000E+00  0.000000E+00  0.000000E+00  0.000000E+00
  0.235691E+01 -0.186882E-01  0.235459E+00  0.000000E+00  0.000000E+00  0.000000E+00  0.000000E+00
  0.283418E+01  0.378776E+00 -0.151032E-01  0.000000E+00  0.000000E+00  0.000000E+00  0.000000E+00
  0.282802E+01  0.472678E+00 -0.168888E-02  0.000000E+00  0.000000E+00  0.000000E+00  0.000000E+00
  0.234902E+01 -0.231264E+00  0.188671E-01  0.000000E+00  0.000000E+00  0.000000E+00  0.000000E+00
  0.244131E+01 -0.270925E+00  0.173279E-01  0.000000E+00  0.000000E+00  0.000000E+00  0.000000E+00
  0.257291E+01 -0.153719E-01  0.322684E+00  0.000000E+00  0.000000E+00  0.000000E+00  0.000000E+00
  0.260519E+01  0.342973E+00  0.142446E-01  0.000000E+00  0.000000E+00  0.000000E+00  0.000000E+00
  0.267991E+01 -0.164369E-01  0.328713E+00  0.000000E+00  0.000000E+00  0.000000E+00  0.000000E+00
  0.180088E+01  0.209748E+00  0.479261E-02  0.000000E+00  0.000000E+00  0.000000E+00  0.000000E+00
  0.202522E+01  0.544309E-02  0.264020E+00  0.000000E+00  0.000000E+00  0.000000E+00  0.000000E+00
  0.191576E+01 -0.123181E-01 -0.211278E+00  0.000000E+00  0.000000E+00  0.000000E+00  0.000000E+00
  0.213886E+01 -0.299027E+00 -0.103072E-02  0.000000E+00  0.000000E+00  0.000000E+00  0.000000E+00
  0.171019E+01  0.662698E-02  0.183927E+00  0.000000E+00  0.000000E+00  0.000000E+00  0.000000E+00
  0.279291E+01 -0.198009E-01 -0.283791E+00  0.000000E+00  0.000000E+00  0.000000E+00  0.000000E+00
  0.186507E+01 -0.499748E-02 -0.225321E+00  0.000000E+00  0.000000E+00  0.000000E+00  0.000000E+00
  0.283253E+01  0.430796E+00  0.105216E-01  0.000000E+00  0.000000E+00  0.000000E+00  0.000000E+00
  0.170907E+01 -0.182556E+00  0.713025E-02  0.000000E+00  0.000000E+00  0.000000E+00  0.000000E+00
  0.247980E+01  0.374249E+00  0.602105E-02  0.000000E+00  0.000000E+00  0.000000E+00  0.000000E+00
  0.225688E+01 -0.136112E-01 -0.276098E+00  0.000000E+00  0.000000E+00  0.000000E+00  0.000000E+00
  0.230974E+01 -0.133424E-01 -0.289682E+00  0.000000E+00  0.000000E+00  0.000000E+00  0.000000E+00
  0.223133E+01  0.262075E+00 -0.145861E-01  0.000000E+00  0.000000E+00  0.000000E+00  0.000000E+00
  0.214041E+01  0.298927E+00 -0.176292E-02  0.000000E+00  0.000000E+00  0.000000E+00  0.000000E+00
  0.199802E+01 -0.259419E+00  0.444663E-02  0.000000E+00  0.000000E+00  0.000000E+00  0.000000E+00
  0.168716E+01 -0.183352E+00 -0.325016E-02  0.000000E+00  0.000000E+00  0.000000E+00  0.000000E+00
  0.203937E+01  0.137152E-01  0.229163E+00  0.000000E+00  0.000000E+00  0.000000E+00  0.000000E+00
  0.184680E+01  0.111705E-01  0.201592E+00  0.000000E+00  0.000000E+00  0.000000E+00  0.000000E+00
  0.254286E+01  0.276430E+00 -0.181337E-01  0.000000E+00  0.000000E+00  0.000000E+00  0.000000E+00
  0.272296E+01  0.411229E+00  0.981897E-02  0.000000E+00  0.000000E+00  0.000000E+00  0.000000E+00
  0.211156E+01 -0.974130E-02  0.269260E+00  0.000000E+00  0.000000E+00  0.000000E+00  0.000000E+00
  0.227627E+01  0.244931E+00  0.170010E-01  0.000000E+00  0.000000E+00  0.000000E+00  0.000000E+00
  0.175832E+01  0.178041E+00 -0.119974E-01  0.000000E+00  0.000000E+00  0.000000E+00  0.000000E+00
  0.269732E+01  0.117007E-01  0.389425E+00  0.000000E+00  0.000000E+00  0.000000E+00  0.000000E+00
  0.229481E+01 -0.317367E+00 -0.874409E-02  0.000000E+00  0.000000E+00  0.000000E+00  0.000000E+00
  0.222251E+01 -0.168786E-01 -0.236397E+00  0.000000E+00  0.000000E+00  0.000000E+00  0.000000E+00
  0.256428E+01  0.175184E-01 -0.290353E+00  0.000000E+00  0.000000E+00  0.000000E+00  0.000000E+00
  0.164932E+01  0.175340E+00 -0.452919E-04  0.000000E+00  0.000000E+00  0.000000E+00  0.000000E+00
  0.231260E+01  0.592037E-02  0.333503E+00  0.000000E+00  0.000000E+00  0.000000E+00  0.000000E+00
  0.226749E+01 -0.329885E+00  0.271461E-02  0.000000E+00  0.000000E+00  0.000000E+00  0.000000E+00
  0.208231E+01 -0.128977E-01  0.244113E+00  0.000000E+00  0.000000E+00  0.000000E+00  0.000000E+00
  0.204889E+01 -0.155416E-01  0.216581E+00  0.000000E+00  0.000000E+00  0.000000E+00  0.000000E+00
  0.199690E+01 -0.234069E+00 -0.114550E-01  0.000000E+00  0.000000E+00  0.000000E+00  0.000000E+00
  0.258295E+01  0.180992E-01 -0.284013E+00  0.000000E+00  0.000000E+00  0.000000E+00  0.000000E+00
  0.234617E+01  0.798670E-03  0.351587E+00  0.000000E+00  0.000000E+00  0.000000E+00  0.000000E+00
  0.221064E+01  0.317101E+00  0.117864E-02  0.000000E+00  0.000000E+00  0.000000E+00  0.000000E+00
  0.249990E+01  0.331008E+00  0.132800E-01  0.000000E+00  0.000000E+00  0.000000E+00  0.000000E+00
  0.279216E+01 -0.409011E+00  0.118653E-01  0.000000E+00  0.000000E+00  0.000000E+00  0.000000E+00
  0.227131E+01  0.233971E+00  0.177796E-01  0.000000E+00  0.000000E+00  0.000000E+00  0.000000E+00
  0.263791E+01 -0.422966E+00 -0.279264E-02  0.000000E+00  0.000000E+00  0.000000E+00  0.000000E+00
  0.187152E+01 -0.189778E+00  0.143294E-01  0.000000E+00  0.000000E+00  0.000000E+00  0.000000E+00
  0.203360E+01  0.248974E+00 -0.101864E-01  0.000000E+00  0.000000E+00  0.000000E+00  0.000000E+00
  0.256034E+01 -0.172996E-01  0.293090E+00  0.000000E+00  0.000000E+00  0.000000E+00  0.000000E+00
  0.175550E+01  0.243966E-02 -0.201257E+00  0.000000E+00  0.000000E+00  0.000000E+00  0.000000E+00
  0.187037E+01  0.189618E+00 -0.143173E-01  0.000000E+00  0.000000E+00  0.000000E+00  0.000000E+00
  0.280705E+01 -0.412161E+00  0.118820E-01  0.000000E+00  0.000000E+00  0.000000E+00  0.000000E+00
  0.229410E+01  0.231318E+00 -0.182560E-01  0.000000E+00  0.000000E+00  0.000000E+00  0.000000E+00
  0.210065E+01  0.287234E+00 -0.319420E-02  0.000000E+00  0.000000E+00  0.000000E+00  0.000000E+00
  0.255181E+01  0.195144E-01  0.252418E+00  0.000000E+00  0.000000E+00  0.000000E+00  0.000000E+00
  0.166666E+01 -0.177954E+00 -0.350599E-02  0.000000E+00  0.000000E+00  0.000000E+00  0.000000E+00
  0.182859E+01  0.190068E+00  0.127108E-01  0.000000E+00  0.000000E+00  0.000000E+00  0.000000E+00
  0.168572E+01  0.365550E-02 -0.182572E+00  0.000000E+00  0.000000E+00  0.000000E+00  0.000000E+00
  0.263156E+01 -0.109443E-01  0.381231E+00  0.000000E+00  0.000000E+00  0.000000E+00  0.000000E+00
  0.165568E+01 -0.173017E+00 -0.524135E-02  0.000000E+00  0.000000E+00  0.000000E+00  0.000000E+00
  0.197108E+01  0.245709E+00 -0.726841E-02  0.000000E+00  0.000000E+00  0.000000E+00  0.000000E+00
  0.178192E+01 -0.206926E+00 -0.343846E-02  0.000000E+00  0.000000E+00  0.000000E+00  0.000000E+00
  0.243807E+01 -0.142239E-02 -0.374426E+00  0.000000E+00  0.000000E+00  0.000000E+00  0.000000E+00
  0.230743E+01  0.294151E+00 -0.127491E-01  0.000000E+00  0.000000E+00  0.000000E+00  0.000000E+00
  0.246465E+01 -0.186115E-01  0.254892E+00  0.000000E+00  0.000000E+00  0.000000E+00  0.000000E+00
  0.169804E+01  0.187662E+00 -0.310162E-03  0.000000E+00  0.000000E+00  0.000000E+00  0.000000E+00
  0.176764E+01  0.117723E-01  0.181110E+00  0.000000E+00  0.000000E+00  0.000000E+00  0.000000E+00
  0.267339E+01 -0.192337E-01  0.277645E+00  0.000000E+00  0.000000E+00  0.000000E+00  0.000000E+00
  0.251117E+01  0.275815E+00  0.178327E-01  0.000000E+00  0.000000E+00  0.000000E+00  0.000000E+00
  0.255773E+01  0.144907E-01  0.330294E+00  0.000000E+00  0.000000E+00  0.000000E+00  0.000000E+00
  0.262334E+01 -0.185445E-01  0.282972E+00  0.000000E+00  0.000000E+00  0.000000E+00  0.000000E+00
  0.180233E+01 -0.198553E+00 -0.934698E-02  0.000000E+00  0.000000E+00  0.000000E+00  0.000000E+00
  0.176245E+01 -0.201869E+00  0.358880E-02  0.000000E+00  0.000000E+00  0.000000E+00  0.000000E+00
  0.257198E+01 -0.192974E-01 -0.259981E+00  0.000000E+00  0.000000E+00  0.000000E+00  0.000000E+00
  0.170899E+01 -0.102928E-02  0.190285E+00  0.000000E+00  0.000000E+00  0.000000E+00  0.000000E+00
  0.267093E+01 -0.322048E+00 -0.167582E-01  0.000000E+00  0.000000E+00  0.000000E+00  0.000000E+00
  0.252827E+01  0.377875E+00  0.782567E-02  0.000000E+00  0.000000E+00  0.000000E+00  0.000000E+00
  0.236278E+01  0.137570E-02 -0.355432E+00  0.000000E+00  0.000000E+00  0.000000E+00  0.000000E+00
  0.192993E+01  0.237651E+00  0.659755E-02  0.000000E+00  0.000000E+00  0.000000E+00  0.000000E+00
  0.179590E+01 -0.128987E-02  0.212168E+00  0.000000E+00  0.000000E+00  0.000000E+00  0.000000E+00
  0.261148E+01  0.266303E+00 -0.192992E-01  0.000000E+00  0.000000E+00  0.000000E+00  0.000000E+00
  0.243008E+01 -0.234392E-02  0.371369E+00  0.000000E+00  0.000000E+00  0.000000E+00  0.000000E+00
  0.184171E+01  0.749207E-02 -0.213753E+00  0.000000E+00  0.000000E+00  0.000000E+00  0.000000E+00
  0.282256E+01 -0.355559E-03 -0.472330E+00  0.000000E+00  0.000000E+00  0.000000E+00  0.000000E+00
  0.265859E+01  0.186093E-01  0.287716E+00  0.000000E+00  0.000000E+00  0.000000E+00  0.000000E+00
  0.223602E+01 -0.194096E-02 -0.322903E+00  0.000000E+00  0.000000E+00  0.000000E+00  0.000000E+00
  0.239549E+01 -0.124279E-01  0.316057E+00  0.000000E+00  0.000000E+00  0.000000E+00  0.000000E+00
  0.258856E+01  0.400118E+00 -0.622618E-02  0.000000E+00  0.000000E+00  0.000000E+00  0.000000E+00
  0.244639E+01  0.314702E+00  0.137775E-01  0.000000E+00  0.000000E+00  0.000000E+00  0.000000E+00
  0.250825E+01  0.145191E-01  0.319768E+00  0.000000E+00  0.000000E+00  0.000000E+00  0.000000E+00
  0.238370E+01 -0.355948E+00 -0.427491E-02  0.000000E+00  0.000000E+00  0.000000E+00  0.000000E+00
  0.276141E+01 -0.439498E-02 -0.449780E+00  0.000000E+00  0.000000E+00  0.000000E+00  0.000000E+00
  0.277334E+01  0.394558E+00 -0.128459E-01  0.000000E+00  0.000000E+00  0.000000E+00  0.000000E+00
  0.283403E+01 -0.170901E-01 -0.346886E+00  0.000000E+00  0.000000E+00  0.000000E+00  0.000000E+00
  0.212358E+01  0.145599E-01  0.240141E+00  0.000000E+00  0.000000E+00  0.000000E+00  0.000000E+00
  0.184549E+01 -0.222545E+00  0.368638E-02  0.000000E+00  0.000000E+00  0.000000E+00  0.000000E+00
  0.246046E+01  0.114223E-01 -0.338643E+00  0.000000E+00  0.000000E+00  0.000000E+00  0.000000E+00
  0.251463E+01 -0.384733E+00 -0.550611E-02  0.000000E+00  0.000000E+00  0.000000E+00  0.000000E+00
  0.274550E+01 -0.103613E-01  0.412142E+00  0.000000E+00  0.000000E+00  0.000000E+00  0.000000E+00
  0.178923E+01 -0.121810E-01  0.184052E+00  0.000000E+00  0.000000E+00  0.000000E+00  0.000000E+00
  0.233344E+01  0.758194E-02  0.332129E+00  0.000000E+00  0.000000E+00  0.000000E+00  0.000000E+00
  0.281083E+01 -0.469308E+00 -0.515517E-03  0.000000E+00  0.000000E+00  0.000000E+00  0.000000E+00
  0.213120E+01 -0.297341E+00 -0.296027E-04  0.000000E+00  0.000000E+00  0.000000E+00  0.000000E+00
  0.170904E+01 -0.295293E-02  0.189128E+00  0.000000E+00  0.000000E+00  0.000000E+00  0.000000E+00
  0.230990E+01 -0.763528E-02  0.326217E+00  0.000000E+00  0.000000E+00  0.000000E+00  0.000000E+00
  0.274801E+01 -0.405815E+00 -0.111596E-01  0.000000E+00  0.000000E+00  0.000000E+00  0.000000E+00
  0.229363E+01 -0.258203E+00  0.161640E-01  0.000000E+00  0.000000E+00  0.000000E+00  0.000000E+00
  0.263003E+01 -0.692853E-02 -0.407039E+00  0.000000E+00  0.000000E+00  0.000000E+00  0.000000E+00
  0.230423E+01  0.266404E+00  0.156162E-01  0.000000E+00  0.000000E+00  0.000000E+00  0.000000E+00
  0.268092E+01 -0.416177E+00  0.754247E-02  0.000000E+00  0.000000E+00  0.000000E+00  0.000000E+00
  0.232573E+01  0.344828E+00 -0.251918E-02  0.000000E+00  0.000000E+00  0.000000E+00  0.000000E+00
  0.184666E+01  0.219155E+00  0.580032E-02  0.000000E+00  0.000000E+00  0.000000E+00  0.000000E+00
  0.205231E+01 -0.272113E+00 -0.484324E-02  0.000000E+00  0.000000E+00  0.000000E+00  0.000000E+00
  0.223078E+01  0.307287E+00 -0.760012E-02  0.000000E+00  0.000000E+00  0.000000E+00  0.000000E+00
  0.198087E+01  0.252886E+00  0.551882E-02  0.000000E+00  0.000000E+00  0.000000E+00  0.000000E+00
  0.234722E+01 -0.317346E-02  0.349185E+00  0.000000E+00  0.000000E+00  0.000000E+00  0.000000E+00
  0.266623E+01 -0.417791E+00  0.652669E-02  0.000000E+00  0.000000E+00  0.000000E+00  0.000000E+00
  0.205158E+01 -0.138561E-01 -0.230715E+00  0.000000E+00  0.000000E+00  0.000000E+00  0.000000E+00
  0.254417E+01  0.155687E-01  0.314452E+00  0.000000E+00  0.000000E+00  0.000000E+00  0.000000E+00
  0.274906E+01  0.109739E-01  0.407716E+00  0.000000E+00  0.000000E+00  0.000000E+00  0.000000E+00
  0.251212E+01  0.202567E-02  0.392486E+00  0.000000E+00  0.000000E+00  0.000000E+00  0.000000E+00
  0.170576E+01 -0.857722E-02 -0.178120E+00  0.000000E+00  0.000000E+00  0.000000E+00  0.000000E+00
  0.230186E+01  0.129309E-01 -0.291455E+00  0.000000E+00  0.000000E+00  0.000000E+00  0.000000E+00
  0.199073E+01  0.216929E+00  0.139932E-01  0.000000E+00  0.000000E+00  0.000000E+00  0.000000E+00
  0.198322E+01 -0.259474E+00  0.138868E-02  0.000000E+00  0.000000E+00  0.000000E+00  0.000000E+00
  0.273887E+01 -0.357721E+00 -0.152357E-01  0.000000E+00  0.000000E+00  0.000000E+00  0.000000E+00
  0.282475E+01  0.201498E-01  0.279941E+00  0.000000E+00  0.000000E+00  0.000000E+00  0.000000E+00
  0.186887E+01 -0.997081E-02 -0.211763E+00  0.000000E+00  0.000000E+00  0.000000E+00  0.000000E+00
  0.203864E+01 -0.347867E-02  0.271243E+00  0.000000E+00  0.000000E+00  0.000000E+00  0.000000E+00
  0.230366E+01  0.319724E+00  0.869311E-02  0.000000E+00  0.000000E+00  0.000000E+00  0.000000E+00
  0.211779E+01 -0.257836E+00  0.120053E-01  0.000000E+00  0.000000E+00  0.000000E+00  0.000000E+00
  0.167579E+01 -0.930262E-03 -0.181915E+00  0.000000E+00  0.000000E+00  0.000000E+00  0.000000E+00
  0.248386E+01 -0.346734E+00 -0.110599E-01  0.000000E+00  0.000000E+00  0.000000E+00  0.000000E+00
  0.261988E+01 -0.413962E+00 -0.457255E-02  0.000000E+00  0.000000E+00  0.000000E+00  0.000000E+00
  0.258004E+01  0.175279E-01 -0.293046E+00  0.000000E+00  0.000000E+00  0.000000E+00  0.000000E+00
  0.169239E+01 -0.718797E-02 -0.178380E+00  0.000000E+00  0.000000E+00  0.000000E+00  0.000000E+00
  0.279564E+01 -0.144046E-01 -0.380513E+00  0.000000E+00  0.000000E+00  0.000000E+00  0.000000E+00
  0.240746E+01  0.357519E+00  0.572633E-02  0.000000E+00  0.000000E+00  0.000000E+00  0.000000E+00
  0.227528E+01  0.242739E+00  0.171618E-01  0.000000E+00  0.000000E+00  0.000000E+00  0.000000E+00
  0.253110E+01 -0.275583E+00 -0.180619E-01  0.000000E+00  0.000000E+00  0.000000E+00  0.000000E+00
  0.243653E+01 -0.337473E+00  0.108566E-01  0.000000E+00  0.000000E+00  0.000000E+00  0.000000E+00
  0.236298E+01  0.331324E+00 -0.914906E-02  0.000000E+00  0.000000E+00  0.000000E+00  0.000000E+00
  0.197935E+01 -0.114805E-01 -0.229984E+00  0.000000E+00  0.000000E+00  0.000000E+00  0.000000E+00
  0.186560E+01 -0.228814E+00  0.263807E-02  0.000000E+00  0.000000E+00  0.000000E+00  0.000000E+00
  0.173191E+01  0.830859E-02  0.185095E+00  0.000000E+00  0.000000E+00  0.000000E+00  0.000000E+00
  0.268446E+01  0.119300E-02  0.436916E+00  0.000000E+00  0.000000E+00  0.000000E+00  0.000000E+00
  0.179118E+01  0.206883E+00  0.505954E-02  0.000000E+00  0.000000E+00  0.000000E+00  0.000000E+00
  0.178467E+01 -0.203684E+00 -0.590130E-02  0.000000E+00  0.000000E+00  0.000000E+00  0.000000E+00
  0.269323E+01 -0.325940E+00 -0.167769E-01  0.000000E+00  0.000000E+00  0.000000E+00  0.000000E+00
  0.167361E+01  0.180433E+00 -0.269334E-02  0.000000E+00  0.000000E+00  0.000000E+00  0.000000E+00
  0.280921E+01  0.289752E+00  0.196582E-01  0.000000E+00  0.000000E+00  0.000000E+00  0.000000E+00
  0.231400E+01  0.158817E-01  0.265376E+00  0.000000E+00  0.000000E+00  0.000000E+00  0.000000E+00
  0.274554E+01  0.426152E+00  0.846119E-02  0.000000E+00  0.000000E+00  0.000000E+00  0.000000E+00
  0.261085E+01  0.108764E-01  0.377068E+00  0.000000E+00  0.000000E+00  0.000000E+00  0.000000E+00
  0.227715E+01 -0.152206E-01 -0.265197E+00  0.000000E+00  0.000000E+00  0.000000E+00  0.000000E+00
  0.182406E+01 -0.200034E+00  0.103114E-01  0.000000E+00  0.000000E+00  0.000000E+00  0.000000E+00
  0.169878E+01  0.183202E+00 -0.553455E-02  0.000000E+00  0.000000E+00  0.000000E+00  0.000000E+00
  0.229733E+01  0.295672E+00  0.122751E-01  0.000000E+00  0.000000E+00  0.000000E+00  0.000000E+00
  0.235015E+01 -0.162495E-01 -0.268091E+00  0.000000E+00  0.000000E+00  0.000000E+00  0.000000E+00
  0.191752E+01  0.998344E-02 -0.223005E+00  0.000000E+00  0.000000E+00  0.000000E+00  0.000000E+00
  0.203879E+01 -0.252101E+00 -0.978279E-02  0.000000E+00  0.000000E+00  0.000000E+00  0.000000E+00
  0.250507E+01  0.249100E+00  0.193033E-01  0.000000E+00  0.000000E+00  0.000000E+00  0.000000E+00
  0.206915E+01  0.150024E-01  0.225285E+00  0.000000E+00  0.000000E+00  0.000000E+00  0.000000E+00
  0.162026E+01  0.167983E+00 -0.185425E-04  0.000000E+00  0.000000E+00  0.000000E+00  0.000000E+00
  0.223986E+01 -0.156034E-01 -0.253812E+00  0.000000E+00  0.000000E+00  0.000000E+00  0.000000E+00
  0.245478E+01 -0.269095E+00 -0.176172E-01  0.000000E+00  0.000000E+00  0.000000E+00  0.000000E+00
  0.227125E+01 -0.360466E-04 -0.332799E+00  0.000000E+00  0.000000E+00  0.000000E+00  0.000000E+00
  0.201795E+01 -0.377023E-02  0.265596E+00  0.000000E+00  0.000000E+00  0.000000E+00  0.000000E+00
  0.244563E+01  0.265428E+00  0.177513E-01  0.000000E+00  0.000000E+00  0.000000E+00  0.000000E+00
  0.237872E+01 -0.261688E+00 -0.171687E-01  0.000000E+00  0.000000E+00  0.000000E+00  0.000000E+00
  0.181353E+01 -0.205410E+00 -0.803317E-02  0.000000E+00  0.000000E+00  0.000000E+00  0.000000E+00
  0.250322E+01 -0.282212E+00 -0.173287E-01  0.000000E+00  0.000000E+00  0.000000E+00  0.000000E+00
  0.229438E+01  0.144577E-01 -0.276280E+00  0.000000E+00  0.000000E+00  0.000000E+00  0.000000E+00
  0.258493E+01 -0.809432E-02 -0.390011E+00  0.000000E+00  0.000000E+00  0.000000E+00  0.000000E+00
  0.181253E+01  0.899256E-02  0.202159E+00  0.000000E+00  0.000000E+00  0.000000E+00  0.000000E+00
  0.173961E+01 -0.531720E-02  0.193665E+00  0.000000E+00  0.000000E+00  0.000000E+00  0.000000E+00
  0.268774E+01  0.339112E-02 -0.434193E+00  0.000000E+00  0.000000E+00  0.000000E+00  0.000000E+00
  0.246269E+01  0.172027E-01  0.276651E+00  0.000000E+00  0.000000E+00  0.000000E+00  0.000000E+00
  0.257543E+01 -0.946639E-03 -0.409517E+00  0.000000E+00  0.000000E+00  0.000000E+00  0.000000E+00
  0.219668E+01  0.145138E-02  0.313390E+00  0.000000E+00  0.000000E+00  0.000000E+00  0.000000E+00
  0.194013E+01  0.244567E+00  0.467832E-02  0.000000E+00  0.000000E+00  0.000000E+00  0.000000E+00
  0.214655E+01  0.228862E+00 -0.162550E-01  0.000000E+00  0.000000E+00  0.000000E+00  0.000000E+00
  0.241867E+01  0.361084E+00 -0.549136E-02  0.000000E+00  0.000000E+00  0.000000E+00  0.000000E+00
  0.259742E+01 -0.296862E+00 -0.174863E-01  0.000000E+00  0.000000E+00  0.000000E+00  0.000000E+00
  0.281376E+01  0.389179E+00 -0.140264E-01  0.000000E+00  0.000000E+00  0.000000E+00  0.000000E+00
  0.200861E+01 -0.223767E+00 -0.135542E-01  0.000000E+00  0.000000E+00  0.000000E+00  0.000000E+00
  0.220951E+01  0.317005E+00 -0.797672E-03  0.000000E+00  0.000000E+00  0.000000E+00  0.000000E+00
  0.240206E+01 -0.179719E-01 -0.254363E+00  0.000000E+00  0.000000E+00  0.000000E+00  0.000000E+00
  0.258876E+01 -0.500182E-02 -0.404831E+00  0.000000E+00  0.000000E+00  0.000000E+00  0.000000E+00
  0.200591E+01  0.262570E+00  0.377824E-02  0.000000E+00  0.000000E+00  0.000000E+00  0.000000E+00
  0.205756E+01 -0.149224E-01 -0.223604E+00  0.000000E+00  0.000000E+00  0.000000E+00  0.000000E+00
  0.185424E+01 -0.223936E+00  0.423653E-02  0.000000E+00  0.000000E+00  0.000000E+00  0.000000E+00
  0.195282E+01 -0.151212E-01  0.200821E+00  0.000000E+00  0.000000E+00  0.000000E+00  0.000000E+00
  0.281588E+01  0.288860E+00 -0.197385E-01  0.000000E+00  0.000000E+00  0.000000E+00  0.000000E+00
  0.197390E+01 -0.968124E-02 -0.237424E+00  0.000000E+00  0.000000E+00  0.000000E+00  0.000000E+00
  0.258154E+01 -0.388430E-02 -0.406361E+00  0.000000E+00  0.000000E+00  0.000000E+00  0.000000E+00
  0.241132E+01  0.245172E+00  0.186543E-01  0.000000E+00  0.000000E+00  0.000000E+00  0.000000E+00
  0.281386E+01  0.201153E-01  0.279191E+00  0.000000E+00  0.000000E+00  0.000000E+00  0.000000E+00
  0.231793E+01 -0.311102E+00  0.107541E-01  0.000000E+00  0.000000E+00  0.000000E+00  0.000000E+00
  0.282369E+01  0.188605E-01  0.310253E+00  0.000000E+00  0.000000E+00  0.000000E+00  0.000000E+00
  0.172929E+01 -0.186779E+00 -0.741759E-02  0.000000E+00  0.000000E+00  0.000000E+00  0.000000E+00
  0.172509E+01 -0.102624E-01  0.177379E+00  0.000000E+00  0.000000E+00  0.000000E+00  0.000000E+00
  0.180801E+01 -0.117612E-01 -0.190179E+00  0.000000E+00  0.000000E+00  0.000000E+00  0.000000E+00
  0.172349E+01  0.176168E+00  0.104997E-01  0.000000E+00  0.000000E+00  0.000000E+00  0.000000E+00
  0.205081E+01 -0.259921E+00 -0.863967E-02  0.000000E+00  0.000000E+00  0.000000E+00  0.000000E+00
  0.167492E+01  0.642702E-02  0.175712E+00  0.000000E+00  0.000000E+00  0.000000E+00  0.000000E+00
  0.196334E+01 -0.155569E-01 -0.199491E+00  0.000000E+00  0.000000E+00  0.000000E+00  0.000000E+00
  0.232169E+01  0.283747E+00  0.142697E-01  0.000000E+00  0.000000E+00  0.000000E+00  0.000000E+00
  0.251161E+01 -0.302781E+00 -0.159764E-01  0.000000E+00  0.000000E+00  0.000000E+00  0.000000E+00
  0.200634E+01 -0.249569E+00 -0.858554E-02  0.000000E+00  0.000000E+00  0.000000E+00  0.000000E+00
  0.250287E+01  0.280648E+00  0.174278E-01  0.000000E+00  0.000000E+00  0.000000E+00  0.000000E+00
  0.268637E+01  0.130668E-01  0.373323E+00  0.000000E+00  0.000000E+00  0.000000E+00  0.000000E+00
  0.162887E+01  0.497607E-02 -0.166758E+00  0.000000E+00  0.000000E+00  0.000000E+00  0.000000E+00
  0.189649E+01 -0.124042E-01  0.206566E+00  0.000000E+00  0.000000E+00  0.000000E+00  0.000000E+00
  0.206889E+01 -0.167236E-01  0.209291E+00  0.000000E+00  0.000000E+00  0.000000E+00  0.000000E+00
  0.216804E+01  0.285703E+00  0.908511E-02  0.000000E+00  0.000000E+00  0.000000E+00  0.000000E+00
  0.204920E+01 -0.146716E-01  0.223943E+00  0.000000E+00  0.000000E+00  0.000000E+00  0.000000E+00
  0.271234E+01  0.435710E+00  0.493988E-02  0.000000E+00  0.000000E+00  0.000000E+00  0.000000E+00
  0.229596E+01  0.243776E+00 -0.173756E-01  0.000000E+00  0.000000E+00  0.000000E+00  0.000000E+00
  0.249982E+01  0.669736E-02  0.376387E+00  0.000000E+00  0.000000E+00  0.000000E+00  0.000000E+00
  0.177447E+01 -0.958309E-02 -0.191211E+00  0.000000E+00  0.000000E+00  0.000000E+00  0.000000E+00
  0.201022E+01 -0.124547E-01 -0.231257E+00  0.000000E+00  0.000000E+00  0.000000E+00  0.000000E+00
  0.240696E+01 -0.339567E+00 -0.950807E-02  0.000000E+00  0.000000E+00  0.000000E+00  0.000000E+00
  0.205358E+01 -0.499495E-02 -0.272092E+00  0.000000E+00  0.000000E+00  0.000000E+00  0.000000E+00
  0.211862E+01  0.849338E-02  0.276660E+00  0.000000E+00  0.000000E+00  0.000000E+00  0.000000E+00
  0.177477E+01 -0.193842E+00 -0.880159E-02  0.000000E+00  0.000000E+00  0.000000E+00  0.000000E+00
  0.254381E+01 -0.400776E+00 -0.178682E-02  0.000000E+00  0.000000E+00  0.000000E+00  0.000000E+00
  0.214902E+01 -0.138182E-02 -0.301391E+00  0.000000E+00  0.000000E+00  0.000000E+00  0.000000E+00
  0.232053E+01  0.231676E+00  0.185366E-01  0.000000E+00  0.000000E+00  0.000000E+00  0.000000E+00
  0.170788E+01 -0.187749E+00 -0.397376E-02  0.000000E+00  0.000000E+00  0.000000E+00  0.000000E+00
  0.192032E+01  0.581662E-02  0.237258E+00  0.000000E+00  0.000000E+00  0.000000E+00  0.000000E+00
  0.265814E+01 -0.399440E+00  0.935724E-02  0.000000E+00  0.000000E+00  0.000000E+00  0.000000E+00
  0.276990E+01 -0.949253E-02 -0.424666E+00  0.000000E+00  0.000000E+00  0.000000E+00  0.000000E+00
  0.203288E+01 -0.127210E-01 -0.234542E+00  0.000000E+00  0.000000E+00  0.000000E+00  0.000000E+00
  0.228173E+01  0.292977E+00  0.121761E-01  0.000000E+00  0.000000E+00  0.000000E+00  0.000000E+00
  0.198799E+01  0.134271E-01  0.220232E+00  0.000000E+00  0.000000E+00  0.000000E+00  0.000000E+00
  0.205304E+01  0.216331E+00  0.156624E-01  0.000000E+00  0.000000E+00  0.000000E+00  0.000000E+00
  0.189542E+01 -0.214135E+00 -0.108423E-01  0.000000E+00  0.000000E+00  0.000000E+00  0.000000E+00
  0.189847E+01  0.209316E+00  0.119695E-01  0.000000E+00  0.000000E+00  0.000000E+00  0.000000E+00
  0.243163E+01  0.645411E-02 -0.360746E+00  0.000000E+00  0.000000E+00  0.000000E+00  0.000000E+00
  0.273013E+01  0.406938E+00 -0.105623E-01  0.000000E+00  0.000000E+00  0.000000E+00  0.000000E+00
  0.227240E+01  0.323452E+00 -0.597077E-02  0.000000E+00  0.000000E+00  0.000000E+00  0.000000E+00
  0.266163E+01  0.535998E-02  0.421597E+00  0.000000E+00  0.000000E+00  0.000000E+00  0.000000E+00
  0.246140E+01  0.193116E-01  0.241919E+00  0.000000E+00  0.000000E+00  0.000000E+00  0.000000E+00
  0.249713E+01 -0.873212E-03  0.389747E+00  0.000000E+00  0.000000E+00  0.000000E+00  0.000000E+00
  0.205604E+01 -0.401064E-02  0.274709E+00  0.000000E+00  0.000000E+00  0.000000E+00  0.000000E+00
  0.263966E+01  0.192588E-01  0.271671E+00  0.000000E+00  0.000000E+00  0.000000E+00  0.000000E+00
  0.223738E+01 -0.232965E+00  0.173874E-01  0.000000E+00  0.000000E+00  0.000000E+00  0.000000E+00
  0.193752E+01  0.233425E+00  0.852469E-02  0.000000E+00  0.000000E+00  0.000000E+00  0.000000E+00
  0.247585E+01  0.123872E-01  0.334068E+00  0.000000E+00  0.000000E+00  0.000000E+00  0.000000E+00
  0.190777E+01  0.110122E-01 -0.216156E+00  0.000000E+00  0.000000E+00  0.000000E+00  0.000000E+00
  0.235119E+01 -0.573458E-02  0.343625E+00  0.000000E+00  0.000000E+00  0.000000E+00  0.000000E+00
  0.216615E+01  0.274268E+00  0.111144E-01  0.000000E+00  0.000000E+00  0.000000E+00  0.000000E+00
  0.220300E+01 -0.177964E-01 -0.221597E+00  0.000000E+00  0.000000E+00  0.000000E+00  0.000000E+00
  0.249855E+01 -0.149043E-01  0.313393E+00  0.000000E+00  0.000000E+00  0.000000E+00  0.000000E+00
  0.246069E+01 -0.322712E+00 -0.132681E-01  0.000000E+00  0.000000E+00  0.000000E+00  0.000000E+00
  0.246820E+01  0.380523E+00  0.263931E-02  0.000000E+00  0.000000E+00  0.000000E+00  0.000000E+00
  0.258958E+01 -0.881051E-02  0.386869E+00  0.000000E+00  0.000000E+00  0.000000E+00  0.000000E+00
  0.273548E+01  0.306782E+00 -0.183016E-01  0.000000E+00  0.000000E+00  0.000000E+00  0.000000E+00
  0.212449E+01  0.408435E-02  0.291670E+00  0.000000E+00  0.000000E+00  0.000000E+00  0.000000E+00
  0.247905E+01  0.245367E+00  0.192790E-01  0.000000E+00  0.000000E+00  0.000000E+00  0.000000E+00
  0.249174E+01  0.388186E+00  0.118355E-02  0.000000E+00  0.000000E+00  0.000000E+00  0.000000E+00
  0.278920E+01  0.462075E+00 -0.223422E-02  0.000000E+00  0.000000E+00  0.000000E+00  0.000000E+00
  0.201177E+01 -0.143286E-01  0.218880E+00  0.000000E+00  0.000000E+00  0.000000E+00  0.000000E+00
  0.261521E+01  0.151556E-01  0.333930E+00  0.000000E+00  0.000000E+00  0.000000E+00  0.000000E+00
  0.248796E+01 -0.376249E+00 -0.602219E-02  0.000000E+00  0.000000E+00  0.000000E+00  0.000000E+00
  0.180970E+01 -0.517622E-02 -0.211265E+00  0.000000E+00  0.000000E+00  0.000000E+00  0.000000E+00
  0.186772E+01 -0.224369E+00 -0.578709E-02  0.000000E+00  0.000000E+00  0.000000E+00  0.000000E+00
  0.270941E+01  0.291995E+00  0.188245E-01  0.000000E+00  0.000000E+00  0.000000E+00  0.000000E+00
  0.280314E+01  0.336030E+00 -0.173794E-01  0.000000E+00  0.000000E+00  0.000000E+00  0.000000E+00
  0.260510E+01  0.348494E+00  0.137534E-01  0.000000E+00  0.000000E+00  0.000000E+00  0.000000E+00
  0.234054E+01  0.330443E+00  0.830562E-02  0.000000E+00  0.000000E+00  0.000000E+00  0.000000E+00
  0.256178E+01 -0.147841E-01  0.327686E+00  0.000000E+00  0.000000E+00  0.000000E+00  0.000000E+00
  0.219403E+01  0.287213E+00 -0.997880E-02  0.000000E+00  0.000000E+00  0.000000E+00  0.000000E+00
  0.176370E+01  0.919869E-02  0.189966E+00  0.000000E+00  0.000000E+00  0.000000E+00  0.000000E+00
  0.267849E+01 -0.185976E-01  0.291309E+00  0.000000E+00  0.000000E+00  0.000000E+00  0.000000E+00
  0.257470E+01 -0.372777E+00  0.103627E-01  0.000000E+00  0.000000E+00  0.000000E+00  0.000000E+00
  0.263301E+01  0.257879E+00 -0.198551E-01  0.000000E+00  0.000000E+00  0.000000E+00  0.000000E+00
  0.234455E+01 -0.281699E+00 -0.149416E-01  0.000000E+00  0.000000E+00  0.000000E+00  0.000000E+00
  0.201118E+01  0.364751E-02  0.264099E+00  0.000000E+00  0.000000E+00  0.000000E+00  0.000000E+00
  0.182154E+01  0.770405E-02 -0.208286E+00  0.000000E+00  0.000000E+00  0.000000E+00  0.000000E+00
  0.189276E+01 -0.206319E+00  0.122978E-01  0.000000E+00  0.000000E+00  0.000000E+00  0.000000E+00
  0.165579E+01  0.173430E+00  0.498060E-02  0.000000E+00  0.000000E+00  0.000000E+00  0.000000E+00
  0.284078E+01 -0.142279E-01  0.392210E+00  0.000000E+00  0.000000E+00  0.000000E+00  0.000000E+00
  0.274261E+01  0.448640E+00 -0.310292E-02  0.000000E+00  0.000000E+00  0.000000E+00  0.000000E+00
  0.180113E+01 -0.114292E-01  0.190126E+00  0.000000E+00  0.000000E+00  0.000000E+00  0.000000E+00
  0.184682E+01  0.221459E+00  0.462217E-02  0.000000E+00  0.000000E+00  0.000000E+00  0.000000E+00
  0.177208E+01  0.189463E+00 -0.992308E-02  0.000000E+00  0.000000E+00  0.000000E+00  0.000000E+00
  0.213997E+01 -0.272056E+00  0.104646E-01  0.000000E+00  0.000000E+00  0.000000E+00  0.000000E+00
  0.199163E+01 -0.236569E+00 -0.107456E-01  0.000000E+00  0.000000E+00  0.000000E+00  0.000000E+00
  0.258314E+01  0.112830E-01  0.367441E+00  0.000000E+00  0.000000E+00  0.000000E+00  0.000000E+00
  0.163793E+01  0.498617E-02 -0.168991E+00  0.000000E+00  0.000000E+00  0.000000E+00  0.000000E+00
  0.206902E+01 -0.611283E-04 -0.281598E+00  0.000000E+00  0.000000E+00  0.000000E+00  0.000000E+00
  0.268207E+01  0.537936E-02 -0.426578E+00  0.000000E+00  0.000000E+00  0.000000E+00  0.000000E+00
  0.231300E+01 -0.277328E-02 -0.341250E+00  0.000000E+00  0.000000E+00  0.000000E+00  0.000000E+00
  0.213826E+01  0.184691E-02  0.298311E+00  0.000000E+00  0.000000E+00  0.000000E+00  0.000000E+00
  0.210194E+01  0.271132E+00  0.885621E-02  0.000000E+00  0.000000E+00  0.000000E+00  0.000000E+00
  0.269609E+01  0.856950E-02  0.413681E+00  0.000000E+00  0.000000E+00  0.000000E+00  0.000000E+00
  0.267195E+01  0.198735E-01 -0.263453E+00  0.000000E+00  0.000000E+00  0.000000E+00  0.000000E+00
  0.253044E+01  0.302596E+00 -0.162630E-01  0.000000E+00  0.000000E+00  0.000000E+00  0.000000E+00
  0.206027E+01 -0.161326E-01 -0.213429E+00  0.000000E+00  0.000000E+00  0.000000E+00  0.000000E+00
  0.235658E+01 -0.254271E+00  0.174149E-01  0.000000E+00  0.000000E+00  0.000000E+00  0.000000E+00
  0.249370E+01  0.185532E-01  0.260810E+00  0.000000E+00  0.000000E+00  0.000000E+00  0.000000E+00
  0.246530E+01  0.344902E+00  0.107380E-01  0.000000E+00  0.000000E+00  0.000000E+00  0.000000E+00
  0.233990E+01  0.251849E+00 -0.173701E-01  0.000000E+00  0.000000E+00  0.000000E+00  0.000000E+00
  0.174640E+01 -0.912529E-02  0.186124E+00  0.000000E+00  0.000000E+00  0.000000E+00  0.000000E+00
  0.252088E+01  0.253834E+00  0.191886E-01  0.000000E+00  0.000000E+00  0.000000E+00  0.000000E+00
  0.238139E+01  0.274314E+00  0.162323E-01  0.000000E+00  0.000000E+00  0.000000E+00  0.000000E+00
  0.273824E+01 -0.320107E+00 -0.176120E-01  0.000000E+00  0.000000E+00  0.000000E+00  0.000000E+00
  0.263882E+01  0.338912E+00  0.151381E-01  0.000000E+00  0.000000E+00  0.000000E+00  0.000000E+00
  0.243336E+01  0.365485E+00  0.525606E-02  0.000000E+00  0.000000E+00  0.000000E+00  0.000000E+00
  0.244756E+01  0.178932E-01 -0.263594E+00  0.000000E+00  0.000000E+00  0.000000E+00  0.000000E+00
  0.214991E+01 -0.240743E+00 -0.151009E-01  0.000000E+00  0.000000E+00  0.000000E+00  0.000000E+00
  0.267192E+01 -0.381467E+00  0.119448E-01  0.000000E+00  0.000000E+00  0.000000E+00  0.000000E+00
  0.242937E+01 -0.233492E-02 -0.371201E+00  0.000000E+00  0.000000E+00  0.000000E+00  0.000000E+00
  0.278279E+01  0.152601E-01 -0.366191E+00  0.000000E+00  0.000000E+00  0.000000E+00  0.000000E+00
  0.276184E+01 -0.350581E+00  0.160374E-01  0.000000E+00  0.000000E+00  0.000000E+00  0.000000E+00
  0.278052E+01 -0.425457E+00  0.971347E-02  0.000000E+00  0.000000E+00  0.000000E+00  0.000000E+00
  0.219898E+01  0.293001E-02 -0.312334E+00  0.000000E+00  0.000000E+00  0.000000E+00  0.000000E+00
  0.204920E+01  0.213680E+00  0.158730E-01  0.000000E+00  0.000000E+00  0.000000E+00  0.000000E+00
  0.188471E+01  0.134695E-01 -0.197921E+00  0.000000E+00  0.000000E+00  0.000000E+00  0.000000E+00
  0.177856E+01  0.125757E-02 -0.207797E+00  0.000000E+00  0.000000E+00  0.000000E+00  0.000000E+00
  0.255660E+01  0.320518E+00 -0.152851E-01  0.000000E+00  0.000000E+00  0.000000E+00  0.000000E+00
  0.235366E+01  0.253773E+00 -0.174125E-01  0.000000E+00  0.000000E+00  0.000000E+00  0.000000E+00
  0.217790E+01 -0.147410E-01 -0.249701E+00  0.000000E+00  0.000000E+00  0.000000E+00  0.000000E+00
  0.243938E+01  0.182645E-01 -0.256309E+00  0.000000E+00  0.000000E+00  0.000000E+00  0.000000E+00
  0.234447E+01  0.104117E-01  0.319418E+00  0.000000E+00  0.000000E+00  0.000000E+00  0.000000E+00
  0.194610E+01  0.152940E-01  0.198139E+00  0.000000E+00  0.000000E+00  0.000000E+00  0.000000E+00
  0.250957E+01 -0.963094E-02 -0.362792E+00  0.000000E+00  0.000000E+00  0.000000E+00  0.000000E+00
  0.233246E+01  0.347814E+00 -0.131407E-02  0.000000E+00  0.000000E+00  0.000000E+00  0.000000E+00
  0.276171E+01  0.169140E-01 -0.336509E+00  0.000000E+00  0.000000E+00  0.000000E+00  0.000000E+00
  0.267264E+01  0.288913E+00  0.186700E-01  0.000000E+00  0.000000E+00  0.000000E+00  0.000000E+00
  0.235231E+01  0.296709E+00  0.135736E-01  0.000000E+00  0.000000E+00  0.000000E+00  0.000000E+00
  0.168435E+01 -0.182860E+00  0.302074E-02  0.000000E+00  0.000000E+00  0.000000E+00  0.000000E+00
  0.277914E+01  0.633853E-02 -0.446309E+00  0.000000E+00  0.000000E+00  0.000000E+00  0.000000E+00
  0.283899E+01 -0.475525E+00 -0.162765E-02  0.000000E+00  0.000000E+00  0.000000E+00  0.000000E+00
  0.223684E+01 -0.146770E-01 -0.262357E+00  0.000000E+00  0.000000E+00  0.000000E+00  0.000000E+00
  0.214443E+01 -0.276101E+00  0.990159E-02  0.000000E+00  0.000000E+00  0.000000E+00  0.000000E+00
  0.277423E+01 -0.143706E-02 -0.459381E+00  0.000000E+00  0.000000E+00  0.000000E+00  0.000000E+00
  0.254181E+01 -0.249280E+00 -0.195916E-01  0.000000E+00  0.000000E+00  0.000000E+00  0.000000E+00
  0.249925E+01  0.141711E-01 -0.321724E+00  0.000000E+00  0.000000E+00  0.000000E+00  0.000000E+00
  0.186472E+01 -0.961651E-02  0.212187E+00  0.000000E+00  0.000000E+00  0.000000E+00  0.000000E+00
  0.283404E+01  0.473080E+00 -0.240568E-02  0.000000E+00  0.000000E+00  0.000000E+00  0.000000E+00
  0.182162E+01 -0.196234E+00  0.110913E-01  0.000000E+00  0.000000E+00  0.000000E+00  0.000000E+00
  0.273610E+01  0.142781E-01 -0.369790E+00  0.000000E+00  0.000000E+00  0.000000E+00  0.000000E+00
  0.246906E+01 -0.354595E+00 -0.943034E-02  0.000000E+00  0.000000E+00  0.000000E+00  0.000000E+00
  0.175085E+01 -0.116460E-01  0.177898E+00  0.000000E+00  0.000000E+00  0.000000E+00  0.000000E+00
  0.216398E+01  0.896060E-02  0.285334E+00  0.000000E+00  0.000000E+00  0.000000E+00  0.000000E+00
  0.213481E+01  0.168620E-01 -0.220200E+00  0.000000E+00  0.000000E+00  0.000000E+00  0.000000E+00
  0.212339E+01 -0.225814E+00  0.161148E-01  0.000000E+00  0.000000E+00  0.000000E+00  0.000000E+00
  0.231005E+01  0.867644E-02 -0.321325E+00  0.000000E+00  0.000000E+00  0.000000E+00  0.000000E+00
  0.176874E+01 -0.123304E-01 -0.178830E+00  0.000000E+00  0.000000E+00  0.000000E+00  0.000000E+00
  0.282314E+01 -0.200155E-01 -0.283125E+00  0.000000E+00  0.000000E+00  0.000000E+00  0.000000E+00
  0.205022E+01  0.274914E+00  0.294230E-02  0.000000E+00  0.000000E+00  0.000000E+00  0.000000E+00
  0.264392E+01 -0.132715E-01 -0.361994E+00  0.000000E+00  0.000000E+00  0.000000E+00  0.000000E+00
  0.179302E+01  0.861049E-02  0.198768E+00  0.000000E+00  0.000000E+00  0.000000E+00  0.000000E+00
  0.255045E+01  0.958637E-02 -0.372644E+00  0.000000E+00  0.000000E+00  0.000000E+00  0.000000E+00
  0.191311E+01  0.113844E-01  0.215563E+00  0.000000E+00  0.000000E+00  0.000000E+00  0.000000E+00
  0.212117E+01  0.168222E-01 -0.218078E+00  0.000000E+00  0.000000E+00  0.000000E+00  0.000000E+00
  0.216612E+01 -0.305875E+00 -0.112267E-02  0.000000E+00  0.000000E+00  0.000000E+00  0.000000E+00
  0.178634E+01  0.128866E-01  0.179977E+00  0.000000E+00  0.000000E+00  0.000000E+00  0.000000E+00
  0.276426E+01  0.146144E-01 -0.371284E+00  0.000000E+00  0.000000E+00  0.000000E+00  0.000000E+00
  0.202394E+01  0.138597E-01  0.224864E+00  0.000000E+00  0.000000E+00  0.000000E+00  0.000000E+00
  0.223485E+01  0.311514E+00 -0.676410E-02  0.000000E+00  0.000000E+00  0.000000E+00  0.000000E+00
  0.204971E+01 -0.207346E+00 -0.165551E-01  0.000000E+00  0.000000E+00  0.000000E+00  0.000000E+00
  0.265150E+01  0.159123E-01 -0.330935E+00  0.000000E+00  0.000000E+00  0.000000E+00  0.000000E+00
  0.176780E+01  0.188195E+00  0.999978E-02  0.000000E+00  0.000000E+00  0.000000E+00  0.000000E+00
  0.200432E+01  0.127856E-01 -0.227909E+00  0.000000E+00  0.000000E+00  0.000000E+00  0.000000E+00
  0.276219E+01  0.174777E-01  0.326830E+00  0.000000E+00  0.000000E+00  0.000000E+00  0.000000E+00
  0.188073E+01 -0.192511E+00 -0.142028E-01  0.000000E+00  0.000000E+00  0.000000E+00  0.000000E+00
  0.258842E+01  0.408802E+00 -0.359651E-02  0.000000E+00  0.000000E+00  0.000000E+00  0.000000E+00
  0.268565E+01  0.361471E+00  0.140986E-01  0.000000E+00  0.000000E+00  0.000000E+00  0.000000E+00
  0.200371E+01  0.256646E+00 -0.625011E-02  0.000000E+00  0.000000E+00  0.000000E+00  0.000000E+00
  0.229266E+01 -0.161779E-01  0.257856E+00  0.000000E+00  0.000000E+00  0.000000E+00  0.000000E+00
  0.248022E+01  0.343856E+00  0.113257E-01  0.000000E+00  0.000000E+00  0.000000E+00  0.000000E+00
  0.215882E+01  0.272146E+00  0.111899E-01  0.000000E+00  0.000000E+00  0.000000E+00  0.000000E+00
  0.195928E+01 -0.211676E+00  0.137951E-01  0.000000E+00  0.000000E+00  0.000000E+00  0.000000E+00
  0.262729E+01  0.124403E-01 -0.366857E+00  0.000000E+00  0.000000E+00  0.000000E+00  0.000000E+00
  0.237743E+01  0.170361E-01 -0.263239E+00  0.000000E+00  0.000000E+00  0.000000E+00  0.000000E+00
  0.245945E+01  0.360860E+00  0.791816E-02  0.000000E+00  0.000000E+00  0.000000E+00  0.000000E+00
  0.194633E+01  0.534776E-03  0.250479E+00  0.000000E+00  0.000000E+00  0.000000E+00  0.000000E+00
  0.231664E+01 -0.620368E-02 -0.333521E+00  0.000000E+00  0.000000E+00  0.000000E+00  0.000000E+00
  0.214496E+01 -0.106769E-01  0.272010E+00  0.000000E+00  0.000000E+00  0.000000E+00  0.000000E+00
  0.220378E+01 -0.136901E-01 -0.264172E+00  0.000000E+00  0.000000E+00  0.000000E+00  0.000000E+00
  0.222274E+01  0.320456E+00  0.491182E-03  0.000000E+00  0.000000E+00  0.000000E+00  0.000000E+00
  0.205332E+01  0.904626E-02 -0.258810E+00  0.000000E+00  0.000000E+00  0.000000E+00  0.000000E+00
  0.221327E+01  0.270053E+00  0.132137E-01  0.000000E+00  0.000000E+00  0.000000E+00  0.000000E+00
  0.265382E+01  0.359497E+00 -0.136912E-01  0.000000E+00  0.000000E+00  0.000000E+00  0.000000E+00
  0.190547E+01 -0.222231E+00  0.948566E-02  0.000000E+00  0.000000E+00  0.000000E+00  0.000000E+00
  0.275758E+01 -0.176633E-01 -0.322651E+00  0.000000E+00  0.000000E+00  0.000000E+00  0.000000E+00
  0.254342E+01  0.375306E+00 -0.891355E-02  0.000000E+00  0.000000E+00  0.000000E+00  0.000000E+00
  0.248510E+01  0.303699E+00  0.154915E-01  0.000000E+00  0.000000E+00  0.000000E+00  0.000000E+00
  0.223785E+01 -0.235953E+00 -0.171533E-01  0.000000E+00  0.000000E+00  0.000000E+00  0.000000E+00
  0.263876E+01  0.229866E-02 -0.424040E+00  0.000000E+00  0.000000E+00  0.000000E+00  0.000000E+00
  0.197820E+01  0.223389E+00  0.125948E-01  0.000000E+00  0.000000E+00  0.000000E+00  0.000000E+00
  0.235180E+01  0.344972E+00 -0.536257E-02  0.000000E+00  0.000000E+00  0.000000E+00  0.000000E+00
  0.273819E+01  0.827502E-03 -0.450771E+00  0.000000E+00  0.000000E+00  0.000000E+00  0.000000E+00
  0.260935E+01 -0.283551E+00  0.183834E-01  0.000000E+00  0.000000E+00  0.000000E+00  0.000000E+00
  0.189302E+01 -0.567894E-02 -0.230843E+00  0.000000E+00  0.000000E+00  0.000000E+00  0.000000E+00
  0.242801E+01 -0.360378E+00  0.632282E-02  0.000000E+00  0.000000E+00  0.000000E+00  0.000000E+00
  0.243044E+01 -0.111089E-01 -0.334243E+00  0.000000E+00  0.000000E+00  0.000000E+00  0.000000E+00
  0.240010E+01 -0.255809E+00 -0.178526E-01  0.000000E+00  0.000000E+00  0.000000E+00  0.000000E+00
  0.178959E+01  0.607866E-02 -0.204525E+00  0.000000E+00  0.000000E+00  0.000000E+00  0.000000E+00
  0.170168E+01 -0.180326E-02  0.188107E+00  0.000000E+00  0.000000E+00  0.000000E+00  0.000000E+00
  0.221205E+01 -0.819552E-02  0.300247E+00  0.000000E+00  0.000000E+00  0.000000E+00  0.000000E+00
  0.204262E+01  0.274137E+00 -0.187862E-02  0.000000E+00  0.000000E+00  0.000000E+00  0.000000E+00
  0.224428E+01 -0.287052E+00  0.118464E-01  0.000000E+00  0.000000E+00  0.000000E+00  0.000000E+00
  0.205256E+01  0.261844E+00  0.826218E-02  0.000000E+00  0.000000E+00  0.000000E+00  0.000000E+00
  0.209262E+01 -0.286428E+00 -0.222880E-02  0.000000E+00  0.000000E+00  0.000000E+00  0.000000E+00
  0.177632E+01 -0.191641E+00 -0.958397E-02  0.000000E+00  0.000000E+00  0.000000E+00  0.000000E+00
  0.231018E+01 -0.118563E-01  0.301670E+00  0.000000E+00  0.000000E+00  0.000000E+00  0.000000E+00
  0.177656E+01 -0.187779E+00 -0.106504E-01  0.000000E+00  0.000000E+00  0.000000E+00  0.000000E+00
  0.210936E+01  0.888500E-04 -0.291810E+00  0.000000E+00  0.000000E+00  0.000000E+00  0.000000E+00
  0.238620E+01 -0.118930E-01 -0.318328E+00  0.000000E+00  0.000000E+00  0.000000E+00  0.000000E+00
  0.260434E+01 -0.255774E+00 -0.197487E-01  0.000000E+00  0.000000E+00  0.000000E+00  0.000000E+00
  0.216830E+01  0.226595E+00 -0.168500E-01  0.000000E+00  0.000000E+00  0.000000E+00  0.000000E+00
  0.272509E+01  0.141227E-01 -0.369421E+00  0.000000E+00  0.000000E+00  0.000000E+00  0.000000E+00
  0.250840E+01 -0.319306E+00 -0.145631E-01  0.000000E+00  0.000000E+00  0.000000E+00  0.000000E+00
  0.258860E+01  0.321282E+00 -0.157175E-01  0.000000E+00  0.000000E+00  0.000000E+00  0.000000E+00
  0.257095E+01  0.161026E-01 -0.312612E+00  0.000000E+00  0.000000E+00  0.000000E+00  0.000000E+00
  0.199475E+01 -0.941750E-02 -0.243438E+00  0.000000E+00  0.000000E+00  0.000000E+00  0.000000E+00
  0.253637E+01  0.395361E+00 -0.376474E-02  0.000000E+00  0.000000E+00  0.000000E+00  0.000000E+00
  0.226277E+01  0.855011E-02  0.310713E+00  0.000000E+00  0.000000E+00  0.000000E+00  0.000000E+00
  0.176717E+01  0.363109E-02 -0.203001E+00  0.000000E+00  0.000000E+00  0.000000E+00  0.000000E+00
  0.166211E+01  0.168715E+00 -0.819330E-02  0.000000E+00  0.000000E+00  0.000000E+00  0.000000E+00
  0.174803E+01  0.433119E-02 -0.197302E+00  0.000000E+00  0.000000E+00  0.000000E+00  0.000000E+00
  0.276720E+01  0.195866E-02  0.456952E+00  0.000000E+00  0.000000E+00  0.000000E+00  0.000000E+00
  0.174443E+01  0.415856E-02 -0.196642E+00  0.000000E+00  0.000000E+00  0.000000E+00  0.000000E+00
  0.235556E+01  0.163757E-01  0.267593E+00  0.000000E+00  0.000000E+00  0.000000E+00  0.000000E+00
  0.211242E+01  0.232057E+00 -0.152266E-01  0.000000E+00  0.000000E+00  0.000000E+00  0.000000E+00
  0.231758E+01  0.291602E+00 -0.133145E-01  0.000000E+00  0.000000E+00  0.000000E+00  0.000000E+00
  0.222324E+01  0.239228E+00 -0.166463E-01  0.000000E+00  0.000000E+00  0.000000E+00  0.000000E+00
  0.239305E+01 -0.337403E+00 -0.932318E-02  0.000000E+00  0.000000E+00  0.000000E+00  0.000000E+00
  0.221884E+01  0.563896E-02  0.311296E+00  0.000000E+00  0.000000E+00  0.000000E+00  0.000000E+00
  0.163677E+01  0.172118E+00  0.564281E-03  0.000000E+00  0.000000E+00  0.000000E+00  0.000000E+00
  0.209262E+01  0.251713E+00 -0.120896E-01  0.000000E+00  0.000000E+00  0.000000E+00  0.000000E+00
  0.211397E+01  0.171799E-01 -0.212842E+00  0.000000E+00  0.000000E+00  0.000000E+00  0.000000E+00
  0.263300E+01  0.173428E-01 -0.305664E+00  0.000000E+00  0.000000E+00  0.000000E+00  0.000000E+00
  0.225756E+01  0.809683E-02 -0.311583E+00  0.000000E+00  0.000000E+00  0.000000E+00  0.000000E+00
  0.226828E+01 -0.210191E-02  0.330871E+00  0.000000E+00  0.000000E+00  0.000000E+00  0.000000E+00
  0.279459E+01  0.290647E+00 -0.195227E-01  0.000000E+00  0.000000E+00  0.000000E+00  0.000000E+00
  0.255189E+01 -0.150419E-01 -0.322572E+00  0.000000E+00  0.000000E+00  0.000000E+00  0.000000E+00
  0.199368E+01  0.498923E-02  0.257243E+00  0.000000E+00  0.000000E+00  0.000000E+00  0.000000E+00
  0.241441E+01  0.859349E-03 -0.368826E+00  0.000000E+00  0.000000E+00  0.000000E+00  0.000000E+00
  0.263761E+01  0.151568E-01 -0.338423E+00  0.000000E+00  0.000000E+00  0.000000E+00  0.000000E+00
  0.195623E+01 -0.238426E+00  0.837408E-02  0.000000E+00  0.000000E+00  0.000000E+00  0.000000E+00
  0.214320E+01  0.126631E-02 -0.299995E+00  0.000000E+00  0.000000E+00  0.000000E+00  0.000000E+00
  0.241787E+01 -0.486881E-02  0.362837E+00  0.000000E+00  0.000000E+00  0.000000E+00  0.000000E+00
  0.205528E+01  0.277813E+00  0.117571E-02  0.000000E+00  0.000000E+00  0.000000E+00  0.000000E+00
  0.186344E+01  0.213372E+00 -0.921935E-02  0.000000E+00  0.000000E+00  0.000000E+00  0.000000E+00
  0.264384E+01 -0.835829E-02 -0.402551E+00  0.000000E+00  0.000000E+00  0.000000E+00  0.000000E+00
  0.239337E+01  0.556920E-02  0.354576E+00  0.000000E+00  0.000000E+00  0.000000E+00  0.000000E+00
  0.225888E+01  0.117851E-01  0.290739E+00  0.000000E+00  0.000000E+00  0.000000E+00  0.000000E+00
  0.200531E+01  0.149507E-01  0.212767E+00  0.000000E+00  0.000000E+00  0.000000E+00  0.000000E+00
  0.279655E+01 -0.385246E+00 -0.140523E-01  0.000000E+00  0.000000E+00  0.000000E+00  0.000000E+00
  0.187002E+01 -0.585545E-02  0.224785E+00  0.000000E+00  0.000000E+00  0.000000E+00  0.000000E+00
  0.212928E+01 -0.167779E-01 -0.220074E+00  0.000000E+00  0.000000E+00  0.000000E+00  0.000000E+00
  0.277474E+01 -0.113541E-01 -0.410063E+00  0.000000E+00  0.000000E+00  0.000000E+00  0.000000E+00
  0.243295E+01 -0.266851E+00 -0.175035E-01  0.000000E+00  0.000000E+00  0.000000E+00  0.000000E+00
  0.284082E+01 -0.393860E-01  0.157660E+00  0.000000E+00  0.000000E+00  0.000000E+00  0.000000E+00
  0.284082E+01 -0.534760E-01 -0.127139E-02  0.000000E+00  0.000000E+00  0.000000E+00  0.000000E+00
  0.284082E+01  0.819410E-01 -0.517126E-01  0.000000E+00  0.000000E+00  0.000000E+00  0.000000E+00
  0.284082E+01 -0.165745E+00  0.660917E-01  0.000000E+00  0.000000E+00  0.000000E+00  0.000000E+00
  0.284082E+01  0.871426E-01 -0.171095E+00  0.000000E+00  0.000000E+00  0.000000E+00  0.000000E+00
  0.284082E+01  0.657605E-01  0.185005E+00  0.000000E+00  0.000000E+00  0.000000E+00  0.000000E+00
  0.284082E+01 -0.680458E-01 -0.514680E-02  0.000000E+00  0.000000E+00  0.000000E+00  0.000000E+00
  0.284082E+01  0.632922E-02 -0.145362E-01  0.000000E+00  0.000000E+00  0.000000E+00  0.000000E+00
  0.284082E+01 -0.566687E-01  0.897915E-01  0.000000E+00  0.000000E+00  0.000000E+00  0.000000E+00
  0.284082E+01 -0.215513E+00 -0.825092E-01  0.000000E+00  0.000000E+00  0.000000E+00  0.000000E+00
  0.284082E+01  0.143600E-01 -0.188368E-01  0.000000E+00  0.000000E+00  0.000000E+00  0.000000E+00
  0.284082E+01 -0.155796E-01 -0.187213E-01  0.000000E+00  0.000000E+00  0.000000E+00  0.000000E+00
  0.284082E+01 -0.895694E-01  0.752312E-01  0.000000E+00  0.000000E+00  0.000000E+00  0.000000E+00
  0.284082E+01 -0.824221E-01 -0.719421E-01  0.000000E+00  0.000000E+00  0.000000E+00  0.000000E+00
  0.284082E+01 -0.229586E-01 -0.872292E-01  0.000000E+00  0.000000E+00  0.000000E+00  0.000000E+00
  0.284082E+01  0.152203E+00 -0.372658E-01  0.000000E+00  0.000000E+00  0.000000E+00  0.000000E+00
  0.284082E+01  0.180419E-02  0.295616E-01  0.000000E+00  0.000000E+00  0.000000E+00  0.000000E+00
  0.284082E+01 -0.130161E+00 -0.890431E-02  0.000000E+00  0.000000E+00  0.000000E+00  0.000000E+00
  0.284082E+01 -0.139176E-02 -0.183739E-01  0.000000E+00  0.000000E+00  0.000000E+00  0.000000E+00
  0.284082E+01 -0.229448E-01 -0.122707E+00  0.000000E+00  0.000000E+00  0.000000E+00  0.000000E+00
  0.284082E+01 -0.149102E+00  0.103528E+00  0.000000E+00  0.000000E+00  0.000000E+00  0.000000E+00
  0.284082E+01  0.869474E-03  0.235222E+00  0.000000E+00  0.000000E+00  0.000000E+00  0.000000E+00
  0.284082E+01 -0.102379E+00 -0.158321E+00  0.000000E+00  0.000000E+00  0.000000E+00  0.000000E+00
  0.284082E+01 -0.113025E+00  0.293869E-02  0.000000E+00  0.000000E+00  0.000000E+00  0.000000E+00
  0.284082E+01  0.165444E+00 -0.163610E-01  0.000000E+00  0.000000E+00  0.000000E+00  0.000000E+00
  0.284082E+01 -0.433752E-01  0.994023E-01  0.000000E+00  0.000000E+00  0.000000E+00  0.000000E+00
  0.284082E+01  0.695020E-01  0.191549E+00  0.000000E+00  0.000000E+00  0.000000E+00  0.000000E+00
  0.284082E+01  0.434273E-01 -0.656007E-01  0.000000E+00  0.000000E+00  0.000000E+00  0.000000E+00
  0.284082E+01 -0.181256E+00 -0.214720E-01  0.000000E+00  0.000000E+00  0.000000E+00  0.000000E+00
  0.284082E+01  0.100632E+00 -0.399774E-01  0.000000E+00  0.000000E+00  0.000000E+00  0.000000E+00
  0.284082E+01  0.176433E-01 -0.325219E-01  0.000000E+00  0.000000E+00  0.000000E+00  0.000000E+00
  0.284082E+01 -0.470908E-01 -0.181732E+00  0.000000E+00  0.000000E+00  0.000000E+00  0.000000E+00
  0.284082E+01 -0.134872E+00 -0.420958E-02  0.000000E+00  0.000000E+00  0.000000E+00  0.000000E+00
  0.284082E+01  0.637818E-01 -0.923196E-01  0.000000E+00  0.000000E+00  0.000000E+00  0.000000E+00
  0.284082E+01 -0.748853E-01  0.230741E+00  0.000000E+00  0.000000E+00  0.000000E+00  0.000000E+00
  0.284082E+01  0.153509E+00 -0.111080E+00  0.000000E+00  0.000000E+00  0.000000E+00  0.000000E+00
  0.284082E+01 -0.338781E-02 -0.120385E-01  0.000000E+00  0.000000E+00  0.000000E+00  0.000000E+00
  0.284082E+01 -0.311061E-01 -0.543762E-01  0.000000E+00  0.000000E+00  0.000000E+00  0.000000E+00
  0.284082E+01 -0.619289E-02  0.109242E-01  0.000000E+00  0.000000E+00  0.000000E+00  0.000000E+00
  0.284082E+01 -0.131827E-02  0.394296E-02  0.000000E+00  0.000000E+00  0.000000E+00  0.000000E+00
  0.284082E+01 -0.395278E-01  0.256891E-01  0.000000E+00  0.000000E+00  0.000000E+00  0.000000E+00
  0.284082E+01 -0.382405E-02  0.756914E-02  0.000000E+00  0.000000E+00  0.000000E+00  0.000000E+00
  0.284082E+01 -0.485176E-01  0.794119E-01  0.000000E+00  0.000000E+00  0.000000E+00  0.000000E+00
  0.284082E+01  0.747217E-02 -0.128280E+00  0.000000E+00  0.000000E+00  0.000000E+00  0.000000E+00
  0.284082E+01  0.221239E-01 -0.210019E+00  0.000000E+00  0.000000E+00  0.000000E+00  0.000000E+00
  0.284082E+01  0.196537E+00 -0.770509E-02  0.000000E+00  0.000000E+00  0.000000E+00  0.000000E+00
  0.284082E+01 -0.138688E+00 -0.866084E-01  0.000000E+00  0.000000E+00  0.000000E+00  0.000000E+00
  0.284082E+01 -0.145330E-01 -0.720508E-02  0.000000E+00  0.000000E+00  0.000000E+00  0.000000E+00
  0.284082E+01  0.332267E-01 -0.112790E+00  0.000000E+00  0.000000E+00  0.000000E+00  0.000000E+00
  0.284082E+01 -0.182862E+00 -0.872400E-01  0.000000E+00  0.000000E+00  0.000000E+00  0.000000E+00
  0.284082E+01  0.192584E+00  0.809905E-01  0.000000E+00  0.000000E+00  0.000000E+00  0.000000E+00
  0.284082E+01 -0.106326E+00 -0.198252E+00  0.000000E+00  0.000000E+00  0.000000E+00  0.000000E+00
  0.284082E+01  0.166822E+00 -0.124942E+00  0.000000E+00  0.000000E+00  0.000000E+00  0.000000E+00
  0.284082E+01 -0.788956E-02  0.373022E-01  0.000000E+00  0.000000E+00  0.000000E+00  0.000000E+00
  0.284082E+01 -0.148326E+00 -0.388886E-01  0.000000E+00  0.000000E+00  0.000000E+00  0.000000E+00
  0.284082E+01  0.405091E-02 -0.128580E-01  0.000000E+00  0.000000E+00  0.000000E+00  0.000000E+00
  0.284082E+01  0.108097E-01 -0.843228E-01  0.000000E+00  0.000000E+00  0.000000E+00  0.000000E+00
  0.284082E+01  0.825542E-01 -0.213116E+00  0.000000E+00  0.000000E+00  0.000000E+00  0.000000E+00
  0.284082E+01  0.196284E+00  0.687930E-01  0.000000E+00  0.000000E+00  0.000000E+00  0.000000E+00
  0.284082E+01  0.174430E-01 -0.233199E-01  0.000000E+00  0.000000E+00  0.000000E+00  0.000000E+00
  0.284082E+01  0.126734E+00  0.410507E-01  0.000000E+00  0.000000E+00  0.000000E+00  0.000000E+00
  0.284082E+01  0.179596E-01  0.180123E-01  0.000000E+00  0.000000E+00  0.000000E+00  0.000000E+00
  0.284082E+01  0.888186E-01  0.546653E-01  0.000000E+00  0.000000E+00  0.000000E+00  0.000000E+00
  0.284082E+01  0.160928E+00 -0.135877E+00  0.000000E+00  0.000000E+00  0.000000E+00  0.000000E+00
  0.284082E+01 -0.643256E-01  0.489327E-01  0.000000E+00  0.000000E+00  0.000000E+00  0.000000E+00
  0.284082E+01 -0.168590E+00  0.611647E-01  0.000000E+00  0.000000E+00  0.000000E+00  0.000000E+00
  0.284082E+01 -0.708493E-01 -0.542132E-01  0.000000E+00  0.000000E+00  0.000000E+00  0.000000E+00
  0.284082E+01  0.110919E+00  0.209385E+00  0.000000E+00  0.000000E+00  0.000000E+00  0.000000E+00
  0.284082E+01  0.398528E-01  0.572781E-01  0.000000E+00  0.000000E+00  0.000000E+00  0.000000E+00
  0.284082E+01 -0.458594E-01  0.168878E-01  0.000000E+00  0.000000E+00  0.000000E+00  0.000000E+00
  0.284082E+01 -0.250106E-02 -0.105034E-01  0.000000E+00  0.000000E+00  0.000000E+00  0.000000E+00
  0.284082E+01 -0.305596E-01  0.932301E-01  0.000000E+00  0.000000E+00  0.000000E+00  0.000000E+00
  0.284082E+01  0.293683E-01 -0.733225E-02  0.000000E+00  0.000000E+00  0.000000E+00  0.000000E+00
  0.284082E+01 -0.494616E-02  0.252207E-01  0.000000E+00  0.000000E+00  0.000000E+00  0.000000E+00
  0.284082E+01  0.656880E-02 -0.540511E-01  0.000000E+00  0.000000E+00  0.000000E+00  0.000000E+00
  0.284082E+01  0.241820E-01  0.166710E+00  0.000000E+00  0.000000E+00  0.000000E+00  0.000000E+00
  0.284082E+01 -0.139346E-01  0.554166E-01  0.000000E+00  0.000000E+00  0.000000E+00  0.000000E+00
  0.284082E+01 -0.116483E+00 -0.138229E+00  0.000000E+00  0.000000E+00  0.000000E+00  0.000000E+00
  0.284082E+01  0.212048E+00  0.746498E-01  0.000000E+00  0.000000E+00  0.000000E+00  0.000000E+00
  0.284082E+01  0.766618E-01  0.116636E+00  0.000000E+00  0.000000E+00  0.000000E+00  0.000000E+00
  0.284082E+01  0.107137E+00 -0.801273E-01  0.000000E+00  0.000000E+00  0.000000E+00  0.000000E+00
  0.284082E+01 -0.690421E-01  0.382519E-01  0.000000E+00  0.000000E+00  0.000000E+00  0.000000E+00
  0.284082E+01  0.122138E-01  0.105330E+00  0.000000E+00  0.000000E+00  0.000000E+00  0.000000E+00
  0.284082E+01 -0.106334E+00  0.211990E-01  0.000000E+00  0.000000E+00  0.000000E+00  0.000000E+00
  0.284082E+01 -0.714298E-01  0.413178E-01  0.000000E+00  0.000000E+00  0.000000E+00  0.000000E+00
  0.284082E+01 -0.442304E-01  0.120556E+00  0.000000E+00  0.000000E+00  0.000000E+00  0.000000E+00
  0.284082E+01 -0.171906E+00 -0.165050E+00  0.000000E+00  0.000000E+00  0.000000E+00  0.000000E+00
  0.284082E+01  0.765723E-01 -0.705038E-01  0.000000E+00  0.000000E+00  0.000000E+00  0.000000E+00
  0.284082E+01 -0.862052E-01  0.154989E+00  0.000000E+00  0.000000E+00  0.000000E+00  0.000000E+00
  0.284082E+01  0.148517E-02 -0.768932E-01  0.000000E+00  0.000000E+00  0.000000E+00  0.000000E+00
  0.284082E+01 -0.222525E-02  0.243652E-02  0.000000E+00  0.000000E+00  0.000000E+00  0.000000E+00
  0.284082E+01 -0.475837E-02 -0.101076E-01  0.000000E+00  0.000000E+00  0.000000E+00  0.000000E+00
  0.284082E+01 -0.522689E-01  0.111147E-01  0.000000E+00  0.000000E+00  0.000000E+00  0.000000E+00
  0.284082E+01 -0.265774E-01 -0.568409E-01  0.000000E+00  0.000000E+00  0.000000E+00  0.000000E+00
  0.284082E+01 -0.311583E-01  0.481332E-01  0.000000E+00  0.000000E+00  0.000000E+00  0.000000E+00
  0.284082E+01  0.102657E+00 -0.539018E-02  0.000000E+00  0.000000E+00  0.000000E+00  0.000000E+00
  0.284082E+01  0.941657E-02  0.248367E+00  0.000000E+00  0.000000E+00  0.000000E+00  0.000000E+00
  0.284082E+01 -0.216959E+00  0.133001E-01  0.000000E+00  0.000000E+00  0.000000E+00  0.000000E+00
  0.284082E+01  0.396543E-01  0.996999E-01  0.000000E+00  0.000000E+00  0.000000E+00  0.000000E+00
  0.284082E+01  0.212173E+00  0.726819E-01  0.000000E+00  0.000000E+00  0.000000E+00  0.000000E+00
