  0.165356E+01  0.344812E-02 -0.174728E+00  0.000000E+00  0.000000E+00  0.000000E+00  0.000000E+00
  0.213268E+01 -0.765085E-02 -0.283433E+00  0.000000E+00  0.000000E+00  0.000000E+00  0.000000E+00
  0.278454E+01 -0.336529E+00  0.171597E-01  0.000000E+00  0.000000E+00  0.000000E+00  0.000000E+00
  0.215248E+01 -0.158121E-01  0.234485E+00  0.000000E+00  0.000000E+00  0.000000E+00  0.000000E+00
  0.171147E+01 -0.190828E+00 -0.127066E-02  0.000000E+00  0.000000E+00  0.000000E+00  0.000000E+00
  0.258369E+01  0.168295E-01  0.304592E+00  0.000000E+00  0.000000E+00  0.000000E+00  0.000000E+00
  0.163158E+01  0.168483E+00 -0.414614E-02  0.000000E+00  0.000000E+00  0.000000E+00  0.000000E+00
  0.209633E+01  0.132814E-01  0.244431E+00  0.000000E+00  0.000000E+00  0.000000E+00  0.000000E+00
  0.232523E+01  0.266969E+00  0.159345E-01  0.000000E+00  0.000000E+00  0.000000E+00  0.000000E+00
  0.221873E+01  0.239702E+00  0.165293E-01  0.000000E+00  0.000000E+00  0.000000E+00  0.000000E+00
  0.223278E+01  0.517932E-02  0.316050E+00  0.000000E+00  0.000000E+00  0.000000E+00  0.000000E+00
  0.173606E+01 -0.974109E-02  0.181707E+00  0.000000E+00  0.000000E+00  0.000000E+00  0.000000E+00
  0.265974E+01 -0.138768E-01 -0.358636E+00  0.000000E+00  0.000000E+00  0.000000E+00  0.000000E+00
  0.189397E+01  0.117796E-01 -0.209290E+00  0.000000E+00  0.000000E+00  0.000000E+00  0.000000E+00
  0.252578E+01 -0.195110E-01 -0.248366E+00  0.000000E+00  0.000000E+00  0.000000E+00  0.000000E+00
  0.266714E+01  0.104075E-01  0.393721E+00  0.000000E+00  0.000000E+00  0.000000E+00  0.000000E+00
  0.253268E+01 -0.260627E+00  0.189291E-01  0.000000E+00  0.000000E+00  0.000000E+00  0.000000E+00
  0.197327E+01 -0.209055E+00 -0.145805E-01  0.000000E+00  0.000000E+00  0.000000E+00  0.000000E+00
  0.260802E+01 -0.116471E-01 -0.369921E+00  0.000000E+00  0.000000E+00  0.000000E+00  0.000000E+00
  0.168692E+01 -0.127445E-02  0.184619E+00  0.000000E+00  0.000000E+00  0.000000E+00  0.000000E+00
  0.282040E+01  0.102375E-01 -0.430456E+00  0.000000E+00  0.000000E+00  0.000000E+00  0.000000E+00
  0.255453E+01 -0.173243E-01  0.291643E+00  0.000000E+00  0.000000E+00  0.000000E+00  0.000000E+00
  0.261795E+01 -0.788027E-03 -0.420366E+00  0.000000E+00  0.000000E+00  0.000000E+00  0.000000E+00
  0.260585E+01 -0.391032E+00  0.876181E-02  0.000000E+00  0.000000E+00  0.000000E+00  0.000000E+00
  0.209962E+01 -0.246405E+00 -0.131052E-01  0.000000E+00  0.000000E+00  0.000000E+00  0.000000E+00
  0.196074E+01 -0.238199E+00 -0.872608E-02  0.000000E+00  0.000000E+00  0.000000E+00  0.000000E+00
  0.228881E+01  0.269668E+00 -0.150126E-01  0.000000E+00  0.000000E+00  0.000000E+00  0.000000E+00
  0.240636E+01 -0.363223E+00  0.358056E-02  0.000000E+00  0.000000E+00  0.000000E+00  0.000000E+00
  0.215431E+01  0.148927E-01  0.243524E+00  0.000000E+00  0.000000E+00  0.000000E+00  0.000000E+00
  0.196695E+01  0.231693E+00 -0.105870E-01  0.000000E+00  0.000000E+00  0.000000E+00  0.000000E+00
  0.271911E+01 -0.160542E-01  0.342031E+00  0.000000E+00  0.000000E+00  0.000000E+00  0.000000E+00
  0.209762E+01 -0.934610E-02 -0.267897E+00  0.000000E+00  0.000000E+00  0.000000E+00  0.000000E+00
  0.247379E+01  0.101281E-01  0.351146E+00  0.000000E+00  0.000000E+00  0.000000E+00  0.000000E+00
  0.201845E+01  0.214099E+00 -0.151156E-01  0.000000E+00  0.000000E+00  0.000000E+00  0.000000E+00
  0.219313E+01 -0.306348E+00  0.513413E-02  0.000000E+00  0.000000E+00  0.000000E+00  0.000000E+00
  0.229095E+01  0.330834E+00  0.504583E-02  0.000000E+00  0.000000E+00  0.000000E+00  0.000000E+00
  0.265111E+01 -0.138149E-01  0.357525E+00  0.000000E+00  0.000000E+00  0.000000E+00  0.000000E+00
  0.198196E+01 -0.199936E+00 -0.159422E-01  0.000000E+00  0.000000E+00  0.000000E+00  0.000000E+00
  0.249145E+01 -0.125856E-01  0.335720E+00  0.000000E+00  0.000000E+00  0.000000E+00  0.000000E+00
  0.205712E+01  0.237547E+00 -0.130603E-01  0.000000E+00  0.000000E+00  0.000000E+00  0.000000E+00
  0.206191E+01 -0.599639E-03 -0.279719E+00  0.000000E+00  0.000000E+00  0.000000E+00  0.000000E+00
  0.239892E+01 -0.135122E-01 -0.307196E+00  0.000000E+00  0.000000E+00  0.000000E+00  0.000000E+00
  0.242214E+01  0.982577E-02  0.341145E+00  0.000000E+00  0.000000E+00  0.000000E+00  0.000000E+00
  0.248585E+01 -0.118453E-01  0.340917E+00  0.000000E+00  0.000000E+00  0.000000E+00  0.000000E+00
  0.236820E+01  0.156803E-01 -0.278319E+00  0.000000E+00  0.000000E+00  0.000000E+00  0.000000E+00
  0.282419E+01  0.465554E+00  0.435696E-02  0.000000E+00  0.000000E+00  0.000000E+00  0.000000E+00
  0.268531E+01  0.149558E-01 -0.350682E+00  0.000000E+00  0.000000E+00  0.000000E+00  0.000000E+00
  0.276114E+01 -0.785353E-02  0.433702E+00  0.000000E+00  0.000000E+00  0.000000E+00  0.000000E+00
  0.196183E+01  0.126349E-01 -0.219572E+00  0.000000E+00  0.000000E+00  0.000000E+00  0.000000E+00
  0.171108E+01  0.106358E-02 -0.190803E+00  0.000000E+00  0.000000E+00  0.000000E+00  0.000000E+00
  0.206374E+01 -0.227978E+00 -0.145410E-01  0.000000E+00  0.000000E+00  0.000000E+00  0.000000E+00
  0.279295E+01  0.670434E-02 -0.447853E+00  0.000000E+00  0.000000E+00  0.000000E+00  0.000000E+00
  0.268482E+01 -0.412902E+00 -0.826539E-02  0.000000E+00  0.000000E+00  0.000000E+00  0.000000E+00
  0.259523E+01  0.197696E-01 -0.253912E+00  0.000000E+00  0.000000E+00  0.000000E+00  0.000000E+00
  0.189604E+01 -0.142544E-01  0.195361E+00  0.000000E+00  0.000000E+00  0.000000E+00  0.000000E+00
  0.186754E+01 -0.120793E-01  0.201887E+00  0.000000E+00  0.000000E+00  0.000000E+00  0.000000E+00
  0.176289E+01  0.670817E-02  0.196609E+00  0.000000E+00  0.000000E+00  0.000000E+00  0.000000E+00
  0.256941E+01 -0.174972E-01 -0.291619E+00  0.000000E+00  0.000000E+00  0.000000E+00  0.000000E+00
  0.195767E+01 -0.785298E-02 -0.240581E+00  0.000000E+00  0.000000E+00  0.000000E+00  0.000000E+00
  0.200646E+01  0.219495E+00  0.140947E-01  0.000000E+00  0.000000E+00  0.000000E+00  0.000000E+00
  0.240515E+01  0.364652E+00  0.263805E-02  0.000000E+00  0.000000E+00  0.000000E+00  0.000000E+00
  0.166419E+01  0.177833E+00 -0.297333E-02  0.000000E+00  0.000000E+00  0.000000E+00  0.000000E+00
  0.195041E+01  0.775290E-02 -0.239166E+00  0.000000E+00  0.000000E+00  0.000000E+00  0.000000E+00
  0.267843E+01 -0.407443E+00 -0.888305E-02  0.000000E+00  0.000000E+00  0.000000E+00  0.000000E+00
  0.174680E+01  0.488855E-02  0.196159E+00  0.000000E+00  0.000000E+00  0.000000E+00  0.000000E+00
  0.278912E+01  0.201779E-01 -0.273890E+00  0.000000E+00  0.000000E+00  0.000000E+00  0.000000E+00
  0.211883E+01  0.101867E-01 -0.268678E+00  0.000000E+00  0.000000E+00  0.000000E+00  0.000000E+00
  0.252194E+01 -0.182442E-01  0.270927E+00  0.000000E+00  0.000000E+00  0.000000E+00  0.000000E+00
  0.254342E+01  0.763908E-02  0.382493E+00  0.000000E+00  0.000000E+00  0.000000E+00  0.000000E+00
  0.185240E+01 -0.205847E+00 -0.104853E-01  0.000000E+00  0.000000E+00  0.000000E+00  0.000000E+00
  0.232889E+01  0.237319E+00  0.182571E-01  0.000000E+00  0.000000E+00  0.000000E+00  0.000000E+00
  0.173108E+01 -0.764685E-03 -0.195947E+00  0.000000E+00  0.000000E+00  0.000000E+00  0.000000E+00
  0.250186E+01 -0.333168E+00  0.131010E-01  0.000000E+00  0.000000E+00  0.000000E+00  0.000000E+00
  0.280364E+01 -0.168887E-01 -0.344760E+00  0.000000E+00  0.000000E+00  0.000000E+00  0.000000E+00
  0.196479E+01 -0.249781E+00  0.512887E-02  0.000000E+00  0.000000E+00  0.000000E+00  0.000000E+00
  0.209979E+01  0.214577E+00  0.167742E-01  0.000000E+00  0.000000E+00  0.000000E+00  0.000000E+00
  0.239083E+01 -0.160775E-01  0.278036E+00  0.000000E+00  0.000000E+00  0.000000E+00  0.000000E+00
  0.270101E+01  0.437268E+00  0.349491E-02  0.000000E+00  0.000000E+00  0.000000E+00  0.000000E+00
  0.189221E+01 -0.144930E-01 -0.192977E+00  0.000000E+00  0.000000E+00  0.000000E+00  0.000000E+00
  0.268919E+01  0.375242E+00  0.129442E-01  0.000000E+00  0.000000E+00  0.000000E+00  0.000000E+00
  0.280843E+01 -0.326487E+00 -0.179406E-01  0.000000E+00  0.000000E+00  0.000000E+00  0.000000E+00
  0.238988E+01  0.356115E+00  0.478832E-02  0.000000E+00  0.000000E+00  0.000000E+00  0.000000E+00
  0.221525E+01 -0.253261E+00 -0.151697E-01  0.000000E+00  0.000000E+00  0.000000E+00  0.000000E+00
  0.179296E+01  0.187636E+00 -0.115775E-01  0.000000E+00  0.000000E+00  0.000000E+00  0.000000E+00
  0.268675E+01 -0.268873E+00  0.197351E-01  0.000000E+00  0.000000E+00  0.000000E+00  0.000000E+00
  0.259029E+01 -0.195697E-01 -0.257361E+00  0.000000E+00  0.000000E+00  0.000000E+00  0.000000E+00
  0.268395E+01 -0.404993E+00 -0.942864E-02  0.000000E+00  0.000000E+00  0.000000E+00  0.000000E+00
  0.216557E+01  0.783184E-02  0.290638E+00  0.000000E+00  0.000000E+00  0.000000E+00  0.000000E+00
  0.184955E+01  0.203906E+00 -0.107879E-01  0.000000E+00  0.000000E+00  0.000000E+00  0.000000E+00
  0.261971E+01 -0.278512E+00  0.187483E-01  0.000000E+00  0.000000E+00  0.000000E+00  0.000000E+00
  0.196622E+01  0.222299E+00 -0.123346E-01  0.000000E+00  0.000000E+00  0.000000E+00  0.000000E+00
  0.179628E+01  0.180636E+00 -0.131753E-01  0.000000E+00  0.000000E+00  0.000000E+00  0.000000E+00
  0.261192E+01  0.298399E+00 -0.175522E-01  0.000000E+00  0.000000E+00  0.000000E+00  0.000000E+00
  0.246277E+01  0.347726E+00 -0.102557E-01  0.000000E+00  0.000000E+00  0.000000E+00  0.000000E+00
  0.227261E+01 -0.315474E+00  0.803371E-02  0.000000E+00  0.000000E+00  0.000000E+00  0.000000E+00
  0.277084E+01  0.200196E-01 -0.275089E+00  0.000000E+00  0.000000E+00  0.000000E+00  0.000000E+00
  0.266983E+01  0.108335E-01  0.390874E+00  0.000000E+00  0.000000E+00  0.000000E+00  0.000000E+00
  0.273752E+01  0.173139E-01  0.325225E+00  0.000000E+00  0.000000E+00  0.000000E+00  0.000000E+00
  0.216013E+01  0.175379E-01 -0.217121E+00  0.000000E+00  0.000000E+00  0.000000E+00  0.000000E+00
  0.257646E+01 -0.382353E+00 -0.903542E-02  0.000000E+00  0.000000E+00  0.000000E+00  0.000000E+00
  0.187631E+01  0.209862E+00 -0.108227E-01  0.000000E+00  0.000000E+00  0.000000E+00  0.000000E+00
  0.196605E+01  0.710365E-02 -0.244997E+00  0.000000E+00  0.000000E+00  0.000000E+00  0.000000E+00
  0.259247E+01  0.158213E-01  0.320645E+00  0.000000E+00  0.000000E+00  0.000000E+00  0.000000E+00
  0.194708E+01 -0.228873E+00 -0.102083E-01  0.000000E+00  0.000000E+00  0.000000E+00  0.000000E+00
  0.242235E+01  0.169415E-01 -0.272864E+00  0.000000E+00  0.000000E+00  0.000000E+00  0.000000E+00
  0.258312E+01 -0.251620E-02 -0.409666E+00  0.000000E+00  0.000000E+00  0.000000E+00  0.000000E+00
  0.264759E+01  0.172532E-01 -0.309796E+00  0.000000E+00  0.000000E+00  0.000000E+00  0.000000E+00
  0.213411E+01  0.258411E+00  0.124612E-01  0.000000E+00  0.000000E+00  0.000000E+00  0.000000E+00
  0.167520E+01 -0.554436E-02 -0.177362E+00  0.000000E+00  0.000000E+00  0.000000E+00  0.000000E+00
  0.189923E+01  0.192534E+00 -0.147675E-01  0.000000E+00  0.000000E+00  0.000000E+00  0.000000E+00
  0.199109E+01  0.993676E-02  0.240294E+00  0.000000E+00  0.000000E+00  0.000000E+00  0.000000E+00
  0.236393E+01 -0.132405E-01 -0.302196E+00  0.000000E+00  0.000000E+00  0.000000E+00  0.000000E+00
  0.190422E+01  0.480250E-02 -0.235408E+00  0.000000E+00  0.000000E+00  0.000000E+00  0.000000E+00
  0.263617E+01 -0.383640E+00 -0.107785E-01  0.000000E+00  0.000000E+00  0.000000E+00  0.000000E+00
  0.172799E+01  0.875716E-02  0.182887E+00  0.000000E+00  0.000000E+00  0.000000E+00  0.000000E+00
  0.192575E+01  0.159750E-02  0.244825E+00  0.000000E+00  0.000000E+00  0.000000E+00  0.000000E+00
  0.268566E+01 -0.174151E-01 -0.314043E+00  0.000000E+00  0.000000E+00  0.000000E+00  0.000000E+00
  0.242183E+01 -0.174521E-01  0.265586E+00  0.000000E+00  0.000000E+00  0.000000E+00  0.000000E+00
  0.276918E+01 -0.430340E+00  0.867683E-02  0.000000E+00  0.000000E+00  0.000000E+00  0.000000E+00
  0.220457E+01 -0.170826E-01  0.230662E+00  0.000000E+00  0.000000E+00  0.000000E+00  0.000000E+00
  0.190784E+01  0.777290E-02 -0.228858E+00  0.000000E+00  0.000000E+00  0.000000E+00  0.000000E+00
  0.278415E+01 -0.125191E-01 -0.400466E+00  0.000000E+00  0.000000E+00  0.000000E+00  0.000000E+00
  0.206759E+01  0.157206E-01  0.218674E+00  0.000000E+00  0.000000E+00  0.000000E+00  0.000000E+00
  0.210688E+01 -0.219748E+00  0.164027E-01  0.000000E+00  0.000000E+00  0.000000E+00  0.000000E+00
  0.278260E+01 -0.175806E-02 -0.461116E+00  0.000000E+00  0.000000E+00  0.000000E+00  0.000000E+00
  0.273249E+01 -0.134458E-01 -0.379015E+00  0.000000E+00  0.000000E+00  0.000000E+00  0.000000E+00
  0.192145E+01 -0.239767E+00  0.476179E-02  0.000000E+00  0.000000E+00  0.000000E+00  0.000000E+00
  0.255327E+01 -0.394028E+00  0.557345E-02  0.000000E+00  0.000000E+00  0.000000E+00  0.000000E+00
  0.236452E+01  0.284700E+00 -0.150402E-01  0.000000E+00  0.000000E+00  0.000000E+00  0.000000E+00
  0.212648E+01  0.161379E-01 -0.226181E+00  0.000000E+00  0.000000E+00  0.000000E+00  0.000000E+00
  0.198140E+01  0.115939E-01 -0.229832E+00  0.000000E+00  0.000000E+00  0.000000E+00  0.000000E+00
  0.209087E+01  0.703811E-02  0.275516E+00  0.000000E+00  0.000000E+00  0.000000E+00  0.000000E+00
  0.219447E+01 -0.301711E+00 -0.675284E-02  0.000000E+00  0.000000E+00  0.000000E+00  0.000000E+00
  0.240567E+01  0.317333E+00 -0.125415E-01  0.000000E+00  0.000000E+00  0.000000E+00  0.000000E+00
  0.205160E+01 -0.138416E-01 -0.230827E+00  0.000000E+00  0.000000E+00  0.000000E+00  0.000000E+00
  0.236180E+01  0.352336E+00 -0.344225E-02  0.000000E+00  0.000000E+00  0.000000E+00  0.000000E+00
  0.270882E+01 -0.436824E+00  0.434707E-02  0.000000E+00  0.000000E+00  0.000000E+00  0.000000E+00
  0.250916E+01  0.260649E+00 -0.187116E-01  0.000000E+00  0.000000E+00  0.000000E+00  0.000000E+00
  0.230708E+01 -0.229926E+00 -0.185013E-01  0.000000E+00  0.000000E+00  0.000000E+00  0.000000E+00
  0.251551E+01 -0.253753E+00  0.191467E-01  0.000000E+00  0.000000E+00  0.000000E+00  0.000000E+00
  0.235447E+01 -0.233552E+00  0.187818E-01  0.000000E+00  0.000000E+00  0.000000E+00  0.000000E+00
  0.234118E+01  0.138423E-01  0.291871E+00  0.000000E+00  0.000000E+00  0.000000E+00  0.000000E+00
  0.233836E+01  0.153395E-01 -0.276206E+00  0.000000E+00  0.000000E+00  0.000000E+00  0.000000E+00
  0.230288E+01 -0.285622E-02  0.338574E+00  0.000000E+00  0.000000E+00  0.000000E+00  0.000000E+00
  0.185623E+01  0.100424E-01 -0.208545E+00  0.000000E+00  0.000000E+00  0.000000E+00  0.000000E+00
  0.255550E+01  0.272164E+00 -0.185047E-01  0.000000E+00  0.000000E+00  0.000000E+00  0.000000E+00
  0.276122E+01 -0.214039E-02  0.455170E+00  0.000000E+00  0.000000E+00  0.000000E+00  0.000000E+00
  0.279170E+01 -0.672772E-02 -0.447426E+00  0.000000E+00  0.000000E+00  0.000000E+00  0.000000E+00
  0.246612E+01 -0.300425E+00 -0.154501E-01  0.000000E+00  0.000000E+00  0.000000E+00  0.000000E+00
  0.219669E+01 -0.144750E-01 -0.255950E+00  0.000000E+00  0.000000E+00  0.000000E+00  0.000000E+00
  0.217380E+01  0.983617E-02 -0.283274E+00  0.000000E+00  0.000000E+00  0.000000E+00  0.000000E+00
  0.280715E+01 -0.151085E-01  0.373246E+00  0.000000E+00  0.000000E+00  0.000000E+00  0.000000E+00
  0.244312E+01 -0.357263E+00  0.785330E-02  0.000000E+00  0.000000E+00  0.000000E+00  0.000000E+00
  0.227031E+01 -0.168147E-01 -0.246101E+00  0.000000E+00  0.000000E+00  0.000000E+00  0.000000E+00
  0.269966E+01 -0.154112E-01 -0.347448E+00  0.000000E+00  0.000000E+00  0.000000E+00  0.000000E+00
  0.232710E+01  0.333460E+00  0.690069E-02  0.000000E+00  0.000000E+00  0.000000E+00  0.000000E+00
  0.226457E+01  0.321260E+00  0.605182E-02  0.000000E+00  0.000000E+00  0.000000E+00  0.000000E+00
  0.174154E+01  0.194902E+00 -0.485745E-02  0.000000E+00  0.000000E+00  0.000000E+00  0.000000E+00
  0.258892E+01 -0.322205E+00 -0.156528E-01  0.000000E+00  0.000000E+00  0.000000E+00  0.000000E+00
  0.212691E+01 -0.932390E-02  0.274881E+00  0.000000E+00  0.000000E+00  0.000000E+00  0.000000E+00
  0.283161E+01 -0.330331E-02 -0.470508E+00  0.000000E+00  0.000000E+00  0.000000E+00  0.000000E+00
  0.192435E+01 -0.128427E-01  0.210177E+00  0.000000E+00  0.000000E+00  0.000000E+00  0.000000E+00
  0.218482E+01  0.128594E-01 -0.266631E+00  0.000000E+00  0.000000E+00  0.000000E+00  0.000000E+00
  0.205944E+01 -0.253535E+00 -0.104653E-01  0.000000E+00  0.000000E+00  0.000000E+00  0.000000E+00
  0.270028E+01 -0.435903E+00  0.393956E-02  0.000000E+00  0.000000E+00  0.000000E+00  0.000000E+00
  0.259632E+01 -0.264170E+00 -0.192839E-01  0.000000E+00  0.000000E+00  0.000000E+00  0.000000E+00
  0.191338E+01 -0.462161E-02  0.238020E+00  0.000000E+00  0.000000E+00  0.000000E+00  0.000000E+00
  0.218991E+01 -0.239527E+00 -0.160350E-01  0.000000E+00  0.000000E+00  0.000000E+00  0.000000E+00
  0.225214E+01  0.230362E+00 -0.177943E-01  0.000000E+00  0.000000E+00  0.000000E+00  0.000000E+00
  0.279527E+01 -0.875513E-02  0.435992E+00  0.000000E+00  0.000000E+00  0.000000E+00  0.000000E+00
  0.211418E+01  0.105320E-01 -0.265761E+00  0.000000E+00  0.000000E+00  0.000000E+00  0.000000E+00
  0.221574E+01 -0.295373E+00  0.939651E-02  0.000000E+00  0.000000E+00  0.000000E+00  0.000000E+00
  0.273774E+01 -0.435250E+00 -0.652999E-02  0.000000E+00  0.000000E+00  0.000000E+00  0.000000E+00
  0.178690E+01  0.740037E-02 -0.200752E+00  0.000000E+00  0.000000E+00  0.000000E+00  0.000000E+00
  0.168431E+01 -0.410102E-02 -0.181703E+00  0.000000E+00  0.000000E+00  0.000000E+00  0.000000E+00
  0.265959E+01 -0.426891E+00  0.349200E-02  0.000000E+00  0.000000E+00  0.000000E+00  0.000000E+00
  0.183660E+01  0.134832E-01  0.187580E+00  0.000000E+00  0.000000E+00  0.000000E+00  0.000000E+00
  0.262894E+01 -0.273337E+00  0.190910E-01  0.000000E+00  0.000000E+00  0.000000E+00  0.000000E+00
  0.264631E+01  0.427475E+00 -0.905356E-03  0.000000E+00  0.000000E+00  0.000000E+00  0.000000E+00
  0.270360E+01 -0.433110E+00  0.505872E-02  0.000000E+00  0.000000E+00  0.000000E+00  0.000000E+00
  0.174746E+01 -0.197390E+00 -0.416441E-02  0.000000E+00  0.000000E+00  0.000000E+00  0.000000E+00
  0.235685E+01 -0.299652E+00 -0.133554E-01  0.000000E+00  0.000000E+00  0.000000E+00  0.000000E+00
  0.245824E+01 -0.256223E+00 -0.184678E-01  0.000000E+00  0.000000E+00  0.000000E+00  0.000000E+00
  0.194581E+01 -0.965073E-02 -0.230996E+00  0.000000E+00  0.000000E+00  0.000000E+00  0.000000E+00
  0.224336E+01 -0.294330E+00 -0.107104E-01  0.000000E+00  0.000000E+00  0.000000E+00  0.000000E+00
  0.206744E+01  0.227090E+00  0.147441E-01  0.000000E+00  0.000000E+00  0.000000E+00  0.000000E+00
  0.264441E+01 -0.408637E+00 -0.730319E-02  0.000000E+00  0.000000E+00  0.000000E+00  0.000000E+00
  0.204995E+01 -0.266650E+00 -0.669844E-02  0.000000E+00  0.000000E+00  0.000000E+00  0.000000E+00
  0.187760E+01 -0.223485E+00 -0.711824E-02  0.000000E+00  0.000000E+00  0.000000E+00  0.000000E+00
  0.207257E+01 -0.411322E-02  0.278649E+00  0.000000E+00  0.000000E+00  0.000000E+00  0.000000E+00
  0.226964E+01  0.234326E+00  0.177309E-01  0.000000E+00  0.000000E+00  0.000000E+00  0.000000E+00
  0.231387E+01  0.237798E+00  0.180450E-01  0.000000E+00  0.000000E+00  0.000000E+00  0.000000E+00
  0.258570E+01  0.410316E+00  0.251712E-02  0.000000E+00  0.000000E+00  0.000000E+00  0.000000E+00
  0.204666E+01  0.275473E+00  0.144798E-02  0.000000E+00  0.000000E+00  0.000000E+00  0.000000E+00
  0.191338E+01 -0.230781E+00 -0.758387E-02  0.000000E+00  0.000000E+00  0.000000E+00  0.000000E+00
  0.179210E+01 -0.794407E-02 -0.200527E+00  0.000000E+00  0.000000E+00  0.000000E+00  0.000000E+00
  0.239227E+01 -0.331408E+00  0.102620E-01  0.000000E+00  0.000000E+00  0.000000E+00  0.000000E+00
  0.197224E+01  0.105555E-01  0.233055E+00  0.000000E+00  0.000000E+00  0.000000E+00  0.000000E+00
  0.255926E+01  0.172418E-01 -0.293788E+00  0.000000E+00  0.000000E+00  0.000000E+00  0.000000E+00
  0.188011E+01  0.118984E-01 -0.205597E+00  0.000000E+00  0.000000E+00  0.000000E+00  0.000000E+00
  0.201487E+01 -0.151385E-01 -0.213189E+00  0.000000E+00  0.000000E+00  0.000000E+00  0.000000E+00
  0.279459E+01  0.202171E-01 -0.273707E+00  0.000000E+00  0.000000E+00  0.000000E+00  0.000000E+00
  0.185367E+01 -0.108407E-01 -0.204617E+00  0.000000E+00  0.000000E+00  0.000000E+00  0.000000E+00
  0.262327E+01  0.164151E-01 -0.318228E+00  0.000000E+00  0.000000E+00  0.000000E+00  0.000000E+00
  0.249290E+01  0.915283E-02 -0.361914E+00  0.000000E+00  0.000000E+00  0.000000E+00  0.000000E+00
  0.175674E+01  0.202334E+00  0.111617E-02  0.000000E+00  0.000000E+00  0.000000E+00  0.000000E+00
  0.243019E+01 -0.113687E-01 -0.332236E+00  0.000000E+00  0.000000E+00  0.000000E+00  0.000000E+00
  0.250421E+01 -0.352938E+00 -0.108528E-01  0.000000E+00  0.000000E+00  0.000000E+00  0.000000E+00
  0.182085E+01  0.109523E-01 -0.196656E+00  0.000000E+00  0.000000E+00  0.000000E+00  0.000000E+00
  0.227255E+01  0.118739E-01  0.293156E+00  0.000000E+00  0.000000E+00  0.000000E+00  0.000000E+00
  0.255521E+01 -0.404680E+00  0.190393E-03  0.000000E+00  0.000000E+00  0.000000E+00  0.000000E+00
  0.267253E+01 -0.404118E+00 -0.916964E-02  0.000000E+00  0.000000E+00  0.000000E+00  0.000000E+00
  0.194556E+01  0.242189E+00  0.632823E-02  0.000000E+00  0.000000E+00  0.000000E+00  0.000000E+00
  0.258747E+01  0.173350E-01  0.297488E+00  0.000000E+00  0.000000E+00  0.000000E+00  0.000000E+00
  0.207408E+01  0.280887E+00  0.296262E-02  0.000000E+00  0.000000E+00  0.000000E+00  0.000000E+00
  0.257286E+01  0.191640E-01  0.262753E+00  0.000000E+00  0.000000E+00  0.000000E+00  0.000000E+00
  0.217392E+01  0.230873E+00 -0.165584E-01  0.000000E+00  0.000000E+00  0.000000E+00  0.000000E+00
  0.258162E+01  0.381888E+00  0.929502E-02  0.000000E+00  0.000000E+00  0.000000E+00  0.000000E+00
  0.168900E+01 -0.174150E+00 -0.857126E-02  0.000000E+00  0.000000E+00  0.000000E+00  0.000000E+00
  0.269306E+01  0.418379E+00 -0.767211E-02  0.000000E+00  0.000000E+00  0.000000E+00  0.000000E+00
  0.241267E+01 -0.317475E-02  0.365619E+00  0.000000E+00  0.000000E+00  0.000000E+00  0.000000E+00
  0.178844E+01  0.699760E-02 -0.202145E+00  0.000000E+00  0.000000E+00  0.000000E+00  0.000000E+00
  0.180493E+01  0.196368E+00  0.101169E-01  0.000000E+00  0.000000E+00  0.000000E+00  0.000000E+00
  0.188872E+01 -0.361197E-02 -0.233475E+00  0.000000E+00  0.000000E+00  0.000000E+00  0.000000E+00
  0.221557E+01  0.181373E-01 -0.219340E+00  0.000000E+00  0.000000E+00  0.000000E+00  0.000000E+00
  0.251686E+01 -0.301665E+00  0.161380E-01  0.000000E+00  0.000000E+00  0.000000E+00  0.000000E+00
  0.190359E+01 -0.794176E-03 -0.239594E+00  0.000000E+00  0.000000E+00  0.000000E+00  0.000000E+00
  0.191147E+01 -0.637374E-02  0.233723E+00  0.000000E+00  0.000000E+00  0.000000E+00  0.000000E+00
  0.249309E+01  0.908129E-02  0.362393E+00  0.000000E+00  0.000000E+00  0.000000E+00  0.000000E+00
  0.178379E+01 -0.511315E-02  0.204958E+00  0.000000E+00  0.000000E+00  0.000000E+00  0.000000E+00
  0.263578E+01  0.306554E+00 -0.173195E-01  0.000000E+00  0.000000E+00  0.000000E+00  0.000000E+00
  0.175431E+01  0.177450E+00 -0.119295E-01  0.000000E+00  0.000000E+00  0.000000E+00  0.000000E+00
  0.258941E+01 -0.132320E-01 -0.350706E+00  0.000000E+00  0.000000E+00  0.000000E+00  0.000000E+00
  0.255603E+01 -0.315629E+00  0.156592E-01  0.000000E+00  0.000000E+00  0.000000E+00  0.000000E+00
  0.267750E+01  0.278105E+00 -0.192433E-01  0.000000E+00  0.000000E+00  0.000000E+00  0.000000E+00
  0.189287E+01  0.142139E-01  0.194967E+00  0.000000E+00  0.000000E+00  0.000000E+00  0.000000E+00
  0.229062E+01  0.155073E-01  0.264884E+00  0.000000E+00  0.000000E+00  0.000000E+00  0.000000E+00
  0.197252E+01  0.218565E+00 -0.131739E-01  0.000000E+00  0.000000E+00  0.000000E+00  0.000000E+00
  0.188033E+01 -0.204214E+00 -0.121770E-01  0.000000E+00  0.000000E+00  0.000000E+00  0.000000E+00
  0.244236E+01  0.372793E+00  0.331737E-02  0.000000E+00  0.000000E+00  0.000000E+00  0.000000E+00
  0.192008E+01 -0.126291E-02 -0.243580E+00  0.000000E+00  0.000000E+00  0.000000E+00  0.000000E+00
  0.235012E+01 -0.352667E+00 -0.598770E-03  0.000000E+00  0.000000E+00  0.000000E+00  0.000000E+00
  0.196657E+01  0.142540E-01  0.210035E+00  0.000000E+00  0.000000E+00  0.000000E+00  0.000000E+00
  0.215482E+01 -0.290389E+00 -0.722191E-02  0.000000E+00  0.000000E+00  0.000000E+00  0.000000E+00
  0.208392E+01  0.285368E+00  0.940185E-04  0.000000E+00  0.000000E+00  0.000000E+00  0.000000E+00
  0.167933E+01  0.171708E+00 -0.862480E-02  0.000000E+00  0.000000E+00  0.000000E+00  0.000000E+00
  0.216025E+01  0.225361E+00  0.168255E-01  0.000000E+00  0.000000E+00  0.000000E+00  0.000000E+00
  0.219309E+01 -0.297271E+00  0.782766E-02  0.000000E+00  0.000000E+00  0.000000E+00  0.000000E+00
  0.212044E+01 -0.152069E-01 -0.233845E+00  0.000000E+00  0.000000E+00  0.000000E+00  0.000000E+00
  0.220644E+01  0.316005E+00 -0.123316E-02  0.000000E+00  0.000000E+00  0.000000E+00  0.000000E+00
  0.206292E+01  0.265274E+00  0.801429E-02  0.000000E+00  0.000000E+00  0.000000E+00  0.000000E+00
  0.212945E+01 -0.175258E-01  0.211727E+00  0.000000E+00  0.000000E+00  0.000000E+00  0.000000E+00
  0.239903E+01 -0.348864E+00  0.738270E-02  0.000000E+00  0.000000E+00  0.000000E+00  0.000000E+00
  0.250973E+01 -0.190929E-01  0.253816E+00  0.000000E+00  0.000000E+00  0.000000E+00  0.000000E+00
  0.241688E+01  0.541047E-02 -0.360909E+00  0.000000E+00  0.000000E+00  0.000000E+00  0.000000E+00
  0.269449E+01 -0.387180E+00  0.118722E-01  0.000000E+00  0.000000E+00  0.000000E+00  0.000000E+00
  0.272057E+01  0.305876E+00  0.182144E-01  0.000000E+00  0.000000E+00  0.000000E+00  0.000000E+00
  0.253266E+01  0.317432E-02 -0.395752E+00  0.000000E+00  0.000000E+00  0.000000E+00  0.000000E+00
  0.263074E+01  0.270729E+00 -0.192345E-01  0.000000E+00  0.000000E+00  0.000000E+00  0.000000E+00
  0.257915E+01  0.110037E-01  0.368825E+00  0.000000E+00  0.000000E+00  0.000000E+00  0.000000E+00
  0.258704E+01  0.192279E-01  0.263792E+00  0.000000E+00  0.000000E+00  0.000000E+00  0.000000E+00
  0.189091E+01 -0.143358E-01  0.193757E+00  0.000000E+00  0.000000E+00  0.000000E+00  0.000000E+00
  0.249390E+01 -0.381432E+00  0.495997E-02  0.000000E+00  0.000000E+00  0.000000E+00  0.000000E+00
  0.246540E+01  0.293407E+00 -0.160059E-01  0.000000E+00  0.000000E+00  0.000000E+00  0.000000E+00
  0.279560E+01 -0.440434E+00  0.810073E-02  0.000000E+00  0.000000E+00  0.000000E+00  0.000000E+00
  0.276211E+01 -0.276636E-02  0.454267E+00  0.000000E+00  0.000000E+00  0.000000E+00  0.000000E+00
  0.224623E+01  0.115155E-01  0.289769E+00  0.000000E+00  0.000000E+00  0.000000E+00  0.000000E+00
  0.271997E+01 -0.180772E-01  0.308357E+00  0.000000E+00  0.000000E+00  0.000000E+00  0.000000E+00
  0.199654E+01  0.256625E+00  0.557284E-02  0.000000E+00  0.000000E+00  0.000000E+00  0.000000E+00
  0.263632E+01 -0.401741E+00  0.819329E-02  0.000000E+00  0.000000E+00  0.000000E+00  0.000000E+00
  0.202831E+01 -0.115304E-02 -0.271002E+00  0.000000E+00  0.000000E+00  0.000000E+00  0.000000E+00
  0.232981E+01 -0.293609E+00 -0.133842E-01  0.000000E+00  0.000000E+00  0.000000E+00  0.000000E+00
  0.222622E+01  0.252518E+00  0.154656E-01  0.000000E+00  0.000000E+00  0.000000E+00  0.000000E+00
  0.184409E+01  0.136531E-02  0.224316E+00  0.000000E+00  0.000000E+00  0.000000E+00  0.000000E+00
  0.209857E+01 -0.223610E+00 -0.158443E-01  0.000000E+00  0.000000E+00  0.000000E+00  0.000000E+00
  0.173108E+01  0.180821E+00  0.965808E-02  0.000000E+00  0.000000E+00  0.000000E+00  0.000000E+00
  0.279642E+01  0.319168E+00  0.182074E-01  0.000000E+00  0.000000E+00  0.000000E+00  0.000000E+00
  0.250800E+01  0.389758E+00  0.307337E-02  0.000000E+00  0.000000E+00  0.000000E+00  0.000000E+00
  0.205770E+01  0.120448E-01 -0.244249E+00  0.000000E+00  0.000000E+00  0.000000E+00  0.000000E+00
  0.217402E+01  0.166191E-01 -0.230228E+00  0.000000E+00  0.000000E+00  0.000000E+00  0.000000E+00
  0.241697E+01 -0.369691E+00  0.605151E-04  0.000000E+00  0.000000E+00  0.000000E+00  0.000000E+00
  0.282923E+01 -0.463627E+00  0.521742E-02  0.000000E+00  0.000000E+00  0.000000E+00  0.000000E+00
  0.229518E+01 -0.452077E-02  0.333270E+00  0.000000E+00  0.000000E+00  0.000000E+00  0.000000E+00
  0.208869E+01 -0.239087E+00  0.137835E-01  0.000000E+00  0.000000E+00  0.000000E+00  0.000000E+00
  0.266010E+01 -0.373476E+00 -0.124995E-01  0.000000E+00  0.000000E+00  0.000000E+00  0.000000E+00
  0.249920E+01  0.386272E+00 -0.367342E-02  0.000000E+00  0.000000E+00  0.000000E+00  0.000000E+00
  0.279399E+01 -0.202349E-01  0.273162E+00  0.000000E+00  0.000000E+00  0.000000E+00  0.000000E+00
  0.247267E+01  0.311268E+00  0.146252E-01  0.000000E+00  0.000000E+00  0.000000E+00  0.000000E+00
  0.274690E+01 -0.282068E+00  0.195683E-01  0.000000E+00  0.000000E+00  0.000000E+00  0.000000E+00
  0.243656E+01 -0.328394E+00 -0.120335E-01  0.000000E+00  0.000000E+00  0.000000E+00  0.000000E+00
  0.267393E+01 -0.302454E+00  0.179583E-01  0.000000E+00  0.000000E+00  0.000000E+00  0.000000E+00
  0.202817E+01  0.149262E-01 -0.217603E+00  0.000000E+00  0.000000E+00  0.000000E+00  0.000000E+00
  0.180713E+01  0.511627E-02  0.210738E+00  0.000000E+00  0.000000E+00  0.000000E+00  0.000000E+00
  0.165248E+01 -0.305837E-03  0.176127E+00  0.000000E+00  0.000000E+00  0.000000E+00  0.000000E+00
  0.280776E+01 -0.402038E+00 -0.128454E-01  0.000000E+00  0.000000E+00  0.000000E+00  0.000000E+00
  0.228512E+01 -0.154768E-01  0.264116E+00  0.000000E+00  0.000000E+00  0.000000E+00  0.000000E+00
  0.207861E+01  0.251020E+00 -0.116971E-01  0.000000E+00  0.000000E+00  0.000000E+00  0.000000E+00
  0.227777E+01 -0.331780E+00 -0.315266E-02  0.000000E+00  0.000000E+00  0.000000E+00  0.000000E+00
  0.207603E+01 -0.428699E-02 -0.279176E+00  0.000000E+00  0.000000E+00  0.000000E+00  0.000000E+00
  0.235255E+01  0.320598E+00 -0.105161E-01  0.000000E+00  0.000000E+00  0.000000E+00  0.000000E+00
  0.199162E+01  0.118218E-01  0.230859E+00  0.000000E+00  0.000000E+00  0.000000E+00  0.000000E+00
  0.239374E+01 -0.362633E+00 -0.200928E-02  0.000000E+00  0.000000E+00  0.000000E+00  0.000000E+00
  0.221856E+01 -0.243211E+00  0.162094E-01  0.000000E+00  0.000000E+00  0.000000E+00  0.000000E+00
  0.250246E+01 -0.152847E-01 -0.309677E+00  0.000000E+00  0.000000E+00  0.000000E+00  0.000000E+00
  0.256528E+01  0.295353E+00  0.172120E-01  0.000000E+00  0.000000E+00  0.000000E+00  0.000000E+00
  0.272886E+01 -0.222903E-02  0.446869E+00  0.000000E+00  0.000000E+00  0.000000E+00  0.000000E+00
  0.178332E+01 -0.730691E-02 -0.200129E+00  0.000000E+00  0.000000E+00  0.000000E+00  0.000000E+00
  0.266683E+01  0.894739E-02  0.404272E+00  0.000000E+00  0.000000E+00  0.000000E+00  0.000000E+00
  0.185409E+01  0.627778E-02  0.219903E+00  0.000000E+00  0.000000E+00  0.000000E+00  0.000000E+00
  0.208658E+01 -0.100337E-01  0.261995E+00  0.000000E+00  0.000000E+00  0.000000E+00  0.000000E+00
  0.203886E+01 -0.259202E-02  0.272487E+00  0.000000E+00  0.000000E+00  0.000000E+00  0.000000E+00
  0.240382E+01 -0.345500E+00  0.831579E-02  0.000000E+00  0.000000E+00  0.000000E+00  0.000000E+00
  0.283971E+01 -0.168297E-01 -0.352520E+00  0.000000E+00  0.000000E+00  0.000000E+00  0.000000E+00
  0.253160E+01 -0.164634E-01 -0.300052E+00  0.000000E+00  0.000000E+00  0.000000E+00  0.000000E+00
  0.281223E+01  0.301465E+00 -0.191731E-01  0.000000E+00  0.000000E+00  0.000000E+00  0.000000E+00
  0.196161E+01  0.143024E-01 -0.208660E+00  0.000000E+00  0.000000E+00  0.000000E+00  0.000000E+00
  0.215615E+01 -0.303255E+00  0.128772E-02  0.000000E+00  0.000000E+00  0.000000E+00  0.000000E+00
  0.204122E+01  0.272936E+00 -0.271608E-02  0.000000E+00  0.000000E+00  0.000000E+00  0.000000E+00
  0.232718E+01  0.307000E+00  0.116479E-01  0.000000E+00  0.000000E+00  0.000000E+00  0.000000E+00
  0.233298E+01 -0.100582E-01 -0.318984E+00  0.000000E+00  0.000000E+00  0.000000E+00  0.000000E+00
  0.221856E+01  0.613054E-02  0.309706E+00  0.000000E+00  0.000000E+00  0.000000E+00  0.000000E+00
  0.214684E+01  0.223465E+00  0.167692E-01  0.000000E+00  0.000000E+00  0.000000E+00  0.000000E+00
  0.216378E+01 -0.628348E-02 -0.295780E+00  0.000000E+00  0.000000E+00  0.000000E+00  0.000000E+00
  0.277655E+01  0.446345E+00 -0.619817E-02  0.000000E+00  0.000000E+00  0.000000E+00  0.000000E+00
  0.246534E+01 -0.330392E+00 -0.125424E-01  0.000000E+00  0.000000E+00  0.000000E+00  0.000000E+00
  0.200817E+01 -0.382971E-02 -0.263051E+00  0.000000E+00  0.000000E+00  0.000000E+00  0.000000E+00
  0.198549E+01 -0.260293E+00  0.870539E-03  0.000000E+00  0.000000E+00  0.000000E+00  0.000000E+00
  0.267190E+01 -0.394981E+00  0.103870E-01  0.000000E+00  0.000000E+00  0.000000E+00  0.000000E+00
  0.267438E+01 -0.367433E+00 -0.133715E-01  0.000000E+00  0.000000E+00  0.000000E+00  0.000000E+00
  0.203382E+01 -0.242956E+00 -0.113513E-01  0.000000E+00  0.000000E+00  0.000000E+00  0.000000E+00
  0.239191E+01  0.152564E-01  0.287845E+00  0.000000E+00  0.000000E+00  0.000000E+00  0.000000E+00
  0.282081E+01  0.278842E+00 -0.201696E-01  0.000000E+00  0.000000E+00  0.000000E+00  0.000000E+00
  0.254269E+01  0.110993E-01 -0.359780E+00  0.000000E+00  0.000000E+00  0.000000E+00  0.000000E+00
  0.205957E+01 -0.150758E-01 -0.222726E+00  0.000000E+00  0.000000E+00  0.000000E+00  0.000000E+00
  0.168050E+01 -0.295864E-02 -0.181946E+00  0.000000E+00  0.000000E+00  0.000000E+00  0.000000E+00
  0.252369E+01 -0.937521E-02  0.367760E+00  0.000000E+00  0.000000E+00  0.000000E+00  0.000000E+00
  0.168771E+01  0.171251E+00  0.947568E-02  0.000000E+00  0.000000E+00  0.000000E+00  0.000000E+00
  0.179444E+01 -0.198250E+00  0.888029E-02  0.000000E+00  0.000000E+00  0.000000E+00  0.000000E+00
  0.255271E+01 -0.397812E+00  0.437892E-02  0.000000E+00  0.000000E+00  0.000000E+00  0.000000E+00
  0.273391E+01  0.347022E+00 -0.159127E-01  0.000000E+00  0.000000E+00  0.000000E+00  0.000000E+00
  0.174902E+01 -0.327434E-02 -0.198854E+00  0.000000E+00  0.000000E+00  0.000000E+00  0.000000E+00
  0.195276E+01  0.150924E-01 -0.201029E+00  0.000000E+00  0.000000E+00  0.000000E+00  0.000000E+00
  0.245641E+01  0.341201E+00 -0.109662E-01  0.000000E+00  0.000000E+00  0.000000E+00  0.000000E+00
  0.252218E+01 -0.302485E+00 -0.161535E-01  0.000000E+00  0.000000E+00  0.000000E+00  0.000000E+00
  0.206311E+01 -0.278479E+00  0.268839E-02  0.000000E+00  0.000000E+00  0.000000E+00  0.000000E+00
  0.182427E+01 -0.985185E-02  0.201860E+00  0.000000E+00  0.000000E+00  0.000000E+00  0.000000E+00
  0.208031E+01  0.282635E+00 -0.282496E-02  0.000000E+00  0.000000E+00  0.000000E+00  0.000000E+00
  0.274098E+01  0.282539E+00  0.195063E-01  0.000000E+00  0.000000E+00  0.000000E+00  0.000000E+00
  0.280631E+01  0.430370E-02 -0.461274E+00  0.000000E+00  0.000000E+00  0.000000E+00  0.000000E+00
  0.274071E+01 -0.639532E-02  0.436628E+00  0.000000E+00  0.000000E+00  0.000000E+00  0.000000E+00
  0.220845E+01 -0.734356E-02  0.302919E+00  0.000000E+00  0.000000E+00  0.000000E+00  0.000000E+00
  0.264003E+01 -0.158250E-01  0.329917E+00  0.000000E+00  0.000000E+00  0.000000E+00  0.000000E+00
  0.225629E+01 -0.223199E+00  0.183675E-01  0.000000E+00  0.000000E+00  0.000000E+00  0.000000E+00
  0.173120E+01  0.473998E-02  0.192514E+00  0.000000E+00  0.000000E+00  0.000000E+00  0.000000E+00
  0.223504E+01  0.109568E-01  0.290893E+00  0.000000E+00  0.000000E+00  0.000000E+00  0.000000E+00
  0.270179E+01  0.171108E-01  0.322108E+00  0.000000E+00  0.000000E+00  0.000000E+00  0.000000E+00
  0.184167E+01 -0.640840E-02 -0.216552E+00  0.000000E+00  0.000000E+00  0.000000E+00  0.000000E+00
  0.278725E+01 -0.286177E+00  0.196641E-01  0.000000E+00  0.000000E+00  0.000000E+00  0.000000E+00
  0.251129E+01 -0.192971E-01  0.250219E+00  0.000000E+00  0.000000E+00  0.000000E+00  0.000000E+00
  0.257499E+01 -0.171891E-01  0.297493E+00  0.000000E+00  0.000000E+00  0.000000E+00  0.000000E+00
  0.230507E+01 -0.132042E-01 -0.289865E+00  0.000000E+00  0.000000E+00  0.000000E+00  0.000000E+00
  0.239944E+01 -0.173933E-01 -0.262362E+00  0.000000E+00  0.000000E+00  0.000000E+00  0.000000E+00
  0.211158E+01 -0.136332E-01 -0.245075E+00  0.000000E+00  0.000000E+00  0.000000E+00  0.000000E+00
  0.207047E+01 -0.213688E+00 -0.163107E-01  0.000000E+00  0.000000E+00  0.000000E+00  0.000000E+00
  0.245656E+01  0.379578E+00 -0.671987E-03  0.000000E+00  0.000000E+00  0.000000E+00  0.000000E+00
  0.228016E+01 -0.976070E-02 -0.308463E+00  0.000000E+00  0.000000E+00  0.000000E+00  0.000000E+00
  0.215193E+01 -0.296758E+00  0.488486E-02  0.000000E+00  0.000000E+00  0.000000E+00  0.000000E+00
  0.190728E+01 -0.142128E-01  0.197977E+00  0.000000E+00  0.000000E+00  0.000000E+00  0.000000E+00
  0.189169E+01  0.407407E-03 -0.236671E+00  0.000000E+00  0.000000E+00  0.000000E+00  0.000000E+00
  0.166301E+01  0.340161E-02  0.177143E+00  0.000000E+00  0.000000E+00  0.000000E+00  0.000000E+00
  0.166019E+01  0.175778E+00 -0.401732E-02  0.000000E+00  0.000000E+00  0.000000E+00  0.000000E+00
  0.211672E+01  0.103698E-01 -0.267219E+00  0.000000E+00  0.000000E+00  0.000000E+00  0.000000E+00
  0.241846E+01 -0.344329E+00  0.916095E-02  0.000000E+00  0.000000E+00  0.000000E+00  0.000000E+00
  0.180768E+01 -0.930947E-02  0.199939E+00  0.000000E+00  0.000000E+00  0.000000E+00  0.000000E+00
  0.198865E+01  0.154887E-02  0.260748E+00  0.000000E+00  0.000000E+00  0.000000E+00  0.000000E+00
  0.166283E+01 -0.173901E+00 -0.579020E-02  0.000000E+00  0.000000E+00  0.000000E+00  0.000000E+00
  0.225988E+01  0.482857E-02  0.323707E+00  0.000000E+00  0.000000E+00  0.000000E+00  0.000000E+00
  0.263975E+01  0.564850E-02  0.415075E+00  0.000000E+00  0.000000E+00  0.000000E+00  0.000000E+00
  0.184434E+01 -0.201137E+00  0.111477E-01  0.000000E+00  0.000000E+00  0.000000E+00  0.000000E+00
  0.187596E+01 -0.223205E+00 -0.707581E-02  0.000000E+00  0.000000E+00  0.000000E+00  0.000000E+00
  0.167783E+01 -0.679738E-02  0.175681E+00  0.000000E+00  0.000000E+00  0.000000E+00  0.000000E+00
  0.244167E+01 -0.242497E+00 -0.191039E-01  0.000000E+00  0.000000E+00  0.000000E+00  0.000000E+00
  0.180683E+01 -0.201738E+00  0.870892E-02  0.000000E+00  0.000000E+00  0.000000E+00  0.000000E+00
  0.274372E+01 -0.336536E+00 -0.167083E-01  0.000000E+00  0.000000E+00  0.000000E+00  0.000000E+00
  0.276599E+01  0.394342E+00  0.127192E-01  0.000000E+00  0.000000E+00  0.000000E+00  0.000000E+00
  0.227992E+01  0.184625E-01  0.225870E+00  0.000000E+00  0.000000E+00  0.000000E+00  0.000000E+00
  0.230193E+01 -0.125414E-01 -0.294613E+00  0.000000E+00  0.000000E+00  0.000000E+00  0.000000E+00
  0.216263E+01 -0.164522E-01 -0.229871E+00  0.000000E+00  0.000000E+00  0.000000E+00  0.000000E+00
  0.190135E+01  0.199196E+00  0.138343E-01  0.000000E+00  0.000000E+00  0.000000E+00  0.000000E+00
  0.252647E+01  0.294432E+00 -0.167912E-01  0.000000E+00  0.000000E+00  0.000000E+00  0.000000E+00
  0.262316E+01 -0.129511E-01 -0.360868E+00  0.000000E+00  0.000000E+00  0.000000E+00  0.000000E+00
  0.187414E+01  0.744202E-02  0.221730E+00  0.000000E+00  0.000000E+00  0.000000E+00  0.000000E+00
  0.183055E+01 -0.203377E+00  0.983716E-02  0.000000E+00  0.000000E+00  0.000000E+00  0.000000E+00
  0.270265E+01  0.284935E+00  0.191125E-01  0.000000E+00  0.000000E+00  0.000000E+00  0.000000E+00
  0.207946E+01  0.259615E+00 -0.101791E-01  0.000000E+00  0.000000E+00  0.000000E+00  0.000000E+00
  0.233540E+01  0.922793E-02 -0.324393E+00  0.000000E+00  0.000000E+00  0.000000E+00  0.000000E+00
  0.220183E+01  0.813428E-02 -0.298070E+00  0.000000E+00  0.000000E+00  0.000000E+00  0.000000E+00
  0.224557E+01 -0.281339E+00 -0.126635E-01  0.000000E+00  0.000000E+00  0.000000E+00  0.000000E+00
  0.199775E+01  0.732365E-02 -0.251991E+00  0.000000E+00  0.000000E+00  0.000000E+00  0.000000E+00
  0.207028E+01  0.141448E-01 -0.232454E+00  0.000000E+00  0.000000E+00  0.000000E+00  0.000000E+00
  0.277097E+01 -0.303311E+00  0.187739E-01  0.000000E+00  0.000000E+00  0.000000E+00  0.000000E+00
  0.268493E+01 -0.283177E+00  0.190578E-01  0.000000E+00  0.000000E+00  0.000000E+00  0.000000E+00
  0.184876E+01 -0.646081E-02  0.218162E+00  0.000000E+00  0.000000E+00  0.000000E+00  0.000000E+00
  0.197680E+01 -0.145766E-01 -0.209810E+00  0.000000E+00  0.000000E+00  0.000000E+00  0.000000E+00
  0.190039E+01  0.144946E-01 -0.194654E+00  0.000000E+00  0.000000E+00  0.000000E+00  0.000000E+00
  0.216592E+01 -0.274982E+00  0.109873E-01  0.000000E+00  0.000000E+00  0.000000E+00  0.000000E+00
  0.163528E+01 -0.171768E+00 -0.350769E-03  0.000000E+00  0.000000E+00  0.000000E+00  0.000000E+00
  0.230487E+01 -0.107810E-01 -0.307943E+00  0.000000E+00  0.000000E+00  0.000000E+00  0.000000E+00
  0.236913E+01 -0.352586E+00  0.416363E-02  0.000000E+00  0.000000E+00  0.000000E+00  0.000000E+00
  0.246131E+01 -0.259887E+00 -0.182777E-01  0.000000E+00  0.000000E+00  0.000000E+00  0.000000E+00
  0.187247E+01 -0.173069E-02 -0.231280E+00  0.000000E+00  0.000000E+00  0.000000E+00  0.000000E+00
  0.225697E+01 -0.650048E-02  0.317861E+00  0.000000E+00  0.000000E+00  0.000000E+00  0.000000E+00
  0.185910E+01  0.143106E-01  0.187322E+00  0.000000E+00  0.000000E+00  0.000000E+00  0.000000E+00
  0.198175E+01  0.203791E+00 -0.154777E-01  0.000000E+00  0.000000E+00  0.000000E+00  0.000000E+00
  0.230827E+01  0.268289E+00  0.155165E-01  0.000000E+00  0.000000E+00  0.000000E+00  0.000000E+00
  0.212731E+01 -0.174868E-01  0.211794E+00  0.000000E+00  0.000000E+00  0.000000E+00  0.000000E+00
  0.197303E+01 -0.216877E+00  0.134516E-01  0.000000E+00  0.000000E+00  0.000000E+00  0.000000E+00
  0.203291E+01 -0.130835E-01  0.232167E+00  0.000000E+00  0.000000E+00  0.000000E+00  0.000000E+00
  0.269441E+01 -0.153945E-01 -0.346631E+00  0.000000E+00  0.000000E+00  0.000000E+00  0.000000E+00
  0.175846E+01 -0.201027E+00  0.345253E-02  0.000000E+00  0.000000E+00  0.000000E+00  0.000000E+00
  0.225542E+01  0.148422E-01  0.264576E+00  0.000000E+00  0.000000E+00  0.000000E+00  0.000000E+00
  0.275076E+01  0.307428E+00  0.184029E-01  0.000000E+00  0.000000E+00  0.000000E+00  0.000000E+00
  0.212698E+01  0.273169E+00 -0.967890E-02  0.000000E+00  0.000000E+00  0.000000E+00  0.000000E+00
  0.217647E+01 -0.895616E-02  0.288307E+00  0.000000E+00  0.000000E+00  0.000000E+00  0.000000E+00
  0.166818E+01 -0.179005E+00  0.277203E-02  0.000000E+00  0.000000E+00  0.000000E+00  0.000000E+00
  0.284082E+01 -0.141983E+00 -0.144906E+00  0.000000E+00  0.000000E+00  0.000000E+00  0.000000E+00
  0.284082E+01  0.190885E-01  0.362452E-01  0.000000E+00  0.000000E+00  0.000000E+00  0.000000E+00
  0.284082E+01  0.906893E-01 -0.407359E-01  0.000000E+00  0.000000E+00  0.000000E+00  0.000000E+00
  0.284082E+01 -0.100119E+00 -0.725334E-01  0.000000E+00  0.000000E+00  0.000000E+00  0.000000E+00
  0.284082E+01 -0.160807E+00  0.834118E-01  0.000000E+00  0.000000E+00  0.000000E+00  0.000000E+00
  0.284082E+01 -0.341215E-02 -0.861488E-03  0.000000E+00  0.000000E+00  0.000000E+00  0.000000E+00
  0.284082E+01 -0.807343E-01  0.207594E+00  0.000000E+00  0.000000E+00  0.000000E+00  0.000000E+00
  0.284082E+01  0.174072E+00  0.325638E-02  0.000000E+00  0.000000E+00  0.000000E+00  0.000000E+00
  0.284082E+01 -0.595875E-01 -0.204786E+00  0.000000E+00  0.000000E+00  0.000000E+00  0.000000E+00
  0.284082E+01  0.327103E-01 -0.240532E+00  0.000000E+00  0.000000E+00  0.000000E+00  0.000000E+00
  0.284082E+01  0.196248E-01  0.126322E-01  0.000000E+00  0.000000E+00  0.000000E+00  0.000000E+00
  0.284082E+01 -0.711659E-01 -0.110598E-02  0.000000E+00  0.000000E+00  0.000000E+00  0.000000E+00
  0.284082E+01 -0.225320E+00 -0.628047E-03  0.000000E+00  0.000000E+00  0.000000E+00  0.000000E+00
  0.284082E+01  0.466666E-01 -0.184199E+00  0.000000E+00  0.000000E+00  0.000000E+00  0.000000E+00
  0.284082E+01 -0.378887E-02  0.323528E-01  0.000000E+00  0.000000E+00  0.000000E+00  0.000000E+00
  0.284082E+01  0.846232E-01  0.339622E-01  0.000000E+00  0.000000E+00  0.000000E+00  0.000000E+00
  0.284082E+01 -0.895071E-02  0.230143E-02  0.000000E+00  0.000000E+00  0.000000E+00  0.000000E+00
  0.284082E+01 -0.119304E+00 -0.111579E+00  0.000000E+00  0.000000E+00  0.000000E+00  0.000000E+00
  0.284082E+01 -0.116309E+00  0.269612E-01  0.000000E+00  0.000000E+00  0.000000E+00  0.000000E+00
  0.284082E+01  0.442335E-01  0.152763E+00  0.000000E+00  0.000000E+00  0.000000E+00  0.000000E+00
  0.284082E+01  0.100445E+00  0.164400E-01  0.000000E+00  0.000000E+00  0.000000E+00  0.000000E+00
  0.284082E+01 -0.216501E-01  0.154089E-01  0.000000E+00  0.000000E+00  0.000000E+00  0.000000E+00
  0.284082E+01 -0.126669E-01  0.242398E+00  0.000000E+00  0.000000E+00  0.000000E+00  0.000000E+00
  0.284082E+01 -0.753224E-01 -0.209533E+00  0.000000E+00  0.000000E+00  0.000000E+00  0.000000E+00
  0.284082E+01  0.226467E+00  0.177242E-01  0.000000E+00  0.000000E+00  0.000000E+00  0.000000E+00
  0.284082E+01  0.383187E-01  0.133219E-01  0.000000E+00  0.000000E+00  0.000000E+00  0.000000E+00
  0.284082E+01 -0.400848E-01  0.202656E+00  0.000000E+00  0.000000E+00  0.000000E+00  0.000000E+00
  0.284082E+01 -0.300581E-02 -0.738579E-01  0.000000E+00  0.000000E+00  0.000000E+00  0.000000E+00
  0.284082E+01 -0.230258E+00 -0.175281E-01  0.000000E+00  0.000000E+00  0.000000E+00  0.000000E+00
  0.284082E+01  0.418138E-01 -0.972561E-01  0.000000E+00  0.000000E+00  0.000000E+00  0.000000E+00
  0.284082E+01 -0.145536E-01 -0.452931E-01  0.000000E+00  0.000000E+00  0.000000E+00  0.000000E+00
  0.284082E+01  0.209553E+00  0.116100E+00  0.000000E+00  0.000000E+00  0.000000E+00  0.000000E+00
  0.284082E+01 -0.647675E-02 -0.240939E+00  0.000000E+00  0.000000E+00  0.000000E+00  0.000000E+00
  0.284082E+01 -0.202183E+00 -0.827114E-01  0.000000E+00  0.000000E+00  0.000000E+00  0.000000E+00
  0.284082E+01 -0.251904E-01 -0.313696E-01  0.000000E+00  0.000000E+00  0.000000E+00  0.000000E+00
  0.284082E+01  0.188558E-01  0.187440E+00  0.000000E+00  0.000000E+00  0.000000E+00  0.000000E+00
  0.284082E+01 -0.994011E-02  0.469159E-01  0.000000E+00  0.000000E+00  0.000000E+00  0.000000E+00
  0.284082E+01  0.124271E+00  0.598553E-02  0.000000E+00  0.000000E+00  0.000000E+00  0.000000E+00
  0.284082E+01  0.130824E+00 -0.387148E-01  0.000000E+00  0.000000E+00  0.000000E+00  0.000000E+00
  0.284082E+01 -0.561906E-01  0.163400E+00  0.000000E+00  0.000000E+00  0.000000E+00  0.000000E+00
  0.284082E+01 -0.129651E+00 -0.144692E+00  0.000000E+00  0.000000E+00  0.000000E+00  0.000000E+00
  0.284082E+01 -0.424063E-01 -0.152843E+00  0.000000E+00  0.000000E+00  0.000000E+00  0.000000E+00
  0.284082E+01  0.306641E-03 -0.197672E+00  0.000000E+00  0.000000E+00  0.000000E+00  0.000000E+00
  0.284082E+01  0.700723E-02  0.106359E-01  0.000000E+00  0.000000E+00  0.000000E+00  0.000000E+00
  0.284082E+01 -0.148242E-01 -0.162866E+00  0.000000E+00  0.000000E+00  0.000000E+00  0.000000E+00
  0.284082E+01  0.731256E-02 -0.180299E+00  0.000000E+00  0.000000E+00  0.000000E+00  0.000000E+00
  0.284082E+01 -0.131494E+00  0.604878E-01  0.000000E+00  0.000000E+00  0.000000E+00  0.000000E+00
  0.284082E+01  0.162776E+00 -0.165670E-01  0.000000E+00  0.000000E+00  0.000000E+00  0.000000E+00
  0.284082E+01  0.217772E-01 -0.178091E-01  0.000000E+00  0.000000E+00  0.000000E+00  0.000000E+00
  0.284082E+01 -0.543707E-01 -0.102114E+00  0.000000E+00  0.000000E+00  0.000000E+00  0.000000E+00
  0.284082E+01  0.666088E-01  0.229771E+00  0.000000E+00  0.000000E+00  0.000000E+00  0.000000E+00
  0.284082E+01 -0.136828E+00  0.139404E+00  0.000000E+00  0.000000E+00  0.000000E+00  0.000000E+00
  0.284082E+01  0.739534E-02  0.264049E-01  0.000000E+00  0.000000E+00  0.000000E+00  0.000000E+00
  0.284082E+01  0.438680E-01  0.134750E+00  0.000000E+00  0.000000E+00  0.000000E+00  0.000000E+00
  0.284082E+01  0.327283E-01  0.351690E-01  0.000000E+00  0.000000E+00  0.000000E+00  0.000000E+00
  0.284082E+01 -0.112755E+00 -0.142482E+00  0.000000E+00  0.000000E+00  0.000000E+00  0.000000E+00
  0.284082E+01 -0.613871E-01 -0.167809E+00  0.000000E+00  0.000000E+00  0.000000E+00  0.000000E+00
  0.284082E+01  0.411673E-01 -0.219696E-01  0.000000E+00  0.000000E+00  0.000000E+00  0.000000E+00
  0.284082E+01 -0.149128E+00  0.142781E+00  0.000000E+00  0.000000E+00  0.000000E+00  0.000000E+00
  0.284082E+01 -0.206181E-01 -0.152794E-01  0.000000E+00  0.000000E+00  0.000000E+00  0.000000E+00
  0.284082E+01  0.173832E+00  0.887435E-02  0.000000E+00  0.000000E+00  0.000000E+00  0.000000E+00
  0.284082E+01  0.652174E-01 -0.103853E+00  0.000000E+00  0.000000E+00  0.000000E+00  0.000000E+00
  0.284082E+01 -0.141455E+00 -0.531652E-02  0.000000E+00  0.000000E+00  0.000000E+00  0.000000E+00
  0.284082E+01 -0.185466E+00 -0.111953E+00  0.000000E+00  0.000000E+00  0.000000E+00  0.000000E+00
  0.284082E+01 -0.180482E+00  0.772253E-02  0.000000E+00  0.000000E+00  0.000000E+00  0.000000E+00
  0.284082E+01  0.992207E-01 -0.315084E-01  0.000000E+00  0.000000E+00  0.000000E+00  0.000000E+00
  0.284082E+01 -0.177211E-01 -0.418655E-01  0.000000E+00  0.000000E+00  0.000000E+00  0.000000E+00
  0.284082E+01 -0.181337E+00  0.133077E+00  0.000000E+00  0.000000E+00  0.000000E+00  0.000000E+00
  0.284082E+01 -0.182523E-01  0.145714E+00  0.000000E+00  0.000000E+00  0.000000E+00  0.000000E+00
  0.284082E+01  0.525919E-01  0.267030E-01  0.000000E+00  0.000000E+00  0.000000E+00  0.000000E+00
  0.284082E+01 -0.104227E+00  0.174982E+00  0.000000E+00  0.000000E+00  0.000000E+00  0.000000E+00
  0.284082E+01  0.646876E-01  0.187561E+00  0.000000E+00  0.000000E+00  0.000000E+00  0.000000E+00
  0.284082E+01  0.189517E-01  0.681311E-01  0.000000E+00  0.000000E+00  0.000000E+00  0.000000E+00
  0.284082E+01  0.188049E+00  0.199350E-01  0.000000E+00  0.000000E+00  0.000000E+00  0.000000E+00
  0.284082E+01 -0.108569E+00  0.443144E-01  0.000000E+00  0.000000E+00  0.000000E+00  0.000000E+00
  0.284082E+01  0.881042E-01  0.968360E-01  0.000000E+00  0.000000E+00  0.000000E+00  0.000000E+00
  0.284082E+01 -0.196461E-02  0.160589E+00  0.000000E+00  0.000000E+00  0.000000E+00  0.000000E+00
  0.284082E+01 -0.768548E-01  0.157031E+00  0.000000E+00  0.000000E+00  0.000000E+00  0.000000E+00
  0.284082E+01 -0.102188E+00 -0.767989E-01  0.000000E+00  0.000000E+00  0.000000E+00  0.000000E+00
  0.284082E+01 -0.292964E-01  0.401027E-01  0.000000E+00  0.000000E+00  0.000000E+00  0.000000E+00
  0.284082E+01 -0.807743E-01  0.975830E-01  0.000000E+00  0.000000E+00  0.000000E+00  0.000000E+00
  0.284082E+01  0.597056E-01  0.130070E+00  0.000000E+00  0.000000E+00  0.000000E+00  0.000000E+00
  0.284082E+01  0.245507E-01 -0.240775E+00  0.000000E+00  0.000000E+00  0.000000E+00  0.000000E+00
  0.284082E+01 -0.347561E-01  0.148526E+00  0.000000E+00  0.000000E+00  0.000000E+00  0.000000E+00
  0.284082E+01 -0.191091E-01  0.156092E+00  0.000000E+00  0.000000E+00  0.000000E+00  0.000000E+00
  0.284082E+01 -0.112496E-01  0.149950E+00  0.000000E+00  0.000000E+00  0.000000E+00  0.000000E+00
  0.284082E+01  0.551405E-01  0.591867E-01  0.000000E+00  0.000000E+00  0.000000E+00  0.000000E+00
  0.284082E+01 -0.786361E-01  0.507429E-01  0.000000E+00  0.000000E+00  0.000000E+00  0.000000E+00
  0.284082E+01  0.271147E-02 -0.214805E-01  0.000000E+00  0.000000E+00  0.000000E+00  0.000000E+00
  0.284082E+01  0.601545E-01  0.144545E-01  0.000000E+00  0.000000E+00  0.000000E+00  0.000000E+00
  0.284082E+01  0.782256E-01  0.617582E-01  0.000000E+00  0.000000E+00  0.000000E+00  0.000000E+00
  0.284082E+01  0.130702E+00  0.147076E-02  0.000000E+00  0.000000E+00  0.000000E+00  0.000000E+00
  0.284082E+01 -0.175892E+00 -0.362903E-01  0.000000E+00  0.000000E+00  0.000000E+00  0.000000E+00
  0.284082E+01 -0.982066E-01  0.116707E+00  0.000000E+00  0.000000E+00  0.000000E+00  0.000000E+00
  0.284082E+01  0.739707E-01  0.366070E-01  0.000000E+00  0.000000E+00  0.000000E+00  0.000000E+00
  0.284082E+01  0.186698E+00 -0.766644E-01  0.000000E+00  0.000000E+00  0.000000E+00  0.000000E+00
  0.284082E+01  0.139580E-03 -0.560146E-03  0.000000E+00  0.000000E+00  0.000000E+00  0.000000E+00
  0.284082E+01 -0.340509E-01 -0.181406E+00  0.000000E+00  0.000000E+00  0.000000E+00  0.000000E+00
  0.284082E+01  0.142285E+00  0.183501E+00  0.000000E+00  0.000000E+00  0.000000E+00  0.000000E+00
  0.284082E+01 -0.211561E-01 -0.362983E-01  0.000000E+00  0.000000E+00  0.000000E+00  0.000000E+00
