  0.247482E+01  0.173247E-01  0.277087E+00  0.000000E+00  0.000000E+00  0.000000E+00  0.000000E+00
  0.270014E+01 -0.138915E-01 -0.366971E+00  0.000000E+00  0.000000E+00  0.000000E+00  0.000000E+00
  0.264589E+01  0.260017E+00 -0.198481E-01  0.000000E+00  0.000000E+00  0.000000E+00  0.000000E+00
  0.192354E+01 -0.154709E-01  0.192269E+00  0.000000E+00  0.000000E+00  0.000000E+00  0.000000E+00
  0.204027E+01 -0.247978E+00  0.106895E-01  0.000000E+00  0.000000E+00  0.000000E+00  0.000000E+00
  0.227729E+01 -0.326088E+00 -0.551642E-02  0.000000E+00  0.000000E+00  0.000000E+00  0.000000E+00
  0.192864E+01 -0.227018E+00  0.964262E-02  0.000000E+00  0.000000E+00  0.000000E+00  0.000000E+00
  0.280878E+01  0.134238E-01  0.395562E+00  0.000000E+00  0.000000E+00  0.000000E+00  0.000000E+00
  0.272147E+01  0.110741E-01 -0.400560E+00  0.000000E+00  0.000000E+00  0.000000E+00  0.000000E+00
  0.272395E+01 -0.111147E-01 -0.400763E+00  0.000000E+00  0.000000E+00  0.000000E+00  0.000000E+00
  0.224233E+01 -0.323721E+00  0.259274E-02  0.000000E+00  0.000000E+00  0.000000E+00  0.000000E+00
  0.223442E+01 -0.321484E+00 -0.276921E-02  0.000000E+00  0.000000E+00  0.000000E+00  0.000000E+00
  0.179275E+01 -0.244738E-02  0.210636E+00  0.000000E+00  0.000000E+00  0.000000E+00  0.000000E+00
  0.167089E+01  0.180110E+00 -0.218259E-02  0.000000E+00  0.000000E+00  0.000000E+00  0.000000E+00
  0.224090E+01  0.221467E+00 -0.183025E-01  0.000000E+00  0.000000E+00  0.000000E+00  0.000000E+00
  0.230404E+01 -0.560910E-02  0.332405E+00  0.000000E+00  0.000000E+00  0.000000E+00  0.000000E+00
  0.272540E+01  0.172370E-01  0.324330E+00  0.000000E+00  0.000000E+00  0.000000E+00  0.000000E+00
  0.162774E+01 -0.165779E+00 -0.545838E-02  0.000000E+00  0.000000E+00  0.000000E+00  0.000000E+00
  0.201254E+01  0.153350E-01 -0.211105E+00  0.000000E+00  0.000000E+00  0.000000E+00  0.000000E+00
  0.257837E+01 -0.192622E-01 -0.261710E+00  0.000000E+00  0.000000E+00  0.000000E+00  0.000000E+00
  0.168012E+01  0.196815E-02  0.182569E+00  0.000000E+00  0.000000E+00  0.000000E+00  0.000000E+00
  0.238345E+01 -0.515698E-03 -0.361129E+00  0.000000E+00  0.000000E+00  0.000000E+00  0.000000E+00
  0.225172E+01 -0.326360E+00  0.238386E-02  0.000000E+00  0.000000E+00  0.000000E+00  0.000000E+00
  0.231078E+01  0.448420E-02  0.337248E+00  0.000000E+00  0.000000E+00  0.000000E+00  0.000000E+00
  0.205515E+01  0.563313E-02  0.270936E+00  0.000000E+00  0.000000E+00  0.000000E+00  0.000000E+00
  0.275923E+01 -0.456118E+00  0.788549E-03  0.000000E+00  0.000000E+00  0.000000E+00  0.000000E+00
  0.162021E+01  0.165973E+00 -0.384400E-02  0.000000E+00  0.000000E+00  0.000000E+00  0.000000E+00
  0.205852E+01  0.205403E+00 -0.169145E-01  0.000000E+00  0.000000E+00  0.000000E+00  0.000000E+00
  0.255678E+01 -0.189174E-02  0.403927E+00  0.000000E+00  0.000000E+00  0.000000E+00  0.000000E+00
  0.205242E+01  0.818391E-02 -0.262112E+00  0.000000E+00  0.000000E+00  0.000000E+00  0.000000E+00
  0.245756E+01 -0.347479E+00  0.101148E-01  0.000000E+00  0.000000E+00  0.000000E+00  0.000000E+00
  0.247355E+01 -0.375922E+00 -0.510610E-02  0.000000E+00  0.000000E+00  0.000000E+00  0.000000E+00
  0.273728E+01 -0.215921E-02  0.449102E+00  0.000000E+00  0.000000E+00  0.000000E+00  0.000000E+00
  0.211065E+01  0.758388E-03 -0.292004E+00  0.000000E+00  0.000000E+00  0.000000E+00  0.000000E+00
  0.231420E+01 -0.273745E+00  0.151151E-01  0.000000E+00  0.000000E+00  0.000000E+00  0.000000E+00
  0.209655E+01 -0.149227E-01 -0.231521E+00  0.000000E+00  0.000000E+00  0.000000E+00  0.000000E+00
  0.242564E+01  0.115608E-01  0.329735E+00  0.000000E+00  0.000000E+00  0.000000E+00  0.000000E+00
  0.214004E+01  0.298603E+00  0.201799E-02  0.000000E+00  0.000000E+00  0.000000E+00  0.000000E+00
  0.238322E+01 -0.353686E+00  0.505536E-02  0.000000E+00  0.000000E+00  0.000000E+00  0.000000E+00
  0.223789E+01  0.168530E-01 -0.239573E+00  0.000000E+00  0.000000E+00  0.000000E+00  0.000000E+00
  0.232724E+01  0.183010E-01 -0.236381E+00  0.000000E+00  0.000000E+00  0.000000E+00  0.000000E+00
  0.282086E+01 -0.172836E-01  0.340995E+00  0.000000E+00  0.000000E+00  0.000000E+00  0.000000E+00
  0.211171E+01  0.277870E+00  0.778433E-02  0.000000E+00  0.000000E+00  0.000000E+00  0.000000E+00
  0.190750E+01 -0.119684E-01  0.211328E+00  0.000000E+00  0.000000E+00  0.000000E+00  0.000000E+00
  0.182858E+01 -0.106873E-01  0.199540E+00  0.000000E+00  0.000000E+00  0.000000E+00  0.000000E+00
  0.178435E+01  0.205318E+00 -0.498604E-02  0.000000E+00  0.000000E+00  0.000000E+00  0.000000E+00
  0.238598E+01  0.972929E-02 -0.333319E+00  0.000000E+00  0.000000E+00  0.000000E+00  0.000000E+00
  0.231491E+01 -0.127541E-01 -0.295740E+00  0.000000E+00  0.000000E+00  0.000000E+00  0.000000E+00
  0.178918E+01  0.203944E+00  0.630131E-02  0.000000E+00  0.000000E+00  0.000000E+00  0.000000E+00
  0.173644E+01  0.770445E-03  0.197304E+00  0.000000E+00  0.000000E+00  0.000000E+00  0.000000E+00
  0.212510E+01  0.288833E+00 -0.539248E-02  0.000000E+00  0.000000E+00  0.000000E+00  0.000000E+00
  0.246570E+01 -0.380248E+00 -0.241195E-02  0.000000E+00  0.000000E+00  0.000000E+00  0.000000E+00
  0.227504E+01 -0.270377E+00  0.146573E-01  0.000000E+00  0.000000E+00  0.000000E+00  0.000000E+00
  0.264635E+01 -0.417593E+00 -0.541937E-02  0.000000E+00  0.000000E+00  0.000000E+00  0.000000E+00
  0.171124E+01  0.747087E-02 -0.182289E+00  0.000000E+00  0.000000E+00  0.000000E+00  0.000000E+00
  0.247703E+01  0.177249E-01 -0.271435E+00  0.000000E+00  0.000000E+00  0.000000E+00  0.000000E+00
  0.179678E+01 -0.550592E-02 -0.207452E+00  0.000000E+00  0.000000E+00  0.000000E+00  0.000000E+00
  0.242068E+01  0.114660E-01  0.329350E+00  0.000000E+00  0.000000E+00  0.000000E+00  0.000000E+00
  0.175638E+01 -0.517246E-02  0.198065E+00  0.000000E+00  0.000000E+00  0.000000E+00  0.000000E+00
  0.177330E+01  0.104037E-01  0.187978E+00  0.000000E+00  0.000000E+00  0.000000E+00  0.000000E+00
  0.245979E+01  0.380370E+00  0.733604E-03  0.000000E+00  0.000000E+00  0.000000E+00  0.000000E+00
  0.269193E+01  0.280515E+00 -0.192396E-01  0.000000E+00  0.000000E+00  0.000000E+00  0.000000E+00
  0.281315E+01  0.425260E+00 -0.106449E-01  0.000000E+00  0.000000E+00  0.000000E+00  0.000000E+00
  0.279910E+01 -0.159862E-01  0.358615E+00  0.000000E+00  0.000000E+00  0.000000E+00  0.000000E+00
  0.161252E+01  0.165393E+00  0.217551E-02  0.000000E+00  0.000000E+00  0.000000E+00  0.000000E+00
  0.222422E+01  0.119181E-01  0.282080E+00  0.000000E+00  0.000000E+00  0.000000E+00  0.000000E+00
  0.214845E+01 -0.284665E+00 -0.828336E-02  0.000000E+00  0.000000E+00  0.000000E+00  0.000000E+00
  0.166685E+01  0.497271E-02 -0.176186E+00  0.000000E+00  0.000000E+00  0.000000E+00  0.000000E+00
  0.269617E+01  0.329069E+00  0.166139E-01  0.000000E+00  0.000000E+00  0.000000E+00  0.000000E+00
  0.278451E+01  0.352419E+00  0.162017E-01  0.000000E+00  0.000000E+00  0.000000E+00  0.000000E+00
  0.240562E+01 -0.298260E+00  0.145531E-01  0.000000E+00  0.000000E+00  0.000000E+00  0.000000E+00
  0.265998E+01 -0.186118E-01 -0.287903E+00  0.000000E+00  0.000000E+00  0.000000E+00  0.000000E+00
  0.212952E+01  0.249010E+00  0.136165E-01  0.000000E+00  0.000000E+00  0.000000E+00  0.000000E+00
  0.269407E+01  0.161789E-01  0.335321E+00  0.000000E+00  0.000000E+00  0.000000E+00  0.000000E+00
  0.261453E+01 -0.276942E+00  0.187851E-01  0.000000E+00  0.000000E+00  0.000000E+00  0.000000E+00
  0.271523E+01 -0.309981E+00  0.179446E-01  0.000000E+00  0.000000E+00  0.000000E+00  0.000000E+00
  0.227229E+01  0.856522E-02  0.312904E+00  0.000000E+00  0.000000E+00  0.000000E+00  0.000000E+00
  0.160469E+01  0.321472E-03 -0.164027E+00  0.000000E+00  0.000000E+00  0.000000E+00  0.000000E+00
  0.162354E+01  0.168404E+00 -0.173818E-02  0.000000E+00  0.000000E+00  0.000000E+00  0.000000E+00
  0.253464E+01 -0.271263E+00 -0.183526E-01  0.000000E+00  0.000000E+00  0.000000E+00  0.000000E+00
  0.211595E+01  0.119507E-01 -0.257776E+00  0.000000E+00  0.000000E+00  0.000000E+00  0.000000E+00
  0.252996E+01  0.350742E-02 -0.394359E+00  0.000000E+00  0.000000E+00  0.000000E+00  0.000000E+00
  0.270942E+01  0.146423E-01  0.359662E+00  0.000000E+00  0.000000E+00  0.000000E+00  0.000000E+00
  0.203578E+01 -0.261030E+00  0.737390E-02  0.000000E+00  0.000000E+00  0.000000E+00  0.000000E+00
  0.253847E+01 -0.666226E-02  0.385972E+00  0.000000E+00  0.000000E+00  0.000000E+00  0.000000E+00
  0.241282E+01  0.302185E+00  0.143188E-01  0.000000E+00  0.000000E+00  0.000000E+00  0.000000E+00
  0.240053E+01  0.282382E+00 -0.158746E-01  0.000000E+00  0.000000E+00  0.000000E+00  0.000000E+00
  0.272337E+01 -0.329768E+00 -0.168891E-01  0.000000E+00  0.000000E+00  0.000000E+00  0.000000E+00
  0.192092E+01  0.725949E-02  0.233586E+00  0.000000E+00  0.000000E+00  0.000000E+00  0.000000E+00
  0.277461E+01  0.408006E+00  0.115678E-01  0.000000E+00  0.000000E+00  0.000000E+00  0.000000E+00
  0.259684E+01  0.163730E-01 -0.313789E+00  0.000000E+00  0.000000E+00  0.000000E+00  0.000000E+00
  0.248246E+01  0.187529E-01  0.255444E+00  0.000000E+00  0.000000E+00  0.000000E+00  0.000000E+00
  0.217967E+01  0.765162E-02  0.294756E+00  0.000000E+00  0.000000E+00  0.000000E+00  0.000000E+00
  0.178849E+01 -0.645845E-02 -0.203426E+00  0.000000E+00  0.000000E+00  0.000000E+00  0.000000E+00
  0.244510E+01 -0.327992E-02 -0.373557E+00  0.000000E+00  0.000000E+00  0.000000E+00  0.000000E+00
  0.183643E+01  0.133487E-01  0.188306E+00  0.000000E+00  0.000000E+00  0.000000E+00  0.000000E+00
  0.247969E+01 -0.811888E-02  0.364673E+00  0.000000E+00  0.000000E+00  0.000000E+00  0.000000E+00
  0.218179E+01  0.230636E+00 -0.167149E-01  0.000000E+00  0.000000E+00  0.000000E+00  0.000000E+00
  0.170689E+01  0.101863E-01  0.173435E+00  0.000000E+00  0.000000E+00  0.000000E+00  0.000000E+00
  0.270455E+01 -0.268409E+00 -0.198757E-01  0.000000E+00  0.000000E+00  0.000000E+00  0.000000E+00
  0.225895E+01  0.315048E+00  0.736632E-02  0.000000E+00  0.000000E+00  0.000000E+00  0.000000E+00
  0.252954E+01 -0.638802E-02  0.384974E+00  0.000000E+00  0.000000E+00  0.000000E+00  0.000000E+00
  0.270632E+01  0.158852E-01  0.342035E+00  0.000000E+00  0.000000E+00  0.000000E+00  0.000000E+00
  0.243197E+01  0.324577E+00  0.123687E-01  0.000000E+00  0.000000E+00  0.000000E+00  0.000000E+00
  0.195960E+01  0.102282E-01 -0.231674E+00  0.000000E+00  0.000000E+00  0.000000E+00  0.000000E+00
  0.228868E+01  0.329405E+00 -0.534846E-02  0.000000E+00  0.000000E+00  0.000000E+00  0.000000E+00
  0.207113E+01 -0.161560E-01  0.215305E+00  0.000000E+00  0.000000E+00  0.000000E+00  0.000000E+00
  0.257446E+01 -0.157433E-02 -0.408752E+00  0.000000E+00  0.000000E+00  0.000000E+00  0.000000E+00
  0.176099E+01  0.747855E-02 -0.194289E+00  0.000000E+00  0.000000E+00  0.000000E+00  0.000000E+00
  0.179295E+01 -0.185045E+00 -0.121449E-01  0.000000E+00  0.000000E+00  0.000000E+00  0.000000E+00
  0.191627E+01  0.145144E-02 -0.242516E+00  0.000000E+00  0.000000E+00  0.000000E+00  0.000000E+00
  0.194996E+01  0.244731E+00 -0.574292E-02  0.000000E+00  0.000000E+00  0.000000E+00  0.000000E+00
  0.215641E+01 -0.157481E-01  0.235890E+00  0.000000E+00  0.000000E+00  0.000000E+00  0.000000E+00
  0.183641E+01 -0.201314E+00 -0.106914E-01  0.000000E+00  0.000000E+00  0.000000E+00  0.000000E+00
  0.177712E+01 -0.207679E+00  0.324768E-03  0.000000E+00  0.000000E+00  0.000000E+00  0.000000E+00
  0.168957E+01 -0.829419E-02 -0.175022E+00  0.000000E+00  0.000000E+00  0.000000E+00  0.000000E+00
  0.240204E+01 -0.245537E+00  0.185358E-01  0.000000E+00  0.000000E+00  0.000000E+00  0.000000E+00
  0.177323E+01  0.104352E-01 -0.187841E+00  0.000000E+00  0.000000E+00  0.000000E+00  0.000000E+00
  0.265116E+01  0.176403E-01  0.303977E+00  0.000000E+00  0.000000E+00  0.000000E+00  0.000000E+00
  0.259772E+01 -0.160002E-01 -0.319222E+00  0.000000E+00  0.000000E+00  0.000000E+00  0.000000E+00
  0.228521E+01  0.163841E-02  0.335610E+00  0.000000E+00  0.000000E+00  0.000000E+00  0.000000E+00
  0.211629E+01 -0.135374E-01 -0.246803E+00  0.000000E+00  0.000000E+00  0.000000E+00  0.000000E+00
  0.223033E+01  0.562367E-02 -0.314175E+00  0.000000E+00  0.000000E+00  0.000000E+00  0.000000E+00
  0.220606E+01  0.592218E-02 -0.307292E+00  0.000000E+00  0.000000E+00  0.000000E+00  0.000000E+00
  0.232103E+01 -0.289405E+00 -0.136463E-01  0.000000E+00  0.000000E+00  0.000000E+00  0.000000E+00
  0.189576E+01 -0.192105E+00 -0.147271E-01  0.000000E+00  0.000000E+00  0.000000E+00  0.000000E+00
  0.180644E+01 -0.616198E-02 -0.208483E+00  0.000000E+00  0.000000E+00  0.000000E+00  0.000000E+00
  0.218336E+01 -0.298727E+00  0.683134E-02  0.000000E+00  0.000000E+00  0.000000E+00  0.000000E+00
  0.261028E+01 -0.343992E+00  0.142480E-01  0.000000E+00  0.000000E+00  0.000000E+00  0.000000E+00
  0.272768E+01 -0.420460E+00  0.868073E-02  0.000000E+00  0.000000E+00  0.000000E+00  0.000000E+00
  0.167538E+01 -0.361884E-02 -0.180022E+00  0.000000E+00  0.000000E+00  0.000000E+00  0.000000E+00
  0.199077E+01 -0.128170E-02 -0.261444E+00  0.000000E+00  0.000000E+00  0.000000E+00  0.000000E+00
  0.178209E+01 -0.973089E-02 -0.192475E+00  0.000000E+00  0.000000E+00  0.000000E+00  0.000000E+00
  0.277115E+01  0.135904E-01 -0.385558E+00  0.000000E+00  0.000000E+00  0.000000E+00  0.000000E+00
  0.237820E+01 -0.266112E+00  0.168301E-01  0.000000E+00  0.000000E+00  0.000000E+00  0.000000E+00
  0.246473E+01  0.300966E+00 -0.153817E-01  0.000000E+00  0.000000E+00  0.000000E+00  0.000000E+00
  0.244453E+01 -0.152777E-01  0.298152E+00  0.000000E+00  0.000000E+00  0.000000E+00  0.000000E+00
  0.215908E+01  0.794258E-02 -0.288629E+00  0.000000E+00  0.000000E+00  0.000000E+00  0.000000E+00
  0.172423E+01  0.849540E-02 -0.182742E+00  0.000000E+00  0.000000E+00  0.000000E+00  0.000000E+00
  0.196051E+01  0.249828E+00  0.457881E-02  0.000000E+00  0.000000E+00  0.000000E+00  0.000000E+00
  0.237999E+01 -0.181294E-01 -0.248110E+00  0.000000E+00  0.000000E+00  0.000000E+00  0.000000E+00
  0.213672E+01 -0.154081E-01  0.235255E+00  0.000000E+00  0.000000E+00  0.000000E+00  0.000000E+00
  0.282206E+01 -0.471814E+00  0.107549E-02  0.000000E+00  0.000000E+00  0.000000E+00  0.000000E+00
  0.282938E+01 -0.193791E-01 -0.299521E+00  0.000000E+00  0.000000E+00  0.000000E+00  0.000000E+00
  0.197806E+01  0.134847E-01 -0.217731E+00  0.000000E+00  0.000000E+00  0.000000E+00  0.000000E+00
  0.194253E+01 -0.249563E+00 -0.236992E-03  0.000000E+00  0.000000E+00  0.000000E+00  0.000000E+00
  0.218819E+01 -0.170285E-01  0.228262E+00  0.000000E+00  0.000000E+00  0.000000E+00  0.000000E+00
  0.200065E+01 -0.234727E+00 -0.114891E-01  0.000000E+00  0.000000E+00  0.000000E+00  0.000000E+00
  0.238884E+01  0.891712E-02  0.338722E+00  0.000000E+00  0.000000E+00  0.000000E+00  0.000000E+00
  0.219873E+01  0.275728E+00  0.120171E-01  0.000000E+00  0.000000E+00  0.000000E+00  0.000000E+00
  0.212717E+01  0.117722E-01 -0.261412E+00  0.000000E+00  0.000000E+00  0.000000E+00  0.000000E+00
  0.168383E+01 -0.176296E+00  0.719190E-02  0.000000E+00  0.000000E+00  0.000000E+00  0.000000E+00
  0.220524E+01  0.131138E-01 -0.269110E+00  0.000000E+00  0.000000E+00  0.000000E+00  0.000000E+00
  0.194257E+01 -0.844283E-02  0.234921E+00  0.000000E+00  0.000000E+00  0.000000E+00  0.000000E+00
  0.218876E+01  0.269693E+00 -0.125599E-01  0.000000E+00  0.000000E+00  0.000000E+00  0.000000E+00
  0.218190E+01 -0.437533E-02 -0.305391E+00  0.000000E+00  0.000000E+00  0.000000E+00  0.000000E+00
  0.168186E+01 -0.180713E+00  0.439994E-02  0.000000E+00  0.000000E+00  0.000000E+00  0.000000E+00
  0.251882E+01 -0.319763E+00 -0.147107E-01  0.000000E+00  0.000000E+00  0.000000E+00  0.000000E+00
  0.225931E+01  0.498663E-02  0.323148E+00  0.000000E+00  0.000000E+00  0.000000E+00  0.000000E+00
  0.267867E+01  0.430884E+00  0.379995E-02  0.000000E+00  0.000000E+00  0.000000E+00  0.000000E+00
  0.238755E+01 -0.359419E+00 -0.311500E-02  0.000000E+00  0.000000E+00  0.000000E+00  0.000000E+00
  0.173768E+01  0.663641E-02 -0.190617E+00  0.000000E+00  0.000000E+00  0.000000E+00  0.000000E+00
  0.172528E+01 -0.931317E-02 -0.180567E+00  0.000000E+00  0.000000E+00  0.000000E+00  0.000000E+00
  0.245144E+01 -0.357579E+00 -0.818185E-02  0.000000E+00  0.000000E+00  0.000000E+00  0.000000E+00
  0.218845E+01 -0.287743E+00  0.963549E-02  0.000000E+00  0.000000E+00  0.000000E+00  0.000000E+00
  0.280852E+01 -0.467317E+00  0.200337E-02  0.000000E+00  0.000000E+00  0.000000E+00  0.000000E+00
  0.274645E+01  0.102938E-01 -0.412916E+00  0.000000E+00  0.000000E+00  0.000000E+00  0.000000E+00
  0.212676E+01 -0.134440E-01  0.249740E+00  0.000000E+00  0.000000E+00  0.000000E+00  0.000000E+00
  0.222067E+01 -0.177413E-01  0.225451E+00  0.000000E+00  0.000000E+00  0.000000E+00  0.000000E+00
  0.191990E+01 -0.243106E+00  0.194547E-02  0.000000E+00  0.000000E+00  0.000000E+00  0.000000E+00
  0.195628E+01 -0.225643E+00 -0.113168E-01  0.000000E+00  0.000000E+00  0.000000E+00  0.000000E+00
  0.281986E+01  0.117218E-01 -0.416632E+00  0.000000E+00  0.000000E+00  0.000000E+00  0.000000E+00
  0.226381E+01  0.237763E+00 -0.173881E-01  0.000000E+00  0.000000E+00  0.000000E+00  0.000000E+00
  0.272886E+01 -0.447823E+00 -0.152087E-02  0.000000E+00  0.000000E+00  0.000000E+00  0.000000E+00
  0.246674E+01  0.381711E+00  0.137796E-02  0.000000E+00  0.000000E+00  0.000000E+00  0.000000E+00
  0.234656E+01  0.101038E-01  0.321849E+00  0.000000E+00  0.000000E+00  0.000000E+00  0.000000E+00
  0.267841E+01 -0.410399E+00  0.842269E-02  0.000000E+00  0.000000E+00  0.000000E+00  0.000000E+00
  0.250323E+01  0.759298E-02 -0.373035E+00  0.000000E+00  0.000000E+00  0.000000E+00  0.000000E+00
  0.211403E+01 -0.277340E+00  0.806212E-02  0.000000E+00  0.000000E+00  0.000000E+00  0.000000E+00
  0.205993E+01  0.116802E-02  0.278991E+00  0.000000E+00  0.000000E+00  0.000000E+00  0.000000E+00
  0.226649E+01  0.242181E+00 -0.170767E-01  0.000000E+00  0.000000E+00  0.000000E+00  0.000000E+00
  0.222797E+01 -0.233127E+00  0.172357E-01  0.000000E+00  0.000000E+00  0.000000E+00  0.000000E+00
  0.229645E+01  0.835759E-02 -0.319664E+00  0.000000E+00  0.000000E+00  0.000000E+00  0.000000E+00
  0.203291E+01  0.177754E-02  0.271767E+00  0.000000E+00  0.000000E+00  0.000000E+00  0.000000E+00
  0.268265E+01 -0.199499E-01  0.263336E+00  0.000000E+00  0.000000E+00  0.000000E+00  0.000000E+00
  0.178189E+01 -0.202259E+00 -0.625547E-02  0.000000E+00  0.000000E+00  0.000000E+00  0.000000E+00
  0.167571E+01 -0.646132E-03  0.181961E+00  0.000000E+00  0.000000E+00  0.000000E+00  0.000000E+00
  0.227052E+01 -0.319910E+00  0.684337E-02  0.000000E+00  0.000000E+00  0.000000E+00  0.000000E+00
  0.222197E+01 -0.250506E+00 -0.155807E-01  0.000000E+00  0.000000E+00  0.000000E+00  0.000000E+00
  0.219076E+01  0.247522E+00 -0.152541E-01  0.000000E+00  0.000000E+00  0.000000E+00  0.000000E+00
  0.237210E+01  0.240577E+00  0.185278E-01  0.000000E+00  0.000000E+00  0.000000E+00  0.000000E+00
  0.179223E+01 -0.207953E+00  0.457258E-02  0.000000E+00  0.000000E+00  0.000000E+00  0.000000E+00
  0.260529E+01 -0.356680E+00 -0.129826E-01  0.000000E+00  0.000000E+00  0.000000E+00  0.000000E+00
  0.188449E+01  0.233508E+00 -0.269878E-02  0.000000E+00  0.000000E+00  0.000000E+00  0.000000E+00
  0.227203E+01 -0.321133E+00  0.661353E-02  0.000000E+00  0.000000E+00  0.000000E+00  0.000000E+00
  0.273760E+01  0.815077E-02 -0.426232E+00  0.000000E+00  0.000000E+00  0.000000E+00  0.000000E+00
  0.212521E+01 -0.161788E-01 -0.225526E+00  0.000000E+00  0.000000E+00  0.000000E+00  0.000000E+00
  0.207981E+01  0.268639E+00 -0.819015E-02  0.000000E+00  0.000000E+00  0.000000E+00  0.000000E+00
  0.236680E+01 -0.265039E+00  0.167481E-01  0.000000E+00  0.000000E+00  0.000000E+00  0.000000E+00
  0.224854E+01  0.312797E+00 -0.730008E-02  0.000000E+00  0.000000E+00  0.000000E+00  0.000000E+00
  0.279090E+01 -0.381689E+00  0.142385E-01  0.000000E+00  0.000000E+00  0.000000E+00  0.000000E+00
  0.243525E+01  0.155333E-01 -0.293298E+00  0.000000E+00  0.000000E+00  0.000000E+00  0.000000E+00
  0.252347E+01 -0.315162E+00 -0.151799E-01  0.000000E+00  0.000000E+00  0.000000E+00  0.000000E+00
  0.270578E+01  0.690515E-02  0.425587E+00  0.000000E+00  0.000000E+00  0.000000E+00  0.000000E+00
  0.184099E+01 -0.198072E+00  0.116506E-01  0.000000E+00  0.000000E+00  0.000000E+00  0.000000E+00
  0.177711E+01  0.207417E+00 -0.129244E-02  0.000000E+00  0.000000E+00  0.000000E+00  0.000000E+00
  0.204326E+01 -0.211158E+00 -0.160222E-01  0.000000E+00  0.000000E+00  0.000000E+00  0.000000E+00
  0.161931E+01  0.380304E-02  0.165789E+00  0.000000E+00  0.000000E+00  0.000000E+00  0.000000E+00
  0.203152E+01 -0.981298E-02 -0.250267E+00  0.000000E+00  0.000000E+00  0.000000E+00  0.000000E+00
  0.243056E+01 -0.243611E+00 -0.189366E-01  0.000000E+00  0.000000E+00  0.000000E+00  0.000000E+00
  0.166543E+01  0.667274E-02 -0.172909E+00  0.000000E+00  0.000000E+00  0.000000E+00  0.000000E+00
  0.265378E+01 -0.268126E+00 -0.195344E-01  0.000000E+00  0.000000E+00  0.000000E+00  0.000000E+00
  0.251787E+01 -0.854234E-02  0.371448E+00  0.000000E+00  0.000000E+00  0.000000E+00  0.000000E+00
  0.229860E+01  0.336222E+00 -0.357978E-02  0.000000E+00  0.000000E+00  0.000000E+00  0.000000E+00
  0.193199E+01 -0.246626E+00  0.118783E-02  0.000000E+00  0.000000E+00  0.000000E+00  0.000000E+00
  0.187219E+01 -0.231651E+00 -0.790539E-03  0.000000E+00  0.000000E+00  0.000000E+00  0.000000E+00
  0.226104E+01 -0.171249E-01 -0.240577E+00  0.000000E+00  0.000000E+00  0.000000E+00  0.000000E+00
  0.203111E+01 -0.101461E-01 -0.248592E+00  0.000000E+00  0.000000E+00  0.000000E+00  0.000000E+00
  0.240585E+01 -0.118190E-01  0.323288E+00  0.000000E+00  0.000000E+00  0.000000E+00  0.000000E+00
  0.218779E+01  0.156696E-01  0.242850E+00  0.000000E+00  0.000000E+00  0.000000E+00  0.000000E+00
  0.212550E+01 -0.623769E-02  0.286539E+00  0.000000E+00  0.000000E+00  0.000000E+00  0.000000E+00
  0.221865E+01 -0.293209E+00 -0.992811E-02  0.000000E+00  0.000000E+00  0.000000E+00  0.000000E+00
  0.180391E+01 -0.213909E+00  0.182249E-02  0.000000E+00  0.000000E+00  0.000000E+00  0.000000E+00
  0.198361E+01 -0.234359E+00 -0.108210E-01  0.000000E+00  0.000000E+00  0.000000E+00  0.000000E+00
  0.185143E+01 -0.284020E-02 -0.225043E+00  0.000000E+00  0.000000E+00  0.000000E+00  0.000000E+00
  0.243639E+01  0.354841E+00  0.801363E-02  0.000000E+00  0.000000E+00  0.000000E+00  0.000000E+00
  0.181716E+01  0.198361E+00  0.103316E-01  0.000000E+00  0.000000E+00  0.000000E+00  0.000000E+00
  0.170899E+01 -0.427503E-02 -0.187643E+00  0.000000E+00  0.000000E+00  0.000000E+00  0.000000E+00
  0.269088E+01  0.930851E-02  0.407471E+00  0.000000E+00  0.000000E+00  0.000000E+00  0.000000E+00
  0.218164E+01  0.220869E+00  0.175487E-01  0.000000E+00  0.000000E+00  0.000000E+00  0.000000E+00
  0.263192E+01  0.307471E+00 -0.172193E-01  0.000000E+00  0.000000E+00  0.000000E+00  0.000000E+00
  0.272605E+01  0.635266E-02  0.433241E+00  0.000000E+00  0.000000E+00  0.000000E+00  0.000000E+00
  0.173662E+01 -0.101725E-01  0.180359E+00  0.000000E+00  0.000000E+00  0.000000E+00  0.000000E+00
  0.195957E+01 -0.230955E+00 -0.103834E-01  0.000000E+00  0.000000E+00  0.000000E+00  0.000000E+00
  0.179542E+01  0.105820E-01 -0.192369E+00  0.000000E+00  0.000000E+00  0.000000E+00  0.000000E+00
  0.280083E+01 -0.193795E-01 -0.294943E+00  0.000000E+00  0.000000E+00  0.000000E+00  0.000000E+00
  0.215333E+01 -0.442265E-02 -0.298167E+00  0.000000E+00  0.000000E+00  0.000000E+00  0.000000E+00
  0.161192E+01  0.164618E+00  0.306793E-02  0.000000E+00  0.000000E+00  0.000000E+00  0.000000E+00
  0.232914E+01  0.341326E+00 -0.467567E-02  0.000000E+00  0.000000E+00  0.000000E+00  0.000000E+00
  0.274533E+01  0.194242E-01 -0.285073E+00  0.000000E+00  0.000000E+00  0.000000E+00  0.000000E+00
  0.201067E+01 -0.226003E+00  0.132897E-01  0.000000E+00  0.000000E+00  0.000000E+00  0.000000E+00
  0.236818E+01  0.414200E-02  0.352400E+00  0.000000E+00  0.000000E+00  0.000000E+00  0.000000E+00
  0.230894E+01 -0.335107E+00  0.511232E-02  0.000000E+00  0.000000E+00  0.000000E+00  0.000000E+00
  0.209020E+01 -0.278922E+00  0.587567E-02  0.000000E+00  0.000000E+00  0.000000E+00  0.000000E+00
  0.197660E+01 -0.258034E+00 -0.894240E-03  0.000000E+00  0.000000E+00  0.000000E+00  0.000000E+00
  0.166160E+01  0.808646E-02 -0.168856E+00  0.000000E+00  0.000000E+00  0.000000E+00  0.000000E+00
  0.183172E+01 -0.936799E-02 -0.205379E+00  0.000000E+00  0.000000E+00  0.000000E+00  0.000000E+00
  0.169583E+01 -0.174088E+00 -0.916508E-02  0.000000E+00  0.000000E+00  0.000000E+00  0.000000E+00
  0.279130E+01  0.321396E+00 -0.180481E-01  0.000000E+00  0.000000E+00  0.000000E+00  0.000000E+00
  0.225813E+01  0.319788E+00  0.601787E-02  0.000000E+00  0.000000E+00  0.000000E+00  0.000000E+00
  0.273107E+01  0.294900E+00  0.188586E-01  0.000000E+00  0.000000E+00  0.000000E+00  0.000000E+00
  0.206010E+01  0.239337E+00  0.128916E-01  0.000000E+00  0.000000E+00  0.000000E+00  0.000000E+00
  0.281638E+01 -0.193591E-01  0.297904E+00  0.000000E+00  0.000000E+00  0.000000E+00  0.000000E+00
  0.195379E+01  0.155984E-01  0.197264E+00  0.000000E+00  0.000000E+00  0.000000E+00  0.000000E+00
  0.268607E+01  0.432070E+00  0.403937E-02  0.000000E+00  0.000000E+00  0.000000E+00  0.000000E+00
  0.282908E+01  0.461306E+00  0.575308E-02  0.000000E+00  0.000000E+00  0.000000E+00  0.000000E+00
  0.273304E+01  0.305555E+00 -0.183432E-01  0.000000E+00  0.000000E+00  0.000000E+00  0.000000E+00
  0.179296E+01  0.208197E+00 -0.453263E-02  0.000000E+00  0.000000E+00  0.000000E+00  0.000000E+00
  0.190495E+01 -0.201222E-02 -0.239282E+00  0.000000E+00  0.000000E+00  0.000000E+00  0.000000E+00
  0.223956E+01 -0.508370E-03 -0.324707E+00  0.000000E+00  0.000000E+00  0.000000E+00  0.000000E+00
  0.231478E+01  0.325307E+00  0.809274E-02  0.000000E+00  0.000000E+00  0.000000E+00  0.000000E+00
  0.165098E+01  0.174453E+00 -0.304417E-02  0.000000E+00  0.000000E+00  0.000000E+00  0.000000E+00
  0.177002E+01 -0.184695E+00 -0.110498E-01  0.000000E+00  0.000000E+00  0.000000E+00  0.000000E+00
  0.278675E+01  0.176546E-01 -0.328038E+00  0.000000E+00  0.000000E+00  0.000000E+00  0.000000E+00
  0.279517E+01  0.430378E+00 -0.951957E-02  0.000000E+00  0.000000E+00  0.000000E+00  0.000000E+00
  0.163844E+01  0.167884E+00 -0.579587E-02  0.000000E+00  0.000000E+00  0.000000E+00  0.000000E+00
  0.185490E+01 -0.865341E-02  0.213332E+00  0.000000E+00  0.000000E+00  0.000000E+00  0.000000E+00
  0.271038E+01 -0.443792E+00 -0.721715E-03  0.000000E+00  0.000000E+00  0.000000E+00  0.000000E+00
  0.257254E+01 -0.184642E-01 -0.275792E+00  0.000000E+00  0.000000E+00  0.000000E+00  0.000000E+00
  0.278687E+01 -0.283378E+00 -0.197793E-01  0.000000E+00  0.000000E+00  0.000000E+00  0.000000E+00
  0.201557E+01 -0.266124E+00  0.300496E-02  0.000000E+00  0.000000E+00  0.000000E+00  0.000000E+00
  0.208628E+01 -0.146803E-01  0.231472E+00  0.000000E+00  0.000000E+00  0.000000E+00  0.000000E+00
  0.215949E+01 -0.176852E-01  0.215225E+00  0.000000E+00  0.000000E+00  0.000000E+00  0.000000E+00
  0.196019E+01  0.381389E-02  0.251073E+00  0.000000E+00  0.000000E+00  0.000000E+00  0.000000E+00
  0.188955E+01  0.207403E+00  0.119560E-01  0.000000E+00  0.000000E+00  0.000000E+00  0.000000E+00
  0.202898E+01  0.270754E+00  0.180424E-02  0.000000E+00  0.000000E+00  0.000000E+00  0.000000E+00
  0.246500E+01 -0.242036E+00 -0.193365E-01  0.000000E+00  0.000000E+00  0.000000E+00  0.000000E+00
  0.192932E+01 -0.225136E+00  0.101243E-01  0.000000E+00  0.000000E+00  0.000000E+00  0.000000E+00
  0.210236E+01 -0.237752E+00  0.143189E-01  0.000000E+00  0.000000E+00  0.000000E+00  0.000000E+00
  0.186142E+01 -0.481791E-02 -0.224745E+00  0.000000E+00  0.000000E+00  0.000000E+00  0.000000E+00
  0.248825E+01  0.304357E+00  0.154888E-01  0.000000E+00  0.000000E+00  0.000000E+00  0.000000E+00
  0.216549E+01 -0.495552E-02  0.299950E+00  0.000000E+00  0.000000E+00  0.000000E+00  0.000000E+00
  0.182810E+01  0.211855E+00 -0.697014E-02  0.000000E+00  0.000000E+00  0.000000E+00  0.000000E+00
  0.194361E+01  0.381535E-02 -0.246921E+00  0.000000E+00  0.000000E+00  0.000000E+00  0.000000E+00
  0.211207E+01  0.286577E+00 -0.500504E-02  0.000000E+00  0.000000E+00  0.000000E+00  0.000000E+00
  0.229904E+01  0.332271E+00  0.524473E-02  0.000000E+00  0.000000E+00  0.000000E+00  0.000000E+00
  0.216958E+01 -0.120364E-01  0.269127E+00  0.000000E+00  0.000000E+00  0.000000E+00  0.000000E+00
  0.187975E+01  0.595728E-02  0.226948E+00  0.000000E+00  0.000000E+00  0.000000E+00  0.000000E+00
  0.274436E+01  0.159935E-01  0.347849E+00  0.000000E+00  0.000000E+00  0.000000E+00  0.000000E+00
  0.246545E+01  0.292496E+00  0.160779E-01  0.000000E+00  0.000000E+00  0.000000E+00  0.000000E+00
  0.186693E+01 -0.663945E-04 -0.230433E+00  0.000000E+00  0.000000E+00  0.000000E+00  0.000000E+00
  0.221205E+01 -0.527636E-02  0.310651E+00  0.000000E+00  0.000000E+00  0.000000E+00  0.000000E+00
  0.200711E+01 -0.619191E-02  0.257639E+00  0.000000E+00  0.000000E+00  0.000000E+00  0.000000E+00
  0.232365E+01 -0.254592E+00 -0.169334E-01  0.000000E+00  0.000000E+00  0.000000E+00  0.000000E+00
  0.204402E+01 -0.241439E+00 -0.120076E-01  0.000000E+00  0.000000E+00  0.000000E+00  0.000000E+00
  0.168490E+01 -0.828204E-02  0.173939E+00  0.000000E+00  0.000000E+00  0.000000E+00  0.000000E+00
  0.197651E+01 -0.205148E+00  0.151781E-01  0.000000E+00  0.000000E+00  0.000000E+00  0.000000E+00
  0.212100E+01 -0.108079E-01  0.265791E+00  0.000000E+00  0.000000E+00  0.000000E+00  0.000000E+00
  0.168566E+01  0.922122E-02  0.171529E+00  0.000000E+00  0.000000E+00  0.000000E+00  0.000000E+00
  0.202625E+01 -0.652338E-02 -0.261389E+00  0.000000E+00  0.000000E+00  0.000000E+00  0.000000E+00
  0.273882E+01  0.117597E-01 -0.398147E+00  0.000000E+00  0.000000E+00  0.000000E+00  0.000000E+00
  0.252251E+01  0.169531E-01  0.291341E+00  0.000000E+00  0.000000E+00  0.000000E+00  0.000000E+00
  0.188852E+01  0.209077E+00 -0.115781E-01  0.000000E+00  0.000000E+00  0.000000E+00  0.000000E+00
  0.268645E+01 -0.369232E+00  0.134418E-01  0.000000E+00  0.000000E+00  0.000000E+00  0.000000E+00
  0.183321E+01  0.220613E+00  0.268499E-02  0.000000E+00  0.000000E+00  0.000000E+00  0.000000E+00
  0.190698E+01 -0.103592E-01  0.218948E+00  0.000000E+00  0.000000E+00  0.000000E+00  0.000000E+00
  0.213867E+01 -0.266690E+00  0.113381E-01  0.000000E+00  0.000000E+00  0.000000E+00  0.000000E+00
  0.241822E+01 -0.185568E-01 -0.247942E+00  0.000000E+00  0.000000E+00  0.000000E+00  0.000000E+00
  0.255966E+01 -0.161367E-01  0.309959E+00  0.000000E+00  0.000000E+00  0.000000E+00  0.000000E+00
  0.267101E+01 -0.429362E+00 -0.364850E-02  0.000000E+00  0.000000E+00  0.000000E+00  0.000000E+00
  0.179833E+01  0.132678E-03  0.213064E+00  0.000000E+00  0.000000E+00  0.000000E+00  0.000000E+00
  0.217478E+01  0.147970E-01 -0.248559E+00  0.000000E+00  0.000000E+00  0.000000E+00  0.000000E+00
  0.275320E+01 -0.157217E-01 -0.353625E+00  0.000000E+00  0.000000E+00  0.000000E+00  0.000000E+00
  0.240180E+01  0.249587E+00 -0.182789E-01  0.000000E+00  0.000000E+00  0.000000E+00  0.000000E+00
  0.269594E+01  0.164645E-01 -0.331346E+00  0.000000E+00  0.000000E+00  0.000000E+00  0.000000E+00
  0.187367E+01 -0.212050E+00 -0.101736E-01  0.000000E+00  0.000000E+00  0.000000E+00  0.000000E+00
  0.169447E+01  0.177897E+00 -0.761458E-02  0.000000E+00  0.000000E+00  0.000000E+00  0.000000E+00
  0.174517E+01 -0.548851E-02  0.194738E+00  0.000000E+00  0.000000E+00  0.000000E+00  0.000000E+00
  0.173394E+01 -0.196061E+00  0.211077E-02  0.000000E+00  0.000000E+00  0.000000E+00  0.000000E+00
  0.182664E+01  0.121656E-01  0.192399E+00  0.000000E+00  0.000000E+00  0.000000E+00  0.000000E+00
  0.230009E+01  0.338649E+00 -0.230803E-02  0.000000E+00  0.000000E+00  0.000000E+00  0.000000E+00
  0.255446E+01 -0.324186E+00  0.149517E-01  0.000000E+00  0.000000E+00  0.000000E+00  0.000000E+00
  0.180075E+01  0.110787E-01  0.191553E+00  0.000000E+00  0.000000E+00  0.000000E+00  0.000000E+00
  0.207281E+01 -0.787931E-02  0.268158E+00  0.000000E+00  0.000000E+00  0.000000E+00  0.000000E+00
  0.222182E+01  0.288025E+00  0.109344E-01  0.000000E+00  0.000000E+00  0.000000E+00  0.000000E+00
  0.175769E+01 -0.202568E+00  0.113640E-02  0.000000E+00  0.000000E+00  0.000000E+00  0.000000E+00
  0.283693E+01  0.459719E+00 -0.648574E-02  0.000000E+00  0.000000E+00  0.000000E+00  0.000000E+00
  0.210286E+01  0.233229E+00 -0.148734E-01  0.000000E+00  0.000000E+00  0.000000E+00  0.000000E+00
  0.204365E+01  0.267236E+00 -0.596210E-02  0.000000E+00  0.000000E+00  0.000000E+00  0.000000E+00
  0.174012E+01 -0.107522E-01 -0.179049E+00  0.000000E+00  0.000000E+00  0.000000E+00  0.000000E+00
  0.261923E+01 -0.279689E+00 -0.186822E-01  0.000000E+00  0.000000E+00  0.000000E+00  0.000000E+00
  0.259009E+01 -0.345441E+00  0.137425E-01  0.000000E+00  0.000000E+00  0.000000E+00  0.000000E+00
  0.216980E+01 -0.267383E+00 -0.122983E-01  0.000000E+00  0.000000E+00  0.000000E+00  0.000000E+00
  0.231947E+01 -0.252708E+00 -0.170200E-01  0.000000E+00  0.000000E+00  0.000000E+00  0.000000E+00
  0.222515E+01  0.238362E+00  0.167525E-01  0.000000E+00  0.000000E+00  0.000000E+00  0.000000E+00
  0.219135E+01  0.296858E+00  0.782644E-02  0.000000E+00  0.000000E+00  0.000000E+00  0.000000E+00
  0.271115E+01 -0.391576E+00  0.118006E-01  0.000000E+00  0.000000E+00  0.000000E+00  0.000000E+00
  0.227154E+01  0.306529E+00  0.974726E-02  0.000000E+00  0.000000E+00  0.000000E+00  0.000000E+00
  0.266095E+01 -0.295071E+00  0.182397E-01  0.000000E+00  0.000000E+00  0.000000E+00  0.000000E+00
  0.163921E+01 -0.172773E+00 -0.237340E-03  0.000000E+00  0.000000E+00  0.000000E+00  0.000000E+00
  0.200753E+01 -0.101652E-01  0.243046E+00  0.000000E+00  0.000000E+00  0.000000E+00  0.000000E+00
  0.260901E+01 -0.404463E+00  0.637972E-02  0.000000E+00  0.000000E+00  0.000000E+00  0.000000E+00
  0.221922E+01  0.302829E+00 -0.799786E-02  0.000000E+00  0.000000E+00  0.000000E+00  0.000000E+00
  0.208828E+01 -0.276085E+00  0.667195E-02  0.000000E+00  0.000000E+00  0.000000E+00  0.000000E+00
  0.220323E+01 -0.178549E-01 -0.220888E+00  0.000000E+00  0.000000E+00  0.000000E+00  0.000000E+00
  0.259211E+01 -0.274284E+00 -0.187272E-01  0.000000E+00  0.000000E+00  0.000000E+00  0.000000E+00
  0.192757E+01 -0.145759E-01  0.199689E+00  0.000000E+00  0.000000E+00  0.000000E+00  0.000000E+00
  0.251846E+01  0.305831E+00 -0.158449E-01  0.000000E+00  0.000000E+00  0.000000E+00  0.000000E+00
  0.164036E+01 -0.292631E-02  0.171883E+00  0.000000E+00  0.000000E+00  0.000000E+00  0.000000E+00
  0.174092E+01  0.211348E-02  0.197822E+00  0.000000E+00  0.000000E+00  0.000000E+00  0.000000E+00
  0.218059E+01 -0.172907E-01  0.223788E+00  0.000000E+00  0.000000E+00  0.000000E+00  0.000000E+00
  0.249295E+01 -0.258727E+00  0.186659E-01  0.000000E+00  0.000000E+00  0.000000E+00  0.000000E+00
  0.190117E+01 -0.217254E+00 -0.104408E-01  0.000000E+00  0.000000E+00  0.000000E+00  0.000000E+00
  0.231630E+01 -0.163833E-01  0.259992E+00  0.000000E+00  0.000000E+00  0.000000E+00  0.000000E+00
  0.222051E+01 -0.235494E+00  0.169238E-01  0.000000E+00  0.000000E+00  0.000000E+00  0.000000E+00
  0.217995E+01  0.307480E+00 -0.297771E-02  0.000000E+00  0.000000E+00  0.000000E+00  0.000000E+00
  0.271001E+01 -0.116705E-01  0.392548E+00  0.000000E+00  0.000000E+00  0.000000E+00  0.000000E+00
  0.282233E+01  0.453556E+00  0.697662E-02  0.000000E+00  0.000000E+00  0.000000E+00  0.000000E+00
  0.243735E+01 -0.121088E-01  0.327947E+00  0.000000E+00  0.000000E+00  0.000000E+00  0.000000E+00
  0.244444E+01  0.350464E+00  0.915843E-02  0.000000E+00  0.000000E+00  0.000000E+00  0.000000E+00
  0.185011E+01 -0.552593E-02 -0.220582E+00  0.000000E+00  0.000000E+00  0.000000E+00  0.000000E+00
  0.254730E+01 -0.135634E-02 -0.402095E+00  0.000000E+00  0.000000E+00  0.000000E+00  0.000000E+00
  0.169093E+01 -0.836088E-02  0.175173E+00  0.000000E+00  0.000000E+00  0.000000E+00  0.000000E+00
  0.238682E+01  0.185054E-01  0.243437E+00  0.000000E+00  0.000000E+00  0.000000E+00  0.000000E+00
  0.232490E+01 -0.186367E-01 -0.230879E+00  0.000000E+00  0.000000E+00  0.000000E+00  0.000000E+00
  0.239211E+01 -0.167173E-01 -0.270202E+00  0.000000E+00  0.000000E+00  0.000000E+00  0.000000E+00
  0.216746E+01  0.125984E-01 -0.264754E+00  0.000000E+00  0.000000E+00  0.000000E+00  0.000000E+00
  0.275155E+01 -0.323826E+00  0.175381E-01  0.000000E+00  0.000000E+00  0.000000E+00  0.000000E+00
  0.281156E+01 -0.456491E+00  0.586449E-02  0.000000E+00  0.000000E+00  0.000000E+00  0.000000E+00
  0.208648E+01  0.214601E+00  0.165274E-01  0.000000E+00  0.000000E+00  0.000000E+00  0.000000E+00
  0.194514E+01  0.249129E+00 -0.234746E-02  0.000000E+00  0.000000E+00  0.000000E+00  0.000000E+00
  0.270064E+01 -0.415892E+00 -0.839185E-02  0.000000E+00  0.000000E+00  0.000000E+00  0.000000E+00
  0.163516E+01  0.522182E-02  0.167966E+00  0.000000E+00  0.000000E+00  0.000000E+00  0.000000E+00
  0.202893E+01 -0.146954E-01 -0.219600E+00  0.000000E+00  0.000000E+00  0.000000E+00  0.000000E+00
  0.189497E+01  0.108164E-01  0.214150E+00  0.000000E+00  0.000000E+00  0.000000E+00  0.000000E+00
  0.182031E+01  0.648192E-02  0.211155E+00  0.000000E+00  0.000000E+00  0.000000E+00  0.000000E+00
  0.266459E+01  0.144893E-01 -0.352358E+00  0.000000E+00  0.000000E+00  0.000000E+00  0.000000E+00
  0.276277E+01 -0.321814E+00  0.177595E-01  0.000000E+00  0.000000E+00  0.000000E+00  0.000000E+00
  0.268391E+01 -0.139158E-01 -0.363269E+00  0.000000E+00  0.000000E+00  0.000000E+00  0.000000E+00
  0.179014E+01  0.188072E+00  0.113322E-01  0.000000E+00  0.000000E+00  0.000000E+00  0.000000E+00
  0.212126E+01  0.583273E-02 -0.286688E+00  0.000000E+00  0.000000E+00  0.000000E+00  0.000000E+00
  0.273239E+01  0.340488E+00 -0.163239E-01  0.000000E+00  0.000000E+00  0.000000E+00  0.000000E+00
  0.281393E+01  0.468923E+00 -0.183699E-02  0.000000E+00  0.000000E+00  0.000000E+00  0.000000E+00
  0.257441E+01 -0.347452E+00  0.132352E-01  0.000000E+00  0.000000E+00  0.000000E+00  0.000000E+00
  0.258151E+01 -0.106863E-01  0.371875E+00  0.000000E+00  0.000000E+00  0.000000E+00  0.000000E+00
  0.216042E+01  0.237912E+00 -0.156223E-01  0.000000E+00  0.000000E+00  0.000000E+00  0.000000E+00
  0.242033E+01 -0.167128E-01  0.275573E+00  0.000000E+00  0.000000E+00  0.000000E+00  0.000000E+00
  0.257142E+01 -0.350918E+00 -0.128237E-01  0.000000E+00  0.000000E+00  0.000000E+00  0.000000E+00
  0.231800E+01  0.237325E+00  0.181279E-01  0.000000E+00  0.000000E+00  0.000000E+00  0.000000E+00
  0.198484E+01  0.113127E-01  0.232114E+00  0.000000E+00  0.000000E+00  0.000000E+00  0.000000E+00
  0.245747E+01  0.869924E-02  0.356201E+00  0.000000E+00  0.000000E+00  0.000000E+00  0.000000E+00
  0.238779E+01 -0.361675E+00 -0.147242E-02  0.000000E+00  0.000000E+00  0.000000E+00  0.000000E+00
  0.212864E+01  0.245821E+00 -0.139983E-01  0.000000E+00  0.000000E+00  0.000000E+00  0.000000E+00
  0.172361E+01 -0.182884E+00  0.839157E-02  0.000000E+00  0.000000E+00  0.000000E+00  0.000000E+00
  0.184260E+01  0.223734E+00 -0.173281E-02  0.000000E+00  0.000000E+00  0.000000E+00  0.000000E+00
  0.217671E+01  0.302278E+00  0.513481E-02  0.000000E+00  0.000000E+00  0.000000E+00  0.000000E+00
  0.246994E+01 -0.125778E-01  0.331086E+00  0.000000E+00  0.000000E+00  0.000000E+00  0.000000E+00
  0.208700E+01  0.755431E-02  0.272773E+00  0.000000E+00  0.000000E+00  0.000000E+00  0.000000E+00
  0.262140E+01  0.125268E-01 -0.364725E+00  0.000000E+00  0.000000E+00  0.000000E+00  0.000000E+00
  0.231094E+01 -0.324065E+00 -0.816134E-02  0.000000E+00  0.000000E+00  0.000000E+00  0.000000E+00
  0.264441E+01 -0.327944E+00  0.160254E-01  0.000000E+00  0.000000E+00  0.000000E+00  0.000000E+00
  0.216385E+01 -0.160685E-01 -0.234122E+00  0.000000E+00  0.000000E+00  0.000000E+00  0.000000E+00
  0.237870E+01  0.152809E-01 -0.284924E+00  0.000000E+00  0.000000E+00  0.000000E+00  0.000000E+00
  0.242432E+01  0.858587E-02 -0.348953E+00  0.000000E+00  0.000000E+00  0.000000E+00  0.000000E+00
  0.184123E+01  0.205424E+00  0.995111E-02  0.000000E+00  0.000000E+00  0.000000E+00  0.000000E+00
  0.215215E+01 -0.280757E+00  0.933455E-02  0.000000E+00  0.000000E+00  0.000000E+00  0.000000E+00
  0.215565E+01 -0.140567E-01 -0.251007E+00  0.000000E+00  0.000000E+00  0.000000E+00  0.000000E+00
  0.219772E+01 -0.310260E+00  0.393811E-02  0.000000E+00  0.000000E+00  0.000000E+00  0.000000E+00
  0.211594E+01 -0.927084E-02 -0.272553E+00  0.000000E+00  0.000000E+00  0.000000E+00  0.000000E+00
  0.169475E+01 -0.343476E-02 -0.185070E+00  0.000000E+00  0.000000E+00  0.000000E+00  0.000000E+00
  0.273806E+01 -0.306102E+00  0.183595E-01  0.000000E+00  0.000000E+00  0.000000E+00  0.000000E+00
  0.217901E+01  0.121965E-01 -0.270122E+00  0.000000E+00  0.000000E+00  0.000000E+00  0.000000E+00
  0.276586E+01  0.374568E+00  0.143878E-01  0.000000E+00  0.000000E+00  0.000000E+00  0.000000E+00
  0.271858E+01 -0.126613E-01  0.384618E+00  0.000000E+00  0.000000E+00  0.000000E+00  0.000000E+00
  0.219732E+01 -0.312132E+00  0.278057E-02  0.000000E+00  0.000000E+00  0.000000E+00  0.000000E+00
  0.195310E+01  0.997756E-02  0.231291E+00  0.000000E+00  0.000000E+00  0.000000E+00  0.000000E+00
  0.189699E+01 -0.199379E+00 -0.136583E-01  0.000000E+00  0.000000E+00  0.000000E+00  0.000000E+00
  0.193970E+01  0.674758E-02  0.239622E+00  0.000000E+00  0.000000E+00  0.000000E+00  0.000000E+00
  0.219338E+01 -0.312892E+00  0.876479E-03  0.000000E+00  0.000000E+00  0.000000E+00  0.000000E+00
  0.273706E+01 -0.286958E-02 -0.447753E+00  0.000000E+00  0.000000E+00  0.000000E+00  0.000000E+00
  0.198150E+01  0.450536E-02  0.255192E+00  0.000000E+00  0.000000E+00  0.000000E+00  0.000000E+00
  0.241449E+01  0.368721E+00 -0.107858E-02  0.000000E+00  0.000000E+00  0.000000E+00  0.000000E+00
  0.265052E+01 -0.268443E+00  0.194955E-01  0.000000E+00  0.000000E+00  0.000000E+00  0.000000E+00
  0.175373E+01 -0.177437E+00 -0.119031E-01  0.000000E+00  0.000000E+00  0.000000E+00  0.000000E+00
  0.253686E+01  0.171700E-01  0.290772E+00  0.000000E+00  0.000000E+00  0.000000E+00  0.000000E+00
  0.284082E+01  0.536611E-01 -0.171715E+00  0.000000E+00  0.000000E+00  0.000000E+00  0.000000E+00
  0.284082E+01 -0.124164E+00 -0.134130E+00  0.000000E+00  0.000000E+00  0.000000E+00  0.000000E+00
  0.284082E+01  0.761009E-02  0.148560E-01  0.000000E+00  0.000000E+00  0.000000E+00  0.000000E+00
  0.284082E+01 -0.116673E+00  0.195975E+00  0.000000E+00  0.000000E+00  0.000000E+00  0.000000E+00
  0.284082E+01 -0.769143E-01 -0.736845E-03  0.000000E+00  0.000000E+00  0.000000E+00  0.000000E+00
  0.284082E+01 -0.160047E-02  0.539484E-01  0.000000E+00  0.000000E+00  0.000000E+00  0.000000E+00
  0.284082E+01 -0.199400E+00 -0.593388E-01  0.000000E+00  0.000000E+00  0.000000E+00  0.000000E+00
  0.284082E+01 -0.757879E-01  0.650178E-01  0.000000E+00  0.000000E+00  0.000000E+00  0.000000E+00
  0.284082E+01  0.194473E+00 -0.425036E-01  0.000000E+00  0.000000E+00  0.000000E+00  0.000000E+00
  0.284082E+01  0.156424E+00  0.471324E-01  0.000000E+00  0.000000E+00  0.000000E+00  0.000000E+00
  0.284082E+01  0.264336E-02 -0.230202E-01  0.000000E+00  0.000000E+00  0.000000E+00  0.000000E+00
  0.284082E+01  0.185960E+00 -0.145632E+00  0.000000E+00  0.000000E+00  0.000000E+00  0.000000E+00
  0.284082E+01  0.226327E-01 -0.140382E+00  0.000000E+00  0.000000E+00  0.000000E+00  0.000000E+00
  0.284082E+01  0.378156E-01 -0.158874E-01  0.000000E+00  0.000000E+00  0.000000E+00  0.000000E+00
  0.284082E+01 -0.230781E-01  0.103378E+00  0.000000E+00  0.000000E+00  0.000000E+00  0.000000E+00
  0.284082E+01  0.121717E+00  0.135284E-01  0.000000E+00  0.000000E+00  0.000000E+00  0.000000E+00
  0.284082E+01 -0.248239E+00  0.169672E-01  0.000000E+00  0.000000E+00  0.000000E+00  0.000000E+00
  0.284082E+01  0.211293E+00  0.858458E-01  0.000000E+00  0.000000E+00  0.000000E+00  0.000000E+00
  0.284082E+01 -0.187576E+00  0.820992E-01  0.000000E+00  0.000000E+00  0.000000E+00  0.000000E+00
  0.284082E+01  0.328007E-01  0.389454E-01  0.000000E+00  0.000000E+00  0.000000E+00  0.000000E+00
  0.284082E+01 -0.201865E+00 -0.301408E-01  0.000000E+00  0.000000E+00  0.000000E+00  0.000000E+00
  0.284082E+01  0.247986E-01 -0.143525E+00  0.000000E+00  0.000000E+00  0.000000E+00  0.000000E+00
  0.284082E+01 -0.261304E-01 -0.386646E-01  0.000000E+00  0.000000E+00  0.000000E+00  0.000000E+00
  0.284082E+01 -0.493574E-01  0.435272E-01  0.000000E+00  0.000000E+00  0.000000E+00  0.000000E+00
  0.284082E+01  0.369316E-02 -0.269462E-02  0.000000E+00  0.000000E+00  0.000000E+00  0.000000E+00
  0.284082E+01  0.183831E-01  0.370296E-01  0.000000E+00  0.000000E+00  0.000000E+00  0.000000E+00
  0.284082E+01  0.397137E-04  0.627719E-04  0.000000E+00  0.000000E+00  0.000000E+00  0.000000E+00
  0.284082E+01  0.217719E+00 -0.243894E-01  0.000000E+00  0.000000E+00  0.000000E+00  0.000000E+00
  0.284082E+01  0.167026E+00  0.981971E-01  0.000000E+00  0.000000E+00  0.000000E+00  0.000000E+00
  0.284082E+01 -0.269182E-02  0.753299E-03  0.000000E+00  0.000000E+00  0.000000E+00  0.000000E+00
  0.284082E+01  0.303204E-01  0.162526E-01  0.000000E+00  0.000000E+00  0.000000E+00  0.000000E+00
  0.284082E+01 -0.235552E-01  0.591760E-01  0.000000E+00  0.000000E+00  0.000000E+00  0.000000E+00
  0.284082E+01  0.207077E+00 -0.245823E-01  0.000000E+00  0.000000E+00  0.000000E+00  0.000000E+00
  0.284082E+01 -0.223675E-01 -0.130427E+00  0.000000E+00  0.000000E+00  0.000000E+00  0.000000E+00
  0.284082E+01 -0.172862E+00 -0.122542E+00  0.000000E+00  0.000000E+00  0.000000E+00  0.000000E+00
  0.284082E+01  0.126501E+00  0.534039E-01  0.000000E+00  0.000000E+00  0.000000E+00  0.000000E+00
  0.284082E+01 -0.272743E-01  0.288862E-01  0.000000E+00  0.000000E+00  0.000000E+00  0.000000E+00
  0.284082E+01  0.221720E+00 -0.868440E-01  0.000000E+00  0.000000E+00  0.000000E+00  0.000000E+00
  0.284082E+01 -0.472414E-02 -0.448676E-03  0.000000E+00  0.000000E+00  0.000000E+00  0.000000E+00
  0.284082E+01 -0.761360E-02 -0.996720E-02  0.000000E+00  0.000000E+00  0.000000E+00  0.000000E+00
  0.284082E+01  0.583522E-01  0.476849E-01  0.000000E+00  0.000000E+00  0.000000E+00  0.000000E+00
  0.284082E+01 -0.105233E+00  0.135943E+00  0.000000E+00  0.000000E+00  0.000000E+00  0.000000E+00
  0.284082E+01  0.222297E-01  0.572540E-01  0.000000E+00  0.000000E+00  0.000000E+00  0.000000E+00
  0.284082E+01 -0.944222E-01 -0.167612E+00  0.000000E+00  0.000000E+00  0.000000E+00  0.000000E+00
  0.284082E+01  0.618282E-01 -0.164098E+00  0.000000E+00  0.000000E+00  0.000000E+00  0.000000E+00
  0.284082E+01 -0.788825E-01 -0.106540E+00  0.000000E+00  0.000000E+00  0.000000E+00  0.000000E+00
  0.284082E+01 -0.675008E-01 -0.110559E+00  0.000000E+00  0.000000E+00  0.000000E+00  0.000000E+00
  0.284082E+01  0.494968E-02  0.235761E-03  0.000000E+00  0.000000E+00  0.000000E+00  0.000000E+00
  0.284082E+01 -0.235525E-01 -0.765555E-01  0.000000E+00  0.000000E+00  0.000000E+00  0.000000E+00
  0.284082E+01 -0.469864E-01  0.627837E-02  0.000000E+00  0.000000E+00  0.000000E+00  0.000000E+00
  0.284082E+01 -0.221175E+00  0.978991E-01  0.000000E+00  0.000000E+00  0.000000E+00  0.000000E+00
  0.284082E+01  0.642292E-01 -0.513126E-01  0.000000E+00  0.000000E+00  0.000000E+00  0.000000E+00
  0.284082E+01 -0.110377E+00 -0.686079E-01  0.000000E+00  0.000000E+00  0.000000E+00  0.000000E+00
  0.284082E+01 -0.164962E-01 -0.151877E-01  0.000000E+00  0.000000E+00  0.000000E+00  0.000000E+00
  0.284082E+01 -0.929112E-01  0.206641E+00  0.000000E+00  0.000000E+00  0.000000E+00  0.000000E+00
  0.284082E+01 -0.111552E-01 -0.183094E+00  0.000000E+00  0.000000E+00  0.000000E+00  0.000000E+00
  0.284082E+01  0.476265E-01  0.331945E-01  0.000000E+00  0.000000E+00  0.000000E+00  0.000000E+00
  0.284082E+01  0.153852E+00 -0.685809E-01  0.000000E+00  0.000000E+00  0.000000E+00  0.000000E+00
  0.284082E+01  0.102203E+00 -0.147525E+00  0.000000E+00  0.000000E+00  0.000000E+00  0.000000E+00
  0.284082E+01 -0.743659E-01 -0.134407E+00  0.000000E+00  0.000000E+00  0.000000E+00  0.000000E+00
  0.284082E+01 -0.127003E+00 -0.568059E-01  0.000000E+00  0.000000E+00  0.000000E+00  0.000000E+00
  0.284082E+01  0.678916E-01 -0.104830E-01  0.000000E+00  0.000000E+00  0.000000E+00  0.000000E+00
  0.284082E+01 -0.375774E-02 -0.551301E-03  0.000000E+00  0.000000E+00  0.000000E+00  0.000000E+00
  0.284082E+01 -0.563126E-01  0.128750E-01  0.000000E+00  0.000000E+00  0.000000E+00  0.000000E+00
  0.284082E+01 -0.307123E-01  0.876173E-01  0.000000E+00  0.000000E+00  0.000000E+00  0.000000E+00
  0.284082E+01 -0.232505E+00  0.507448E-01  0.000000E+00  0.000000E+00  0.000000E+00  0.000000E+00
  0.284082E+01  0.964018E-01 -0.227055E+00  0.000000E+00  0.000000E+00  0.000000E+00  0.000000E+00
  0.284082E+01  0.176857E+00  0.120347E+00  0.000000E+00  0.000000E+00  0.000000E+00  0.000000E+00
  0.284082E+01 -0.162544E+00  0.103406E+00  0.000000E+00  0.000000E+00  0.000000E+00  0.000000E+00
  0.284082E+01  0.358249E-01 -0.119784E-01  0.000000E+00  0.000000E+00  0.000000E+00  0.000000E+00
  0.284082E+01  0.507204E-01 -0.112187E+00  0.000000E+00  0.000000E+00  0.000000E+00  0.000000E+00
  0.284082E+01 -0.137804E-01  0.115520E-01  0.000000E+00  0.000000E+00  0.000000E+00  0.000000E+00
  0.284082E+01 -0.444325E-02 -0.622538E-01  0.000000E+00  0.000000E+00  0.000000E+00  0.000000E+00
  0.284082E+01 -0.191381E-01 -0.249253E+00  0.000000E+00  0.000000E+00  0.000000E+00  0.000000E+00
  0.284082E+01 -0.152678E+00 -0.127857E+00  0.000000E+00  0.000000E+00  0.000000E+00  0.000000E+00
  0.284082E+01 -0.880792E-01 -0.110541E-01  0.000000E+00  0.000000E+00  0.000000E+00  0.000000E+00
  0.284082E+01 -0.121554E+00  0.286145E-01  0.000000E+00  0.000000E+00  0.000000E+00  0.000000E+00
  0.284082E+01 -0.286678E-01  0.172468E+00  0.000000E+00  0.000000E+00  0.000000E+00  0.000000E+00
  0.284082E+01  0.358358E-02 -0.143744E-01  0.000000E+00  0.000000E+00  0.000000E+00  0.000000E+00
  0.284082E+01  0.146443E-01  0.120052E+00  0.000000E+00  0.000000E+00  0.000000E+00  0.000000E+00
  0.284082E+01 -0.844882E-02  0.299716E-01  0.000000E+00  0.000000E+00  0.000000E+00  0.000000E+00
  0.284082E+01  0.699804E-01  0.713522E-02  0.000000E+00  0.000000E+00  0.000000E+00  0.000000E+00
  0.284082E+01  0.127321E+00  0.473623E-01  0.000000E+00  0.000000E+00  0.000000E+00  0.000000E+00
  0.284082E+01  0.147776E+00  0.148293E+00  0.000000E+00  0.000000E+00  0.000000E+00  0.000000E+00
  0.284082E+01 -0.898824E-01  0.929754E-01  0.000000E+00  0.000000E+00  0.000000E+00  0.000000E+00
  0.284082E+01  0.188917E+00 -0.270861E-01  0.000000E+00  0.000000E+00  0.000000E+00  0.000000E+00
  0.284082E+01  0.824174E-01  0.619081E-01  0.000000E+00  0.000000E+00  0.000000E+00  0.000000E+00
  0.284082E+01 -0.100642E-01  0.279032E-01  0.000000E+00  0.000000E+00  0.000000E+00  0.000000E+00
  0.284082E+01  0.533880E-01 -0.168722E+00  0.000000E+00  0.000000E+00  0.000000E+00  0.000000E+00
  0.284082E+01 -0.134346E+00  0.120106E+00  0.000000E+00  0.000000E+00  0.000000E+00  0.000000E+00
  0.284082E+01 -0.138039E+00 -0.538530E-01  0.000000E+00  0.000000E+00  0.000000E+00  0.000000E+00
  0.284082E+01 -0.682219E-01  0.183077E+00  0.000000E+00  0.000000E+00  0.000000E+00  0.000000E+00
  0.284082E+01  0.106443E+00 -0.962609E-01  0.000000E+00  0.000000E+00  0.000000E+00  0.000000E+00
  0.284082E+01 -0.514375E-01 -0.121820E+00  0.000000E+00  0.000000E+00  0.000000E+00  0.000000E+00
  0.284082E+01 -0.533027E-01 -0.553208E-01  0.000000E+00  0.000000E+00  0.000000E+00  0.000000E+00
  0.284082E+01 -0.211369E+00  0.116902E+00  0.000000E+00  0.000000E+00  0.000000E+00  0.000000E+00
  0.284082E+01  0.732235E-01 -0.124677E+00  0.000000E+00  0.000000E+00  0.000000E+00  0.000000E+00
  0.284082E+01 -0.257374E-01 -0.318170E-01  0.000000E+00  0.000000E+00  0.000000E+00  0.000000E+00
  0.284082E+01  0.130084E+00  0.175751E-01  0.000000E+00  0.000000E+00  0.000000E+00  0.000000E+00
  0.284082E+01 -0.104453E+00 -0.462074E-01  0.000000E+00  0.000000E+00  0.000000E+00  0.000000E+00
