  0.187352E+01  0.217824E+00  0.863275E-02  0.000000E+00  0.000000E+00  0.000000E+00  0.000000E+00
  0.280370E+01  0.183350E-01  0.317876E+00  0.000000E+00  0.000000E+00  0.000000E+00  0.000000E+00
  0.215669E+01 -0.162812E-01  0.230539E+00  0.000000E+00  0.000000E+00  0.000000E+00  0.000000E+00
  0.234893E+01  0.347042E+00  0.436909E-02  0.000000E+00  0.000000E+00  0.000000E+00  0.000000E+00
  0.275413E+01 -0.196109E-01 -0.282228E+00  0.000000E+00  0.000000E+00  0.000000E+00  0.000000E+00
  0.218155E+01 -0.177225E-01 -0.218709E+00  0.000000E+00  0.000000E+00  0.000000E+00  0.000000E+00
  0.198647E+01 -0.249543E+00 -0.723520E-02  0.000000E+00  0.000000E+00  0.000000E+00  0.000000E+00
  0.184220E+01  0.113013E-01  0.199960E+00  0.000000E+00  0.000000E+00  0.000000E+00  0.000000E+00
  0.203146E+01 -0.271436E+00 -0.173081E-02  0.000000E+00  0.000000E+00  0.000000E+00  0.000000E+00
  0.254285E+01 -0.338671E+00  0.134328E-01  0.000000E+00  0.000000E+00  0.000000E+00  0.000000E+00
  0.202447E+01 -0.262236E+00 -0.606815E-02  0.000000E+00  0.000000E+00  0.000000E+00  0.000000E+00
  0.161112E+01  0.182420E-02 -0.165226E+00  0.000000E+00  0.000000E+00  0.000000E+00  0.000000E+00
  0.196346E+01 -0.226620E+00  0.114405E-01  0.000000E+00  0.000000E+00  0.000000E+00  0.000000E+00
  0.245826E+01  0.246730E+00 -0.190189E-01  0.000000E+00  0.000000E+00  0.000000E+00  0.000000E+00
  0.202612E+01  0.237970E+00  0.119219E-01  0.000000E+00  0.000000E+00  0.000000E+00  0.000000E+00
  0.274637E+01  0.113431E-01 -0.403766E+00  0.000000E+00  0.000000E+00  0.000000E+00  0.000000E+00
  0.218596E+01  0.282180E+00 -0.105427E-01  0.000000E+00  0.000000E+00  0.000000E+00  0.000000E+00
  0.276960E+01 -0.306694E+00  0.185990E-01  0.000000E+00  0.000000E+00  0.000000E+00  0.000000E+00
  0.166637E+01  0.263891E-02 -0.178653E+00  0.000000E+00  0.000000E+00  0.000000E+00  0.000000E+00
  0.210968E+01  0.143900E-01  0.238690E+00  0.000000E+00  0.000000E+00  0.000000E+00  0.000000E+00
  0.179368E+01  0.637007E-03  0.211819E+00  0.000000E+00  0.000000E+00  0.000000E+00  0.000000E+00
  0.228277E+01 -0.334646E+00 -0.199499E-02  0.000000E+00  0.000000E+00  0.000000E+00  0.000000E+00
  0.232497E+01  0.303438E+00  0.120589E-01  0.000000E+00  0.000000E+00  0.000000E+00  0.000000E+00
  0.226601E+01 -0.154036E-01 -0.261078E+00  0.000000E+00  0.000000E+00  0.000000E+00  0.000000E+00
  0.259699E+01  0.397041E+00 -0.732579E-02  0.000000E+00  0.000000E+00  0.000000E+00  0.000000E+00
  0.180838E+01 -0.202678E+00 -0.852821E-02  0.000000E+00  0.000000E+00  0.000000E+00  0.000000E+00
  0.170166E+01  0.534999E-02 -0.184223E+00  0.000000E+00  0.000000E+00  0.000000E+00  0.000000E+00
  0.220533E+01  0.261643E+00 -0.140294E-01  0.000000E+00  0.000000E+00  0.000000E+00  0.000000E+00
  0.248046E+01  0.584583E-02 -0.375072E+00  0.000000E+00  0.000000E+00  0.000000E+00  0.000000E+00
  0.253705E+01  0.190641E-01  0.258826E+00  0.000000E+00  0.000000E+00  0.000000E+00  0.000000E+00
  0.196289E+01  0.106345E-01  0.230533E+00  0.000000E+00  0.000000E+00  0.000000E+00  0.000000E+00
  0.185956E+01  0.210864E+00 -0.964767E-02  0.000000E+00  0.000000E+00  0.000000E+00  0.000000E+00
  0.284071E+01 -0.308912E+00  0.190484E-01  0.000000E+00  0.000000E+00  0.000000E+00  0.000000E+00
  0.275993E+01 -0.116368E-01  0.404050E+00  0.000000E+00  0.000000E+00  0.000000E+00  0.000000E+00
  0.269532E+01  0.171894E-01  0.319609E+00  0.000000E+00  0.000000E+00  0.000000E+00  0.000000E+00
  0.275440E+01  0.396229E-02 -0.449369E+00  0.000000E+00  0.000000E+00  0.000000E+00  0.000000E+00
  0.204489E+01 -0.236719E-02 -0.274252E+00  0.000000E+00  0.000000E+00  0.000000E+00  0.000000E+00
  0.198109E+01 -0.868410E-02 -0.243187E+00  0.000000E+00  0.000000E+00  0.000000E+00  0.000000E+00
  0.194391E+01 -0.248143E+00  0.297991E-02  0.000000E+00  0.000000E+00  0.000000E+00  0.000000E+00
  0.190560E+01  0.141820E-01 -0.197830E+00  0.000000E+00  0.000000E+00  0.000000E+00  0.000000E+00
  0.250711E+01  0.252942E+00 -0.191168E-01  0.000000E+00  0.000000E+00  0.000000E+00  0.000000E+00
  0.266732E+01 -0.432278E+00 -0.151642E-02  0.000000E+00  0.000000E+00  0.000000E+00  0.000000E+00
  0.199259E+01 -0.207889E+00 -0.152398E-01  0.000000E+00  0.000000E+00  0.000000E+00  0.000000E+00
  0.237440E+01  0.697661E-02  0.344656E+00  0.000000E+00  0.000000E+00  0.000000E+00  0.000000E+00
  0.199835E+01  0.148914E-02  0.263239E+00  0.000000E+00  0.000000E+00  0.000000E+00  0.000000E+00
  0.186571E+01 -0.104505E-01  0.209055E+00  0.000000E+00  0.000000E+00  0.000000E+00  0.000000E+00
  0.220680E+01  0.275499E+00 -0.123038E-01  0.000000E+00  0.000000E+00  0.000000E+00  0.000000E+00
  0.175774E+01  0.196326E+00 -0.626151E-02  0.000000E+00  0.000000E+00  0.000000E+00  0.000000E+00
  0.169892E+01  0.184350E+00  0.483520E-02  0.000000E+00  0.000000E+00  0.000000E+00  0.000000E+00
  0.230419E+01  0.337121E+00 -0.382543E-02  0.000000E+00  0.000000E+00  0.000000E+00  0.000000E+00
  0.183927E+01  0.184578E+00 -0.140877E-01  0.000000E+00  0.000000E+00  0.000000E+00  0.000000E+00
  0.163252E+01 -0.945129E-03  0.170964E+00  0.000000E+00  0.000000E+00  0.000000E+00  0.000000E+00
  0.246973E+01 -0.574950E-02 -0.372782E+00  0.000000E+00  0.000000E+00  0.000000E+00  0.000000E+00
  0.209617E+01  0.265512E-02  0.286841E+00  0.000000E+00  0.000000E+00  0.000000E+00  0.000000E+00
  0.279531E+01 -0.392002E+00  0.134812E-01  0.000000E+00  0.000000E+00  0.000000E+00  0.000000E+00
  0.265840E+01 -0.371170E+00 -0.126919E-01  0.000000E+00  0.000000E+00  0.000000E+00  0.000000E+00
  0.173150E+01 -0.579491E-02 -0.190804E+00  0.000000E+00  0.000000E+00  0.000000E+00  0.000000E+00
  0.262935E+01  0.144883E-02  0.422751E+00  0.000000E+00  0.000000E+00  0.000000E+00  0.000000E+00
  0.232499E+01  0.321288E+00  0.934591E-02  0.000000E+00  0.000000E+00  0.000000E+00  0.000000E+00
  0.251277E+01  0.264088E+00  0.185508E-01  0.000000E+00  0.000000E+00  0.000000E+00  0.000000E+00
  0.261010E+01  0.306424E+00 -0.170314E-01  0.000000E+00  0.000000E+00  0.000000E+00  0.000000E+00
  0.278838E+01 -0.119831E-01 -0.406983E+00  0.000000E+00  0.000000E+00  0.000000E+00  0.000000E+00
  0.210250E+01 -0.287884E+00  0.306601E-02  0.000000E+00  0.000000E+00  0.000000E+00  0.000000E+00
  0.212116E+01  0.255039E+00  0.125389E-01  0.000000E+00  0.000000E+00  0.000000E+00  0.000000E+00
  0.252448E+01 -0.369808E+00  0.907965E-02  0.000000E+00  0.000000E+00  0.000000E+00  0.000000E+00
  0.278648E+01  0.128391E-02 -0.462633E+00  0.000000E+00  0.000000E+00  0.000000E+00  0.000000E+00
  0.246700E+01  0.174445E-01 -0.273888E+00  0.000000E+00  0.000000E+00  0.000000E+00  0.000000E+00
  0.226954E+01  0.275141E+00  0.140247E-01  0.000000E+00  0.000000E+00  0.000000E+00  0.000000E+00
  0.203682E+01  0.714387E-02  0.262044E+00  0.000000E+00  0.000000E+00  0.000000E+00  0.000000E+00
  0.254528E+01  0.329705E+00  0.143163E-01  0.000000E+00  0.000000E+00  0.000000E+00  0.000000E+00
  0.199572E+01  0.260906E+00  0.317792E-02  0.000000E+00  0.000000E+00  0.000000E+00  0.000000E+00
  0.179919E+01  0.184480E+00  0.125467E-01  0.000000E+00  0.000000E+00  0.000000E+00  0.000000E+00
  0.251406E+01  0.319068E+00 -0.146865E-01  0.000000E+00  0.000000E+00  0.000000E+00  0.000000E+00
  0.224156E+01  0.248060E+00 -0.161717E-01  0.000000E+00  0.000000E+00  0.000000E+00  0.000000E+00
  0.200817E+01  0.148896E-02  0.265720E+00  0.000000E+00  0.000000E+00  0.000000E+00  0.000000E+00
  0.187286E+01 -0.194113E+00 -0.136828E-01  0.000000E+00  0.000000E+00  0.000000E+00  0.000000E+00
  0.232508E+01  0.253800E+00  0.170159E-01  0.000000E+00  0.000000E+00  0.000000E+00  0.000000E+00
  0.267338E+01 -0.266575E+00 -0.197449E-01  0.000000E+00  0.000000E+00  0.000000E+00  0.000000E+00
  0.173558E+01 -0.204464E-02  0.196518E+00  0.000000E+00  0.000000E+00  0.000000E+00  0.000000E+00
  0.276896E+01 -0.449973E+00 -0.488259E-02  0.000000E+00  0.000000E+00  0.000000E+00  0.000000E+00
  0.214651E+01  0.519755E-02 -0.294635E+00  0.000000E+00  0.000000E+00  0.000000E+00  0.000000E+00
  0.191129E+01 -0.764379E-02 -0.230092E+00  0.000000E+00  0.000000E+00  0.000000E+00  0.000000E+00
  0.264502E+01 -0.359864E+00  0.134897E-01  0.000000E+00  0.000000E+00  0.000000E+00  0.000000E+00
  0.239012E+01  0.299832E+00  0.140836E-01  0.000000E+00  0.000000E+00  0.000000E+00  0.000000E+00
  0.194032E+01  0.248298E+00  0.189682E-02  0.000000E+00  0.000000E+00  0.000000E+00  0.000000E+00
  0.222068E+01  0.287604E+00  0.109602E-01  0.000000E+00  0.000000E+00  0.000000E+00  0.000000E+00
  0.176218E+01 -0.794120E-02  0.193352E+00  0.000000E+00  0.000000E+00  0.000000E+00  0.000000E+00
  0.237006E+01  0.112092E-01  0.319834E+00  0.000000E+00  0.000000E+00  0.000000E+00  0.000000E+00
  0.250917E+01  0.112822E-01 -0.350735E+00  0.000000E+00  0.000000E+00  0.000000E+00  0.000000E+00
  0.260886E+01 -0.854288E-02  0.393095E+00  0.000000E+00  0.000000E+00  0.000000E+00  0.000000E+00
  0.175318E+01  0.130651E-02 -0.201361E+00  0.000000E+00  0.000000E+00  0.000000E+00  0.000000E+00
  0.242912E+01 -0.170132E-01  0.273135E+00  0.000000E+00  0.000000E+00  0.000000E+00  0.000000E+00
  0.176414E+01  0.982269E-02  0.187972E+00  0.000000E+00  0.000000E+00  0.000000E+00  0.000000E+00
  0.272773E+01 -0.184215E-01  0.303117E+00  0.000000E+00  0.000000E+00  0.000000E+00  0.000000E+00
  0.281688E+01 -0.186526E-01 -0.313565E+00  0.000000E+00  0.000000E+00  0.000000E+00  0.000000E+00
  0.214355E+01 -0.243884E+00 -0.146024E-01  0.000000E+00  0.000000E+00  0.000000E+00  0.000000E+00
  0.176420E+01  0.192244E+00 -0.850094E-02  0.000000E+00  0.000000E+00  0.000000E+00  0.000000E+00
  0.193081E+01 -0.115781E-01  0.218565E+00  0.000000E+00  0.000000E+00  0.000000E+00  0.000000E+00
  0.253147E+01  0.287426E+00 -0.173249E-01  0.000000E+00  0.000000E+00  0.000000E+00  0.000000E+00
  0.264818E+01  0.140917E-01 -0.353717E+00  0.000000E+00  0.000000E+00  0.000000E+00  0.000000E+00
  0.230211E+01  0.965037E-02 -0.314213E+00  0.000000E+00  0.000000E+00  0.000000E+00  0.000000E+00
  0.262007E+01 -0.187114E-01  0.279277E+00  0.000000E+00  0.000000E+00  0.000000E+00  0.000000E+00
  0.277307E+01 -0.938244E-02  0.426235E+00  0.000000E+00  0.000000E+00  0.000000E+00  0.000000E+00
  0.213289E+01  0.246123E+00  0.140715E-01  0.000000E+00  0.000000E+00  0.000000E+00  0.000000E+00
  0.248797E+01  0.758388E-02 -0.369400E+00  0.000000E+00  0.000000E+00  0.000000E+00  0.000000E+00
  0.198417E+01  0.105515E-01 -0.235814E+00  0.000000E+00  0.000000E+00  0.000000E+00  0.000000E+00
  0.183193E+01  0.668039E-04 -0.221572E+00  0.000000E+00  0.000000E+00  0.000000E+00  0.000000E+00
  0.174448E+01 -0.184425E+00  0.951430E-02  0.000000E+00  0.000000E+00  0.000000E+00  0.000000E+00
  0.193157E+01  0.212562E+00 -0.127036E-01  0.000000E+00  0.000000E+00  0.000000E+00  0.000000E+00
  0.230508E+01  0.174036E-02 -0.340535E+00  0.000000E+00  0.000000E+00  0.000000E+00  0.000000E+00
  0.244380E+01  0.273428E+00  0.171852E-01  0.000000E+00  0.000000E+00  0.000000E+00  0.000000E+00
  0.167131E+01  0.871535E-02 -0.169560E+00  0.000000E+00  0.000000E+00  0.000000E+00  0.000000E+00
  0.224991E+01  0.119631E-01  0.287478E+00  0.000000E+00  0.000000E+00  0.000000E+00  0.000000E+00
  0.266206E+01  0.212235E-02 -0.430183E+00  0.000000E+00  0.000000E+00  0.000000E+00  0.000000E+00
  0.177233E+01 -0.283435E-02 -0.205153E+00  0.000000E+00  0.000000E+00  0.000000E+00  0.000000E+00
  0.197146E+01  0.251351E+00 -0.516713E-02  0.000000E+00  0.000000E+00  0.000000E+00  0.000000E+00
  0.230883E+01 -0.301214E+00  0.118773E-01  0.000000E+00  0.000000E+00  0.000000E+00  0.000000E+00
  0.218937E+01 -0.146813E-01 -0.252589E+00  0.000000E+00  0.000000E+00  0.000000E+00  0.000000E+00
  0.237727E+01  0.359088E+00  0.138448E-02  0.000000E+00  0.000000E+00  0.000000E+00  0.000000E+00
  0.248806E+01 -0.164504E-01  0.291933E+00  0.000000E+00  0.000000E+00  0.000000E+00  0.000000E+00
  0.276715E+01 -0.197137E-01 -0.281871E+00  0.000000E+00  0.000000E+00  0.000000E+00  0.000000E+00
  0.258074E+01  0.896609E-02  0.383802E+00  0.000000E+00  0.000000E+00  0.000000E+00  0.000000E+00
  0.275109E+01  0.161526E-01 -0.346731E+00  0.000000E+00  0.000000E+00  0.000000E+00  0.000000E+00
  0.182346E+01 -0.520145E-02 -0.214627E+00  0.000000E+00  0.000000E+00  0.000000E+00  0.000000E+00
  0.282060E+01 -0.841718E-02  0.444331E+00  0.000000E+00  0.000000E+00  0.000000E+00  0.000000E+00
  0.213292E+01  0.258671E+00  0.123847E-01  0.000000E+00  0.000000E+00  0.000000E+00  0.000000E+00
  0.248775E+01 -0.299056E+00  0.159047E-01  0.000000E+00  0.000000E+00  0.000000E+00  0.000000E+00
  0.253349E+01  0.276630E+00 -0.180240E-01  0.000000E+00  0.000000E+00  0.000000E+00  0.000000E+00
  0.249213E+01 -0.262346E+00 -0.184478E-01  0.000000E+00  0.000000E+00  0.000000E+00  0.000000E+00
  0.188832E+01 -0.977121E-02  0.217089E+00  0.000000E+00  0.000000E+00  0.000000E+00  0.000000E+00
  0.230685E+01  0.563523E-02  0.333016E+00  0.000000E+00  0.000000E+00  0.000000E+00  0.000000E+00
  0.249064E+01  0.382453E+00  0.433748E-02  0.000000E+00  0.000000E+00  0.000000E+00  0.000000E+00
  0.212750E+01  0.491743E-02  0.290613E+00  0.000000E+00  0.000000E+00  0.000000E+00  0.000000E+00
  0.207962E+01 -0.890065E-02  0.265656E+00  0.000000E+00  0.000000E+00  0.000000E+00  0.000000E+00
  0.236597E+01 -0.119165E-02 -0.356374E+00  0.000000E+00  0.000000E+00  0.000000E+00  0.000000E+00
  0.252763E+01  0.392687E+00  0.395958E-02  0.000000E+00  0.000000E+00  0.000000E+00  0.000000E+00
  0.183077E+01 -0.134247E-01  0.186670E+00  0.000000E+00  0.000000E+00  0.000000E+00  0.000000E+00
  0.257106E+01  0.377044E+00 -0.964783E-02  0.000000E+00  0.000000E+00  0.000000E+00  0.000000E+00
  0.275455E+01  0.916029E-02 -0.423505E+00  0.000000E+00  0.000000E+00  0.000000E+00  0.000000E+00
  0.218172E+01 -0.255855E+00 -0.141288E-01  0.000000E+00  0.000000E+00  0.000000E+00  0.000000E+00
  0.273409E+01 -0.196625E-01 -0.277902E+00  0.000000E+00  0.000000E+00  0.000000E+00  0.000000E+00
  0.197325E+01 -0.136675E-02  0.256968E+00  0.000000E+00  0.000000E+00  0.000000E+00  0.000000E+00
  0.217719E+01 -0.170147E-01 -0.226382E+00  0.000000E+00  0.000000E+00  0.000000E+00  0.000000E+00
  0.249874E+01 -0.342340E+00  0.120163E-01  0.000000E+00  0.000000E+00  0.000000E+00  0.000000E+00
  0.257788E+01  0.277844E+00  0.184005E-01  0.000000E+00  0.000000E+00  0.000000E+00  0.000000E+00
  0.268778E+01 -0.383448E+00  0.121056E-01  0.000000E+00  0.000000E+00  0.000000E+00  0.000000E+00
  0.180944E+01  0.210469E+00 -0.556146E-02  0.000000E+00  0.000000E+00  0.000000E+00  0.000000E+00
  0.173776E+01  0.175490E+00  0.115195E-01  0.000000E+00  0.000000E+00  0.000000E+00  0.000000E+00
  0.235270E+01  0.342667E+00 -0.611984E-02  0.000000E+00  0.000000E+00  0.000000E+00  0.000000E+00
  0.166644E+01 -0.176399E+00 -0.475276E-02  0.000000E+00  0.000000E+00  0.000000E+00  0.000000E+00
  0.238493E+01  0.264741E+00  0.170278E-01  0.000000E+00  0.000000E+00  0.000000E+00  0.000000E+00
  0.251187E+01 -0.169150E-01 -0.289915E+00  0.000000E+00  0.000000E+00  0.000000E+00  0.000000E+00
  0.234597E+01  0.349937E+00 -0.251092E-02  0.000000E+00  0.000000E+00  0.000000E+00  0.000000E+00
  0.201991E+01  0.269149E+00  0.284879E-03  0.000000E+00  0.000000E+00  0.000000E+00  0.000000E+00
  0.167857E+01 -0.723434E-02  0.174927E+00  0.000000E+00  0.000000E+00  0.000000E+00  0.000000E+00
  0.262262E+01  0.395087E+00  0.874913E-02  0.000000E+00  0.000000E+00  0.000000E+00  0.000000E+00
  0.248328E+01 -0.322669E+00  0.137604E-01  0.000000E+00  0.000000E+00  0.000000E+00  0.000000E+00
  0.199754E+01 -0.163522E-01  0.199318E+00  0.000000E+00  0.000000E+00  0.000000E+00  0.000000E+00
  0.260095E+01 -0.562152E-02  0.405610E+00  0.000000E+00  0.000000E+00  0.000000E+00  0.000000E+00
  0.194542E+01 -0.215939E+00 -0.126429E-01  0.000000E+00  0.000000E+00  0.000000E+00  0.000000E+00
  0.215842E+01 -0.236090E+00 -0.157678E-01  0.000000E+00  0.000000E+00  0.000000E+00  0.000000E+00
  0.173882E+01  0.196023E+00  0.352479E-02  0.000000E+00  0.000000E+00  0.000000E+00  0.000000E+00
  0.190389E+01  0.231555E+00 -0.649591E-02  0.000000E+00  0.000000E+00  0.000000E+00  0.000000E+00
  0.279150E+01  0.349759E+00 -0.164518E-01  0.000000E+00  0.000000E+00  0.000000E+00  0.000000E+00
  0.257282E+01  0.262898E+00  0.191561E-01  0.000000E+00  0.000000E+00  0.000000E+00  0.000000E+00
  0.218063E+01 -0.134969E-01 -0.260818E+00  0.000000E+00  0.000000E+00  0.000000E+00  0.000000E+00
  0.194964E+01 -0.357925E-02  0.248785E+00  0.000000E+00  0.000000E+00  0.000000E+00  0.000000E+00
  0.205514E+01 -0.503666E-02 -0.272382E+00  0.000000E+00  0.000000E+00  0.000000E+00  0.000000E+00
  0.278924E+01 -0.462060E+00 -0.224954E-02  0.000000E+00  0.000000E+00  0.000000E+00  0.000000E+00
  0.262453E+01  0.357550E+00 -0.132982E-01  0.000000E+00  0.000000E+00  0.000000E+00  0.000000E+00
  0.269063E+01  0.356561E+00  0.145825E-01  0.000000E+00  0.000000E+00  0.000000E+00  0.000000E+00
  0.195662E+01  0.116623E-01 -0.223911E+00  0.000000E+00  0.000000E+00  0.000000E+00  0.000000E+00
  0.231062E+01 -0.293964E+00 -0.128571E-01  0.000000E+00  0.000000E+00  0.000000E+00  0.000000E+00
  0.181189E+01 -0.243355E-02 -0.215471E+00  0.000000E+00  0.000000E+00  0.000000E+00  0.000000E+00
  0.236968E+01  0.149496E-01 -0.286714E+00  0.000000E+00  0.000000E+00  0.000000E+00  0.000000E+00
  0.214413E+01  0.230908E+00  0.160078E-01  0.000000E+00  0.000000E+00  0.000000E+00  0.000000E+00
  0.178270E+01  0.209109E+00  0.909972E-05  0.000000E+00  0.000000E+00  0.000000E+00  0.000000E+00
  0.213306E+01  0.125483E-01  0.257579E+00  0.000000E+00  0.000000E+00  0.000000E+00  0.000000E+00
  0.165334E+01  0.561984E-02 -0.171844E+00  0.000000E+00  0.000000E+00  0.000000E+00  0.000000E+00
  0.197498E+01 -0.148474E-01  0.207402E+00  0.000000E+00  0.000000E+00  0.000000E+00  0.000000E+00
  0.197116E+01  0.200436E+00  0.156305E-01  0.000000E+00  0.000000E+00  0.000000E+00  0.000000E+00
  0.218068E+01  0.270370E+00  0.122141E-01  0.000000E+00  0.000000E+00  0.000000E+00  0.000000E+00
  0.175260E+01  0.888864E-02  0.188322E+00  0.000000E+00  0.000000E+00  0.000000E+00  0.000000E+00
  0.277374E+01 -0.403949E+00  0.119613E-01  0.000000E+00  0.000000E+00  0.000000E+00  0.000000E+00
  0.239525E+01 -0.359818E+00  0.386368E-02  0.000000E+00  0.000000E+00  0.000000E+00  0.000000E+00
  0.249252E+01 -0.272102E+00 -0.178581E-01  0.000000E+00  0.000000E+00  0.000000E+00  0.000000E+00
  0.278985E+01 -0.415640E+00 -0.111220E-01  0.000000E+00  0.000000E+00  0.000000E+00  0.000000E+00
  0.174776E+01 -0.328326E-02 -0.198528E+00  0.000000E+00  0.000000E+00  0.000000E+00  0.000000E+00
  0.237296E+01  0.343583E+00 -0.714786E-02  0.000000E+00  0.000000E+00  0.000000E+00  0.000000E+00
  0.257900E+01 -0.854282E-02 -0.385991E+00  0.000000E+00  0.000000E+00  0.000000E+00  0.000000E+00
  0.260210E+01  0.990325E-02  0.382486E+00  0.000000E+00  0.000000E+00  0.000000E+00  0.000000E+00
  0.196899E+01  0.109756E-01  0.230256E+00  0.000000E+00  0.000000E+00  0.000000E+00  0.000000E+00
  0.167105E+01  0.176811E+00  0.524904E-02  0.000000E+00  0.000000E+00  0.000000E+00  0.000000E+00
  0.236742E+01 -0.249127E+00  0.179135E-01  0.000000E+00  0.000000E+00  0.000000E+00  0.000000E+00
  0.187986E+01 -0.661608E-02  0.225376E+00  0.000000E+00  0.000000E+00  0.000000E+00  0.000000E+00
  0.183147E+01  0.964005E-02  0.204330E+00  0.000000E+00  0.000000E+00  0.000000E+00  0.000000E+00
  0.221666E+01  0.358255E-02  0.315685E+00  0.000000E+00  0.000000E+00  0.000000E+00  0.000000E+00
  0.276572E+01  0.383849E+00  0.136371E-01  0.000000E+00  0.000000E+00  0.000000E+00  0.000000E+00
  0.203283E+01 -0.444403E-02  0.268096E+00  0.000000E+00  0.000000E+00  0.000000E+00  0.000000E+00
  0.238389E+01  0.166959E-01  0.268932E+00  0.000000E+00  0.000000E+00  0.000000E+00  0.000000E+00
  0.237855E+01 -0.346973E+00  0.665591E-02  0.000000E+00  0.000000E+00  0.000000E+00  0.000000E+00
  0.250981E+01 -0.186706E-01 -0.261484E+00  0.000000E+00  0.000000E+00  0.000000E+00  0.000000E+00
  0.223356E+01 -0.243103E+00  0.164779E-01  0.000000E+00  0.000000E+00  0.000000E+00  0.000000E+00
  0.279336E+01  0.722336E-02  0.445154E+00  0.000000E+00  0.000000E+00  0.000000E+00  0.000000E+00
  0.238989E+01 -0.189243E-01 -0.237094E+00  0.000000E+00  0.000000E+00  0.000000E+00  0.000000E+00
  0.224652E+01 -0.313525E+00 -0.698722E-02  0.000000E+00  0.000000E+00  0.000000E+00  0.000000E+00
  0.213456E+01  0.127121E-01  0.256765E+00  0.000000E+00  0.000000E+00  0.000000E+00  0.000000E+00
  0.196866E+01 -0.204684E+00 -0.150347E-01  0.000000E+00  0.000000E+00  0.000000E+00  0.000000E+00
  0.228273E+01  0.257939E+00 -0.160007E-01  0.000000E+00  0.000000E+00  0.000000E+00  0.000000E+00
  0.234481E+01  0.260779E+00 -0.167581E-01  0.000000E+00  0.000000E+00  0.000000E+00  0.000000E+00
  0.268345E+01  0.341972E+00 -0.155738E-01  0.000000E+00  0.000000E+00  0.000000E+00  0.000000E+00
  0.216755E+01 -0.297065E+00 -0.616942E-02  0.000000E+00  0.000000E+00  0.000000E+00  0.000000E+00
  0.185867E+01  0.110652E-01  0.204759E+00  0.000000E+00  0.000000E+00  0.000000E+00  0.000000E+00
  0.204293E+01  0.881674E-02 -0.257325E+00  0.000000E+00  0.000000E+00  0.000000E+00  0.000000E+00
  0.270865E+01  0.426053E+00 -0.695049E-02  0.000000E+00  0.000000E+00  0.000000E+00  0.000000E+00
  0.215334E+01 -0.152185E-01 -0.240349E+00  0.000000E+00  0.000000E+00  0.000000E+00  0.000000E+00
  0.273058E+01 -0.150249E-01 -0.358936E+00  0.000000E+00  0.000000E+00  0.000000E+00  0.000000E+00
  0.260965E+01  0.287931E+00  0.181415E-01  0.000000E+00  0.000000E+00  0.000000E+00  0.000000E+00
  0.165671E+01  0.175137E+00  0.381390E-02  0.000000E+00  0.000000E+00  0.000000E+00  0.000000E+00
  0.200959E+01 -0.109286E-01 -0.239735E+00  0.000000E+00  0.000000E+00  0.000000E+00  0.000000E+00
  0.235023E+01  0.341530E+00 -0.626708E-02  0.000000E+00  0.000000E+00  0.000000E+00  0.000000E+00
  0.267352E+01 -0.404734E+00  0.911363E-02  0.000000E+00  0.000000E+00  0.000000E+00  0.000000E+00
  0.170570E+01 -0.189287E+00  0.146684E-02  0.000000E+00  0.000000E+00  0.000000E+00  0.000000E+00
  0.167139E+01 -0.169670E+00  0.868072E-02  0.000000E+00  0.000000E+00  0.000000E+00  0.000000E+00
  0.165582E+01  0.663652E-02 -0.170635E+00  0.000000E+00  0.000000E+00  0.000000E+00  0.000000E+00
  0.202852E+01 -0.432297E-02  0.267258E+00  0.000000E+00  0.000000E+00  0.000000E+00  0.000000E+00
  0.218335E+01 -0.242368E+00  0.156302E-01  0.000000E+00  0.000000E+00  0.000000E+00  0.000000E+00
  0.266121E+01  0.423857E+00 -0.469332E-02  0.000000E+00  0.000000E+00  0.000000E+00  0.000000E+00
  0.246792E+01 -0.370721E+00 -0.617889E-02  0.000000E+00  0.000000E+00  0.000000E+00  0.000000E+00
  0.245107E+01 -0.297105E+00 -0.154775E-01  0.000000E+00  0.000000E+00  0.000000E+00  0.000000E+00
  0.232317E+01  0.342519E+00  0.350888E-02  0.000000E+00  0.000000E+00  0.000000E+00  0.000000E+00
  0.269655E+01 -0.382236E+00 -0.124236E-01  0.000000E+00  0.000000E+00  0.000000E+00  0.000000E+00
  0.252003E+01  0.395578E+00  0.807833E-03  0.000000E+00  0.000000E+00  0.000000E+00  0.000000E+00
  0.174420E+01 -0.197906E-02  0.198736E+00  0.000000E+00  0.000000E+00  0.000000E+00  0.000000E+00
  0.233571E+01  0.885283E-03  0.348900E+00  0.000000E+00  0.000000E+00  0.000000E+00  0.000000E+00
  0.209524E+01 -0.150307E-01  0.230323E+00  0.000000E+00  0.000000E+00  0.000000E+00  0.000000E+00
  0.249263E+01 -0.385414E+00 -0.331435E-02  0.000000E+00  0.000000E+00  0.000000E+00  0.000000E+00
  0.281750E+01 -0.283657E+00  0.199601E-01  0.000000E+00  0.000000E+00  0.000000E+00  0.000000E+00
  0.243642E+01 -0.239948E+00 -0.191986E-01  0.000000E+00  0.000000E+00  0.000000E+00  0.000000E+00
  0.181758E+01  0.215833E+00  0.346641E-02  0.000000E+00  0.000000E+00  0.000000E+00  0.000000E+00
  0.237960E+01  0.261248E+00  0.172129E-01  0.000000E+00  0.000000E+00  0.000000E+00  0.000000E+00
  0.244478E+01  0.998182E-02  0.345401E+00  0.000000E+00  0.000000E+00  0.000000E+00  0.000000E+00
  0.202777E+01  0.261397E+00 -0.664636E-02  0.000000E+00  0.000000E+00  0.000000E+00  0.000000E+00
  0.182403E+01  0.188701E+00  0.127824E-01  0.000000E+00  0.000000E+00  0.000000E+00  0.000000E+00
  0.235446E+01 -0.344458E+00  0.572605E-02  0.000000E+00  0.000000E+00  0.000000E+00  0.000000E+00
  0.214002E+01  0.146368E-01  0.242862E+00  0.000000E+00  0.000000E+00  0.000000E+00  0.000000E+00
  0.188555E+01 -0.217458E+00 -0.951284E-02  0.000000E+00  0.000000E+00  0.000000E+00  0.000000E+00
  0.266981E+01 -0.298306E+00 -0.181473E-01  0.000000E+00  0.000000E+00  0.000000E+00  0.000000E+00
  0.210127E+01  0.132911E-01  0.245422E+00  0.000000E+00  0.000000E+00  0.000000E+00  0.000000E+00
  0.223596E+01 -0.311622E+00 -0.680848E-02  0.000000E+00  0.000000E+00  0.000000E+00  0.000000E+00
  0.212341E+01  0.113295E-01 -0.263298E+00  0.000000E+00  0.000000E+00  0.000000E+00  0.000000E+00
  0.254836E+01  0.346676E+00  0.127435E-01  0.000000E+00  0.000000E+00  0.000000E+00  0.000000E+00
  0.236071E+01  0.355362E+00  0.550103E-03  0.000000E+00  0.000000E+00  0.000000E+00  0.000000E+00
  0.201104E+01 -0.967814E-02  0.246108E+00  0.000000E+00  0.000000E+00  0.000000E+00  0.000000E+00
  0.229193E+01  0.928500E-02  0.313855E+00  0.000000E+00  0.000000E+00  0.000000E+00  0.000000E+00
  0.167897E+01  0.182819E+00  0.434515E-03  0.000000E+00  0.000000E+00  0.000000E+00  0.000000E+00
  0.261355E+01  0.278397E+00  0.187000E-01  0.000000E+00  0.000000E+00  0.000000E+00  0.000000E+00
  0.164868E+01 -0.591890E-02  0.170197E+00  0.000000E+00  0.000000E+00  0.000000E+00  0.000000E+00
  0.207643E+01  0.251546E+00 -0.115266E-01  0.000000E+00  0.000000E+00  0.000000E+00  0.000000E+00
  0.170246E+01  0.188789E+00  0.161660E-03  0.000000E+00  0.000000E+00  0.000000E+00  0.000000E+00
  0.177430E+01 -0.184883E+00  0.112400E-01  0.000000E+00  0.000000E+00  0.000000E+00  0.000000E+00
  0.169467E+01 -0.630611E-02 -0.180780E+00  0.000000E+00  0.000000E+00  0.000000E+00  0.000000E+00
  0.241751E+01 -0.160341E-01 -0.283746E+00  0.000000E+00  0.000000E+00  0.000000E+00  0.000000E+00
  0.195766E+01  0.248535E+00  0.487773E-02  0.000000E+00  0.000000E+00  0.000000E+00  0.000000E+00
  0.172094E+01  0.191223E+00  0.380218E-02  0.000000E+00  0.000000E+00  0.000000E+00  0.000000E+00
  0.268709E+01  0.369727E+00  0.134096E-01  0.000000E+00  0.000000E+00  0.000000E+00  0.000000E+00
  0.186602E+01 -0.220689E+00 -0.711307E-02  0.000000E+00  0.000000E+00  0.000000E+00  0.000000E+00
  0.189446E+01 -0.795864E-02  0.225054E+00  0.000000E+00  0.000000E+00  0.000000E+00  0.000000E+00
  0.161864E+01 -0.272988E-02  0.166570E+00  0.000000E+00  0.000000E+00  0.000000E+00  0.000000E+00
  0.212661E+01  0.279669E+00 -0.823028E-02  0.000000E+00  0.000000E+00  0.000000E+00  0.000000E+00
  0.228259E+01  0.184927E-01 -0.225881E+00  0.000000E+00  0.000000E+00  0.000000E+00  0.000000E+00
  0.232234E+01  0.298874E+00 -0.125673E-01  0.000000E+00  0.000000E+00  0.000000E+00  0.000000E+00
  0.276162E+01 -0.278476E+00  0.198211E-01  0.000000E+00  0.000000E+00  0.000000E+00  0.000000E+00
  0.167782E+01  0.647953E-02 -0.176319E+00  0.000000E+00  0.000000E+00  0.000000E+00  0.000000E+00
  0.216686E+01  0.267182E+00 -0.122334E-01  0.000000E+00  0.000000E+00  0.000000E+00  0.000000E+00
  0.265256E+01  0.359533E+00 -0.136642E-01  0.000000E+00  0.000000E+00  0.000000E+00  0.000000E+00
  0.231181E+01 -0.177360E-01 -0.241783E+00  0.000000E+00  0.000000E+00  0.000000E+00  0.000000E+00
  0.234234E+01  0.309557E+00 -0.117607E-01  0.000000E+00  0.000000E+00  0.000000E+00  0.000000E+00
  0.240823E+01  0.290179E+00 -0.153391E-01  0.000000E+00  0.000000E+00  0.000000E+00  0.000000E+00
  0.268105E+01 -0.379129E+00 -0.123937E-01  0.000000E+00  0.000000E+00  0.000000E+00  0.000000E+00
  0.187035E+01  0.409633E-03 -0.231268E+00  0.000000E+00  0.000000E+00  0.000000E+00  0.000000E+00
  0.234418E+01  0.348567E+00  0.309158E-02  0.000000E+00  0.000000E+00  0.000000E+00  0.000000E+00
  0.203782E+01  0.166159E-01 -0.204500E+00  0.000000E+00  0.000000E+00  0.000000E+00  0.000000E+00
  0.195288E+01  0.222728E+00  0.117270E-01  0.000000E+00  0.000000E+00  0.000000E+00  0.000000E+00
  0.274324E+01 -0.191945E-01  0.289792E+00  0.000000E+00  0.000000E+00  0.000000E+00  0.000000E+00
  0.237734E+01 -0.340830E+00  0.798273E-02  0.000000E+00  0.000000E+00  0.000000E+00  0.000000E+00
  0.263255E+01 -0.482770E-03  0.424194E+00  0.000000E+00  0.000000E+00  0.000000E+00  0.000000E+00
  0.246258E+01 -0.588225E-02 -0.370536E+00  0.000000E+00  0.000000E+00  0.000000E+00  0.000000E+00
  0.201864E+01  0.249511E+00  0.930869E-02  0.000000E+00  0.000000E+00  0.000000E+00  0.000000E+00
  0.236671E+01 -0.176348E-02  0.356079E+00  0.000000E+00  0.000000E+00  0.000000E+00  0.000000E+00
  0.239378E+01  0.126126E-01  0.314127E+00  0.000000E+00  0.000000E+00  0.000000E+00  0.000000E+00
  0.208795E+01 -0.270190E-02 -0.284715E+00  0.000000E+00  0.000000E+00  0.000000E+00  0.000000E+00
  0.219118E+01 -0.156336E-01 -0.243880E+00  0.000000E+00  0.000000E+00  0.000000E+00  0.000000E+00
  0.223633E+01 -0.119794E-01 -0.284343E+00  0.000000E+00  0.000000E+00  0.000000E+00  0.000000E+00
  0.215210E+01  0.245626E+00 -0.146042E-01  0.000000E+00  0.000000E+00  0.000000E+00  0.000000E+00
  0.218072E+01 -0.260392E+00  0.135529E-01  0.000000E+00  0.000000E+00  0.000000E+00  0.000000E+00
  0.250644E+01  0.173473E-01  0.282517E+00  0.000000E+00  0.000000E+00  0.000000E+00  0.000000E+00
  0.230148E+01  0.249271E+00  0.170279E-01  0.000000E+00  0.000000E+00  0.000000E+00  0.000000E+00
  0.171426E+01  0.468204E-02  0.188387E+00  0.000000E+00  0.000000E+00  0.000000E+00  0.000000E+00
  0.240730E+01 -0.299994E+00  0.144201E-01  0.000000E+00  0.000000E+00  0.000000E+00  0.000000E+00
  0.222218E+01  0.929225E-02  0.297423E+00  0.000000E+00  0.000000E+00  0.000000E+00  0.000000E+00
  0.246444E+01 -0.168913E-01  0.281405E+00  0.000000E+00  0.000000E+00  0.000000E+00  0.000000E+00
  0.259610E+01 -0.361166E+00  0.123180E-01  0.000000E+00  0.000000E+00  0.000000E+00  0.000000E+00
  0.211414E+01 -0.237611E+00 -0.146298E-01  0.000000E+00  0.000000E+00  0.000000E+00  0.000000E+00
  0.207554E+01  0.209788E-02  0.282250E+00  0.000000E+00  0.000000E+00  0.000000E+00  0.000000E+00
  0.214742E+01 -0.161080E-01  0.230533E+00  0.000000E+00  0.000000E+00  0.000000E+00  0.000000E+00
  0.192921E+01  0.340151E-02  0.243913E+00  0.000000E+00  0.000000E+00  0.000000E+00  0.000000E+00
  0.220031E+01 -0.242578E+00  0.159364E-01  0.000000E+00  0.000000E+00  0.000000E+00  0.000000E+00
  0.215486E+01 -0.131210E-01  0.258197E+00  0.000000E+00  0.000000E+00  0.000000E+00  0.000000E+00
  0.168818E+01  0.184800E+00  0.159640E-02  0.000000E+00  0.000000E+00  0.000000E+00  0.000000E+00
  0.218931E+01 -0.170986E-01  0.227653E+00  0.000000E+00  0.000000E+00  0.000000E+00  0.000000E+00
  0.271109E+01 -0.644020E-02  0.429165E+00  0.000000E+00  0.000000E+00  0.000000E+00  0.000000E+00
  0.270719E+01 -0.855944E-02 -0.416385E+00  0.000000E+00  0.000000E+00  0.000000E+00  0.000000E+00
  0.243028E+01  0.373056E+00 -0.135239E-03  0.000000E+00  0.000000E+00  0.000000E+00  0.000000E+00
  0.254058E+01 -0.189778E-01  0.261028E+00  0.000000E+00  0.000000E+00  0.000000E+00  0.000000E+00
  0.205428E+01  0.277810E+00  0.503499E-03  0.000000E+00  0.000000E+00  0.000000E+00  0.000000E+00
  0.252117E+01 -0.402207E-03  0.396021E+00  0.000000E+00  0.000000E+00  0.000000E+00  0.000000E+00
  0.261715E+01 -0.173790E-02 -0.419356E+00  0.000000E+00  0.000000E+00  0.000000E+00  0.000000E+00
  0.217199E+01  0.217795E+00 -0.176581E-01  0.000000E+00  0.000000E+00  0.000000E+00  0.000000E+00
  0.269549E+01 -0.277851E+00  0.193908E-01  0.000000E+00  0.000000E+00  0.000000E+00  0.000000E+00
  0.262598E+01  0.390153E+00  0.960796E-02  0.000000E+00  0.000000E+00  0.000000E+00  0.000000E+00
  0.234786E+01  0.258166E+00 -0.170052E-01  0.000000E+00  0.000000E+00  0.000000E+00  0.000000E+00
  0.215082E+01 -0.109757E-01 -0.271616E+00  0.000000E+00  0.000000E+00  0.000000E+00  0.000000E+00
  0.248878E+01 -0.387121E+00  0.155540E-02  0.000000E+00  0.000000E+00  0.000000E+00  0.000000E+00
  0.173196E+01 -0.177457E+00 -0.106787E-01  0.000000E+00  0.000000E+00  0.000000E+00  0.000000E+00
  0.248999E+01 -0.980997E-04 -0.388175E+00  0.000000E+00  0.000000E+00  0.000000E+00  0.000000E+00
  0.245788E+01 -0.274301E+00 -0.173038E-01  0.000000E+00  0.000000E+00  0.000000E+00  0.000000E+00
  0.211960E+01 -0.286510E+00 -0.575023E-02  0.000000E+00  0.000000E+00  0.000000E+00  0.000000E+00
  0.230035E+01  0.960157E-02 -0.314078E+00  0.000000E+00  0.000000E+00  0.000000E+00  0.000000E+00
  0.277868E+01  0.880350E-02 -0.431723E+00  0.000000E+00  0.000000E+00  0.000000E+00  0.000000E+00
  0.236195E+01  0.124488E-01 -0.308517E+00  0.000000E+00  0.000000E+00  0.000000E+00  0.000000E+00
  0.283101E+01  0.497333E-02 -0.465033E+00  0.000000E+00  0.000000E+00  0.000000E+00  0.000000E+00
  0.163937E+01 -0.172817E+00  0.190428E-03  0.000000E+00  0.000000E+00  0.000000E+00  0.000000E+00
  0.223321E+01  0.167388E-02 -0.322442E+00  0.000000E+00  0.000000E+00  0.000000E+00  0.000000E+00
  0.192715E+01  0.210678E+00  0.128610E-01  0.000000E+00  0.000000E+00  0.000000E+00  0.000000E+00
  0.246883E+01  0.553917E-02 -0.373306E+00  0.000000E+00  0.000000E+00  0.000000E+00  0.000000E+00
  0.196003E+01 -0.554420E-02 -0.247681E+00  0.000000E+00  0.000000E+00  0.000000E+00  0.000000E+00
  0.247350E+01  0.284633E+00  0.167814E-01  0.000000E+00  0.000000E+00  0.000000E+00  0.000000E+00
  0.260180E+01 -0.367222E+00 -0.117946E-01  0.000000E+00  0.000000E+00  0.000000E+00  0.000000E+00
  0.167335E+01  0.179475E+00 -0.365409E-02  0.000000E+00  0.000000E+00  0.000000E+00  0.000000E+00
  0.220541E+01  0.126661E-01 -0.272553E+00  0.000000E+00  0.000000E+00  0.000000E+00  0.000000E+00
  0.268888E+01 -0.304906E+00 -0.179683E-01  0.000000E+00  0.000000E+00  0.000000E+00  0.000000E+00
  0.177845E+01 -0.819955E-02 -0.196526E+00  0.000000E+00  0.000000E+00  0.000000E+00  0.000000E+00
  0.212874E+01 -0.168578E-01 -0.219110E+00  0.000000E+00  0.000000E+00  0.000000E+00  0.000000E+00
  0.174868E+01  0.190776E+00  0.768939E-02  0.000000E+00  0.000000E+00  0.000000E+00  0.000000E+00
  0.203783E+01  0.253303E+00 -0.947055E-02  0.000000E+00  0.000000E+00  0.000000E+00  0.000000E+00
  0.171827E+01 -0.441301E-02 -0.189769E+00  0.000000E+00  0.000000E+00  0.000000E+00  0.000000E+00
  0.262820E+01 -0.136131E-01  0.354933E+00  0.000000E+00  0.000000E+00  0.000000E+00  0.000000E+00
  0.258223E+01 -0.124095E-01 -0.357254E+00  0.000000E+00  0.000000E+00  0.000000E+00  0.000000E+00
  0.205512E+01 -0.165472E-01 -0.208449E+00  0.000000E+00  0.000000E+00  0.000000E+00  0.000000E+00
  0.166973E+01 -0.813789E-02 -0.170676E+00  0.000000E+00  0.000000E+00  0.000000E+00  0.000000E+00
  0.190262E+01  0.197999E+00  0.140615E-01  0.000000E+00  0.000000E+00  0.000000E+00  0.000000E+00
  0.183673E+01  0.221923E+00  0.220164E-02  0.000000E+00  0.000000E+00  0.000000E+00  0.000000E+00
  0.163473E+01  0.169820E+00  0.363760E-02  0.000000E+00  0.000000E+00  0.000000E+00  0.000000E+00
  0.238634E+01 -0.348712E+00 -0.669598E-02  0.000000E+00  0.000000E+00  0.000000E+00  0.000000E+00
  0.210385E+01  0.287341E+00  0.362896E-02  0.000000E+00  0.000000E+00  0.000000E+00  0.000000E+00
  0.207041E+01  0.105476E-01 -0.255629E+00  0.000000E+00  0.000000E+00  0.000000E+00  0.000000E+00
  0.179526E+01  0.422511E-02  0.209235E+00  0.000000E+00  0.000000E+00  0.000000E+00  0.000000E+00
  0.175925E+01  0.201753E+00  0.295051E-02  0.000000E+00  0.000000E+00  0.000000E+00  0.000000E+00
  0.264055E+01  0.341760E+00  0.149434E-01  0.000000E+00  0.000000E+00  0.000000E+00  0.000000E+00
  0.166568E+01  0.174790E+00  0.567877E-02  0.000000E+00  0.000000E+00  0.000000E+00  0.000000E+00
  0.264199E+01  0.365598E+00  0.128879E-01  0.000000E+00  0.000000E+00  0.000000E+00  0.000000E+00
  0.214787E+01  0.143550E-01  0.246894E+00  0.000000E+00  0.000000E+00  0.000000E+00  0.000000E+00
  0.200943E+01 -0.951066E-02  0.246472E+00  0.000000E+00  0.000000E+00  0.000000E+00  0.000000E+00
  0.193323E+01  0.243003E+00  0.459725E-02  0.000000E+00  0.000000E+00  0.000000E+00  0.000000E+00
  0.192375E+01  0.243628E+00  0.246311E-02  0.000000E+00  0.000000E+00  0.000000E+00  0.000000E+00
  0.269066E+01 -0.164561E-01  0.330470E+00  0.000000E+00  0.000000E+00  0.000000E+00  0.000000E+00
  0.223508E+01 -0.314731E+00 -0.582572E-02  0.000000E+00  0.000000E+00  0.000000E+00  0.000000E+00
  0.207415E+01 -0.264397E+00 -0.889255E-02  0.000000E+00  0.000000E+00  0.000000E+00  0.000000E+00
  0.261554E+01  0.130453E-01  0.358256E+00  0.000000E+00  0.000000E+00  0.000000E+00  0.000000E+00
  0.189257E+01 -0.114033E-01  0.210844E+00  0.000000E+00  0.000000E+00  0.000000E+00  0.000000E+00
  0.229544E+01 -0.294952E+00  0.123148E-01  0.000000E+00  0.000000E+00  0.000000E+00  0.000000E+00
  0.265802E+01  0.418353E+00  0.594758E-02  0.000000E+00  0.000000E+00  0.000000E+00  0.000000E+00
  0.259521E+01 -0.290093E+00  0.178700E-01  0.000000E+00  0.000000E+00  0.000000E+00  0.000000E+00
  0.265717E+01  0.684849E-04  0.430503E+00  0.000000E+00  0.000000E+00  0.000000E+00  0.000000E+00
  0.165623E+01  0.178583E-02  0.176638E+00  0.000000E+00  0.000000E+00  0.000000E+00  0.000000E+00
  0.236519E+01 -0.332693E+00 -0.899642E-02  0.000000E+00  0.000000E+00  0.000000E+00  0.000000E+00
  0.242575E+01  0.175063E-01  0.265508E+00  0.000000E+00  0.000000E+00  0.000000E+00  0.000000E+00
  0.219120E+01  0.133212E-01  0.264467E+00  0.000000E+00  0.000000E+00  0.000000E+00  0.000000E+00
  0.190922E+01 -0.201338E+00  0.137586E-01  0.000000E+00  0.000000E+00  0.000000E+00  0.000000E+00
  0.211309E+01  0.502984E-02 -0.286770E+00  0.000000E+00  0.000000E+00  0.000000E+00  0.000000E+00
  0.258223E+01  0.280046E+00  0.183188E-01  0.000000E+00  0.000000E+00  0.000000E+00  0.000000E+00
  0.240283E+01  0.171225E-01  0.266762E+00  0.000000E+00  0.000000E+00  0.000000E+00  0.000000E+00
  0.263410E+01 -0.414223E+00 -0.550961E-02  0.000000E+00  0.000000E+00  0.000000E+00  0.000000E+00
  0.205726E+01 -0.245275E+00  0.118596E-01  0.000000E+00  0.000000E+00  0.000000E+00  0.000000E+00
  0.264758E+01 -0.111261E-02 -0.427654E+00  0.000000E+00  0.000000E+00  0.000000E+00  0.000000E+00
  0.256610E+01 -0.341467E+00 -0.136393E-01  0.000000E+00  0.000000E+00  0.000000E+00  0.000000E+00
  0.247534E+01  0.794517E-02 -0.364536E+00  0.000000E+00  0.000000E+00  0.000000E+00  0.000000E+00
  0.209818E+01  0.226087E+00  0.155708E-01  0.000000E+00  0.000000E+00  0.000000E+00  0.000000E+00
  0.262796E+01 -0.140816E-01 -0.349606E+00  0.000000E+00  0.000000E+00  0.000000E+00  0.000000E+00
  0.237629E+01  0.244111E+00 -0.183481E-01  0.000000E+00  0.000000E+00  0.000000E+00  0.000000E+00
  0.243971E+01 -0.182094E-01 -0.257250E+00  0.000000E+00  0.000000E+00  0.000000E+00  0.000000E+00
  0.279737E+01  0.198620E-01 -0.282997E+00  0.000000E+00  0.000000E+00  0.000000E+00  0.000000E+00
  0.182255E+01  0.127578E-01  0.188508E+00  0.000000E+00  0.000000E+00  0.000000E+00  0.000000E+00
  0.229606E+01 -0.323133E+00 -0.757665E-02  0.000000E+00  0.000000E+00  0.000000E+00  0.000000E+00
  0.216697E+01 -0.226170E+00  0.168657E-01  0.000000E+00  0.000000E+00  0.000000E+00  0.000000E+00
  0.193843E+01  0.510343E-02  0.243303E+00  0.000000E+00  0.000000E+00  0.000000E+00  0.000000E+00
  0.193102E+01 -0.246604E+00  0.534792E-03  0.000000E+00  0.000000E+00  0.000000E+00  0.000000E+00
  0.261627E+01  0.335542E+00  0.150458E-01  0.000000E+00  0.000000E+00  0.000000E+00  0.000000E+00
  0.249231E+01  0.256963E+00  0.187604E-01  0.000000E+00  0.000000E+00  0.000000E+00  0.000000E+00
  0.234586E+01  0.120398E-01 -0.308219E+00  0.000000E+00  0.000000E+00  0.000000E+00  0.000000E+00
  0.231166E+01 -0.133810E-01 -0.289758E+00  0.000000E+00  0.000000E+00  0.000000E+00  0.000000E+00
  0.270964E+01 -0.288031E+00  0.190191E-01  0.000000E+00  0.000000E+00  0.000000E+00  0.000000E+00
  0.164413E+01  0.380861E-02  0.171995E+00  0.000000E+00  0.000000E+00  0.000000E+00  0.000000E+00
  0.192900E+01 -0.245865E+00  0.119931E-02  0.000000E+00  0.000000E+00  0.000000E+00  0.000000E+00
  0.258745E+01  0.338633E+00 -0.143010E-01  0.000000E+00  0.000000E+00  0.000000E+00  0.000000E+00
  0.190459E+01 -0.851206E-02  0.225630E+00  0.000000E+00  0.000000E+00  0.000000E+00  0.000000E+00
  0.194074E+01 -0.562241E-02  0.242740E+00  0.000000E+00  0.000000E+00  0.000000E+00  0.000000E+00
  0.190341E+01 -0.235322E+00  0.473994E-02  0.000000E+00  0.000000E+00  0.000000E+00  0.000000E+00
  0.173875E+01  0.193412E+00  0.533979E-02  0.000000E+00  0.000000E+00  0.000000E+00  0.000000E+00
  0.165055E+01 -0.144187E-02  0.175359E+00  0.000000E+00  0.000000E+00  0.000000E+00  0.000000E+00
  0.163813E+01  0.172102E+00 -0.171453E-02  0.000000E+00  0.000000E+00  0.000000E+00  0.000000E+00
  0.179718E+01 -0.195697E+00 -0.981324E-02  0.000000E+00  0.000000E+00  0.000000E+00  0.000000E+00
  0.240691E+01  0.181867E-01 -0.251914E+00  0.000000E+00  0.000000E+00  0.000000E+00  0.000000E+00
  0.221299E+01  0.286398E+00  0.108721E-01  0.000000E+00  0.000000E+00  0.000000E+00  0.000000E+00
  0.187343E+01  0.222388E+00 -0.714886E-02  0.000000E+00  0.000000E+00  0.000000E+00  0.000000E+00
  0.189773E+01 -0.855797E-02 -0.223838E+00  0.000000E+00  0.000000E+00  0.000000E+00  0.000000E+00
  0.226832E+01 -0.160756E-01 -0.254305E+00  0.000000E+00  0.000000E+00  0.000000E+00  0.000000E+00
  0.248519E+01 -0.960223E-02  0.357281E+00  0.000000E+00  0.000000E+00  0.000000E+00  0.000000E+00
  0.221850E+01  0.299014E+00 -0.879676E-02  0.000000E+00  0.000000E+00  0.000000E+00  0.000000E+00
  0.253375E+01 -0.101727E-01 -0.364709E+00  0.000000E+00  0.000000E+00  0.000000E+00  0.000000E+00
  0.220444E+01 -0.390704E-02 -0.312003E+00  0.000000E+00  0.000000E+00  0.000000E+00  0.000000E+00
  0.237873E+01  0.744175E-02 -0.343691E+00  0.000000E+00  0.000000E+00  0.000000E+00  0.000000E+00
  0.202208E+01 -0.245361E+00 -0.103816E-01  0.000000E+00  0.000000E+00  0.000000E+00  0.000000E+00
  0.225890E+01  0.357897E-02 -0.326275E+00  0.000000E+00  0.000000E+00  0.000000E+00  0.000000E+00
  0.222542E+01  0.199510E-02  0.320171E+00  0.000000E+00  0.000000E+00  0.000000E+00  0.000000E+00
  0.222241E+01 -0.233224E+00  0.171437E-01  0.000000E+00  0.000000E+00  0.000000E+00  0.000000E+00
  0.270158E+01  0.381958E+00 -0.125595E-01  0.000000E+00  0.000000E+00  0.000000E+00  0.000000E+00
  0.226470E+01 -0.804100E-02 -0.313543E+00  0.000000E+00  0.000000E+00  0.000000E+00  0.000000E+00
  0.284082E+01  0.120371E+00  0.966367E-01  0.000000E+00  0.000000E+00  0.000000E+00  0.000000E+00
  0.284082E+01 -0.744726E-02 -0.133562E+00  0.000000E+00  0.000000E+00  0.000000E+00  0.000000E+00
  0.284082E+01  0.164824E-01 -0.459872E-02  0.000000E+00  0.000000E+00  0.000000E+00  0.000000E+00
  0.284082E+01  0.835832E-01 -0.120635E+00  0.000000E+00  0.000000E+00  0.000000E+00  0.000000E+00
  0.284082E+01  0.168028E+00  0.150247E+00  0.000000E+00  0.000000E+00  0.000000E+00  0.000000E+00
  0.284082E+01  0.855430E-02  0.140077E-01  0.000000E+00  0.000000E+00  0.000000E+00  0.000000E+00
  0.284082E+01  0.235470E+00 -0.343029E-01  0.000000E+00  0.000000E+00  0.000000E+00  0.000000E+00
  0.284082E+01  0.131502E+00  0.583671E-01  0.000000E+00  0.000000E+00  0.000000E+00  0.000000E+00
  0.284082E+01 -0.688059E-02 -0.624961E-01  0.000000E+00  0.000000E+00  0.000000E+00  0.000000E+00
  0.284082E+01  0.112046E+00  0.162320E+00  0.000000E+00  0.000000E+00  0.000000E+00  0.000000E+00
  0.284082E+01  0.925684E-03  0.699161E-03  0.000000E+00  0.000000E+00  0.000000E+00  0.000000E+00
  0.284082E+01 -0.750254E-01  0.681859E-01  0.000000E+00  0.000000E+00  0.000000E+00  0.000000E+00
  0.284082E+01 -0.161980E+00 -0.190265E+00  0.000000E+00  0.000000E+00  0.000000E+00  0.000000E+00
  0.284082E+01  0.723001E-01  0.188639E+00  0.000000E+00  0.000000E+00  0.000000E+00  0.000000E+00
  0.284082E+01  0.100817E+00  0.826271E-01  0.000000E+00  0.000000E+00  0.000000E+00  0.000000E+00
  0.284082E+01  0.636755E-01 -0.214434E+00  0.000000E+00  0.000000E+00  0.000000E+00  0.000000E+00
  0.284082E+01 -0.186461E+00 -0.116179E+00  0.000000E+00  0.000000E+00  0.000000E+00  0.000000E+00
  0.284082E+01  0.124259E+00  0.557272E-01  0.000000E+00  0.000000E+00  0.000000E+00  0.000000E+00
  0.284082E+01  0.580875E-01  0.306355E-01  0.000000E+00  0.000000E+00  0.000000E+00  0.000000E+00
  0.284082E+01 -0.704293E-01  0.180504E+00  0.000000E+00  0.000000E+00  0.000000E+00  0.000000E+00
  0.284082E+01  0.110660E-01 -0.703182E-01  0.000000E+00  0.000000E+00  0.000000E+00  0.000000E+00
  0.284082E+01 -0.113559E+00  0.138763E+00  0.000000E+00  0.000000E+00  0.000000E+00  0.000000E+00
  0.284082E+01  0.204687E-01 -0.517591E-02  0.000000E+00  0.000000E+00  0.000000E+00  0.000000E+00
  0.284082E+01 -0.298262E-01 -0.229390E+00  0.000000E+00  0.000000E+00  0.000000E+00  0.000000E+00
  0.284082E+01  0.215142E-01  0.118663E-01  0.000000E+00  0.000000E+00  0.000000E+00  0.000000E+00
  0.284082E+01 -0.732130E-01  0.120821E+00  0.000000E+00  0.000000E+00  0.000000E+00  0.000000E+00
  0.284082E+01 -0.651322E-01  0.282307E-01  0.000000E+00  0.000000E+00  0.000000E+00  0.000000E+00
  0.284082E+01 -0.452200E-01  0.369965E-01  0.000000E+00  0.000000E+00  0.000000E+00  0.000000E+00
  0.284082E+01 -0.337955E-01  0.216078E-01  0.000000E+00  0.000000E+00  0.000000E+00  0.000000E+00
  0.284082E+01  0.412623E-01  0.939369E-02  0.000000E+00  0.000000E+00  0.000000E+00  0.000000E+00
  0.284082E+01  0.111321E+00  0.742873E-01  0.000000E+00  0.000000E+00  0.000000E+00  0.000000E+00
  0.284082E+01  0.179096E+00  0.424734E-01  0.000000E+00  0.000000E+00  0.000000E+00  0.000000E+00
  0.284082E+01 -0.603331E-01 -0.185865E-01  0.000000E+00  0.000000E+00  0.000000E+00  0.000000E+00
  0.284082E+01 -0.298607E-01 -0.105346E+00  0.000000E+00  0.000000E+00  0.000000E+00  0.000000E+00
  0.284082E+01  0.712095E-03 -0.845591E-05  0.000000E+00  0.000000E+00  0.000000E+00  0.000000E+00
  0.284082E+01 -0.236031E-01  0.868236E-02  0.000000E+00  0.000000E+00  0.000000E+00  0.000000E+00
  0.284082E+01  0.153346E+00 -0.147458E+00  0.000000E+00  0.000000E+00  0.000000E+00  0.000000E+00
  0.284082E+01  0.120783E+00  0.310367E-01  0.000000E+00  0.000000E+00  0.000000E+00  0.000000E+00
  0.284082E+01  0.144434E+00 -0.130179E-01  0.000000E+00  0.000000E+00  0.000000E+00  0.000000E+00
  0.284082E+01  0.482995E-02  0.147163E-01  0.000000E+00  0.000000E+00  0.000000E+00  0.000000E+00
  0.284082E+01 -0.175802E+00  0.146688E+00  0.000000E+00  0.000000E+00  0.000000E+00  0.000000E+00
  0.284082E+01 -0.130035E+00  0.419935E-01  0.000000E+00  0.000000E+00  0.000000E+00  0.000000E+00
  0.284082E+01 -0.127434E+00 -0.705745E-01  0.000000E+00  0.000000E+00  0.000000E+00  0.000000E+00
  0.284082E+01  0.411253E-01 -0.765225E-01  0.000000E+00  0.000000E+00  0.000000E+00  0.000000E+00
  0.284082E+01  0.198112E-01  0.563399E-01  0.000000E+00  0.000000E+00  0.000000E+00  0.000000E+00
  0.284082E+01  0.801710E-02  0.113278E+00  0.000000E+00  0.000000E+00  0.000000E+00  0.000000E+00
  0.284082E+01  0.627770E-01 -0.133678E+00  0.000000E+00  0.000000E+00  0.000000E+00  0.000000E+00
  0.284082E+01  0.969040E-02 -0.202958E-02  0.000000E+00  0.000000E+00  0.000000E+00  0.000000E+00
  0.284082E+01 -0.572396E-01 -0.468958E-01  0.000000E+00  0.000000E+00  0.000000E+00  0.000000E+00
  0.284082E+01 -0.591121E-01  0.860412E-01  0.000000E+00  0.000000E+00  0.000000E+00  0.000000E+00
  0.284082E+01  0.158655E-01 -0.151429E-01  0.000000E+00  0.000000E+00  0.000000E+00  0.000000E+00
  0.284082E+01  0.589754E-01 -0.476160E-01  0.000000E+00  0.000000E+00  0.000000E+00  0.000000E+00
  0.284082E+01 -0.500993E-02 -0.824330E-02  0.000000E+00  0.000000E+00  0.000000E+00  0.000000E+00
  0.284082E+01 -0.101412E+00  0.205704E+00  0.000000E+00  0.000000E+00  0.000000E+00  0.000000E+00
  0.284082E+01  0.389513E-01  0.709327E-01  0.000000E+00  0.000000E+00  0.000000E+00  0.000000E+00
  0.284082E+01  0.866524E-01 -0.212089E+00  0.000000E+00  0.000000E+00  0.000000E+00  0.000000E+00
  0.284082E+01 -0.387713E-01  0.191841E+00  0.000000E+00  0.000000E+00  0.000000E+00  0.000000E+00
  0.284082E+01 -0.177528E-01 -0.247606E+00  0.000000E+00  0.000000E+00  0.000000E+00  0.000000E+00
  0.284082E+01 -0.500537E-01  0.179457E+00  0.000000E+00  0.000000E+00  0.000000E+00  0.000000E+00
  0.284082E+01 -0.188820E+00 -0.135759E+00  0.000000E+00  0.000000E+00  0.000000E+00  0.000000E+00
  0.284082E+01 -0.264941E-03 -0.252414E-02  0.000000E+00  0.000000E+00  0.000000E+00  0.000000E+00
  0.284082E+01  0.218641E+00  0.467110E-01  0.000000E+00  0.000000E+00  0.000000E+00  0.000000E+00
  0.284082E+01 -0.839671E-02  0.101068E+00  0.000000E+00  0.000000E+00  0.000000E+00  0.000000E+00
  0.284082E+01 -0.466803E-01  0.777918E-01  0.000000E+00  0.000000E+00  0.000000E+00  0.000000E+00
  0.284082E+01  0.435528E-01 -0.960970E-02  0.000000E+00  0.000000E+00  0.000000E+00  0.000000E+00
  0.284082E+01  0.178883E+00 -0.672623E-01  0.000000E+00  0.000000E+00  0.000000E+00  0.000000E+00
  0.284082E+01 -0.201618E-01  0.172241E+00  0.000000E+00  0.000000E+00  0.000000E+00  0.000000E+00
  0.284082E+01  0.118650E+00  0.670609E-02  0.000000E+00  0.000000E+00  0.000000E+00  0.000000E+00
  0.284082E+01 -0.107896E+00 -0.861690E-01  0.000000E+00  0.000000E+00  0.000000E+00  0.000000E+00
  0.284082E+01  0.206321E+00  0.534324E-01  0.000000E+00  0.000000E+00  0.000000E+00  0.000000E+00
  0.284082E+01  0.861951E-02 -0.936234E-01  0.000000E+00  0.000000E+00  0.000000E+00  0.000000E+00
  0.284082E+01 -0.160725E+00  0.450545E-01  0.000000E+00  0.000000E+00  0.000000E+00  0.000000E+00
  0.284082E+01  0.123992E-01  0.335265E-02  0.000000E+00  0.000000E+00  0.000000E+00  0.000000E+00
  0.284082E+01  0.104717E+00  0.915526E-01  0.000000E+00  0.000000E+00  0.000000E+00  0.000000E+00
  0.284082E+01 -0.344199E-01 -0.168625E-01  0.000000E+00  0.000000E+00  0.000000E+00  0.000000E+00
  0.284082E+01 -0.432538E-02 -0.334672E-01  0.000000E+00  0.000000E+00  0.000000E+00  0.000000E+00
  0.284082E+01 -0.176661E+00 -0.494820E-01  0.000000E+00  0.000000E+00  0.000000E+00  0.000000E+00
  0.284082E+01 -0.365386E-02  0.640402E-02  0.000000E+00  0.000000E+00  0.000000E+00  0.000000E+00
  0.284082E+01 -0.529826E-01  0.416957E-01  0.000000E+00  0.000000E+00  0.000000E+00  0.000000E+00
  0.284082E+01  0.315988E-01  0.226026E-02  0.000000E+00  0.000000E+00  0.000000E+00  0.000000E+00
  0.284082E+01  0.575344E-01  0.159210E-01  0.000000E+00  0.000000E+00  0.000000E+00  0.000000E+00
  0.284082E+01  0.152116E+00 -0.307846E-01  0.000000E+00  0.000000E+00  0.000000E+00  0.000000E+00
  0.284082E+01 -0.138052E+00  0.185705E+00  0.000000E+00  0.000000E+00  0.000000E+00  0.000000E+00
  0.284082E+01  0.924559E-01 -0.480084E-01  0.000000E+00  0.000000E+00  0.000000E+00  0.000000E+00
  0.284082E+01  0.221452E+00  0.658773E-01  0.000000E+00  0.000000E+00  0.000000E+00  0.000000E+00
  0.284082E+01  0.673639E-01 -0.425931E-02  0.000000E+00  0.000000E+00  0.000000E+00  0.000000E+00
  0.284082E+01  0.227421E-01  0.282102E-01  0.000000E+00  0.000000E+00  0.000000E+00  0.000000E+00
  0.284082E+01 -0.979519E-01 -0.144256E+00  0.000000E+00  0.000000E+00  0.000000E+00  0.000000E+00
  0.284082E+01 -0.231320E+00  0.515305E-01  0.000000E+00  0.000000E+00  0.000000E+00  0.000000E+00
  0.284082E+01 -0.330823E-01  0.528700E-01  0.000000E+00  0.000000E+00  0.000000E+00  0.000000E+00
  0.284082E+01 -0.528507E-01  0.200964E+00  0.000000E+00  0.000000E+00  0.000000E+00  0.000000E+00
  0.284082E+01  0.414302E-01  0.508358E-01  0.000000E+00  0.000000E+00  0.000000E+00  0.000000E+00
  0.284082E+01  0.133729E-01  0.526005E-01  0.000000E+00  0.000000E+00  0.000000E+00  0.000000E+00
  0.284082E+01 -0.160212E-01 -0.229752E-01  0.000000E+00  0.000000E+00  0.000000E+00  0.000000E+00
  0.284082E+01  0.348006E-02 -0.113625E+00  0.000000E+00  0.000000E+00  0.000000E+00  0.000000E+00
  0.284082E+01  0.426850E-01 -0.176758E-01  0.000000E+00  0.000000E+00  0.000000E+00  0.000000E+00
  0.284082E+01  0.173527E+00  0.441200E-01  0.000000E+00  0.000000E+00  0.000000E+00  0.000000E+00
  0.284082E+01 -0.338900E-01  0.645059E-03  0.000000E+00  0.000000E+00  0.000000E+00  0.000000E+00
  0.284082E+01  0.157481E+00  0.127817E-01  0.000000E+00  0.000000E+00  0.000000E+00  0.000000E+00
  0.284082E+01  0.117525E+00  0.245664E-01  0.000000E+00  0.000000E+00  0.000000E+00  0.000000E+00
