  0.792893E+00  0.154377E-01 -0.550035E-01  0.000000E+00  0.000000E+00  0.000000E+00  0.000000E+00
  0.792893E+00  0.606046E+00 -0.100410E-01  0.000000E+00  0.000000E+00  0.000000E+00  0.000000E+00
  0.792893E+00  0.787481E+00  0.423500E+00  0.000000E+00  0.000000E+00  0.000000E+00  0.000000E+00
  0.792893E+00 -0.138348E-01 -0.667686E+00  0.000000E+00  0.000000E+00  0.000000E+00  0.000000E+00
  0.792893E+00 -0.432198E-01  0.403984E+00  0.000000E+00  0.000000E+00  0.000000E+00  0.000000E+00
  0.792893E+00 -0.532512E+00 -0.474918E+00  0.000000E+00  0.000000E+00  0.000000E+00  0.000000E+00
  0.792893E+00 -0.165567E-01  0.685387E+00  0.000000E+00  0.000000E+00  0.000000E+00  0.000000E+00
  0.792893E+00  0.242046E-01  0.498306E-01  0.000000E+00  0.000000E+00  0.000000E+00  0.000000E+00
  0.792893E+00  0.365750E+00 -0.449009E+00  0.000000E+00  0.000000E+00  0.000000E+00  0.000000E+00
  0.792893E+00 -0.119921E+00  0.284457E+00  0.000000E+00  0.000000E+00  0.000000E+00  0.000000E+00
  0.792893E+00 -0.562224E-01  0.263364E+00  0.000000E+00  0.000000E+00  0.000000E+00  0.000000E+00
  0.792893E+00  0.618641E+00  0.334923E+00  0.000000E+00  0.000000E+00  0.000000E+00  0.000000E+00
  0.792893E+00  0.222096E+00 -0.433785E-01  0.000000E+00  0.000000E+00  0.000000E+00  0.000000E+00
  0.792893E+00  0.108226E+00  0.749891E+00  0.000000E+00  0.000000E+00  0.000000E+00  0.000000E+00
  0.792893E+00 -0.265101E+00  0.380790E+00  0.000000E+00  0.000000E+00  0.000000E+00  0.000000E+00
  0.792893E+00  0.297213E+00 -0.823749E+00  0.000000E+00  0.000000E+00  0.000000E+00  0.000000E+00
  0.792893E+00 -0.144230E+00 -0.343178E+00  0.000000E+00  0.000000E+00  0.000000E+00  0.000000E+00
  0.792893E+00 -0.840944E-01  0.638699E+00  0.000000E+00  0.000000E+00  0.000000E+00  0.000000E+00
  0.792893E+00 -0.147334E+00 -0.415282E+00  0.000000E+00  0.000000E+00  0.000000E+00  0.000000E+00
  0.792893E+00  0.495449E+00 -0.391187E+00  0.000000E+00  0.000000E+00  0.000000E+00  0.000000E+00
  0.792893E+00 -0.955091E+00  0.977916E-01  0.000000E+00  0.000000E+00  0.000000E+00  0.000000E+00
  0.792893E+00  0.739191E+00 -0.280583E+00  0.000000E+00  0.000000E+00  0.000000E+00  0.000000E+00
  0.792893E+00  0.107455E+00  0.702918E+00  0.000000E+00  0.000000E+00  0.000000E+00  0.000000E+00
  0.792893E+00  0.148004E+00  0.750846E+00  0.000000E+00  0.000000E+00  0.000000E+00  0.000000E+00
  0.792893E+00 -0.335120E+00  0.127459E+00  0.000000E+00  0.000000E+00  0.000000E+00  0.000000E+00
  0.792893E+00 -0.101551E+00 -0.125560E+00  0.000000E+00  0.000000E+00  0.000000E+00  0.000000E+00
  0.792893E+00 -0.339292E+00 -0.181692E-01  0.000000E+00  0.000000E+00  0.000000E+00  0.000000E+00
  0.792893E+00  0.595606E+00 -0.370828E-01  0.000000E+00  0.000000E+00  0.000000E+00  0.000000E+00
  0.792893E+00 -0.473357E-01  0.620624E-01  0.000000E+00  0.000000E+00  0.000000E+00  0.000000E+00
  0.792893E+00  0.568428E+00 -0.790769E+00  0.000000E+00  0.000000E+00  0.000000E+00  0.000000E+00
  0.792893E+00  0.365553E-02 -0.207468E-01  0.000000E+00  0.000000E+00  0.000000E+00  0.000000E+00
  0.792893E+00  0.377094E+00  0.343628E+00  0.000000E+00  0.000000E+00  0.000000E+00  0.000000E+00
  0.792893E+00 -0.339332E+00 -0.614867E+00  0.000000E+00  0.000000E+00  0.000000E+00  0.000000E+00
  0.792893E+00  0.885512E+00 -0.311905E+00  0.000000E+00  0.000000E+00  0.000000E+00  0.000000E+00
  0.792893E+00 -0.449412E-01 -0.244538E-01  0.000000E+00  0.000000E+00  0.000000E+00  0.000000E+00
  0.792893E+00 -0.573471E-02 -0.401461E-01  0.000000E+00  0.000000E+00  0.000000E+00  0.000000E+00
  0.792893E+00 -0.703957E-01  0.215164E-01  0.000000E+00  0.000000E+00  0.000000E+00  0.000000E+00
  0.792893E+00  0.465322E-01 -0.181687E-01  0.000000E+00  0.000000E+00  0.000000E+00  0.000000E+00
  0.792893E+00  0.137961E+00  0.115151E+00  0.000000E+00  0.000000E+00  0.000000E+00  0.000000E+00
  0.792893E+00 -0.126032E+00  0.120351E+00  0.000000E+00  0.000000E+00  0.000000E+00  0.000000E+00
  0.792893E+00  0.321438E+00  0.255853E-01  0.000000E+00  0.000000E+00  0.000000E+00  0.000000E+00
  0.792893E+00 -0.625013E+00 -0.244302E+00  0.000000E+00  0.000000E+00  0.000000E+00  0.000000E+00
  0.792893E+00 -0.204813E+00  0.583011E+00  0.000000E+00  0.000000E+00  0.000000E+00  0.000000E+00
  0.792893E+00  0.479796E+00 -0.483562E+00  0.000000E+00  0.000000E+00  0.000000E+00  0.000000E+00
  0.792893E+00 -0.189274E+00 -0.401549E+00  0.000000E+00  0.000000E+00  0.000000E+00  0.000000E+00
  0.792893E+00  0.104038E+00  0.677721E-01  0.000000E+00  0.000000E+00  0.000000E+00  0.000000E+00
  0.792893E+00  0.798179E-01  0.668794E+00  0.000000E+00  0.000000E+00  0.000000E+00  0.000000E+00
  0.792893E+00  0.280779E+00  0.817202E+00  0.000000E+00  0.000000E+00  0.000000E+00  0.000000E+00
  0.792893E+00 -0.101100E+00  0.136777E+00  0.000000E+00  0.000000E+00  0.000000E+00  0.000000E+00
  0.792893E+00  0.806880E+00 -0.141152E+00  0.000000E+00  0.000000E+00  0.000000E+00  0.000000E+00
  0.792893E+00 -0.151835E-01  0.917677E-02  0.000000E+00  0.000000E+00  0.000000E+00  0.000000E+00
  0.792893E+00  0.382932E+00  0.611019E+00  0.000000E+00  0.000000E+00  0.000000E+00  0.000000E+00
  0.792893E+00 -0.715605E-03  0.906604E+00  0.000000E+00  0.000000E+00  0.000000E+00  0.000000E+00
  0.792893E+00  0.345794E-02  0.449281E-01  0.000000E+00  0.000000E+00  0.000000E+00  0.000000E+00
  0.792893E+00 -0.599864E-02 -0.389142E-02  0.000000E+00  0.000000E+00  0.000000E+00  0.000000E+00
  0.792893E+00  0.847688E-01 -0.110444E+00  0.000000E+00  0.000000E+00  0.000000E+00  0.000000E+00
  0.792893E+00  0.295446E-01 -0.205239E+00  0.000000E+00  0.000000E+00  0.000000E+00  0.000000E+00
  0.792893E+00 -0.544900E-01 -0.787886E-01  0.000000E+00  0.000000E+00  0.000000E+00  0.000000E+00
  0.792893E+00  0.854515E+00 -0.162877E+00  0.000000E+00  0.000000E+00  0.000000E+00  0.000000E+00
  0.792893E+00 -0.238779E-01  0.869968E+00  0.000000E+00  0.000000E+00  0.000000E+00  0.000000E+00
  0.792893E+00 -0.814302E+00 -0.195148E+00  0.000000E+00  0.000000E+00  0.000000E+00  0.000000E+00
  0.792893E+00  0.114988E+00 -0.721753E-01  0.000000E+00  0.000000E+00  0.000000E+00  0.000000E+00
  0.792893E+00  0.403088E+00 -0.375875E+00  0.000000E+00  0.000000E+00  0.000000E+00  0.000000E+00
  0.792893E+00 -0.585084E-01 -0.394730E-01  0.000000E+00  0.000000E+00  0.000000E+00  0.000000E+00
  0.792893E+00  0.381008E+00 -0.841272E-01  0.000000E+00  0.000000E+00  0.000000E+00  0.000000E+00
  0.792893E+00 -0.640347E+00 -0.469913E+00  0.000000E+00  0.000000E+00  0.000000E+00  0.000000E+00
  0.792893E+00 -0.763613E+00 -0.392489E+00  0.000000E+00  0.000000E+00  0.000000E+00  0.000000E+00
  0.792893E+00 -0.450881E-01  0.561264E+00  0.000000E+00  0.000000E+00  0.000000E+00  0.000000E+00
  0.792893E+00 -0.720758E+00  0.410168E-01  0.000000E+00  0.000000E+00  0.000000E+00  0.000000E+00
  0.792893E+00  0.611026E+00 -0.479760E+00  0.000000E+00  0.000000E+00  0.000000E+00  0.000000E+00
  0.792893E+00  0.104814E+00  0.306520E+00  0.000000E+00  0.000000E+00  0.000000E+00  0.000000E+00
  0.792893E+00  0.164100E-01 -0.481080E+00  0.000000E+00  0.000000E+00  0.000000E+00  0.000000E+00
  0.792893E+00 -0.511214E+00 -0.192836E+00  0.000000E+00  0.000000E+00  0.000000E+00  0.000000E+00
  0.792893E+00 -0.518839E-02 -0.288389E-01  0.000000E+00  0.000000E+00  0.000000E+00  0.000000E+00
  0.792893E+00  0.617116E+00 -0.583575E+00  0.000000E+00  0.000000E+00  0.000000E+00  0.000000E+00
  0.792893E+00 -0.388653E-01  0.568209E+00  0.000000E+00  0.000000E+00  0.000000E+00  0.000000E+00
  0.792893E+00  0.154078E+00  0.126144E+00  0.000000E+00  0.000000E+00  0.000000E+00  0.000000E+00
  0.792893E+00  0.960383E+00  0.210285E+00  0.000000E+00  0.000000E+00  0.000000E+00  0.000000E+00
  0.792893E+00  0.659694E+00 -0.112164E+00  0.000000E+00  0.000000E+00  0.000000E+00  0.000000E+00
  0.792893E+00  0.486901E+00  0.814208E+00  0.000000E+00  0.000000E+00  0.000000E+00  0.000000E+00
  0.792893E+00  0.889190E+00 -0.431359E+00  0.000000E+00  0.000000E+00  0.000000E+00  0.000000E+00
  0.792893E+00  0.300434E+00  0.193558E+00  0.000000E+00  0.000000E+00  0.000000E+00  0.000000E+00
  0.792893E+00  0.664218E+00 -0.270510E+00  0.000000E+00  0.000000E+00  0.000000E+00  0.000000E+00
  0.792893E+00 -0.325776E+00 -0.451201E-01  0.000000E+00  0.000000E+00  0.000000E+00  0.000000E+00
  0.792893E+00  0.686221E-02 -0.120165E-01  0.000000E+00  0.000000E+00  0.000000E+00  0.000000E+00
  0.792893E+00  0.463043E+00  0.842172E+00  0.000000E+00  0.000000E+00  0.000000E+00  0.000000E+00
  0.792893E+00  0.451105E+00 -0.479269E+00  0.000000E+00  0.000000E+00  0.000000E+00  0.000000E+00
  0.792893E+00  0.259394E+00 -0.197165E+00  0.000000E+00  0.000000E+00  0.000000E+00  0.000000E+00
  0.792893E+00  0.863863E+00 -0.248585E-01  0.000000E+00  0.000000E+00  0.000000E+00  0.000000E+00
  0.792893E+00 -0.535758E+00  0.339887E+00  0.000000E+00  0.000000E+00  0.000000E+00  0.000000E+00
  0.792893E+00  0.381540E+00 -0.233619E+00  0.000000E+00  0.000000E+00  0.000000E+00  0.000000E+00
  0.792893E+00  0.138397E+00  0.689312E+00  0.000000E+00  0.000000E+00  0.000000E+00  0.000000E+00
  0.792893E+00  0.309480E+00 -0.736831E+00  0.000000E+00  0.000000E+00  0.000000E+00  0.000000E+00
  0.792893E+00 -0.527936E+00  0.426487E-01  0.000000E+00  0.000000E+00  0.000000E+00  0.000000E+00
  0.792893E+00  0.952109E+00 -0.283468E+00  0.000000E+00  0.000000E+00  0.000000E+00  0.000000E+00
  0.792893E+00  0.572712E+00 -0.153501E+00  0.000000E+00  0.000000E+00  0.000000E+00  0.000000E+00
  0.792893E+00 -0.313272E+00  0.356400E+00  0.000000E+00  0.000000E+00  0.000000E+00  0.000000E+00
  0.792893E+00  0.259371E+00 -0.534012E+00  0.000000E+00  0.000000E+00  0.000000E+00  0.000000E+00
  0.792893E+00 -0.860154E+00  0.157571E+00  0.000000E+00  0.000000E+00  0.000000E+00  0.000000E+00
  0.792893E+00 -0.281272E+00 -0.321549E+00  0.000000E+00  0.000000E+00  0.000000E+00  0.000000E+00
  0.792893E+00 -0.317760E+00  0.869777E+00  0.000000E+00  0.000000E+00  0.000000E+00  0.000000E+00
  0.792893E+00  0.701158E+00  0.150940E-01  0.000000E+00  0.000000E+00  0.000000E+00  0.000000E+00
  0.792893E+00 -0.457262E-01 -0.675117E+00  0.000000E+00  0.000000E+00  0.000000E+00  0.000000E+00
  0.792893E+00 -0.558617E+00 -0.760674E-01  0.000000E+00  0.000000E+00  0.000000E+00  0.000000E+00
  0.792893E+00 -0.528090E+00  0.297702E+00  0.000000E+00  0.000000E+00  0.000000E+00  0.000000E+00
  0.792893E+00  0.697837E+00 -0.498029E+00  0.000000E+00  0.000000E+00  0.000000E+00  0.000000E+00
  0.792893E+00 -0.419158E+00 -0.133678E+00  0.000000E+00  0.000000E+00  0.000000E+00  0.000000E+00
  0.792893E+00  0.415402E+00 -0.445511E-01  0.000000E+00  0.000000E+00  0.000000E+00  0.000000E+00
  0.792893E+00  0.478624E+00  0.342787E-03  0.000000E+00  0.000000E+00  0.000000E+00  0.000000E+00
  0.792893E+00 -0.471606E+00  0.351835E+00  0.000000E+00  0.000000E+00  0.000000E+00  0.000000E+00
  0.792893E+00 -0.473994E+00 -0.259687E+00  0.000000E+00  0.000000E+00  0.000000E+00  0.000000E+00
  0.792893E+00  0.969351E-01  0.218143E+00  0.000000E+00  0.000000E+00  0.000000E+00  0.000000E+00
  0.792893E+00  0.375019E+00  0.433347E+00  0.000000E+00  0.000000E+00  0.000000E+00  0.000000E+00
  0.792893E+00 -0.894198E+00 -0.277378E+00  0.000000E+00  0.000000E+00  0.000000E+00  0.000000E+00
  0.792893E+00 -0.294079E+00  0.130727E+00  0.000000E+00  0.000000E+00  0.000000E+00  0.000000E+00
  0.792893E+00  0.736644E-01  0.314029E+00  0.000000E+00  0.000000E+00  0.000000E+00  0.000000E+00
  0.792893E+00  0.205819E-01 -0.182166E+00  0.000000E+00  0.000000E+00  0.000000E+00  0.000000E+00
  0.792893E+00  0.827284E+00  0.204630E+00  0.000000E+00  0.000000E+00  0.000000E+00  0.000000E+00
  0.792893E+00 -0.105849E+00 -0.151471E+00  0.000000E+00  0.000000E+00  0.000000E+00  0.000000E+00
  0.792893E+00  0.423096E+00  0.354227E+00  0.000000E+00  0.000000E+00  0.000000E+00  0.000000E+00
  0.792893E+00 -0.917761E-01 -0.291333E-02  0.000000E+00  0.000000E+00  0.000000E+00  0.000000E+00
  0.792893E+00  0.206314E+00  0.311741E+00  0.000000E+00  0.000000E+00  0.000000E+00  0.000000E+00
  0.792893E+00  0.146840E+00  0.469848E-02  0.000000E+00  0.000000E+00  0.000000E+00  0.000000E+00
  0.792893E+00 -0.220151E+00 -0.431078E-01  0.000000E+00  0.000000E+00  0.000000E+00  0.000000E+00
  0.792893E+00  0.167120E+00 -0.404286E+00  0.000000E+00  0.000000E+00  0.000000E+00  0.000000E+00
  0.792893E+00  0.368066E+00  0.715800E-01  0.000000E+00  0.000000E+00  0.000000E+00  0.000000E+00
  0.792893E+00  0.486888E+00 -0.448624E-01  0.000000E+00  0.000000E+00  0.000000E+00  0.000000E+00
  0.792893E+00  0.179340E+00  0.114827E+00  0.000000E+00  0.000000E+00  0.000000E+00  0.000000E+00
  0.792893E+00  0.341104E+00 -0.146044E+00  0.000000E+00  0.000000E+00  0.000000E+00  0.000000E+00
  0.792893E+00  0.353908E+00 -0.882491E-01  0.000000E+00  0.000000E+00  0.000000E+00  0.000000E+00
  0.792893E+00 -0.136084E+00  0.677900E+00  0.000000E+00  0.000000E+00  0.000000E+00  0.000000E+00
  0.792893E+00 -0.516502E-02  0.708379E+00  0.000000E+00  0.000000E+00  0.000000E+00  0.000000E+00
  0.792893E+00 -0.561102E+00 -0.159307E-02  0.000000E+00  0.000000E+00  0.000000E+00  0.000000E+00
  0.792893E+00 -0.811752E-01 -0.360328E-01  0.000000E+00  0.000000E+00  0.000000E+00  0.000000E+00
  0.792893E+00 -0.463373E+00 -0.296056E+00  0.000000E+00  0.000000E+00  0.000000E+00  0.000000E+00
  0.792893E+00 -0.169008E-01  0.935015E-01  0.000000E+00  0.000000E+00  0.000000E+00  0.000000E+00
  0.792893E+00 -0.326403E+00  0.500354E-01  0.000000E+00  0.000000E+00  0.000000E+00  0.000000E+00
  0.792893E+00 -0.536099E+00 -0.222220E+00  0.000000E+00  0.000000E+00  0.000000E+00  0.000000E+00
  0.792893E+00  0.141658E+00 -0.321034E+00  0.000000E+00  0.000000E+00  0.000000E+00  0.000000E+00
  0.792893E+00 -0.634533E-01 -0.218104E+00  0.000000E+00  0.000000E+00  0.000000E+00  0.000000E+00
  0.792893E+00  0.200157E+00 -0.235867E+00  0.000000E+00  0.000000E+00  0.000000E+00  0.000000E+00
  0.792893E+00  0.255630E+00 -0.366216E+00  0.000000E+00  0.000000E+00  0.000000E+00  0.000000E+00
  0.792893E+00  0.236997E+00  0.722312E-02  0.000000E+00  0.000000E+00  0.000000E+00  0.000000E+00
  0.792893E+00  0.321038E+00 -0.303192E+00  0.000000E+00  0.000000E+00  0.000000E+00  0.000000E+00
  0.792893E+00  0.288624E+00  0.674184E-01  0.000000E+00  0.000000E+00  0.000000E+00  0.000000E+00
  0.792893E+00 -0.469160E+00  0.563898E+00  0.000000E+00  0.000000E+00  0.000000E+00  0.000000E+00
  0.792893E+00  0.118190E+00 -0.307070E+00  0.000000E+00  0.000000E+00  0.000000E+00  0.000000E+00
  0.792893E+00  0.502748E+00 -0.125043E+00  0.000000E+00  0.000000E+00  0.000000E+00  0.000000E+00
  0.792893E+00 -0.357153E-01 -0.701843E+00  0.000000E+00  0.000000E+00  0.000000E+00  0.000000E+00
  0.792893E+00  0.214350E+00 -0.427248E+00  0.000000E+00  0.000000E+00  0.000000E+00  0.000000E+00
  0.792893E+00 -0.123548E+00 -0.124037E+00  0.000000E+00  0.000000E+00  0.000000E+00  0.000000E+00
  0.792893E+00 -0.672959E+00  0.400027E+00  0.000000E+00  0.000000E+00  0.000000E+00  0.000000E+00
  0.792893E+00 -0.704854E+00 -0.337527E-01  0.000000E+00  0.000000E+00  0.000000E+00  0.000000E+00
  0.792893E+00  0.298724E+00 -0.494806E+00  0.000000E+00  0.000000E+00  0.000000E+00  0.000000E+00
  0.792893E+00  0.669074E+00 -0.330060E+00  0.000000E+00  0.000000E+00  0.000000E+00  0.000000E+00
  0.792893E+00 -0.394523E+00  0.203435E+00  0.000000E+00  0.000000E+00  0.000000E+00  0.000000E+00
  0.792893E+00  0.754718E+00 -0.285417E+00  0.000000E+00  0.000000E+00  0.000000E+00  0.000000E+00
  0.792893E+00 -0.531217E+00  0.452520E+00  0.000000E+00  0.000000E+00  0.000000E+00  0.000000E+00
  0.792893E+00  0.594627E-01  0.730060E-01  0.000000E+00  0.000000E+00  0.000000E+00  0.000000E+00
  0.792893E+00 -0.184731E+00 -0.224626E+00  0.000000E+00  0.000000E+00  0.000000E+00  0.000000E+00
  0.792893E+00  0.183959E+00  0.271250E+00  0.000000E+00  0.000000E+00  0.000000E+00  0.000000E+00
  0.792893E+00 -0.240765E-01 -0.766664E-01  0.000000E+00  0.000000E+00  0.000000E+00  0.000000E+00
  0.792893E+00 -0.884934E-01 -0.576202E-01  0.000000E+00  0.000000E+00  0.000000E+00  0.000000E+00
  0.792893E+00  0.147989E+00  0.264489E+00  0.000000E+00  0.000000E+00  0.000000E+00  0.000000E+00
  0.792893E+00 -0.443155E-01 -0.127102E+00  0.000000E+00  0.000000E+00  0.000000E+00  0.000000E+00
  0.792893E+00 -0.829021E-01  0.141818E-01  0.000000E+00  0.000000E+00  0.000000E+00  0.000000E+00
  0.792893E+00  0.466620E-02 -0.461272E-02  0.000000E+00  0.000000E+00  0.000000E+00  0.000000E+00
  0.792893E+00 -0.664131E+00  0.738357E+00  0.000000E+00  0.000000E+00  0.000000E+00  0.000000E+00
  0.792893E+00 -0.839567E-02 -0.364003E+00  0.000000E+00  0.000000E+00  0.000000E+00  0.000000E+00
  0.792893E+00 -0.540204E+00  0.380911E+00  0.000000E+00  0.000000E+00  0.000000E+00  0.000000E+00
  0.792893E+00 -0.272495E+00  0.304728E+00  0.000000E+00  0.000000E+00  0.000000E+00  0.000000E+00
  0.792893E+00  0.494523E+00 -0.674758E+00  0.000000E+00  0.000000E+00  0.000000E+00  0.000000E+00
  0.792893E+00 -0.425591E+00  0.318306E+00  0.000000E+00  0.000000E+00  0.000000E+00  0.000000E+00
  0.792893E+00  0.826767E+00 -0.277593E+00  0.000000E+00  0.000000E+00  0.000000E+00  0.000000E+00
  0.792893E+00  0.155777E+00  0.341114E+00  0.000000E+00  0.000000E+00  0.000000E+00  0.000000E+00
  0.792893E+00  0.814799E+00  0.341542E+00  0.000000E+00  0.000000E+00  0.000000E+00  0.000000E+00
  0.792893E+00  0.115016E-01  0.370987E-02  0.000000E+00  0.000000E+00  0.000000E+00  0.000000E+00
  0.792893E+00  0.287965E+00 -0.440496E+00  0.000000E+00  0.000000E+00  0.000000E+00  0.000000E+00
  0.792893E+00 -0.650461E+00  0.456701E+00  0.000000E+00  0.000000E+00  0.000000E+00  0.000000E+00
  0.792893E+00 -0.148577E-02 -0.200219E-01  0.000000E+00  0.000000E+00  0.000000E+00  0.000000E+00
  0.792893E+00  0.130663E+00  0.220847E+00  0.000000E+00  0.000000E+00  0.000000E+00  0.000000E+00
  0.792893E+00  0.369303E+00 -0.816896E+00  0.000000E+00  0.000000E+00  0.000000E+00  0.000000E+00
  0.792893E+00 -0.566635E+00 -0.626207E+00  0.000000E+00  0.000000E+00  0.000000E+00  0.000000E+00
  0.792893E+00 -0.250741E+00  0.211271E+00  0.000000E+00  0.000000E+00  0.000000E+00  0.000000E+00
  0.792893E+00  0.371801E+00 -0.388097E+00  0.000000E+00  0.000000E+00  0.000000E+00  0.000000E+00
  0.792893E+00 -0.729435E-01 -0.137938E+00  0.000000E+00  0.000000E+00  0.000000E+00  0.000000E+00
  0.792893E+00 -0.222478E+00  0.106960E+00  0.000000E+00  0.000000E+00  0.000000E+00  0.000000E+00
  0.792893E+00  0.455416E-01  0.319319E+00  0.000000E+00  0.000000E+00  0.000000E+00  0.000000E+00
  0.792893E+00  0.627225E+00  0.536357E+00  0.000000E+00  0.000000E+00  0.000000E+00  0.000000E+00
  0.792893E+00  0.160782E+00  0.130114E+00  0.000000E+00  0.000000E+00  0.000000E+00  0.000000E+00
  0.792893E+00  0.626816E+00 -0.182896E+00  0.000000E+00  0.000000E+00  0.000000E+00  0.000000E+00
  0.792893E+00  0.844434E+00 -0.242956E+00  0.000000E+00  0.000000E+00  0.000000E+00  0.000000E+00
  0.792893E+00 -0.348374E+00  0.245623E+00  0.000000E+00  0.000000E+00  0.000000E+00  0.000000E+00
  0.792893E+00  0.152803E+00  0.940291E+00  0.000000E+00  0.000000E+00  0.000000E+00  0.000000E+00
  0.792893E+00 -0.471140E-01 -0.841430E-01  0.000000E+00  0.000000E+00  0.000000E+00  0.000000E+00
  0.792893E+00 -0.263964E+00  0.687950E+00  0.000000E+00  0.000000E+00  0.000000E+00  0.000000E+00
  0.792893E+00  0.203415E+00 -0.400472E+00  0.000000E+00  0.000000E+00  0.000000E+00  0.000000E+00
  0.792893E+00  0.137500E+00  0.177851E+00  0.000000E+00  0.000000E+00  0.000000E+00  0.000000E+00
  0.792893E+00  0.198066E+00  0.307950E+00  0.000000E+00  0.000000E+00  0.000000E+00  0.000000E+00
  0.792893E+00 -0.418431E+00 -0.911169E-02  0.000000E+00  0.000000E+00  0.000000E+00  0.000000E+00
  0.792893E+00  0.648895E+00  0.443239E+00  0.000000E+00  0.000000E+00  0.000000E+00  0.000000E+00
  0.792893E+00  0.475417E-01 -0.576318E-01  0.000000E+00  0.000000E+00  0.000000E+00  0.000000E+00
  0.792893E+00 -0.428768E+00  0.443535E+00  0.000000E+00  0.000000E+00  0.000000E+00  0.000000E+00
  0.792893E+00  0.526529E-01 -0.959523E+00  0.000000E+00  0.000000E+00  0.000000E+00  0.000000E+00
  0.792893E+00 -0.756018E+00  0.570262E+00  0.000000E+00  0.000000E+00  0.000000E+00  0.000000E+00
  0.792893E+00 -0.236740E+00  0.679371E+00  0.000000E+00  0.000000E+00  0.000000E+00  0.000000E+00
  0.792893E+00  0.178285E+00 -0.435548E+00  0.000000E+00  0.000000E+00  0.000000E+00  0.000000E+00
  0.792893E+00 -0.590210E+00  0.610241E+00  0.000000E+00  0.000000E+00  0.000000E+00  0.000000E+00
  0.792893E+00 -0.509393E+00 -0.853005E+00  0.000000E+00  0.000000E+00  0.000000E+00  0.000000E+00
  0.792893E+00 -0.226671E+00  0.188361E+00  0.000000E+00  0.000000E+00  0.000000E+00  0.000000E+00
  0.792893E+00 -0.466374E+00  0.584185E+00  0.000000E+00  0.000000E+00  0.000000E+00  0.000000E+00
  0.792893E+00  0.142207E+00 -0.461277E+00  0.000000E+00  0.000000E+00  0.000000E+00  0.000000E+00
  0.792893E+00 -0.381968E-01  0.133079E-01  0.000000E+00  0.000000E+00  0.000000E+00  0.000000E+00
  0.792893E+00 -0.574964E+00  0.779693E+00  0.000000E+00  0.000000E+00  0.000000E+00  0.000000E+00
  0.792893E+00 -0.501171E+00  0.123142E+00  0.000000E+00  0.000000E+00  0.000000E+00  0.000000E+00
  0.792893E+00 -0.361257E+00 -0.422847E+00  0.000000E+00  0.000000E+00  0.000000E+00  0.000000E+00
  0.792893E+00 -0.133435E+00 -0.652824E+00  0.000000E+00  0.000000E+00  0.000000E+00  0.000000E+00
  0.792893E+00  0.697496E+00  0.285116E+00  0.000000E+00  0.000000E+00  0.000000E+00  0.000000E+00
  0.792893E+00 -0.807474E-01 -0.591485E+00  0.000000E+00  0.000000E+00  0.000000E+00  0.000000E+00
  0.792893E+00 -0.442675E+00  0.524135E+00  0.000000E+00  0.000000E+00  0.000000E+00  0.000000E+00
  0.792893E+00 -0.885780E+00  0.214506E+00  0.000000E+00  0.000000E+00  0.000000E+00  0.000000E+00
  0.792893E+00  0.459525E-01  0.701181E+00  0.000000E+00  0.000000E+00  0.000000E+00  0.000000E+00
  0.792893E+00 -0.429703E+00 -0.106558E+00  0.000000E+00  0.000000E+00  0.000000E+00  0.000000E+00
  0.792893E+00 -0.650378E-01  0.885863E-01  0.000000E+00  0.000000E+00  0.000000E+00  0.000000E+00
  0.792893E+00  0.927146E+00 -0.364877E+00  0.000000E+00  0.000000E+00  0.000000E+00  0.000000E+00
  0.792893E+00 -0.159391E+00  0.678877E+00  0.000000E+00  0.000000E+00  0.000000E+00  0.000000E+00
  0.792893E+00 -0.692769E+00 -0.512097E+00  0.000000E+00  0.000000E+00  0.000000E+00  0.000000E+00
  0.792893E+00 -0.107225E+00 -0.636473E-01  0.000000E+00  0.000000E+00  0.000000E+00  0.000000E+00
  0.792893E+00 -0.511839E+00 -0.726810E+00  0.000000E+00  0.000000E+00  0.000000E+00  0.000000E+00
  0.792893E+00  0.693499E+00 -0.395906E+00  0.000000E+00  0.000000E+00  0.000000E+00  0.000000E+00
  0.792893E+00  0.412448E+00  0.114443E+00  0.000000E+00  0.000000E+00  0.000000E+00  0.000000E+00
  0.792893E+00 -0.198388E+00 -0.447512E+00  0.000000E+00  0.000000E+00  0.000000E+00  0.000000E+00
  0.792893E+00  0.329517E+00 -0.793615E-01  0.000000E+00  0.000000E+00  0.000000E+00  0.000000E+00
  0.792893E+00 -0.388786E+00 -0.889125E-01  0.000000E+00  0.000000E+00  0.000000E+00  0.000000E+00
  0.792893E+00 -0.839986E+00  0.508280E-02  0.000000E+00  0.000000E+00  0.000000E+00  0.000000E+00
  0.792893E+00  0.158385E+00  0.898804E-01  0.000000E+00  0.000000E+00  0.000000E+00  0.000000E+00
  0.792893E+00 -0.398910E+00 -0.609280E+00  0.000000E+00  0.000000E+00  0.000000E+00  0.000000E+00
  0.792893E+00  0.377014E-01 -0.217740E+00  0.000000E+00  0.000000E+00  0.000000E+00  0.000000E+00
  0.792893E+00  0.427398E-01  0.911944E-01  0.000000E+00  0.000000E+00  0.000000E+00  0.000000E+00
  0.792893E+00  0.284825E-01  0.896434E+00  0.000000E+00  0.000000E+00  0.000000E+00  0.000000E+00
  0.792893E+00  0.247834E+00 -0.648303E+00  0.000000E+00  0.000000E+00  0.000000E+00  0.000000E+00
  0.792893E+00  0.986850E-01  0.388157E+00  0.000000E+00  0.000000E+00  0.000000E+00  0.000000E+00
  0.792893E+00 -0.142977E-01 -0.177043E-02  0.000000E+00  0.000000E+00  0.000000E+00  0.000000E+00
  0.792893E+00 -0.439008E+00 -0.668361E+00  0.000000E+00  0.000000E+00  0.000000E+00  0.000000E+00
  0.792893E+00  0.547458E+00 -0.577230E+00  0.000000E+00  0.000000E+00  0.000000E+00  0.000000E+00
  0.792893E+00 -0.847890E+00  0.503640E-01  0.000000E+00  0.000000E+00  0.000000E+00  0.000000E+00
  0.792893E+00  0.721027E+00  0.231579E+00  0.000000E+00  0.000000E+00  0.000000E+00  0.000000E+00
  0.792893E+00 -0.420124E-01 -0.792317E-01  0.000000E+00  0.000000E+00  0.000000E+00  0.000000E+00
  0.792893E+00  0.259209E+00  0.531307E+00  0.000000E+00  0.000000E+00  0.000000E+00  0.000000E+00
  0.792893E+00 -0.666171E-01 -0.157641E-01  0.000000E+00  0.000000E+00  0.000000E+00  0.000000E+00
  0.792893E+00  0.731758E+00 -0.483831E+00  0.000000E+00  0.000000E+00  0.000000E+00  0.000000E+00
  0.792893E+00 -0.542544E+00  0.530581E+00  0.000000E+00  0.000000E+00  0.000000E+00  0.000000E+00
  0.792893E+00 -0.610340E+00  0.172558E+00  0.000000E+00  0.000000E+00  0.000000E+00  0.000000E+00
  0.792893E+00 -0.433898E-02  0.103299E-01  0.000000E+00  0.000000E+00  0.000000E+00  0.000000E+00
  0.792893E+00  0.932659E-01 -0.640271E+00  0.000000E+00  0.000000E+00  0.000000E+00  0.000000E+00
  0.792893E+00  0.324499E+00  0.135869E+00  0.000000E+00  0.000000E+00  0.000000E+00  0.000000E+00
  0.792893E+00 -0.578388E+00 -0.273311E+00  0.000000E+00  0.000000E+00  0.000000E+00  0.000000E+00
  0.792893E+00  0.411397E-01 -0.135078E+00  0.000000E+00  0.000000E+00  0.000000E+00  0.000000E+00
  0.792893E+00 -0.849731E+00 -0.377358E+00  0.000000E+00  0.000000E+00  0.000000E+00  0.000000E+00
  0.792893E+00 -0.226129E+00  0.114048E+00  0.000000E+00  0.000000E+00  0.000000E+00  0.000000E+00
  0.792893E+00  0.234167E+00  0.207899E+00  0.000000E+00  0.000000E+00  0.000000E+00  0.000000E+00
  0.792893E+00  0.654013E-01  0.678008E+00  0.000000E+00  0.000000E+00  0.000000E+00  0.000000E+00
  0.792893E+00  0.247220E+00  0.319148E+00  0.000000E+00  0.000000E+00  0.000000E+00  0.000000E+00
  0.792893E+00 -0.653293E+00  0.432474E+00  0.000000E+00  0.000000E+00  0.000000E+00  0.000000E+00
  0.792893E+00 -0.808592E+00 -0.160713E+00  0.000000E+00  0.000000E+00  0.000000E+00  0.000000E+00
  0.792893E+00 -0.107400E+00  0.289676E+00  0.000000E+00  0.000000E+00  0.000000E+00  0.000000E+00
  0.792893E+00  0.360298E+00 -0.640776E+00  0.000000E+00  0.000000E+00  0.000000E+00  0.000000E+00
  0.792893E+00  0.502278E+00 -0.529937E+00  0.000000E+00  0.000000E+00  0.000000E+00  0.000000E+00
  0.792893E+00 -0.370204E+00  0.553880E+00  0.000000E+00  0.000000E+00  0.000000E+00  0.000000E+00
  0.792893E+00 -0.248207E+00 -0.544560E+00  0.000000E+00  0.000000E+00  0.000000E+00  0.000000E+00
  0.792893E+00 -0.477459E+00  0.100088E+00  0.000000E+00  0.000000E+00  0.000000E+00  0.000000E+00
  0.792893E+00 -0.742770E+00  0.648065E+00  0.000000E+00  0.000000E+00  0.000000E+00  0.000000E+00
  0.792893E+00 -0.448045E+00 -0.297297E+00  0.000000E+00  0.000000E+00  0.000000E+00  0.000000E+00
  0.792893E+00  0.109049E+00 -0.129238E-01  0.000000E+00  0.000000E+00  0.000000E+00  0.000000E+00
  0.792893E+00  0.528302E+00  0.801755E+00  0.000000E+00  0.000000E+00  0.000000E+00  0.000000E+00
  0.792893E+00  0.562731E-01  0.141691E+00  0.000000E+00  0.000000E+00  0.000000E+00  0.000000E+00
  0.792893E+00  0.293425E-01  0.584629E-01  0.000000E+00  0.000000E+00  0.000000E+00  0.000000E+00
  0.792893E+00  0.934960E+00  0.326330E+00  0.000000E+00  0.000000E+00  0.000000E+00  0.000000E+00
  0.792893E+00  0.816820E+00 -0.331475E+00  0.000000E+00  0.000000E+00  0.000000E+00  0.000000E+00
  0.792893E+00 -0.418858E+00  0.261346E+00  0.000000E+00  0.000000E+00  0.000000E+00  0.000000E+00
  0.792893E+00  0.507001E-01  0.226030E-01  0.000000E+00  0.000000E+00  0.000000E+00  0.000000E+00
  0.792893E+00  0.156738E+00  0.112075E+00  0.000000E+00  0.000000E+00  0.000000E+00  0.000000E+00
  0.792893E+00  0.454981E-01 -0.982544E+00  0.000000E+00  0.000000E+00  0.000000E+00  0.000000E+00
  0.792893E+00 -0.210546E+00  0.758242E+00  0.000000E+00  0.000000E+00  0.000000E+00  0.000000E+00
  0.792893E+00  0.407340E+00 -0.365663E+00  0.000000E+00  0.000000E+00  0.000000E+00  0.000000E+00
  0.792893E+00 -0.203706E+00  0.216118E+00  0.000000E+00  0.000000E+00  0.000000E+00  0.000000E+00
  0.792893E+00  0.146120E+00  0.625615E+00  0.000000E+00  0.000000E+00  0.000000E+00  0.000000E+00
  0.792893E+00 -0.333932E+00 -0.821908E+00  0.000000E+00  0.000000E+00  0.000000E+00  0.000000E+00
  0.792893E+00  0.555784E+00 -0.279377E+00  0.000000E+00  0.000000E+00  0.000000E+00  0.000000E+00
  0.792893E+00  0.754677E+00 -0.558634E+00  0.000000E+00  0.000000E+00  0.000000E+00  0.000000E+00
  0.792893E+00 -0.109911E+00 -0.152935E+00  0.000000E+00  0.000000E+00  0.000000E+00  0.000000E+00
  0.792893E+00  0.130302E+00 -0.793653E+00  0.000000E+00  0.000000E+00  0.000000E+00  0.000000E+00
  0.792893E+00  0.538993E+00  0.855381E-01  0.000000E+00  0.000000E+00  0.000000E+00  0.000000E+00
  0.792893E+00  0.123027E-01  0.108636E+00  0.000000E+00  0.000000E+00  0.000000E+00  0.000000E+00
  0.792893E+00 -0.771062E-01 -0.809817E-01  0.000000E+00  0.000000E+00  0.000000E+00  0.000000E+00
  0.792893E+00  0.124398E+00  0.450989E+00  0.000000E+00  0.000000E+00  0.000000E+00  0.000000E+00
  0.792893E+00 -0.375379E-01 -0.559905E+00  0.000000E+00  0.000000E+00  0.000000E+00  0.000000E+00
  0.792893E+00 -0.307320E+00  0.994126E-01  0.000000E+00  0.000000E+00  0.000000E+00  0.000000E+00
  0.792893E+00 -0.156352E+00 -0.128434E+00  0.000000E+00  0.000000E+00  0.000000E+00  0.000000E+00
  0.792893E+00 -0.405977E-01 -0.144802E+00  0.000000E+00  0.000000E+00  0.000000E+00  0.000000E+00
  0.792893E+00 -0.328419E+00  0.772829E+00  0.000000E+00  0.000000E+00  0.000000E+00  0.000000E+00
  0.792893E+00  0.669303E+00 -0.539053E-01  0.000000E+00  0.000000E+00  0.000000E+00  0.000000E+00
  0.792893E+00  0.478311E+00  0.833074E+00  0.000000E+00  0.000000E+00  0.000000E+00  0.000000E+00
  0.792893E+00  0.108007E+00 -0.644420E+00  0.000000E+00  0.000000E+00  0.000000E+00  0.000000E+00
  0.792893E+00  0.304571E-01 -0.276857E+00  0.000000E+00  0.000000E+00  0.000000E+00  0.000000E+00
  0.792893E+00  0.380703E+00  0.784301E+00  0.000000E+00  0.000000E+00  0.000000E+00  0.000000E+00
  0.792893E+00 -0.242132E-01 -0.131102E-01  0.000000E+00  0.000000E+00  0.000000E+00  0.000000E+00
  0.792893E+00 -0.492080E-01 -0.540150E+00  0.000000E+00  0.000000E+00  0.000000E+00  0.000000E+00
  0.792893E+00 -0.137964E+00 -0.635722E-01  0.000000E+00  0.000000E+00  0.000000E+00  0.000000E+00
  0.792893E+00  0.141394E+00  0.379788E+00  0.000000E+00  0.000000E+00  0.000000E+00  0.000000E+00
  0.792893E+00 -0.709410E+00 -0.557697E+00  0.000000E+00  0.000000E+00  0.000000E+00  0.000000E+00
  0.792893E+00  0.242864E+00 -0.137751E+00  0.000000E+00  0.000000E+00  0.000000E+00  0.000000E+00
  0.792893E+00 -0.281561E-01  0.219432E+00  0.000000E+00  0.000000E+00  0.000000E+00  0.000000E+00
  0.792893E+00 -0.497058E-01 -0.111107E+00  0.000000E+00  0.000000E+00  0.000000E+00  0.000000E+00
  0.792893E+00 -0.148790E+00  0.839657E+00  0.000000E+00  0.000000E+00  0.000000E+00  0.000000E+00
  0.792893E+00 -0.174929E+00  0.742375E+00  0.000000E+00  0.000000E+00  0.000000E+00  0.000000E+00
  0.792893E+00  0.260019E-02 -0.665836E-03  0.000000E+00  0.000000E+00  0.000000E+00  0.000000E+00
  0.792893E+00 -0.231108E+00  0.339749E+00  0.000000E+00  0.000000E+00  0.000000E+00  0.000000E+00
  0.792893E+00 -0.221416E-01  0.181223E+00  0.000000E+00  0.000000E+00  0.000000E+00  0.000000E+00
  0.792893E+00 -0.396909E+00 -0.255269E+00  0.000000E+00  0.000000E+00  0.000000E+00  0.000000E+00
  0.792893E+00 -0.280883E+00  0.663647E+00  0.000000E+00  0.000000E+00  0.000000E+00  0.000000E+00
  0.792893E+00  0.160021E+00  0.641260E+00  0.000000E+00  0.000000E+00  0.000000E+00  0.000000E+00
  0.792893E+00 -0.888330E+00  0.998184E-01  0.000000E+00  0.000000E+00  0.000000E+00  0.000000E+00
  0.792893E+00 -0.102283E+00  0.489376E+00  0.000000E+00  0.000000E+00  0.000000E+00  0.000000E+00
  0.792893E+00 -0.121966E+00  0.173072E+00  0.000000E+00  0.000000E+00  0.000000E+00  0.000000E+00
  0.792893E+00 -0.900864E+00  0.296687E+00  0.000000E+00  0.000000E+00  0.000000E+00  0.000000E+00
  0.792893E+00  0.558829E+00 -0.261161E+00  0.000000E+00  0.000000E+00  0.000000E+00  0.000000E+00
  0.792893E+00 -0.146758E+00 -0.895350E+00  0.000000E+00  0.000000E+00  0.000000E+00  0.000000E+00
  0.792893E+00 -0.642496E-02 -0.154973E-01  0.000000E+00  0.000000E+00  0.000000E+00  0.000000E+00
  0.792893E+00  0.278005E+00  0.552785E+00  0.000000E+00  0.000000E+00  0.000000E+00  0.000000E+00
  0.792893E+00  0.107970E+00 -0.105457E+00  0.000000E+00  0.000000E+00  0.000000E+00  0.000000E+00
  0.792893E+00  0.283356E+00  0.155156E+00  0.000000E+00  0.000000E+00  0.000000E+00  0.000000E+00
  0.792893E+00 -0.711618E-01  0.310398E+00  0.000000E+00  0.000000E+00  0.000000E+00  0.000000E+00
  0.792893E+00  0.303992E+00 -0.445406E+00  0.000000E+00  0.000000E+00  0.000000E+00  0.000000E+00
  0.792893E+00 -0.893698E-01  0.200554E+00  0.000000E+00  0.000000E+00  0.000000E+00  0.000000E+00
  0.792893E+00  0.396878E+00  0.946725E-01  0.000000E+00  0.000000E+00  0.000000E+00  0.000000E+00
  0.792893E+00 -0.117963E+00  0.119843E+00  0.000000E+00  0.000000E+00  0.000000E+00  0.000000E+00
  0.792893E+00  0.218561E-01 -0.931638E-01  0.000000E+00  0.000000E+00  0.000000E+00  0.000000E+00
  0.792893E+00  0.397515E+00 -0.310141E+00  0.000000E+00  0.000000E+00  0.000000E+00  0.000000E+00
  0.792893E+00  0.597158E-02 -0.386509E-01  0.000000E+00  0.000000E+00  0.000000E+00  0.000000E+00
  0.792893E+00 -0.861828E-02 -0.206639E-01  0.000000E+00  0.000000E+00  0.000000E+00  0.000000E+00
  0.792893E+00  0.599532E+00  0.692971E+00  0.000000E+00  0.000000E+00  0.000000E+00  0.000000E+00
  0.792893E+00  0.393798E+00 -0.444282E+00  0.000000E+00  0.000000E+00  0.000000E+00  0.000000E+00
  0.792893E+00  0.131251E+00  0.357937E+00  0.000000E+00  0.000000E+00  0.000000E+00  0.000000E+00
  0.792893E+00  0.329289E+00 -0.915377E-01  0.000000E+00  0.000000E+00  0.000000E+00  0.000000E+00
  0.792893E+00  0.209988E+00  0.604891E+00  0.000000E+00  0.000000E+00  0.000000E+00  0.000000E+00
  0.792893E+00 -0.203609E-01  0.232923E-01  0.000000E+00  0.000000E+00  0.000000E+00  0.000000E+00
  0.792893E+00  0.444402E+00 -0.422815E+00  0.000000E+00  0.000000E+00  0.000000E+00  0.000000E+00
  0.792893E+00 -0.137019E-01  0.345610E+00  0.000000E+00  0.000000E+00  0.000000E+00  0.000000E+00
  0.792893E+00 -0.727419E+00  0.216667E-01  0.000000E+00  0.000000E+00  0.000000E+00  0.000000E+00
  0.792893E+00  0.450381E+00  0.538910E-01  0.000000E+00  0.000000E+00  0.000000E+00  0.000000E+00
  0.792893E+00  0.400214E+00 -0.899915E+00  0.000000E+00  0.000000E+00  0.000000E+00  0.000000E+00
  0.792893E+00 -0.392623E+00  0.339501E+00  0.000000E+00  0.000000E+00  0.000000E+00  0.000000E+00
  0.792893E+00 -0.243550E+00 -0.157396E+00  0.000000E+00  0.000000E+00  0.000000E+00  0.000000E+00
  0.792893E+00 -0.125259E+00 -0.429968E+00  0.000000E+00  0.000000E+00  0.000000E+00  0.000000E+00
  0.792893E+00  0.984090E-01  0.101215E+00  0.000000E+00  0.000000E+00  0.000000E+00  0.000000E+00
  0.792893E+00  0.641000E+00 -0.164660E+00  0.000000E+00  0.000000E+00  0.000000E+00  0.000000E+00
  0.792893E+00 -0.648199E+00  0.631616E+00  0.000000E+00  0.000000E+00  0.000000E+00  0.000000E+00
  0.792893E+00  0.192684E-01  0.485291E+00  0.000000E+00  0.000000E+00  0.000000E+00  0.000000E+00
  0.792893E+00  0.228953E-02 -0.908740E+00  0.000000E+00  0.000000E+00  0.000000E+00  0.000000E+00
  0.792893E+00 -0.380441E+00 -0.211761E-01  0.000000E+00  0.000000E+00  0.000000E+00  0.000000E+00
  0.792893E+00  0.268839E-01 -0.296145E-01  0.000000E+00  0.000000E+00  0.000000E+00  0.000000E+00
  0.792893E+00 -0.346163E+00  0.195110E+00  0.000000E+00  0.000000E+00  0.000000E+00  0.000000E+00
  0.792893E+00  0.415926E-01  0.559231E+00  0.000000E+00  0.000000E+00  0.000000E+00  0.000000E+00
  0.792893E+00  0.544685E-01 -0.238176E+00  0.000000E+00  0.000000E+00  0.000000E+00  0.000000E+00
  0.792893E+00  0.492765E+00  0.401611E+00  0.000000E+00  0.000000E+00  0.000000E+00  0.000000E+00
  0.792893E+00  0.184368E+00  0.540235E+00  0.000000E+00  0.000000E+00  0.000000E+00  0.000000E+00
  0.792893E+00 -0.100055E+00  0.344532E+00  0.000000E+00  0.000000E+00  0.000000E+00  0.000000E+00
  0.792893E+00  0.316872E+00  0.144191E+00  0.000000E+00  0.000000E+00  0.000000E+00  0.000000E+00
  0.792893E+00 -0.595789E+00 -0.267966E+00  0.000000E+00  0.000000E+00  0.000000E+00  0.000000E+00
  0.792893E+00  0.548384E-01  0.265602E-01  0.000000E+00  0.000000E+00  0.000000E+00  0.000000E+00
  0.792893E+00 -0.205583E-01  0.339610E-01  0.000000E+00  0.000000E+00  0.000000E+00  0.000000E+00
  0.792893E+00  0.890454E+00  0.112546E+00  0.000000E+00  0.000000E+00  0.000000E+00  0.000000E+00
  0.792893E+00 -0.179217E-01  0.511708E-01  0.000000E+00  0.000000E+00  0.000000E+00  0.000000E+00
  0.792893E+00 -0.115231E+00 -0.594609E-01  0.000000E+00  0.000000E+00  0.000000E+00  0.000000E+00
  0.792893E+00  0.103522E+00 -0.108846E+00  0.000000E+00  0.000000E+00  0.000000E+00  0.000000E+00
  0.792893E+00 -0.895453E+00  0.269736E+00  0.000000E+00  0.000000E+00  0.000000E+00  0.000000E+00
  0.792893E+00  0.441564E+00  0.606134E+00  0.000000E+00  0.000000E+00  0.000000E+00  0.000000E+00
  0.792893E+00  0.399218E+00 -0.260726E-01  0.000000E+00  0.000000E+00  0.000000E+00  0.000000E+00
  0.792893E+00 -0.745279E+00 -0.317405E+00  0.000000E+00  0.000000E+00  0.000000E+00  0.000000E+00
  0.792893E+00 -0.307124E-01 -0.319317E+00  0.000000E+00  0.000000E+00  0.000000E+00  0.000000E+00
  0.792893E+00 -0.151536E+00 -0.440397E+00  0.000000E+00  0.000000E+00  0.000000E+00  0.000000E+00
  0.792893E+00 -0.104497E+00 -0.755996E+00  0.000000E+00  0.000000E+00  0.000000E+00  0.000000E+00
  0.792893E+00 -0.131762E-01  0.128045E+00  0.000000E+00  0.000000E+00  0.000000E+00  0.000000E+00
  0.792893E+00 -0.229770E+00 -0.951784E-01  0.000000E+00  0.000000E+00  0.000000E+00  0.000000E+00
  0.792893E+00 -0.486114E-01 -0.192756E-03  0.000000E+00  0.000000E+00  0.000000E+00  0.000000E+00
  0.792893E+00  0.121978E+00  0.958155E-01  0.000000E+00  0.000000E+00  0.000000E+00  0.000000E+00
  0.792893E+00  0.253653E+00  0.387928E+00  0.000000E+00  0.000000E+00  0.000000E+00  0.000000E+00
  0.792893E+00 -0.684152E+00 -0.379813E+00  0.000000E+00  0.000000E+00  0.000000E+00  0.000000E+00
  0.792893E+00  0.599028E+00 -0.116956E+00  0.000000E+00  0.000000E+00  0.000000E+00  0.000000E+00
  0.792893E+00  0.778049E-01 -0.195328E+00  0.000000E+00  0.000000E+00  0.000000E+00  0.000000E+00
  0.792893E+00  0.785026E+00  0.191470E+00  0.000000E+00  0.000000E+00  0.000000E+00  0.000000E+00
  0.792893E+00 -0.289808E+00  0.268750E+00  0.000000E+00  0.000000E+00  0.000000E+00  0.000000E+00
  0.792893E+00  0.978036E-01 -0.720112E-01  0.000000E+00  0.000000E+00  0.000000E+00  0.000000E+00
  0.792893E+00 -0.305240E+00 -0.137827E+00  0.000000E+00  0.000000E+00  0.000000E+00  0.000000E+00
  0.792893E+00  0.921964E-01  0.116705E+00  0.000000E+00  0.000000E+00  0.000000E+00  0.000000E+00
  0.792893E+00 -0.696288E+00 -0.356709E+00  0.000000E+00  0.000000E+00  0.000000E+00  0.000000E+00
  0.792893E+00  0.553766E+00  0.212669E+00  0.000000E+00  0.000000E+00  0.000000E+00  0.000000E+00
  0.792893E+00 -0.211665E+00 -0.640993E+00  0.000000E+00  0.000000E+00  0.000000E+00  0.000000E+00
  0.792893E+00  0.826641E+00 -0.474256E+00  0.000000E+00  0.000000E+00  0.000000E+00  0.000000E+00
  0.792893E+00  0.929961E+00  0.121149E-01  0.000000E+00  0.000000E+00  0.000000E+00  0.000000E+00
  0.792893E+00  0.301794E+00  0.445513E+00  0.000000E+00  0.000000E+00  0.000000E+00  0.000000E+00
  0.792893E+00  0.169485E+00 -0.339500E+00  0.000000E+00  0.000000E+00  0.000000E+00  0.000000E+00
  0.792893E+00 -0.299153E+00 -0.259571E+00  0.000000E+00  0.000000E+00  0.000000E+00  0.000000E+00
  0.792893E+00  0.179792E+00 -0.473624E+00  0.000000E+00  0.000000E+00  0.000000E+00  0.000000E+00
  0.792893E+00 -0.363569E+00 -0.985499E-01  0.000000E+00  0.000000E+00  0.000000E+00  0.000000E+00
  0.792893E+00 -0.128234E+00 -0.363158E+00  0.000000E+00  0.000000E+00  0.000000E+00  0.000000E+00
  0.792893E+00 -0.555310E+00  0.645431E+00  0.000000E+00  0.000000E+00  0.000000E+00  0.000000E+00
  0.792893E+00  0.823898E-02  0.196214E+00  0.000000E+00  0.000000E+00  0.000000E+00  0.000000E+00
  0.792893E+00  0.651956E-04  0.539758E+00  0.000000E+00  0.000000E+00  0.000000E+00  0.000000E+00
  0.792893E+00  0.614845E+00 -0.319317E+00  0.000000E+00  0.000000E+00  0.000000E+00  0.000000E+00
  0.792893E+00  0.788113E-01  0.374100E+00  0.000000E+00  0.000000E+00  0.000000E+00  0.000000E+00
  0.792893E+00 -0.751426E-02  0.931509E-02  0.000000E+00  0.000000E+00  0.000000E+00  0.000000E+00
  0.792893E+00  0.655942E-02 -0.325840E-01  0.000000E+00  0.000000E+00  0.000000E+00  0.000000E+00
  0.792893E+00 -0.177530E-01  0.404738E-01  0.000000E+00  0.000000E+00  0.000000E+00  0.000000E+00
  0.792893E+00 -0.877971E-02 -0.172449E+00  0.000000E+00  0.000000E+00  0.000000E+00  0.000000E+00
  0.792893E+00  0.433740E+00  0.948205E-01  0.000000E+00  0.000000E+00  0.000000E+00  0.000000E+00
  0.792893E+00 -0.310702E+00 -0.318375E+00  0.000000E+00  0.000000E+00  0.000000E+00  0.000000E+00
  0.792893E+00  0.352223E+00  0.143826E+00  0.000000E+00  0.000000E+00  0.000000E+00  0.000000E+00
  0.792893E+00  0.726849E-01 -0.361314E-01  0.000000E+00  0.000000E+00  0.000000E+00  0.000000E+00
  0.792893E+00  0.309585E+00  0.399626E+00  0.000000E+00  0.000000E+00  0.000000E+00  0.000000E+00
  0.792893E+00  0.784518E+00  0.536194E+00  0.000000E+00  0.000000E+00  0.000000E+00  0.000000E+00
  0.792893E+00  0.167584E+00  0.128614E+00  0.000000E+00  0.000000E+00  0.000000E+00  0.000000E+00
  0.792893E+00 -0.330756E+00  0.157574E+00  0.000000E+00  0.000000E+00  0.000000E+00  0.000000E+00
  0.792893E+00  0.504583E+00  0.925076E-01  0.000000E+00  0.000000E+00  0.000000E+00  0.000000E+00
  0.792893E+00 -0.572974E-01  0.109609E+00  0.000000E+00  0.000000E+00  0.000000E+00  0.000000E+00
  0.792893E+00  0.895150E+00  0.664760E-01  0.000000E+00  0.000000E+00  0.000000E+00  0.000000E+00
  0.792893E+00  0.225123E+00  0.383976E-01  0.000000E+00  0.000000E+00  0.000000E+00  0.000000E+00
  0.792893E+00  0.109887E+00  0.939044E+00  0.000000E+00  0.000000E+00  0.000000E+00  0.000000E+00
  0.792893E+00  0.248003E+00 -0.180232E+00  0.000000E+00  0.000000E+00  0.000000E+00  0.000000E+00
  0.792893E+00  0.587383E-02  0.773157E-01  0.000000E+00  0.000000E+00  0.000000E+00  0.000000E+00
  0.792893E+00 -0.326552E+00  0.590751E+00  0.000000E+00  0.000000E+00  0.000000E+00  0.000000E+00
  0.792893E+00  0.574134E+00  0.790653E+00  0.000000E+00  0.000000E+00  0.000000E+00  0.000000E+00
  0.792893E+00 -0.155301E+00 -0.454191E+00  0.000000E+00  0.000000E+00  0.000000E+00  0.000000E+00
  0.792893E+00  0.827377E-01  0.638304E-01  0.000000E+00  0.000000E+00  0.000000E+00  0.000000E+00
  0.792893E+00  0.450508E+00  0.450768E+00  0.000000E+00  0.000000E+00  0.000000E+00  0.000000E+00
  0.792893E+00  0.852574E-02  0.804525E+00  0.000000E+00  0.000000E+00  0.000000E+00  0.000000E+00
  0.792893E+00  0.402337E+00  0.326614E+00  0.000000E+00  0.000000E+00  0.000000E+00  0.000000E+00
  0.792893E+00  0.928262E+00 -0.211519E+00  0.000000E+00  0.000000E+00  0.000000E+00  0.000000E+00
  0.792893E+00 -0.325032E-01  0.102575E+00  0.000000E+00  0.000000E+00  0.000000E+00  0.000000E+00
  0.792893E+00  0.183056E-01 -0.103302E-01  0.000000E+00  0.000000E+00  0.000000E+00  0.000000E+00
  0.792893E+00  0.529393E+00  0.650424E+00  0.000000E+00  0.000000E+00  0.000000E+00  0.000000E+00
  0.792893E+00 -0.838217E-01 -0.101197E+00  0.000000E+00  0.000000E+00  0.000000E+00  0.000000E+00
  0.792893E+00  0.996171E+00 -0.498758E-01  0.000000E+00  0.000000E+00  0.000000E+00  0.000000E+00
  0.792893E+00  0.416660E-02  0.676368E-02  0.000000E+00  0.000000E+00  0.000000E+00  0.000000E+00
  0.792893E+00  0.770489E+00  0.209366E+00  0.000000E+00  0.000000E+00  0.000000E+00  0.000000E+00
  0.792893E+00 -0.308707E+00  0.252518E+00  0.000000E+00  0.000000E+00  0.000000E+00  0.000000E+00
  0.792893E+00  0.634821E+00 -0.130750E+00  0.000000E+00  0.000000E+00  0.000000E+00  0.000000E+00
  0.792893E+00 -0.330430E+00  0.225651E+00  0.000000E+00  0.000000E+00  0.000000E+00  0.000000E+00
  0.792893E+00  0.806274E+00 -0.138284E+00  0.000000E+00  0.000000E+00  0.000000E+00  0.000000E+00
  0.792893E+00  0.603790E+00  0.720131E+00  0.000000E+00  0.000000E+00  0.000000E+00  0.000000E+00
  0.792893E+00  0.356974E+00 -0.317682E+00  0.000000E+00  0.000000E+00  0.000000E+00  0.000000E+00
  0.792893E+00 -0.654332E-01  0.396446E+00  0.000000E+00  0.000000E+00  0.000000E+00  0.000000E+00
  0.792893E+00  0.543948E+00  0.635364E+00  0.000000E+00  0.000000E+00  0.000000E+00  0.000000E+00
  0.792893E+00  0.114903E+00 -0.700947E+00  0.000000E+00  0.000000E+00  0.000000E+00  0.000000E+00
  0.792893E+00  0.251335E+00  0.240607E+00  0.000000E+00  0.000000E+00  0.000000E+00  0.000000E+00
  0.792893E+00  0.846711E+00 -0.248683E+00  0.000000E+00  0.000000E+00  0.000000E+00  0.000000E+00
  0.792893E+00  0.170846E+00  0.127867E+00  0.000000E+00  0.000000E+00  0.000000E+00  0.000000E+00
  0.792893E+00 -0.278604E+00 -0.526319E+00  0.000000E+00  0.000000E+00  0.000000E+00  0.000000E+00
  0.792893E+00  0.763530E-01  0.824220E+00  0.000000E+00  0.000000E+00  0.000000E+00  0.000000E+00
  0.792893E+00  0.119609E+00 -0.773222E+00  0.000000E+00  0.000000E+00  0.000000E+00  0.000000E+00
  0.792893E+00 -0.532380E+00 -0.119932E+00  0.000000E+00  0.000000E+00  0.000000E+00  0.000000E+00
  0.792893E+00 -0.843906E+00 -0.354357E-01  0.000000E+00  0.000000E+00  0.000000E+00  0.000000E+00
  0.792893E+00 -0.465727E+00 -0.518695E+00  0.000000E+00  0.000000E+00  0.000000E+00  0.000000E+00
  0.792893E+00  0.748567E+00 -0.493068E+00  0.000000E+00  0.000000E+00  0.000000E+00  0.000000E+00
  0.792893E+00  0.432539E+00 -0.327027E+00  0.000000E+00  0.000000E+00  0.000000E+00  0.000000E+00
  0.792893E+00  0.165074E+00  0.181830E+00  0.000000E+00  0.000000E+00  0.000000E+00  0.000000E+00
  0.792893E+00  0.582575E+00 -0.129279E-01  0.000000E+00  0.000000E+00  0.000000E+00  0.000000E+00
  0.792893E+00  0.338140E+00  0.604048E+00  0.000000E+00  0.000000E+00  0.000000E+00  0.000000E+00
  0.792893E+00 -0.772554E-01 -0.209772E+00  0.000000E+00  0.000000E+00  0.000000E+00  0.000000E+00
  0.792893E+00 -0.159570E+00  0.196619E+00  0.000000E+00  0.000000E+00  0.000000E+00  0.000000E+00
  0.792893E+00  0.203827E-01 -0.491756E-01  0.000000E+00  0.000000E+00  0.000000E+00  0.000000E+00
  0.792893E+00 -0.789263E+00 -0.915686E-01  0.000000E+00  0.000000E+00  0.000000E+00  0.000000E+00
  0.792893E+00 -0.172938E+00 -0.321462E+00  0.000000E+00  0.000000E+00  0.000000E+00  0.000000E+00
  0.792893E+00  0.770447E+00  0.148569E+00  0.000000E+00  0.000000E+00  0.000000E+00  0.000000E+00
  0.792893E+00 -0.700958E-03 -0.133102E-03  0.000000E+00  0.000000E+00  0.000000E+00  0.000000E+00
  0.792893E+00  0.283313E+00 -0.148520E+00  0.000000E+00  0.000000E+00  0.000000E+00  0.000000E+00
  0.792893E+00 -0.238616E+00  0.467772E-01  0.000000E+00  0.000000E+00  0.000000E+00  0.000000E+00
  0.792893E+00 -0.216963E+00  0.368328E-01  0.000000E+00  0.000000E+00  0.000000E+00  0.000000E+00
  0.792893E+00  0.661334E+00  0.432405E+00  0.000000E+00  0.000000E+00  0.000000E+00  0.000000E+00
  0.792893E+00  0.294132E-01 -0.267185E+00  0.000000E+00  0.000000E+00  0.000000E+00  0.000000E+00
  0.792893E+00 -0.749811E+00 -0.518151E+00  0.000000E+00  0.000000E+00  0.000000E+00  0.000000E+00
  0.792893E+00  0.923489E+00  0.289140E+00  0.000000E+00  0.000000E+00  0.000000E+00  0.000000E+00
  0.792893E+00  0.375564E+00  0.139700E+00  0.000000E+00  0.000000E+00  0.000000E+00  0.000000E+00
  0.792893E+00 -0.267412E+00 -0.515734E+00  0.000000E+00  0.000000E+00  0.000000E+00  0.000000E+00
  0.792893E+00 -0.710937E+00  0.471660E+00  0.000000E+00  0.000000E+00  0.000000E+00  0.000000E+00
  0.792893E+00  0.439265E+00  0.288514E+00  0.000000E+00  0.000000E+00  0.000000E+00  0.000000E+00
  0.792893E+00 -0.437212E+00 -0.216308E+00  0.000000E+00  0.000000E+00  0.000000E+00  0.000000E+00
  0.792893E+00 -0.198208E+00 -0.196494E+00  0.000000E+00  0.000000E+00  0.000000E+00  0.000000E+00
  0.792893E+00 -0.424395E+00 -0.376356E+00  0.000000E+00  0.000000E+00  0.000000E+00  0.000000E+00
  0.792893E+00  0.496698E+00  0.322639E+00  0.000000E+00  0.000000E+00  0.000000E+00  0.000000E+00
  0.792893E+00 -0.351997E+00  0.299939E+00  0.000000E+00  0.000000E+00  0.000000E+00  0.000000E+00
  0.792893E+00 -0.359690E+00  0.845369E+00  0.000000E+00  0.000000E+00  0.000000E+00  0.000000E+00
  0.792893E+00 -0.309351E-01  0.192555E+00  0.000000E+00  0.000000E+00  0.000000E+00  0.000000E+00
  0.792893E+00  0.155052E+00  0.333497E+00  0.000000E+00  0.000000E+00  0.000000E+00  0.000000E+00
  0.792893E+00  0.561136E-01  0.333331E-02  0.000000E+00  0.000000E+00  0.000000E+00  0.000000E+00
  0.792893E+00 -0.528209E+00  0.139917E+00  0.000000E+00  0.000000E+00  0.000000E+00  0.000000E+00
  0.792893E+00  0.475797E-02  0.136187E-01  0.000000E+00  0.000000E+00  0.000000E+00  0.000000E+00
  0.792893E+00  0.699273E-01 -0.960867E-01  0.000000E+00  0.000000E+00  0.000000E+00  0.000000E+00
  0.792893E+00  0.689346E-01 -0.653228E+00  0.000000E+00  0.000000E+00  0.000000E+00  0.000000E+00
  0.792893E+00  0.281311E+00 -0.919086E+00  0.000000E+00  0.000000E+00  0.000000E+00  0.000000E+00
  0.792893E+00 -0.234207E+00  0.792183E-01  0.000000E+00  0.000000E+00  0.000000E+00  0.000000E+00
  0.792893E+00 -0.141831E+00  0.566103E+00  0.000000E+00  0.000000E+00  0.000000E+00  0.000000E+00
  0.792893E+00 -0.174611E+00 -0.872743E+00  0.000000E+00  0.000000E+00  0.000000E+00  0.000000E+00
  0.792893E+00  0.306703E+00 -0.187835E+00  0.000000E+00  0.000000E+00  0.000000E+00  0.000000E+00
  0.792893E+00 -0.135193E-01  0.590985E-01  0.000000E+00  0.000000E+00  0.000000E+00  0.000000E+00
  0.792893E+00 -0.883121E-02  0.143306E+00  0.000000E+00  0.000000E+00  0.000000E+00  0.000000E+00
  0.792893E+00  0.249835E+00 -0.578125E+00  0.000000E+00  0.000000E+00  0.000000E+00  0.000000E+00
  0.792893E+00  0.123668E+00  0.704100E+00  0.000000E+00  0.000000E+00  0.000000E+00  0.000000E+00
  0.792893E+00  0.394736E-01 -0.824369E-02  0.000000E+00  0.000000E+00  0.000000E+00  0.000000E+00
  0.792893E+00 -0.461448E+00 -0.155529E+00  0.000000E+00  0.000000E+00  0.000000E+00  0.000000E+00
  0.792893E+00  0.324473E+00  0.244788E+00  0.000000E+00  0.000000E+00  0.000000E+00  0.000000E+00
  0.792893E+00 -0.210959E+00 -0.182290E+00  0.000000E+00  0.000000E+00  0.000000E+00  0.000000E+00
  0.792893E+00 -0.774148E-01 -0.217824E-02  0.000000E+00  0.000000E+00  0.000000E+00  0.000000E+00
  0.792893E+00 -0.144952E+00  0.673902E+00  0.000000E+00  0.000000E+00  0.000000E+00  0.000000E+00
  0.792893E+00  0.650690E+00 -0.537175E+00  0.000000E+00  0.000000E+00  0.000000E+00  0.000000E+00
  0.792893E+00 -0.280996E+00  0.260743E+00  0.000000E+00  0.000000E+00  0.000000E+00  0.000000E+00
  0.792893E+00  0.474493E-01  0.214441E+00  0.000000E+00  0.000000E+00  0.000000E+00  0.000000E+00
  0.792893E+00 -0.405442E+00 -0.383291E+00  0.000000E+00  0.000000E+00  0.000000E+00  0.000000E+00
  0.792893E+00 -0.612005E-02 -0.509729E-01  0.000000E+00  0.000000E+00  0.000000E+00  0.000000E+00
  0.792893E+00  0.897458E+00 -0.403254E+00  0.000000E+00  0.000000E+00  0.000000E+00  0.000000E+00
  0.792893E+00  0.620649E-01 -0.146599E+00  0.000000E+00  0.000000E+00  0.000000E+00  0.000000E+00
  0.792893E+00 -0.903615E+00 -0.336864E+00  0.000000E+00  0.000000E+00  0.000000E+00  0.000000E+00
  0.792893E+00  0.212487E+00  0.320849E+00  0.000000E+00  0.000000E+00  0.000000E+00  0.000000E+00
  0.792893E+00 -0.161457E+00  0.667584E+00  0.000000E+00  0.000000E+00  0.000000E+00  0.000000E+00
  0.792893E+00 -0.173303E-02 -0.808116E-02  0.000000E+00  0.000000E+00  0.000000E+00  0.000000E+00
  0.792893E+00  0.973396E-01 -0.235664E+00  0.000000E+00  0.000000E+00  0.000000E+00  0.000000E+00
  0.792893E+00 -0.116796E-04  0.269008E-04  0.000000E+00  0.000000E+00  0.000000E+00  0.000000E+00
  0.792893E+00 -0.128007E-01 -0.211340E-02  0.000000E+00  0.000000E+00  0.000000E+00  0.000000E+00
  0.792893E+00  0.207810E+00 -0.121620E+00  0.000000E+00  0.000000E+00  0.000000E+00  0.000000E+00
  0.792893E+00  0.892401E+00  0.169355E+00  0.000000E+00  0.000000E+00  0.000000E+00  0.000000E+00
  0.792893E+00  0.248514E+00  0.918573E+00  0.000000E+00  0.000000E+00  0.000000E+00  0.000000E+00
  0.792893E+00  0.269171E+00 -0.769577E+00  0.000000E+00  0.000000E+00  0.000000E+00  0.000000E+00
  0.792893E+00  0.649152E+00 -0.252901E+00  0.000000E+00  0.000000E+00  0.000000E+00  0.000000E+00
  0.792893E+00  0.519479E+00  0.231566E+00  0.000000E+00  0.000000E+00  0.000000E+00  0.000000E+00
  0.792893E+00  0.498149E+00  0.261448E+00  0.000000E+00  0.000000E+00  0.000000E+00  0.000000E+00
  0.792893E+00 -0.599754E+00 -0.632601E-01  0.000000E+00  0.000000E+00  0.000000E+00  0.000000E+00
  0.792893E+00  0.613732E+00 -0.363919E+00  0.000000E+00  0.000000E+00  0.000000E+00  0.000000E+00
  0.792893E+00 -0.364186E+00  0.688560E+00  0.000000E+00  0.000000E+00  0.000000E+00  0.000000E+00
  0.792893E+00 -0.215249E+00 -0.847655E-01  0.000000E+00  0.000000E+00  0.000000E+00  0.000000E+00
  0.792893E+00 -0.100293E-02 -0.462095E+00  0.000000E+00  0.000000E+00  0.000000E+00  0.000000E+00
  0.792893E+00  0.250819E+00  0.305919E+00  0.000000E+00  0.000000E+00  0.000000E+00  0.000000E+00
  0.792893E+00 -0.945455E+00 -0.136674E+00  0.000000E+00  0.000000E+00  0.000000E+00  0.000000E+00
  0.792893E+00 -0.236023E-01  0.205542E-03  0.000000E+00  0.000000E+00  0.000000E+00  0.000000E+00
  0.792893E+00 -0.441516E-01 -0.422833E+00  0.000000E+00  0.000000E+00  0.000000E+00  0.000000E+00
  0.792893E+00 -0.185713E-01 -0.821412E-01  0.000000E+00  0.000000E+00  0.000000E+00  0.000000E+00
  0.792893E+00  0.693310E+00  0.411262E+00  0.000000E+00  0.000000E+00  0.000000E+00  0.000000E+00
  0.792893E+00 -0.593502E+00 -0.606676E+00  0.000000E+00  0.000000E+00  0.000000E+00  0.000000E+00
  0.792893E+00 -0.806933E+00  0.510628E+00  0.000000E+00  0.000000E+00  0.000000E+00  0.000000E+00
  0.792893E+00 -0.149776E+00  0.100405E+00  0.000000E+00  0.000000E+00  0.000000E+00  0.000000E+00
  0.792893E+00  0.594081E+00  0.193407E+00  0.000000E+00  0.000000E+00  0.000000E+00  0.000000E+00
  0.792893E+00 -0.311796E+00  0.134026E+00  0.000000E+00  0.000000E+00  0.000000E+00  0.000000E+00
  0.792893E+00  0.164037E+00  0.179118E+00  0.000000E+00  0.000000E+00  0.000000E+00  0.000000E+00
  0.792893E+00  0.180755E+00 -0.725292E+00  0.000000E+00  0.000000E+00  0.000000E+00  0.000000E+00
  0.792893E+00  0.966456E+00 -0.251631E+00  0.000000E+00  0.000000E+00  0.000000E+00  0.000000E+00
  0.792893E+00 -0.850176E+00 -0.145207E+00  0.000000E+00  0.000000E+00  0.000000E+00  0.000000E+00
  0.792893E+00  0.787497E+00 -0.587394E+00  0.000000E+00  0.000000E+00  0.000000E+00  0.000000E+00
  0.792893E+00  0.486443E-02  0.122477E-01  0.000000E+00  0.000000E+00  0.000000E+00  0.000000E+00
  0.792893E+00  0.416216E-01  0.101481E-01  0.000000E+00  0.000000E+00  0.000000E+00  0.000000E+00
  0.792893E+00 -0.789642E+00 -0.113548E+00  0.000000E+00  0.000000E+00  0.000000E+00  0.000000E+00
  0.792893E+00 -0.169304E+00  0.530257E+00  0.000000E+00  0.000000E+00  0.000000E+00  0.000000E+00
  0.792893E+00 -0.577162E+00 -0.716602E+00  0.000000E+00  0.000000E+00  0.000000E+00  0.000000E+00
  0.792893E+00 -0.159164E-01  0.948673E+00  0.000000E+00  0.000000E+00  0.000000E+00  0.000000E+00
  0.792893E+00  0.530194E+00  0.580285E+00  0.000000E+00  0.000000E+00  0.000000E+00  0.000000E+00
  0.792893E+00 -0.265785E+00 -0.164875E+00  0.000000E+00  0.000000E+00  0.000000E+00  0.000000E+00
  0.792893E+00 -0.485622E+00 -0.451092E+00  0.000000E+00  0.000000E+00  0.000000E+00  0.000000E+00
  0.792893E+00 -0.949200E-02 -0.591389E-02  0.000000E+00  0.000000E+00  0.000000E+00  0.000000E+00
  0.792893E+00  0.619162E+00 -0.572936E-02  0.000000E+00  0.000000E+00  0.000000E+00  0.000000E+00
  0.792893E+00  0.557502E-01 -0.791399E+00  0.000000E+00  0.000000E+00  0.000000E+00  0.000000E+00
  0.792893E+00  0.612079E+00  0.305727E+00  0.000000E+00  0.000000E+00  0.000000E+00  0.000000E+00
  0.792893E+00 -0.113640E-01 -0.258336E+00  0.000000E+00  0.000000E+00  0.000000E+00  0.000000E+00
  0.792893E+00  0.244011E+00 -0.735309E+00  0.000000E+00  0.000000E+00  0.000000E+00  0.000000E+00
  0.792893E+00 -0.439936E+00 -0.586179E+00  0.000000E+00  0.000000E+00  0.000000E+00  0.000000E+00
  0.792893E+00  0.234422E+00 -0.315337E-01  0.000000E+00  0.000000E+00  0.000000E+00  0.000000E+00
  0.792893E+00 -0.493827E+00 -0.664588E+00  0.000000E+00  0.000000E+00  0.000000E+00  0.000000E+00
  0.792893E+00 -0.302856E+00 -0.245729E+00  0.000000E+00  0.000000E+00  0.000000E+00  0.000000E+00
  0.792893E+00 -0.852149E-01 -0.103807E+00  0.000000E+00  0.000000E+00  0.000000E+00  0.000000E+00
  0.792893E+00  0.167117E+00  0.344303E+00  0.000000E+00  0.000000E+00  0.000000E+00  0.000000E+00
  0.792893E+00 -0.916678E-01 -0.416482E+00  0.000000E+00  0.000000E+00  0.000000E+00  0.000000E+00
  0.792893E+00 -0.359784E-01  0.206872E+00  0.000000E+00  0.000000E+00  0.000000E+00  0.000000E+00
  0.792893E+00 -0.361577E+00  0.270129E-01  0.000000E+00  0.000000E+00  0.000000E+00  0.000000E+00
  0.792893E+00  0.334764E+00 -0.794314E-03  0.000000E+00  0.000000E+00  0.000000E+00  0.000000E+00
  0.792893E+00  0.258736E+00  0.247008E-01  0.000000E+00  0.000000E+00  0.000000E+00  0.000000E+00
  0.792893E+00  0.121142E-02 -0.460463E+00  0.000000E+00  0.000000E+00  0.000000E+00  0.000000E+00
  0.792893E+00 -0.516152E+00 -0.397178E+00  0.000000E+00  0.000000E+00  0.000000E+00  0.000000E+00
  0.792893E+00  0.226152E-02  0.451501E+00  0.000000E+00  0.000000E+00  0.000000E+00  0.000000E+00
  0.792893E+00 -0.137449E+00 -0.224533E+00  0.000000E+00  0.000000E+00  0.000000E+00  0.000000E+00
  0.792893E+00 -0.286759E+00 -0.736583E-01  0.000000E+00  0.000000E+00  0.000000E+00  0.000000E+00
  0.792893E+00  0.807192E+00 -0.175827E+00  0.000000E+00  0.000000E+00  0.000000E+00  0.000000E+00
  0.792893E+00 -0.795811E-02 -0.676434E-02  0.000000E+00  0.000000E+00  0.000000E+00  0.000000E+00
  0.792893E+00 -0.979654E-02 -0.796521E-01  0.000000E+00  0.000000E+00  0.000000E+00  0.000000E+00
  0.792893E+00 -0.164039E+00 -0.787590E-01  0.000000E+00  0.000000E+00  0.000000E+00  0.000000E+00
  0.792893E+00  0.186233E+00  0.427272E+00  0.000000E+00  0.000000E+00  0.000000E+00  0.000000E+00
  0.792893E+00  0.305703E+00 -0.282265E-01  0.000000E+00  0.000000E+00  0.000000E+00  0.000000E+00
  0.792893E+00  0.518747E-01 -0.115790E+00  0.000000E+00  0.000000E+00  0.000000E+00  0.000000E+00
  0.792893E+00 -0.195996E+00  0.518873E+00  0.000000E+00  0.000000E+00  0.000000E+00  0.000000E+00
  0.792893E+00 -0.906488E-01  0.194066E+00  0.000000E+00  0.000000E+00  0.000000E+00  0.000000E+00
  0.792893E+00  0.857947E+00  0.834783E-01  0.000000E+00  0.000000E+00  0.000000E+00  0.000000E+00
  0.792893E+00 -0.386545E+00  0.802073E+00  0.000000E+00  0.000000E+00  0.000000E+00  0.000000E+00
  0.792893E+00  0.318397E+00 -0.528826E+00  0.000000E+00  0.000000E+00  0.000000E+00  0.000000E+00
  0.792893E+00  0.438536E+00 -0.328930E+00  0.000000E+00  0.000000E+00  0.000000E+00  0.000000E+00
  0.792893E+00 -0.625183E+00  0.294624E+00  0.000000E+00  0.000000E+00  0.000000E+00  0.000000E+00
  0.792893E+00 -0.488274E+00  0.159488E+00  0.000000E+00  0.000000E+00  0.000000E+00  0.000000E+00
  0.792893E+00 -0.608048E+00 -0.347884E+00  0.000000E+00  0.000000E+00  0.000000E+00  0.000000E+00
  0.792893E+00 -0.376918E+00  0.918644E+00  0.000000E+00  0.000000E+00  0.000000E+00  0.000000E+00
  0.792893E+00 -0.127376E+00 -0.269442E+00  0.000000E+00  0.000000E+00  0.000000E+00  0.000000E+00
  0.792893E+00  0.285698E+00  0.883900E+00  0.000000E+00  0.000000E+00  0.000000E+00  0.000000E+00
  0.792893E+00  0.202361E+00 -0.574852E+00  0.000000E+00  0.000000E+00  0.000000E+00  0.000000E+00
  0.792893E+00  0.111172E-01  0.744214E+00  0.000000E+00  0.000000E+00  0.000000E+00  0.000000E+00
  0.792893E+00  0.989107E+00  0.111858E+00  0.000000E+00  0.000000E+00  0.000000E+00  0.000000E+00
  0.792893E+00 -0.612752E+00  0.489835E+00  0.000000E+00  0.000000E+00  0.000000E+00  0.000000E+00
  0.792893E+00  0.424406E+00  0.643088E+00  0.000000E+00  0.000000E+00  0.000000E+00  0.000000E+00
  0.792893E+00  0.156848E+00 -0.796385E+00  0.000000E+00  0.000000E+00  0.000000E+00  0.000000E+00
  0.792893E+00  0.745324E-01 -0.816016E+00  0.000000E+00  0.000000E+00  0.000000E+00  0.000000E+00
  0.792893E+00  0.607299E+00 -0.200748E+00  0.000000E+00  0.000000E+00  0.000000E+00  0.000000E+00
  0.792893E+00 -0.429075E+00 -0.220767E-01  0.000000E+00  0.000000E+00  0.000000E+00  0.000000E+00
  0.792893E+00 -0.127533E+00  0.110762E+00  0.000000E+00  0.000000E+00  0.000000E+00  0.000000E+00
  0.792893E+00 -0.632275E-01  0.715228E-02  0.000000E+00  0.000000E+00  0.000000E+00  0.000000E+00
  0.792893E+00 -0.206427E+00 -0.267240E-01  0.000000E+00  0.000000E+00  0.000000E+00  0.000000E+00
  0.792893E+00  0.442698E+00 -0.613554E+00  0.000000E+00  0.000000E+00  0.000000E+00  0.000000E+00
  0.792893E+00  0.190164E+00  0.392995E+00  0.000000E+00  0.000000E+00  0.000000E+00  0.000000E+00
  0.792893E+00 -0.542670E-01 -0.313330E+00  0.000000E+00  0.000000E+00  0.000000E+00  0.000000E+00
  0.792893E+00  0.134552E+00  0.116487E+00  0.000000E+00  0.000000E+00  0.000000E+00  0.000000E+00
  0.792893E+00 -0.131989E+00 -0.280371E+00  0.000000E+00  0.000000E+00  0.000000E+00  0.000000E+00
  0.792893E+00  0.751347E+00 -0.258544E+00  0.000000E+00  0.000000E+00  0.000000E+00  0.000000E+00
  0.792893E+00 -0.302129E-01  0.408906E+00  0.000000E+00  0.000000E+00  0.000000E+00  0.000000E+00
  0.792893E+00  0.231241E+00 -0.914791E+00  0.000000E+00  0.000000E+00  0.000000E+00  0.000000E+00
  0.792893E+00 -0.212580E+00 -0.392491E-01  0.000000E+00  0.000000E+00  0.000000E+00  0.000000E+00
  0.792893E+00  0.165556E+00 -0.384827E+00  0.000000E+00  0.000000E+00  0.000000E+00  0.000000E+00
  0.792893E+00 -0.569357E+00  0.299019E+00  0.000000E+00  0.000000E+00  0.000000E+00  0.000000E+00
  0.792893E+00 -0.509304E+00 -0.656613E+00  0.000000E+00  0.000000E+00  0.000000E+00  0.000000E+00
  0.792893E+00  0.560509E+00 -0.121647E+00  0.000000E+00  0.000000E+00  0.000000E+00  0.000000E+00
  0.792893E+00  0.467942E+00  0.191111E+00  0.000000E+00  0.000000E+00  0.000000E+00  0.000000E+00
  0.792893E+00 -0.485491E+00  0.789242E+00  0.000000E+00  0.000000E+00  0.000000E+00  0.000000E+00
  0.792893E+00 -0.549291E-03 -0.167548E-03  0.000000E+00  0.000000E+00  0.000000E+00  0.000000E+00
  0.792893E+00  0.173933E+00 -0.604609E+00  0.000000E+00  0.000000E+00  0.000000E+00  0.000000E+00
  0.792893E+00  0.724523E-01 -0.101443E-01  0.000000E+00  0.000000E+00  0.000000E+00  0.000000E+00
  0.792893E+00 -0.572664E-01 -0.564221E+00  0.000000E+00  0.000000E+00  0.000000E+00  0.000000E+00
  0.792893E+00  0.318685E+00 -0.644120E+00  0.000000E+00  0.000000E+00  0.000000E+00  0.000000E+00
  0.792893E+00 -0.444641E-01  0.155150E+00  0.000000E+00  0.000000E+00  0.000000E+00  0.000000E+00
  0.792893E+00  0.438220E+00  0.189808E+00  0.000000E+00  0.000000E+00  0.000000E+00  0.000000E+00
  0.792893E+00  0.174067E+00  0.581614E+00  0.000000E+00  0.000000E+00  0.000000E+00  0.000000E+00
  0.792893E+00 -0.303529E+00 -0.560617E+00  0.000000E+00  0.000000E+00  0.000000E+00  0.000000E+00
  0.792893E+00  0.379481E-02  0.836729E-01  0.000000E+00  0.000000E+00  0.000000E+00  0.000000E+00
  0.792893E+00 -0.469669E-03 -0.574888E+00  0.000000E+00  0.000000E+00  0.000000E+00  0.000000E+00
  0.792893E+00 -0.163705E+00  0.686624E-01  0.000000E+00  0.000000E+00  0.000000E+00  0.000000E+00
  0.792893E+00  0.921563E-01 -0.488259E+00  0.000000E+00  0.000000E+00  0.000000E+00  0.000000E+00
  0.792893E+00 -0.791489E-01  0.589946E+00  0.000000E+00  0.000000E+00  0.000000E+00  0.000000E+00
  0.792893E+00 -0.459942E-01  0.451944E-01  0.000000E+00  0.000000E+00  0.000000E+00  0.000000E+00
  0.792893E+00 -0.518376E+00  0.488548E+00  0.000000E+00  0.000000E+00  0.000000E+00  0.000000E+00
  0.792893E+00 -0.332385E+00  0.275195E-01  0.000000E+00  0.000000E+00  0.000000E+00  0.000000E+00
  0.792893E+00 -0.520866E+00 -0.122179E+00  0.000000E+00  0.000000E+00  0.000000E+00  0.000000E+00
  0.792893E+00 -0.267161E+00  0.284526E-01  0.000000E+00  0.000000E+00  0.000000E+00  0.000000E+00
  0.792893E+00 -0.150691E+00 -0.803057E-01  0.000000E+00  0.000000E+00  0.000000E+00  0.000000E+00
  0.792893E+00 -0.435127E+00 -0.174044E+00  0.000000E+00  0.000000E+00  0.000000E+00  0.000000E+00
  0.792893E+00  0.256556E+00  0.731998E+00  0.000000E+00  0.000000E+00  0.000000E+00  0.000000E+00
  0.792893E+00 -0.173890E-01  0.954175E+00  0.000000E+00  0.000000E+00  0.000000E+00  0.000000E+00
  0.792893E+00  0.339462E+00  0.243225E+00  0.000000E+00  0.000000E+00  0.000000E+00  0.000000E+00
  0.792893E+00  0.117375E+00  0.413602E+00  0.000000E+00  0.000000E+00  0.000000E+00  0.000000E+00
  0.792893E+00 -0.941011E-01  0.601900E+00  0.000000E+00  0.000000E+00  0.000000E+00  0.000000E+00
  0.792893E+00  0.307137E+00 -0.275111E+00  0.000000E+00  0.000000E+00  0.000000E+00  0.000000E+00
  0.792893E+00  0.544927E+00 -0.713587E+00  0.000000E+00  0.000000E+00  0.000000E+00  0.000000E+00
  0.792893E+00 -0.754125E+00  0.554540E+00  0.000000E+00  0.000000E+00  0.000000E+00  0.000000E+00
  0.792893E+00 -0.706621E+00 -0.171636E-01  0.000000E+00  0.000000E+00  0.000000E+00  0.000000E+00
  0.792893E+00 -0.512182E+00 -0.147164E+00  0.000000E+00  0.000000E+00  0.000000E+00  0.000000E+00
  0.792893E+00  0.166955E-01  0.159845E+00  0.000000E+00  0.000000E+00  0.000000E+00  0.000000E+00
  0.792893E+00  0.267518E-01 -0.107549E+00  0.000000E+00  0.000000E+00  0.000000E+00  0.000000E+00
  0.792893E+00 -0.773121E+00  0.142447E+00  0.000000E+00  0.000000E+00  0.000000E+00  0.000000E+00
  0.792893E+00  0.421725E+00  0.473523E+00  0.000000E+00  0.000000E+00  0.000000E+00  0.000000E+00
  0.792893E+00 -0.280336E+00  0.316893E+00  0.000000E+00  0.000000E+00  0.000000E+00  0.000000E+00
  0.792893E+00 -0.326630E-01  0.261416E+00  0.000000E+00  0.000000E+00  0.000000E+00  0.000000E+00
  0.792893E+00 -0.575903E+00  0.135637E+00  0.000000E+00  0.000000E+00  0.000000E+00  0.000000E+00
  0.792893E+00 -0.500911E+00  0.428455E+00  0.000000E+00  0.000000E+00  0.000000E+00  0.000000E+00
  0.792893E+00 -0.237195E-01  0.379552E-02  0.000000E+00  0.000000E+00  0.000000E+00  0.000000E+00
  0.792893E+00 -0.420075E+00 -0.826110E+00  0.000000E+00  0.000000E+00  0.000000E+00  0.000000E+00
  0.792893E+00 -0.544464E+00  0.637963E+00  0.000000E+00  0.000000E+00  0.000000E+00  0.000000E+00
  0.792893E+00  0.214627E+00  0.376275E+00  0.000000E+00  0.000000E+00  0.000000E+00  0.000000E+00
  0.792893E+00 -0.407355E+00  0.397815E+00  0.000000E+00  0.000000E+00  0.000000E+00  0.000000E+00
  0.792893E+00 -0.126783E+00  0.510576E+00  0.000000E+00  0.000000E+00  0.000000E+00  0.000000E+00
  0.792893E+00 -0.139674E-01  0.298665E+00  0.000000E+00  0.000000E+00  0.000000E+00  0.000000E+00
  0.792893E+00 -0.145657E+00 -0.508827E+00  0.000000E+00  0.000000E+00  0.000000E+00  0.000000E+00
  0.792893E+00 -0.679297E+00  0.730650E+00  0.000000E+00  0.000000E+00  0.000000E+00  0.000000E+00
  0.792893E+00  0.155475E+00  0.209010E+00  0.000000E+00  0.000000E+00  0.000000E+00  0.000000E+00
  0.792893E+00  0.721441E+00 -0.170389E-01  0.000000E+00  0.000000E+00  0.000000E+00  0.000000E+00
  0.792893E+00 -0.677923E+00  0.334517E+00  0.000000E+00  0.000000E+00  0.000000E+00  0.000000E+00
  0.792893E+00 -0.285954E+00 -0.331291E+00  0.000000E+00  0.000000E+00  0.000000E+00  0.000000E+00
  0.792893E+00 -0.232173E+00 -0.856375E-01  0.000000E+00  0.000000E+00  0.000000E+00  0.000000E+00
  0.792893E+00  0.542246E+00 -0.218189E+00  0.000000E+00  0.000000E+00  0.000000E+00  0.000000E+00
  0.792893E+00  0.738003E+00  0.274959E-01  0.000000E+00  0.000000E+00  0.000000E+00  0.000000E+00
  0.792893E+00 -0.648370E+00  0.766568E-01  0.000000E+00  0.000000E+00  0.000000E+00  0.000000E+00
  0.792893E+00 -0.415007E-02 -0.338327E-02  0.000000E+00  0.000000E+00  0.000000E+00  0.000000E+00
  0.792893E+00  0.231464E+00  0.565465E+00  0.000000E+00  0.000000E+00  0.000000E+00  0.000000E+00
  0.792893E+00  0.772989E-01 -0.425031E+00  0.000000E+00  0.000000E+00  0.000000E+00  0.000000E+00
  0.792893E+00  0.241790E+00  0.278052E+00  0.000000E+00  0.000000E+00  0.000000E+00  0.000000E+00
  0.792893E+00 -0.311022E-01 -0.572856E+00  0.000000E+00  0.000000E+00  0.000000E+00  0.000000E+00
  0.792893E+00 -0.272980E-01  0.399288E+00  0.000000E+00  0.000000E+00  0.000000E+00  0.000000E+00
  0.792893E+00 -0.238223E+00  0.945134E-01  0.000000E+00  0.000000E+00  0.000000E+00  0.000000E+00
  0.792893E+00  0.386026E+00 -0.297484E+00  0.000000E+00  0.000000E+00  0.000000E+00  0.000000E+00
  0.792893E+00 -0.599074E+00  0.487134E+00  0.000000E+00  0.000000E+00  0.000000E+00  0.000000E+00
  0.792893E+00  0.332635E+00 -0.282903E+00  0.000000E+00  0.000000E+00  0.000000E+00  0.000000E+00
  0.792893E+00  0.381954E+00 -0.917873E+00  0.000000E+00  0.000000E+00  0.000000E+00  0.000000E+00
  0.792893E+00 -0.564549E+00  0.452337E-01  0.000000E+00  0.000000E+00  0.000000E+00  0.000000E+00
  0.792893E+00  0.698165E-01 -0.481043E+00  0.000000E+00  0.000000E+00  0.000000E+00  0.000000E+00
  0.792893E+00 -0.431083E+00  0.679216E+00  0.000000E+00  0.000000E+00  0.000000E+00  0.000000E+00
  0.792893E+00 -0.207410E+00 -0.762982E-01  0.000000E+00  0.000000E+00  0.000000E+00  0.000000E+00
  0.792893E+00  0.231574E+00 -0.821347E+00  0.000000E+00  0.000000E+00  0.000000E+00  0.000000E+00
  0.792893E+00  0.496538E-01  0.982823E-02  0.000000E+00  0.000000E+00  0.000000E+00  0.000000E+00
  0.792893E+00  0.563965E+00 -0.269706E+00  0.000000E+00  0.000000E+00  0.000000E+00  0.000000E+00
  0.792893E+00  0.503966E-02 -0.627021E+00  0.000000E+00  0.000000E+00  0.000000E+00  0.000000E+00
  0.792893E+00  0.221384E+00  0.134816E+00  0.000000E+00  0.000000E+00  0.000000E+00  0.000000E+00
  0.792893E+00 -0.621416E-01  0.453571E+00  0.000000E+00  0.000000E+00  0.000000E+00  0.000000E+00
  0.792893E+00 -0.907473E-02  0.309582E-01  0.000000E+00  0.000000E+00  0.000000E+00  0.000000E+00
  0.792893E+00  0.189055E+00  0.324567E+00  0.000000E+00  0.000000E+00  0.000000E+00  0.000000E+00
  0.792893E+00  0.248490E+00  0.326968E+00  0.000000E+00  0.000000E+00  0.000000E+00  0.000000E+00
  0.792893E+00 -0.250608E-01 -0.497293E-02  0.000000E+00  0.000000E+00  0.000000E+00  0.000000E+00
  0.792893E+00 -0.423373E+00  0.707854E+00  0.000000E+00  0.000000E+00  0.000000E+00  0.000000E+00
  0.792893E+00 -0.509665E+00 -0.507006E+00  0.000000E+00  0.000000E+00  0.000000E+00  0.000000E+00
  0.792893E+00  0.598579E+00  0.439698E-01  0.000000E+00  0.000000E+00  0.000000E+00  0.000000E+00
  0.792893E+00 -0.514283E-01 -0.848945E-01  0.000000E+00  0.000000E+00  0.000000E+00  0.000000E+00
  0.792893E+00  0.247340E+00  0.236172E+00  0.000000E+00  0.000000E+00  0.000000E+00  0.000000E+00
  0.792893E+00  0.550334E-01  0.648821E-01  0.000000E+00  0.000000E+00  0.000000E+00  0.000000E+00
  0.792893E+00  0.398959E+00  0.228150E+00  0.000000E+00  0.000000E+00  0.000000E+00  0.000000E+00
  0.792893E+00  0.283068E+00 -0.113373E+00  0.000000E+00  0.000000E+00  0.000000E+00  0.000000E+00
  0.792893E+00 -0.221983E-01 -0.336332E+00  0.000000E+00  0.000000E+00  0.000000E+00  0.000000E+00
  0.792893E+00  0.553206E+00  0.416062E+00  0.000000E+00  0.000000E+00  0.000000E+00  0.000000E+00
  0.792893E+00  0.425437E+00 -0.233249E+00  0.000000E+00  0.000000E+00  0.000000E+00  0.000000E+00
  0.792893E+00 -0.867211E-01 -0.701223E+00  0.000000E+00  0.000000E+00  0.000000E+00  0.000000E+00
  0.792893E+00  0.111484E+00 -0.274922E+00  0.000000E+00  0.000000E+00  0.000000E+00  0.000000E+00
  0.792893E+00  0.432080E-01 -0.358710E+00  0.000000E+00  0.000000E+00  0.000000E+00  0.000000E+00
  0.792893E+00 -0.130402E+00  0.985718E+00  0.000000E+00  0.000000E+00  0.000000E+00  0.000000E+00
  0.792893E+00 -0.341184E+00 -0.200935E+00  0.000000E+00  0.000000E+00  0.000000E+00  0.000000E+00
  0.792893E+00  0.961797E-01 -0.280275E+00  0.000000E+00  0.000000E+00  0.000000E+00  0.000000E+00
  0.792893E+00  0.144491E+00  0.387359E-01  0.000000E+00  0.000000E+00  0.000000E+00  0.000000E+00
  0.792893E+00 -0.587448E+00  0.433955E+00  0.000000E+00  0.000000E+00  0.000000E+00  0.000000E+00
  0.792893E+00  0.825896E+00 -0.268982E-01  0.000000E+00  0.000000E+00  0.000000E+00  0.000000E+00
  0.792893E+00  0.165275E+00 -0.244687E+00  0.000000E+00  0.000000E+00  0.000000E+00  0.000000E+00
  0.792893E+00  0.102110E+00  0.795879E-01  0.000000E+00  0.000000E+00  0.000000E+00  0.000000E+00
  0.792893E+00  0.689307E+00 -0.287803E+00  0.000000E+00  0.000000E+00  0.000000E+00  0.000000E+00
  0.792893E+00  0.579092E+00 -0.191664E+00  0.000000E+00  0.000000E+00  0.000000E+00  0.000000E+00
  0.792893E+00  0.323665E+00  0.712076E+00  0.000000E+00  0.000000E+00  0.000000E+00  0.000000E+00
  0.792893E+00 -0.371703E+00 -0.624317E+00  0.000000E+00  0.000000E+00  0.000000E+00  0.000000E+00
  0.792893E+00  0.944527E+00 -0.927569E-01  0.000000E+00  0.000000E+00  0.000000E+00  0.000000E+00
  0.792893E+00  0.135979E+00  0.534993E+00  0.000000E+00  0.000000E+00  0.000000E+00  0.000000E+00
  0.792893E+00 -0.498208E+00 -0.172769E+00  0.000000E+00  0.000000E+00  0.000000E+00  0.000000E+00
  0.792893E+00 -0.181385E-01  0.301052E+00  0.000000E+00  0.000000E+00  0.000000E+00  0.000000E+00
  0.792893E+00 -0.482222E+00 -0.249476E+00  0.000000E+00  0.000000E+00  0.000000E+00  0.000000E+00
  0.792893E+00  0.752109E-02  0.180313E-02  0.000000E+00  0.000000E+00  0.000000E+00  0.000000E+00
  0.792893E+00  0.237442E+00  0.158846E+00  0.000000E+00  0.000000E+00  0.000000E+00  0.000000E+00
  0.792893E+00 -0.953000E-02  0.225246E-01  0.000000E+00  0.000000E+00  0.000000E+00  0.000000E+00
  0.792893E+00 -0.840992E+00  0.512424E+00  0.000000E+00  0.000000E+00  0.000000E+00  0.000000E+00
  0.792893E+00  0.676199E+00 -0.314753E+00  0.000000E+00  0.000000E+00  0.000000E+00  0.000000E+00
  0.792893E+00 -0.403043E+00  0.153458E+00  0.000000E+00  0.000000E+00  0.000000E+00  0.000000E+00
  0.792893E+00  0.118793E-01 -0.173932E-01  0.000000E+00  0.000000E+00  0.000000E+00  0.000000E+00
  0.792893E+00  0.276674E+00  0.151964E+00  0.000000E+00  0.000000E+00  0.000000E+00  0.000000E+00
  0.792893E+00  0.352098E+00 -0.616210E+00  0.000000E+00  0.000000E+00  0.000000E+00  0.000000E+00
  0.792893E+00 -0.130276E+00  0.120332E+00  0.000000E+00  0.000000E+00  0.000000E+00  0.000000E+00
  0.792893E+00 -0.387441E+00  0.500361E+00  0.000000E+00  0.000000E+00  0.000000E+00  0.000000E+00
  0.792893E+00  0.317402E+00  0.321291E+00  0.000000E+00  0.000000E+00  0.000000E+00  0.000000E+00
  0.792893E+00  0.837763E-03  0.811530E+00  0.000000E+00  0.000000E+00  0.000000E+00  0.000000E+00
  0.792893E+00  0.252659E-01  0.110349E+00  0.000000E+00  0.000000E+00  0.000000E+00  0.000000E+00
  0.792893E+00 -0.898342E-01  0.578368E+00  0.000000E+00  0.000000E+00  0.000000E+00  0.000000E+00
  0.792893E+00  0.392899E+00 -0.436817E+00  0.000000E+00  0.000000E+00  0.000000E+00  0.000000E+00
  0.792893E+00 -0.189730E-01 -0.787150E+00  0.000000E+00  0.000000E+00  0.000000E+00  0.000000E+00
  0.792893E+00  0.617459E+00 -0.211115E-01  0.000000E+00  0.000000E+00  0.000000E+00  0.000000E+00
  0.792893E+00 -0.653512E+00  0.422211E+00  0.000000E+00  0.000000E+00  0.000000E+00  0.000000E+00
  0.792893E+00 -0.608969E-02 -0.240090E-01  0.000000E+00  0.000000E+00  0.000000E+00  0.000000E+00
  0.792893E+00  0.175908E+00 -0.173743E+00  0.000000E+00  0.000000E+00  0.000000E+00  0.000000E+00
  0.792893E+00 -0.763028E+00  0.289537E+00  0.000000E+00  0.000000E+00  0.000000E+00  0.000000E+00
  0.792893E+00  0.606223E+00  0.310429E+00  0.000000E+00  0.000000E+00  0.000000E+00  0.000000E+00
  0.792893E+00 -0.630911E+00  0.370950E+00  0.000000E+00  0.000000E+00  0.000000E+00  0.000000E+00
  0.792893E+00 -0.811157E-01  0.244646E+00  0.000000E+00  0.000000E+00  0.000000E+00  0.000000E+00
  0.792893E+00 -0.150735E+00 -0.582679E+00  0.000000E+00  0.000000E+00  0.000000E+00  0.000000E+00
  0.792893E+00  0.248948E+00  0.532147E+00  0.000000E+00  0.000000E+00  0.000000E+00  0.000000E+00
  0.792893E+00  0.508097E+00 -0.419636E+00  0.000000E+00  0.000000E+00  0.000000E+00  0.000000E+00
  0.792893E+00 -0.856019E-01  0.389963E+00  0.000000E+00  0.000000E+00  0.000000E+00  0.000000E+00
  0.792893E+00  0.376679E+00 -0.417290E+00  0.000000E+00  0.000000E+00  0.000000E+00  0.000000E+00
  0.792893E+00 -0.435025E+00 -0.222274E+00  0.000000E+00  0.000000E+00  0.000000E+00  0.000000E+00
  0.792893E+00 -0.838249E-01 -0.372553E-01  0.000000E+00  0.000000E+00  0.000000E+00  0.000000E+00
  0.792893E+00  0.102988E-01  0.441289E-02  0.000000E+00  0.000000E+00  0.000000E+00  0.000000E+00
  0.792893E+00 -0.386228E+00  0.374735E-01  0.000000E+00  0.000000E+00  0.000000E+00  0.000000E+00
  0.792893E+00  0.522663E+00  0.299681E+00  0.000000E+00  0.000000E+00  0.000000E+00  0.000000E+00
  0.792893E+00  0.193195E+00 -0.121726E+00  0.000000E+00  0.000000E+00  0.000000E+00  0.000000E+00
  0.792893E+00 -0.578773E+00 -0.368489E+00  0.000000E+00  0.000000E+00  0.000000E+00  0.000000E+00
  0.792893E+00 -0.162056E-01 -0.377893E+00  0.000000E+00  0.000000E+00  0.000000E+00  0.000000E+00
  0.792893E+00  0.685570E+00  0.286242E+00  0.000000E+00  0.000000E+00  0.000000E+00  0.000000E+00
  0.792893E+00  0.171453E+00  0.928658E+00  0.000000E+00  0.000000E+00  0.000000E+00  0.000000E+00
  0.792893E+00 -0.827877E-01 -0.401741E+00  0.000000E+00  0.000000E+00  0.000000E+00  0.000000E+00
  0.792893E+00  0.668423E-01 -0.621699E+00  0.000000E+00  0.000000E+00  0.000000E+00  0.000000E+00
  0.792893E+00  0.583657E+00 -0.408568E+00  0.000000E+00  0.000000E+00  0.000000E+00  0.000000E+00
  0.792893E+00  0.724956E+00 -0.571276E+00  0.000000E+00  0.000000E+00  0.000000E+00  0.000000E+00
  0.792893E+00 -0.333896E+00 -0.596182E+00  0.000000E+00  0.000000E+00  0.000000E+00  0.000000E+00
  0.792893E+00  0.344187E-01  0.152291E-01  0.000000E+00  0.000000E+00  0.000000E+00  0.000000E+00
  0.792893E+00  0.461579E+00  0.664530E+00  0.000000E+00  0.000000E+00  0.000000E+00  0.000000E+00
  0.792893E+00 -0.109328E+00  0.377791E+00  0.000000E+00  0.000000E+00  0.000000E+00  0.000000E+00
  0.792893E+00  0.265158E+00 -0.684664E+00  0.000000E+00  0.000000E+00  0.000000E+00  0.000000E+00
  0.792893E+00  0.909003E+00 -0.306854E+00  0.000000E+00  0.000000E+00  0.000000E+00  0.000000E+00
  0.792893E+00  0.455480E+00 -0.316568E+00  0.000000E+00  0.000000E+00  0.000000E+00  0.000000E+00
  0.792893E+00  0.535160E+00  0.843862E+00  0.000000E+00  0.000000E+00  0.000000E+00  0.000000E+00
  0.792893E+00 -0.533269E+00 -0.683164E+00  0.000000E+00  0.000000E+00  0.000000E+00  0.000000E+00
  0.792893E+00 -0.115933E+00  0.273770E+00  0.000000E+00  0.000000E+00  0.000000E+00  0.000000E+00
  0.792893E+00 -0.496788E+00 -0.517489E+00  0.000000E+00  0.000000E+00  0.000000E+00  0.000000E+00
  0.792893E+00 -0.124701E+00 -0.557564E+00  0.000000E+00  0.000000E+00  0.000000E+00  0.000000E+00
  0.792893E+00  0.149592E+00  0.135160E+00  0.000000E+00  0.000000E+00  0.000000E+00  0.000000E+00
  0.792893E+00  0.781384E-01 -0.465456E+00  0.000000E+00  0.000000E+00  0.000000E+00  0.000000E+00
  0.792893E+00 -0.363011E+00  0.155154E+00  0.000000E+00  0.000000E+00  0.000000E+00  0.000000E+00
  0.792893E+00 -0.320770E+00 -0.310222E+00  0.000000E+00  0.000000E+00  0.000000E+00  0.000000E+00
  0.792893E+00 -0.176353E+00  0.275277E+00  0.000000E+00  0.000000E+00  0.000000E+00  0.000000E+00
  0.792893E+00  0.361180E+00  0.731100E+00  0.000000E+00  0.000000E+00  0.000000E+00  0.000000E+00
  0.792893E+00 -0.951982E-02  0.352521E-01  0.000000E+00  0.000000E+00  0.000000E+00  0.000000E+00
  0.792893E+00  0.252923E+00  0.265470E-01  0.000000E+00  0.000000E+00  0.000000E+00  0.000000E+00
  0.792893E+00 -0.663997E+00  0.557357E+00  0.000000E+00  0.000000E+00  0.000000E+00  0.000000E+00
  0.792893E+00  0.455459E+00 -0.753444E+00  0.000000E+00  0.000000E+00  0.000000E+00  0.000000E+00
  0.792893E+00  0.481525E-01 -0.390950E-01  0.000000E+00  0.000000E+00  0.000000E+00  0.000000E+00
  0.792893E+00  0.583291E-01 -0.140972E+00  0.000000E+00  0.000000E+00  0.000000E+00  0.000000E+00
  0.792893E+00  0.735544E+00 -0.869551E-01  0.000000E+00  0.000000E+00  0.000000E+00  0.000000E+00
  0.792893E+00  0.134945E-01 -0.989648E+00  0.000000E+00  0.000000E+00  0.000000E+00  0.000000E+00
  0.792893E+00 -0.282778E+00 -0.896977E-01  0.000000E+00  0.000000E+00  0.000000E+00  0.000000E+00
  0.792893E+00 -0.652321E+00 -0.161357E+00  0.000000E+00  0.000000E+00  0.000000E+00  0.000000E+00
  0.792893E+00  0.751378E+00  0.249970E-01  0.000000E+00  0.000000E+00  0.000000E+00  0.000000E+00
  0.792893E+00  0.415135E+00 -0.741301E+00  0.000000E+00  0.000000E+00  0.000000E+00  0.000000E+00
  0.792893E+00 -0.108237E-01 -0.724858E+00  0.000000E+00  0.000000E+00  0.000000E+00  0.000000E+00
  0.792893E+00  0.337721E+00  0.715223E+00  0.000000E+00  0.000000E+00  0.000000E+00  0.000000E+00
  0.792893E+00  0.619782E+00  0.509761E+00  0.000000E+00  0.000000E+00  0.000000E+00  0.000000E+00
  0.792893E+00 -0.588263E+00 -0.375286E-01  0.000000E+00  0.000000E+00  0.000000E+00  0.000000E+00
  0.792893E+00 -0.555169E+00  0.562076E+00  0.000000E+00  0.000000E+00  0.000000E+00  0.000000E+00
  0.792893E+00  0.442348E+00  0.186067E+00  0.000000E+00  0.000000E+00  0.000000E+00  0.000000E+00
  0.792893E+00 -0.258954E+00  0.563749E+00  0.000000E+00  0.000000E+00  0.000000E+00  0.000000E+00
  0.792893E+00 -0.504002E+00  0.631782E+00  0.000000E+00  0.000000E+00  0.000000E+00  0.000000E+00
  0.792893E+00  0.161107E+00  0.217783E+00  0.000000E+00  0.000000E+00  0.000000E+00  0.000000E+00
  0.792893E+00 -0.435346E+00 -0.449019E+00  0.000000E+00  0.000000E+00  0.000000E+00  0.000000E+00
  0.792893E+00  0.899445E-01  0.431298E+00  0.000000E+00  0.000000E+00  0.000000E+00  0.000000E+00
  0.792893E+00  0.671883E+00  0.636959E-01  0.000000E+00  0.000000E+00  0.000000E+00  0.000000E+00
  0.792893E+00 -0.242102E+00 -0.396346E+00  0.000000E+00  0.000000E+00  0.000000E+00  0.000000E+00
  0.792893E+00  0.281878E+00  0.432495E+00  0.000000E+00  0.000000E+00  0.000000E+00  0.000000E+00
  0.792893E+00 -0.520438E+00  0.542221E+00  0.000000E+00  0.000000E+00  0.000000E+00  0.000000E+00
  0.792893E+00 -0.572579E+00  0.110621E+00  0.000000E+00  0.000000E+00  0.000000E+00  0.000000E+00
  0.792893E+00 -0.205368E+00  0.139239E-01  0.000000E+00  0.000000E+00  0.000000E+00  0.000000E+00
  0.792893E+00 -0.492611E+00 -0.223355E+00  0.000000E+00  0.000000E+00  0.000000E+00  0.000000E+00
  0.792893E+00  0.312071E+00 -0.296360E-01  0.000000E+00  0.000000E+00  0.000000E+00  0.000000E+00
  0.792893E+00 -0.203963E+00 -0.823879E-01  0.000000E+00  0.000000E+00  0.000000E+00  0.000000E+00
  0.792893E+00 -0.133393E+00 -0.170194E+00  0.000000E+00  0.000000E+00  0.000000E+00  0.000000E+00
  0.792893E+00  0.364719E+00  0.123536E+00  0.000000E+00  0.000000E+00  0.000000E+00  0.000000E+00
  0.792893E+00  0.258465E-01  0.192858E-01  0.000000E+00  0.000000E+00  0.000000E+00  0.000000E+00
  0.792893E+00 -0.572914E-01 -0.236254E+00  0.000000E+00  0.000000E+00  0.000000E+00  0.000000E+00
  0.792893E+00 -0.803394E+00 -0.289089E+00  0.000000E+00  0.000000E+00  0.000000E+00  0.000000E+00
  0.792893E+00 -0.503235E+00  0.335658E-01  0.000000E+00  0.000000E+00  0.000000E+00  0.000000E+00
  0.792893E+00 -0.669091E-01 -0.301219E-01  0.000000E+00  0.000000E+00  0.000000E+00  0.000000E+00
  0.792893E+00 -0.461952E+00 -0.460663E+00  0.000000E+00  0.000000E+00  0.000000E+00  0.000000E+00
  0.792893E+00 -0.924423E+00  0.342370E+00  0.000000E+00  0.000000E+00  0.000000E+00  0.000000E+00
  0.792893E+00 -0.272410E+00  0.600251E+00  0.000000E+00  0.000000E+00  0.000000E+00  0.000000E+00
  0.792893E+00  0.133857E+00 -0.207290E+00  0.000000E+00  0.000000E+00  0.000000E+00  0.000000E+00
  0.792893E+00  0.265896E+00  0.210336E+00  0.000000E+00  0.000000E+00  0.000000E+00  0.000000E+00
  0.792893E+00  0.428848E+00 -0.828367E+00  0.000000E+00  0.000000E+00  0.000000E+00  0.000000E+00
  0.792893E+00 -0.689185E+00  0.225521E-02  0.000000E+00  0.000000E+00  0.000000E+00  0.000000E+00
  0.792893E+00  0.341198E+00  0.307045E+00  0.000000E+00  0.000000E+00  0.000000E+00  0.000000E+00
  0.792893E+00 -0.863908E-01  0.326716E-01  0.000000E+00  0.000000E+00  0.000000E+00  0.000000E+00
  0.792893E+00 -0.812195E-01 -0.800067E-01  0.000000E+00  0.000000E+00  0.000000E+00  0.000000E+00
  0.792893E+00 -0.234087E-01 -0.256069E-01  0.000000E+00  0.000000E+00  0.000000E+00  0.000000E+00
  0.792893E+00 -0.776940E-01 -0.669370E-01  0.000000E+00  0.000000E+00  0.000000E+00  0.000000E+00
  0.792893E+00 -0.315344E+00  0.183137E-01  0.000000E+00  0.000000E+00  0.000000E+00  0.000000E+00
  0.792893E+00 -0.304080E+00 -0.156963E-01  0.000000E+00  0.000000E+00  0.000000E+00  0.000000E+00
  0.792893E+00  0.500955E+00 -0.500279E+00  0.000000E+00  0.000000E+00  0.000000E+00  0.000000E+00
  0.792893E+00 -0.103582E+00  0.167787E+00  0.000000E+00  0.000000E+00  0.000000E+00  0.000000E+00
  0.792893E+00  0.388601E+00  0.184878E-01  0.000000E+00  0.000000E+00  0.000000E+00  0.000000E+00
  0.792893E+00  0.553636E-02  0.597497E-02  0.000000E+00  0.000000E+00  0.000000E+00  0.000000E+00
  0.792893E+00 -0.531296E+00 -0.517365E+00  0.000000E+00  0.000000E+00  0.000000E+00  0.000000E+00
  0.792893E+00 -0.307546E+00 -0.692696E-01  0.000000E+00  0.000000E+00  0.000000E+00  0.000000E+00
  0.792893E+00 -0.765419E+00 -0.202998E+00  0.000000E+00  0.000000E+00  0.000000E+00  0.000000E+00
  0.792893E+00  0.590663E+00 -0.145013E+00  0.000000E+00  0.000000E+00  0.000000E+00  0.000000E+00
  0.792893E+00 -0.274246E-01  0.276268E+00  0.000000E+00  0.000000E+00  0.000000E+00  0.000000E+00
  0.792893E+00  0.936383E-02  0.121728E-01  0.000000E+00  0.000000E+00  0.000000E+00  0.000000E+00
  0.792893E+00  0.942680E-01  0.152688E+00  0.000000E+00  0.000000E+00  0.000000E+00  0.000000E+00
  0.792893E+00  0.809015E+00 -0.470071E+00  0.000000E+00  0.000000E+00  0.000000E+00  0.000000E+00
  0.792893E+00  0.839465E+00  0.185018E+00  0.000000E+00  0.000000E+00  0.000000E+00  0.000000E+00
  0.792893E+00 -0.214611E+00 -0.112418E-01  0.000000E+00  0.000000E+00  0.000000E+00  0.000000E+00
  0.792893E+00 -0.340797E+00  0.145845E+00  0.000000E+00  0.000000E+00  0.000000E+00  0.000000E+00
  0.792893E+00 -0.208538E-01  0.724350E-01  0.000000E+00  0.000000E+00  0.000000E+00  0.000000E+00
  0.792893E+00  0.214113E+00  0.302018E+00  0.000000E+00  0.000000E+00  0.000000E+00  0.000000E+00
  0.792893E+00 -0.599438E+00  0.821695E-01  0.000000E+00  0.000000E+00  0.000000E+00  0.000000E+00
  0.792893E+00  0.361820E+00 -0.196597E+00  0.000000E+00  0.000000E+00  0.000000E+00  0.000000E+00
  0.792893E+00  0.619725E+00  0.117278E-01  0.000000E+00  0.000000E+00  0.000000E+00  0.000000E+00
  0.792893E+00 -0.486508E+00  0.129400E+00  0.000000E+00  0.000000E+00  0.000000E+00  0.000000E+00
  0.792893E+00  0.873176E+00  0.103457E+00  0.000000E+00  0.000000E+00  0.000000E+00  0.000000E+00
  0.792893E+00 -0.390630E+00  0.380395E+00  0.000000E+00  0.000000E+00  0.000000E+00  0.000000E+00
  0.792893E+00 -0.424044E-02 -0.127226E-01  0.000000E+00  0.000000E+00  0.000000E+00  0.000000E+00
  0.792893E+00  0.719242E+00  0.472301E+00  0.000000E+00  0.000000E+00  0.000000E+00  0.000000E+00
  0.792893E+00 -0.682101E+00  0.379847E-01  0.000000E+00  0.000000E+00  0.000000E+00  0.000000E+00
  0.792893E+00  0.510079E+00 -0.530265E+00  0.000000E+00  0.000000E+00  0.000000E+00  0.000000E+00
  0.792893E+00 -0.690599E+00 -0.420929E+00  0.000000E+00  0.000000E+00  0.000000E+00  0.000000E+00
  0.792893E+00  0.710544E+00 -0.121814E+00  0.000000E+00  0.000000E+00  0.000000E+00  0.000000E+00
  0.792893E+00  0.336644E+00  0.333353E+00  0.000000E+00  0.000000E+00  0.000000E+00  0.000000E+00
  0.792893E+00 -0.181658E+00 -0.392180E+00  0.000000E+00  0.000000E+00  0.000000E+00  0.000000E+00
  0.792893E+00  0.119494E+00 -0.222336E+00  0.000000E+00  0.000000E+00  0.000000E+00  0.000000E+00
  0.792893E+00  0.638912E+00 -0.539185E-01  0.000000E+00  0.000000E+00  0.000000E+00  0.000000E+00
  0.792893E+00 -0.671539E+00 -0.678530E+00  0.000000E+00  0.000000E+00  0.000000E+00  0.000000E+00
  0.792893E+00 -0.138695E+00 -0.742328E+00  0.000000E+00  0.000000E+00  0.000000E+00  0.000000E+00
  0.792893E+00 -0.603558E-01  0.490099E-01  0.000000E+00  0.000000E+00  0.000000E+00  0.000000E+00
  0.792893E+00  0.209099E-01 -0.168265E-01  0.000000E+00  0.000000E+00  0.000000E+00  0.000000E+00
  0.792893E+00 -0.342047E+00 -0.622065E+00  0.000000E+00  0.000000E+00  0.000000E+00  0.000000E+00
  0.792893E+00  0.907568E+00  0.129209E+00  0.000000E+00  0.000000E+00  0.000000E+00  0.000000E+00
  0.792893E+00  0.518188E+00  0.561899E+00  0.000000E+00  0.000000E+00  0.000000E+00  0.000000E+00
  0.792893E+00 -0.506239E+00  0.921484E-01  0.000000E+00  0.000000E+00  0.000000E+00  0.000000E+00
  0.792893E+00 -0.811096E+00  0.180441E-01  0.000000E+00  0.000000E+00  0.000000E+00  0.000000E+00
  0.792893E+00 -0.569458E-01 -0.210834E+00  0.000000E+00  0.000000E+00  0.000000E+00  0.000000E+00
  0.792893E+00  0.168796E+00  0.255240E+00  0.000000E+00  0.000000E+00  0.000000E+00  0.000000E+00
  0.792893E+00  0.486710E+00  0.681546E+00  0.000000E+00  0.000000E+00  0.000000E+00  0.000000E+00
  0.792893E+00 -0.452303E-01 -0.564182E-01  0.000000E+00  0.000000E+00  0.000000E+00  0.000000E+00
  0.792893E+00  0.137892E+00  0.118564E+00  0.000000E+00  0.000000E+00  0.000000E+00  0.000000E+00
  0.792893E+00  0.325292E+00 -0.748264E+00  0.000000E+00  0.000000E+00  0.000000E+00  0.000000E+00
  0.792893E+00 -0.387382E-01  0.140323E+00  0.000000E+00  0.000000E+00  0.000000E+00  0.000000E+00
  0.792893E+00  0.912457E-01 -0.197186E+00  0.000000E+00  0.000000E+00  0.000000E+00  0.000000E+00
  0.792893E+00  0.236714E+00 -0.273423E+00  0.000000E+00  0.000000E+00  0.000000E+00  0.000000E+00
  0.792893E+00 -0.306299E+00 -0.358266E+00  0.000000E+00  0.000000E+00  0.000000E+00  0.000000E+00
  0.792893E+00  0.260672E+00 -0.583275E+00  0.000000E+00  0.000000E+00  0.000000E+00  0.000000E+00
  0.792893E+00  0.107982E+00  0.778423E+00  0.000000E+00  0.000000E+00  0.000000E+00  0.000000E+00
  0.792893E+00  0.117789E-01  0.161001E-01  0.000000E+00  0.000000E+00  0.000000E+00  0.000000E+00
  0.792893E+00  0.534144E-01  0.101508E+00  0.000000E+00  0.000000E+00  0.000000E+00  0.000000E+00
  0.792893E+00  0.266633E+00 -0.278190E+00  0.000000E+00  0.000000E+00  0.000000E+00  0.000000E+00
  0.792893E+00  0.400941E+00  0.772321E+00  0.000000E+00  0.000000E+00  0.000000E+00  0.000000E+00
  0.792893E+00  0.259932E+00 -0.632914E-01  0.000000E+00  0.000000E+00  0.000000E+00  0.000000E+00
  0.792893E+00 -0.373121E+00  0.348553E+00  0.000000E+00  0.000000E+00  0.000000E+00  0.000000E+00
  0.792893E+00  0.571931E+00  0.814019E+00  0.000000E+00  0.000000E+00  0.000000E+00  0.000000E+00
  0.792893E+00 -0.404917E+00  0.578746E-01  0.000000E+00  0.000000E+00  0.000000E+00  0.000000E+00
  0.792893E+00  0.317731E-01 -0.166417E-01  0.000000E+00  0.000000E+00  0.000000E+00  0.000000E+00
  0.792893E+00  0.180278E+00 -0.556958E+00  0.000000E+00  0.000000E+00  0.000000E+00  0.000000E+00
  0.792893E+00  0.153924E+00 -0.609355E+00  0.000000E+00  0.000000E+00  0.000000E+00  0.000000E+00
  0.792893E+00  0.199558E+00  0.609907E+00  0.000000E+00  0.000000E+00  0.000000E+00  0.000000E+00
  0.792893E+00  0.969009E-01 -0.297964E-02  0.000000E+00  0.000000E+00  0.000000E+00  0.000000E+00
  0.792893E+00  0.428654E-01  0.929262E-01  0.000000E+00  0.000000E+00  0.000000E+00  0.000000E+00
  0.792893E+00 -0.246456E+00  0.181611E-01  0.000000E+00  0.000000E+00  0.000000E+00  0.000000E+00
  0.792893E+00 -0.817126E-01  0.845526E+00  0.000000E+00  0.000000E+00  0.000000E+00  0.000000E+00
  0.792893E+00 -0.709026E+00  0.597994E+00  0.000000E+00  0.000000E+00  0.000000E+00  0.000000E+00
  0.792893E+00 -0.321549E+00  0.553865E+00  0.000000E+00  0.000000E+00  0.000000E+00  0.000000E+00
  0.792893E+00  0.461291E-01 -0.292250E+00  0.000000E+00  0.000000E+00  0.000000E+00  0.000000E+00
  0.792893E+00 -0.401907E+00  0.440964E+00  0.000000E+00  0.000000E+00  0.000000E+00  0.000000E+00
  0.792893E+00 -0.293117E+00  0.310567E+00  0.000000E+00  0.000000E+00  0.000000E+00  0.000000E+00
  0.792893E+00 -0.137771E-01 -0.330820E+00  0.000000E+00  0.000000E+00  0.000000E+00  0.000000E+00
  0.792893E+00 -0.823456E-01  0.605320E+00  0.000000E+00  0.000000E+00  0.000000E+00  0.000000E+00
  0.792893E+00 -0.731285E+00 -0.162769E+00  0.000000E+00  0.000000E+00  0.000000E+00  0.000000E+00
  0.792893E+00  0.602835E+00 -0.591760E-01  0.000000E+00  0.000000E+00  0.000000E+00  0.000000E+00
  0.792893E+00  0.261720E-01 -0.856254E-01  0.000000E+00  0.000000E+00  0.000000E+00  0.000000E+00
  0.792893E+00  0.389430E+00 -0.446277E+00  0.000000E+00  0.000000E+00  0.000000E+00  0.000000E+00
  0.792893E+00 -0.654689E+00 -0.276664E+00  0.000000E+00  0.000000E+00  0.000000E+00  0.000000E+00
  0.792893E+00  0.572961E+00 -0.676038E+00  0.000000E+00  0.000000E+00  0.000000E+00  0.000000E+00
  0.792893E+00 -0.605341E-02 -0.809841E-01  0.000000E+00  0.000000E+00  0.000000E+00  0.000000E+00
  0.792893E+00 -0.133660E+00  0.889761E+00  0.000000E+00  0.000000E+00  0.000000E+00  0.000000E+00
  0.792893E+00 -0.685281E-01  0.828057E+00  0.000000E+00  0.000000E+00  0.000000E+00  0.000000E+00
  0.792893E+00  0.174589E-01 -0.101452E-01  0.000000E+00  0.000000E+00  0.000000E+00  0.000000E+00
  0.792893E+00 -0.428258E-01  0.272661E+00  0.000000E+00  0.000000E+00  0.000000E+00  0.000000E+00
  0.792893E+00 -0.218953E+00  0.219329E+00  0.000000E+00  0.000000E+00  0.000000E+00  0.000000E+00
  0.792893E+00 -0.594425E-02 -0.224308E-01  0.000000E+00  0.000000E+00  0.000000E+00  0.000000E+00
  0.792893E+00  0.111716E+00  0.308706E+00  0.000000E+00  0.000000E+00  0.000000E+00  0.000000E+00
  0.792893E+00 -0.280593E+00  0.700886E+00  0.000000E+00  0.000000E+00  0.000000E+00  0.000000E+00
  0.792893E+00 -0.727161E+00  0.602955E+00  0.000000E+00  0.000000E+00  0.000000E+00  0.000000E+00
  0.792893E+00 -0.341840E+00  0.590450E-01  0.000000E+00  0.000000E+00  0.000000E+00  0.000000E+00
  0.792893E+00 -0.989173E-01 -0.687231E+00  0.000000E+00  0.000000E+00  0.000000E+00  0.000000E+00
  0.792893E+00 -0.694006E+00 -0.546045E+00  0.000000E+00  0.000000E+00  0.000000E+00  0.000000E+00
  0.792893E+00  0.305253E+00  0.551960E+00  0.000000E+00  0.000000E+00  0.000000E+00  0.000000E+00
  0.792893E+00 -0.551250E-01 -0.639139E+00  0.000000E+00  0.000000E+00  0.000000E+00  0.000000E+00
  0.792893E+00 -0.435111E-01  0.428157E+00  0.000000E+00  0.000000E+00  0.000000E+00  0.000000E+00
  0.792893E+00 -0.529294E-03  0.104149E-01  0.000000E+00  0.000000E+00  0.000000E+00  0.000000E+00
  0.792893E+00 -0.582964E+00  0.428979E+00  0.000000E+00  0.000000E+00  0.000000E+00  0.000000E+00
  0.792893E+00  0.129091E+00  0.677745E+00  0.000000E+00  0.000000E+00  0.000000E+00  0.000000E+00
  0.792893E+00 -0.232493E+00  0.232929E+00  0.000000E+00  0.000000E+00  0.000000E+00  0.000000E+00
  0.792893E+00  0.644916E+00  0.612714E+00  0.000000E+00  0.000000E+00  0.000000E+00  0.000000E+00
  0.792893E+00 -0.146289E-01 -0.288527E-01  0.000000E+00  0.000000E+00  0.000000E+00  0.000000E+00
  0.792893E+00 -0.642393E+00 -0.188202E+00  0.000000E+00  0.000000E+00  0.000000E+00  0.000000E+00
  0.792893E+00  0.516194E+00 -0.792531E+00  0.000000E+00  0.000000E+00  0.000000E+00  0.000000E+00
  0.792893E+00 -0.245640E+00  0.290587E+00  0.000000E+00  0.000000E+00  0.000000E+00  0.000000E+00
  0.792893E+00  0.438297E+00 -0.400131E+00  0.000000E+00  0.000000E+00  0.000000E+00  0.000000E+00
  0.792893E+00  0.787681E+00 -0.286424E+00  0.000000E+00  0.000000E+00  0.000000E+00  0.000000E+00
  0.792893E+00  0.927724E-01  0.317720E+00  0.000000E+00  0.000000E+00  0.000000E+00  0.000000E+00
  0.792893E+00  0.582534E+00 -0.491614E+00  0.000000E+00  0.000000E+00  0.000000E+00  0.000000E+00
  0.792893E+00  0.105401E+00 -0.210221E-01  0.000000E+00  0.000000E+00  0.000000E+00  0.000000E+00
  0.792893E+00  0.505068E+00  0.371121E+00  0.000000E+00  0.000000E+00  0.000000E+00  0.000000E+00
  0.792893E+00 -0.663521E+00  0.619417E+00  0.000000E+00  0.000000E+00  0.000000E+00  0.000000E+00
  0.792893E+00  0.607595E+00 -0.120897E+00  0.000000E+00  0.000000E+00  0.000000E+00  0.000000E+00
  0.792893E+00  0.338565E-01 -0.202026E-01  0.000000E+00  0.000000E+00  0.000000E+00  0.000000E+00
  0.792893E+00 -0.190588E+00 -0.347839E-01  0.000000E+00  0.000000E+00  0.000000E+00  0.000000E+00
  0.792893E+00 -0.381453E+00 -0.808165E+00  0.000000E+00  0.000000E+00  0.000000E+00  0.000000E+00
  0.792893E+00 -0.175413E+00  0.193803E+00  0.000000E+00  0.000000E+00  0.000000E+00  0.000000E+00
  0.792893E+00 -0.398943E+00  0.415575E+00  0.000000E+00  0.000000E+00  0.000000E+00  0.000000E+00
  0.792893E+00  0.173715E-01 -0.310097E-01  0.000000E+00  0.000000E+00  0.000000E+00  0.000000E+00
  0.792893E+00 -0.712580E+00 -0.163353E+00  0.000000E+00  0.000000E+00  0.000000E+00  0.000000E+00
  0.792893E+00 -0.661476E+00  0.729625E-01  0.000000E+00  0.000000E+00  0.000000E+00  0.000000E+00
  0.792893E+00  0.624725E-02 -0.484440E+00  0.000000E+00  0.000000E+00  0.000000E+00  0.000000E+00
  0.792893E+00 -0.367448E+00 -0.220257E+00  0.000000E+00  0.000000E+00  0.000000E+00  0.000000E+00
  0.792893E+00  0.376247E+00  0.298704E-01  0.000000E+00  0.000000E+00  0.000000E+00  0.000000E+00
  0.792893E+00 -0.768570E-01  0.177938E+00  0.000000E+00  0.000000E+00  0.000000E+00  0.000000E+00
  0.792893E+00 -0.276543E+00  0.266680E+00  0.000000E+00  0.000000E+00  0.000000E+00  0.000000E+00
  0.792893E+00 -0.363748E+00 -0.355660E+00  0.000000E+00  0.000000E+00  0.000000E+00  0.000000E+00
  0.792893E+00  0.160040E+00  0.137432E+00  0.000000E+00  0.000000E+00  0.000000E+00  0.000000E+00
  0.792893E+00  0.845388E+00  0.460576E+00  0.000000E+00  0.000000E+00  0.000000E+00  0.000000E+00
  0.792893E+00  0.693083E-03 -0.653322E-01  0.000000E+00  0.000000E+00  0.000000E+00  0.000000E+00
  0.792893E+00 -0.325403E+00  0.200111E+00  0.000000E+00  0.000000E+00  0.000000E+00  0.000000E+00
  0.792893E+00 -0.402465E+00 -0.186627E+00  0.000000E+00  0.000000E+00  0.000000E+00  0.000000E+00
  0.792893E+00  0.208136E+00 -0.267581E+00  0.000000E+00  0.000000E+00  0.000000E+00  0.000000E+00
  0.792893E+00  0.588328E+00 -0.119254E+00  0.000000E+00  0.000000E+00  0.000000E+00  0.000000E+00
  0.792893E+00 -0.544464E+00 -0.444871E+00  0.000000E+00  0.000000E+00  0.000000E+00  0.000000E+00
  0.792893E+00  0.822413E+00  0.205153E+00  0.000000E+00  0.000000E+00  0.000000E+00  0.000000E+00
