  0.275137E+01  0.319960E+00  0.177499E-01  0.000000E+00  0.000000E+00  0.000000E+00  0.000000E+00
  0.246777E+01  0.339737E+00  0.114924E-01  0.000000E+00  0.000000E+00  0.000000E+00  0.000000E+00
  0.242228E+01 -0.356410E+00  0.695024E-02  0.000000E+00  0.000000E+00  0.000000E+00  0.000000E+00
  0.200841E+01  0.726652E-02  0.254760E+00  0.000000E+00  0.000000E+00  0.000000E+00  0.000000E+00
  0.233426E+01 -0.332318E+00  0.758386E-02  0.000000E+00  0.000000E+00  0.000000E+00  0.000000E+00
  0.234018E+01 -0.127097E-01  0.301612E+00  0.000000E+00  0.000000E+00  0.000000E+00  0.000000E+00
  0.254684E+01  0.630763E-02  0.389548E+00  0.000000E+00  0.000000E+00  0.000000E+00  0.000000E+00
  0.240200E+01 -0.109984E-02  0.365548E+00  0.000000E+00  0.000000E+00  0.000000E+00  0.000000E+00
  0.255112E+01  0.315324E+00  0.156079E-01  0.000000E+00  0.000000E+00  0.000000E+00  0.000000E+00
  0.215800E+01 -0.296572E+00  0.553757E-02  0.000000E+00  0.000000E+00  0.000000E+00  0.000000E+00
  0.198967E+01 -0.117210E-02  0.261221E+00  0.000000E+00  0.000000E+00  0.000000E+00  0.000000E+00
  0.192102E+01 -0.230785E+00  0.815163E-02  0.000000E+00  0.000000E+00  0.000000E+00  0.000000E+00
  0.229669E+01  0.475474E-02  0.333049E+00  0.000000E+00  0.000000E+00  0.000000E+00  0.000000E+00
  0.202577E+01 -0.117742E-01  0.238753E+00  0.000000E+00  0.000000E+00  0.000000E+00  0.000000E+00
  0.209821E+01 -0.229613E+00  0.151804E-01  0.000000E+00  0.000000E+00  0.000000E+00  0.000000E+00
  0.207781E+01  0.700396E-02  0.272459E+00  0.000000E+00  0.000000E+00  0.000000E+00  0.000000E+00
  0.236410E+01  0.547972E-02  0.347642E+00  0.000000E+00  0.000000E+00  0.000000E+00  0.000000E+00
  0.246477E+01  0.313559E+00  0.142632E-01  0.000000E+00  0.000000E+00  0.000000E+00  0.000000E+00
  0.228885E+01 -0.292353E+00  0.124638E-01  0.000000E+00  0.000000E+00  0.000000E+00  0.000000E+00
  0.213528E+01 -0.254000E+00  0.131176E-01  0.000000E+00  0.000000E+00  0.000000E+00  0.000000E+00
  0.200583E+01 -0.126898E-01  0.228841E+00  0.000000E+00  0.000000E+00  0.000000E+00  0.000000E+00
  0.182086E+01 -0.204670E+00  0.883021E-02  0.000000E+00  0.000000E+00  0.000000E+00  0.000000E+00
  0.240936E+01  0.536298E-02  0.359204E+00  0.000000E+00  0.000000E+00  0.000000E+00  0.000000E+00
  0.177510E+01  0.205964E+00  0.271027E-02  0.000000E+00  0.000000E+00  0.000000E+00  0.000000E+00
  0.276615E+01 -0.439660E+00  0.702120E-02  0.000000E+00  0.000000E+00  0.000000E+00  0.000000E+00
  0.205909E+01 -0.158468E-01  0.215855E+00  0.000000E+00  0.000000E+00  0.000000E+00  0.000000E+00
  0.204473E+01 -0.152383E-01  0.218366E+00  0.000000E+00  0.000000E+00  0.000000E+00  0.000000E+00
  0.225605E+01  0.323758E+00  0.442407E-02  0.000000E+00  0.000000E+00  0.000000E+00  0.000000E+00
  0.235627E+01 -0.151114E-01  0.282268E+00  0.000000E+00  0.000000E+00  0.000000E+00  0.000000E+00
  0.235783E+01 -0.334549E+00  0.831010E-02  0.000000E+00  0.000000E+00  0.000000E+00  0.000000E+00
  0.229223E+01  0.307132E-02  0.335548E+00  0.000000E+00  0.000000E+00  0.000000E+00  0.000000E+00
  0.244855E+01  0.189155E-01  0.246952E+00  0.000000E+00  0.000000E+00  0.000000E+00  0.000000E+00
  0.232932E+01  0.160740E-01  0.266151E+00  0.000000E+00  0.000000E+00  0.000000E+00  0.000000E+00
  0.178474E+01  0.202129E+00  0.662533E-02  0.000000E+00  0.000000E+00  0.000000E+00  0.000000E+00
  0.227716E+01  0.176184E-01  0.237171E+00  0.000000E+00  0.000000E+00  0.000000E+00  0.000000E+00
  0.258581E+01  0.753019E-02  0.393285E+00  0.000000E+00  0.000000E+00  0.000000E+00  0.000000E+00
  0.213006E+01 -0.102426E-01  0.270976E+00  0.000000E+00  0.000000E+00  0.000000E+00  0.000000E+00
  0.242917E+01  0.114713E-02  0.372388E+00  0.000000E+00  0.000000E+00  0.000000E+00  0.000000E+00
  0.215880E+01 -0.158723E-01  0.235125E+00  0.000000E+00  0.000000E+00  0.000000E+00  0.000000E+00
  0.256022E+01  0.151282E-01  0.323195E+00  0.000000E+00  0.000000E+00  0.000000E+00  0.000000E+00
  0.199131E+01 -0.615650E-02  0.253859E+00  0.000000E+00  0.000000E+00  0.000000E+00  0.000000E+00
  0.178770E+01 -0.198542E+00  0.826621E-02  0.000000E+00  0.000000E+00  0.000000E+00  0.000000E+00
  0.227952E+01  0.263276E+00  0.154509E-01  0.000000E+00  0.000000E+00  0.000000E+00  0.000000E+00
  0.200340E+01  0.152463E-01  0.210004E+00  0.000000E+00  0.000000E+00  0.000000E+00  0.000000E+00
  0.244571E+01 -0.189395E-01  0.246064E+00  0.000000E+00  0.000000E+00  0.000000E+00  0.000000E+00
  0.211552E+01 -0.116647E-02  0.293053E+00  0.000000E+00  0.000000E+00  0.000000E+00  0.000000E+00
  0.280010E+01 -0.106864E-01  0.421906E+00  0.000000E+00  0.000000E+00  0.000000E+00  0.000000E+00
  0.169280E+01 -0.929624E-02  0.172987E+00  0.000000E+00  0.000000E+00  0.000000E+00  0.000000E+00
  0.255497E+01 -0.121021E-01  0.354060E+00  0.000000E+00  0.000000E+00  0.000000E+00  0.000000E+00
  0.201562E+01 -0.254301E+00  0.791172E-02  0.000000E+00  0.000000E+00  0.000000E+00  0.000000E+00
  0.192866E+01 -0.861761E-02  0.230983E+00  0.000000E+00  0.000000E+00  0.000000E+00  0.000000E+00
  0.208715E+01  0.285728E+00  0.141674E-02  0.000000E+00  0.000000E+00  0.000000E+00  0.000000E+00
  0.229217E+01  0.484657E-03  0.338033E+00  0.000000E+00  0.000000E+00  0.000000E+00  0.000000E+00
  0.194849E+01 -0.405307E-02  0.247761E+00  0.000000E+00  0.000000E+00  0.000000E+00  0.000000E+00
  0.275822E+01  0.447099E+00  0.493908E-02  0.000000E+00  0.000000E+00  0.000000E+00  0.000000E+00
  0.232808E+01 -0.289240E+00  0.138283E-01  0.000000E+00  0.000000E+00  0.000000E+00  0.000000E+00
  0.221228E+01 -0.111758E-01  0.284339E+00  0.000000E+00  0.000000E+00  0.000000E+00  0.000000E+00
  0.254948E+01 -0.191398E-01  0.259414E+00  0.000000E+00  0.000000E+00  0.000000E+00  0.000000E+00
  0.247252E+01 -0.614529E-02  0.371981E+00  0.000000E+00  0.000000E+00  0.000000E+00  0.000000E+00
  0.215099E+01  0.136986E-01  0.252922E+00  0.000000E+00  0.000000E+00  0.000000E+00  0.000000E+00
  0.182189E+01 -0.274703E-02  0.217705E+00  0.000000E+00  0.000000E+00  0.000000E+00  0.000000E+00
  0.196546E+01  0.480547E-02  0.250617E+00  0.000000E+00  0.000000E+00  0.000000E+00  0.000000E+00
  0.185661E+01  0.207513E+00  0.103179E-01  0.000000E+00  0.000000E+00  0.000000E+00  0.000000E+00
  0.241381E+01 -0.342771E+00  0.924005E-02  0.000000E+00  0.000000E+00  0.000000E+00  0.000000E+00
  0.235206E+01  0.131665E-01  0.300296E+00  0.000000E+00  0.000000E+00  0.000000E+00  0.000000E+00
  0.162195E+01  0.165492E+00  0.463446E-02  0.000000E+00  0.000000E+00  0.000000E+00  0.000000E+00
  0.241431E+01 -0.275509E+00  0.166318E-01  0.000000E+00  0.000000E+00  0.000000E+00  0.000000E+00
  0.256827E+01 -0.131034E-01  0.347466E+00  0.000000E+00  0.000000E+00  0.000000E+00  0.000000E+00
  0.230899E+01  0.342052E+00  0.105163E-02  0.000000E+00  0.000000E+00  0.000000E+00  0.000000E+00
  0.236762E+01 -0.261546E+00  0.170267E-01  0.000000E+00  0.000000E+00  0.000000E+00  0.000000E+00
  0.190780E+01 -0.468929E-02  0.236507E+00  0.000000E+00  0.000000E+00  0.000000E+00  0.000000E+00
  0.237988E+01  0.187792E-01  0.237838E+00  0.000000E+00  0.000000E+00  0.000000E+00  0.000000E+00
  0.235056E+01  0.352569E+00  0.104701E-02  0.000000E+00  0.000000E+00  0.000000E+00  0.000000E+00
  0.180218E+01 -0.126908E-01  0.184413E+00  0.000000E+00  0.000000E+00  0.000000E+00  0.000000E+00
  0.238949E+01  0.254506E+00  0.178135E-01  0.000000E+00  0.000000E+00  0.000000E+00  0.000000E+00
  0.263030E+01  0.132368E-01  0.359438E+00  0.000000E+00  0.000000E+00  0.000000E+00  0.000000E+00
  0.252398E+01 -0.149772E-01  0.317698E+00  0.000000E+00  0.000000E+00  0.000000E+00  0.000000E+00
  0.201858E+01  0.267506E+00  0.247650E-02  0.000000E+00  0.000000E+00  0.000000E+00  0.000000E+00
  0.220791E+01  0.254517E+00  0.148829E-01  0.000000E+00  0.000000E+00  0.000000E+00  0.000000E+00
  0.253866E+01 -0.120585E-01  0.350833E+00  0.000000E+00  0.000000E+00  0.000000E+00  0.000000E+00
  0.216315E+01  0.457799E-02  0.300265E+00  0.000000E+00  0.000000E+00  0.000000E+00  0.000000E+00
  0.222941E+01 -0.304746E+00  0.811802E-02  0.000000E+00  0.000000E+00  0.000000E+00  0.000000E+00
  0.243865E+01 -0.343153E+00  0.101071E-01  0.000000E+00  0.000000E+00  0.000000E+00  0.000000E+00
  0.255038E+01  0.102437E-01  0.368042E+00  0.000000E+00  0.000000E+00  0.000000E+00  0.000000E+00
  0.199711E+01 -0.327134E-02  0.261128E+00  0.000000E+00  0.000000E+00  0.000000E+00  0.000000E+00
  0.253725E+01 -0.170545E-01  0.292580E+00  0.000000E+00  0.000000E+00  0.000000E+00  0.000000E+00
  0.226558E+01  0.181927E-01  0.227277E+00  0.000000E+00  0.000000E+00  0.000000E+00  0.000000E+00
  0.220161E+01  0.152362E-01  0.249872E+00  0.000000E+00  0.000000E+00  0.000000E+00  0.000000E+00
  0.175193E+01  0.465472E-02  0.197798E+00  0.000000E+00  0.000000E+00  0.000000E+00  0.000000E+00
  0.245996E+01 -0.280360E+00  0.169062E-01  0.000000E+00  0.000000E+00  0.000000E+00  0.000000E+00
  0.181009E+01  0.191356E+00  0.116053E-01  0.000000E+00  0.000000E+00  0.000000E+00  0.000000E+00
  0.212676E+01  0.106822E-01  0.267815E+00  0.000000E+00  0.000000E+00  0.000000E+00  0.000000E+00
  0.193323E+01 -0.244540E+00  0.367090E-02  0.000000E+00  0.000000E+00  0.000000E+00  0.000000E+00
  0.272675E+01  0.319628E+00  0.175225E-01  0.000000E+00  0.000000E+00  0.000000E+00  0.000000E+00
  0.278719E+01  0.199855E-01  0.278412E+00  0.000000E+00  0.000000E+00  0.000000E+00  0.000000E+00
  0.207286E+01  0.226247E+00  0.149776E-01  0.000000E+00  0.000000E+00  0.000000E+00  0.000000E+00
  0.220465E+01  0.998251E-02  0.289657E+00  0.000000E+00  0.000000E+00  0.000000E+00  0.000000E+00
  0.256509E+01 -0.634952E-02  0.393841E+00  0.000000E+00  0.000000E+00  0.000000E+00  0.000000E+00
  0.197573E+01  0.257004E+00  0.217117E-02  0.000000E+00  0.000000E+00  0.000000E+00  0.000000E+00
  0.164249E+01  0.172636E+00  0.264434E-02  0.000000E+00  0.000000E+00  0.000000E+00  0.000000E+00
  0.255791E+01  0.115566E-02  0.404942E+00  0.000000E+00  0.000000E+00  0.000000E+00  0.000000E+00
  0.204495E+01 -0.203967E+00  0.168058E-01  0.000000E+00  0.000000E+00  0.000000E+00  0.000000E+00
  0.224013E+01 -0.100731E-01  0.297377E+00  0.000000E+00  0.000000E+00  0.000000E+00  0.000000E+00
  0.191162E+01  0.118550E-01  0.212840E+00  0.000000E+00  0.000000E+00  0.000000E+00  0.000000E+00
  0.225387E+01 -0.986980E-02  0.301722E+00  0.000000E+00  0.000000E+00  0.000000E+00  0.000000E+00
  0.223411E+01  0.317736E+00  0.465725E-02  0.000000E+00  0.000000E+00  0.000000E+00  0.000000E+00
  0.234368E+01 -0.138278E-01  0.292535E+00  0.000000E+00  0.000000E+00  0.000000E+00  0.000000E+00
  0.187224E+01  0.109032E-01  0.208573E+00  0.000000E+00  0.000000E+00  0.000000E+00  0.000000E+00
  0.196249E+01  0.244631E-02  0.253407E+00  0.000000E+00  0.000000E+00  0.000000E+00  0.000000E+00
  0.265278E+01  0.147451E-01  0.346756E+00  0.000000E+00  0.000000E+00  0.000000E+00  0.000000E+00
  0.196945E+01  0.100169E-01  0.234910E+00  0.000000E+00  0.000000E+00  0.000000E+00  0.000000E+00
  0.233668E+01  0.837294E-02  0.329188E+00  0.000000E+00  0.000000E+00  0.000000E+00  0.000000E+00
  0.252600E+01 -0.344877E+00  0.124115E-01  0.000000E+00  0.000000E+00  0.000000E+00  0.000000E+00
  0.184727E+01  0.125821E-02  0.225170E+00  0.000000E+00  0.000000E+00  0.000000E+00  0.000000E+00
  0.229929E+01  0.293657E+00  0.125891E-01  0.000000E+00  0.000000E+00  0.000000E+00  0.000000E+00
  0.245347E+01  0.246684E+00  0.189770E-01  0.000000E+00  0.000000E+00  0.000000E+00  0.000000E+00
  0.216698E+01  0.305335E+00  0.208303E-02  0.000000E+00  0.000000E+00  0.000000E+00  0.000000E+00
  0.198130E+01  0.228664E+00  0.118024E-01  0.000000E+00  0.000000E+00  0.000000E+00  0.000000E+00
  0.218029E+01 -0.280529E+00  0.106030E-01  0.000000E+00  0.000000E+00  0.000000E+00  0.000000E+00
  0.184584E+01 -0.203666E+00  0.106459E-01  0.000000E+00  0.000000E+00  0.000000E+00  0.000000E+00
  0.167328E+01 -0.180737E+00  0.214549E-02  0.000000E+00  0.000000E+00  0.000000E+00  0.000000E+00
  0.228270E+01 -0.962095E-02  0.309843E+00  0.000000E+00  0.000000E+00  0.000000E+00  0.000000E+00
  0.201690E+01 -0.150146E-01  0.214604E+00  0.000000E+00  0.000000E+00  0.000000E+00  0.000000E+00
  0.238407E+01  0.288591E-02  0.358947E+00  0.000000E+00  0.000000E+00  0.000000E+00  0.000000E+00
  0.248304E+01 -0.194139E-01  0.243464E+00  0.000000E+00  0.000000E+00  0.000000E+00  0.000000E+00
  0.281206E+01 -0.331534E+00  0.177099E-01  0.000000E+00  0.000000E+00  0.000000E+00  0.000000E+00
  0.211986E+01  0.134752E-01  0.248032E+00  0.000000E+00  0.000000E+00  0.000000E+00  0.000000E+00
  0.192776E+01 -0.889026E-03  0.245679E+00  0.000000E+00  0.000000E+00  0.000000E+00  0.000000E+00
  0.220732E+01  0.307333E+00  0.600864E-02  0.000000E+00  0.000000E+00  0.000000E+00  0.000000E+00
  0.276211E+01  0.956161E-02  0.422321E+00  0.000000E+00  0.000000E+00  0.000000E+00  0.000000E+00
  0.162420E+01 -0.167895E+00  0.282986E-02  0.000000E+00  0.000000E+00  0.000000E+00  0.000000E+00
  0.194126E+01 -0.140758E-01  0.205991E+00  0.000000E+00  0.000000E+00  0.000000E+00  0.000000E+00
  0.217557E+01 -0.279973E+00  0.105117E-01  0.000000E+00  0.000000E+00  0.000000E+00  0.000000E+00
  0.220977E+01 -0.367543E-02  0.313786E+00  0.000000E+00  0.000000E+00  0.000000E+00  0.000000E+00
  0.260892E+01  0.287958E+00  0.181329E-01  0.000000E+00  0.000000E+00  0.000000E+00  0.000000E+00
  0.269485E+01  0.169873E-01  0.322854E+00  0.000000E+00  0.000000E+00  0.000000E+00  0.000000E+00
  0.210739E+01  0.779143E-02  0.276803E+00  0.000000E+00  0.000000E+00  0.000000E+00  0.000000E+00
  0.180535E+01 -0.213956E+00  0.227142E-02  0.000000E+00  0.000000E+00  0.000000E+00  0.000000E+00
  0.251340E+01  0.381400E+00  0.629691E-02  0.000000E+00  0.000000E+00  0.000000E+00  0.000000E+00
  0.191262E+01 -0.197671E+00  0.144224E-01  0.000000E+00  0.000000E+00  0.000000E+00  0.000000E+00
  0.247223E+01 -0.261491E+00  0.182947E-01  0.000000E+00  0.000000E+00  0.000000E+00  0.000000E+00
  0.265808E+01  0.337358E+00  0.155438E-01  0.000000E+00  0.000000E+00  0.000000E+00  0.000000E+00
  0.203575E+01  0.609351E-02  0.264936E+00  0.000000E+00  0.000000E+00  0.000000E+00  0.000000E+00
  0.280854E+01 -0.672149E-02  0.451565E+00  0.000000E+00  0.000000E+00  0.000000E+00  0.000000E+00
  0.185591E+01 -0.209860E+00  0.968734E-02  0.000000E+00  0.000000E+00  0.000000E+00  0.000000E+00
  0.164071E+01 -0.172477E+00  0.221984E-02  0.000000E+00  0.000000E+00  0.000000E+00  0.000000E+00
  0.190954E+01 -0.235344E+00  0.548518E-02  0.000000E+00  0.000000E+00  0.000000E+00  0.000000E+00
  0.190402E+01  0.314306E-02  0.237922E+00  0.000000E+00  0.000000E+00  0.000000E+00  0.000000E+00
  0.249599E+01  0.158834E-01  0.300938E+00  0.000000E+00  0.000000E+00  0.000000E+00  0.000000E+00
  0.278930E+01 -0.337183E+00  0.171724E-01  0.000000E+00  0.000000E+00  0.000000E+00  0.000000E+00
  0.169371E+01 -0.674011E-02  0.179670E+00  0.000000E+00  0.000000E+00  0.000000E+00  0.000000E+00
  0.178296E+01  0.116672E-01  0.184998E+00  0.000000E+00  0.000000E+00  0.000000E+00  0.000000E+00
  0.161169E+01  0.165955E-03  0.165809E+00  0.000000E+00  0.000000E+00  0.000000E+00  0.000000E+00
  0.280993E+01 -0.197641E-02  0.467711E+00  0.000000E+00  0.000000E+00  0.000000E+00  0.000000E+00
  0.206081E+01 -0.678671E-02  0.269023E+00  0.000000E+00  0.000000E+00  0.000000E+00  0.000000E+00
  0.204499E+01 -0.211935E+00  0.159743E-01  0.000000E+00  0.000000E+00  0.000000E+00  0.000000E+00
  0.230430E+01  0.173684E-01  0.245388E+00  0.000000E+00  0.000000E+00  0.000000E+00  0.000000E+00
  0.175407E+01  0.556733E-02  0.196791E+00  0.000000E+00  0.000000E+00  0.000000E+00  0.000000E+00
  0.165498E+01  0.217774E-03  0.176767E+00  0.000000E+00  0.000000E+00  0.000000E+00  0.000000E+00
  0.214894E+01  0.263374E+00  0.122115E-01  0.000000E+00  0.000000E+00  0.000000E+00  0.000000E+00
  0.239747E+01  0.355878E+00  0.548212E-02  0.000000E+00  0.000000E+00  0.000000E+00  0.000000E+00
  0.262656E+01  0.359458E+00  0.131584E-01  0.000000E+00  0.000000E+00  0.000000E+00  0.000000E+00
  0.254263E+01 -0.105646E-01  0.363895E+00  0.000000E+00  0.000000E+00  0.000000E+00  0.000000E+00
  0.178394E+01 -0.586285E-02  0.203583E+00  0.000000E+00  0.000000E+00  0.000000E+00  0.000000E+00
  0.214012E+01  0.132031E-01  0.254409E+00  0.000000E+00  0.000000E+00  0.000000E+00  0.000000E+00
  0.240168E+01 -0.504848E-02  0.358283E+00  0.000000E+00  0.000000E+00  0.000000E+00  0.000000E+00
  0.182909E+01  0.119078E-01  0.194192E+00  0.000000E+00  0.000000E+00  0.000000E+00  0.000000E+00
  0.211368E+01 -0.250714E+00  0.129262E-01  0.000000E+00  0.000000E+00  0.000000E+00  0.000000E+00
  0.270034E+01 -0.776270E-02  0.419616E+00  0.000000E+00  0.000000E+00  0.000000E+00  0.000000E+00
  0.256506E+01 -0.196849E-01  0.251008E+00  0.000000E+00  0.000000E+00  0.000000E+00  0.000000E+00
  0.241115E+01  0.106855E-01  0.332889E+00  0.000000E+00  0.000000E+00  0.000000E+00  0.000000E+00
  0.232487E+01 -0.241153E+00  0.179458E-01  0.000000E+00  0.000000E+00  0.000000E+00  0.000000E+00
  0.244152E+01 -0.298067E+00  0.152330E-01  0.000000E+00  0.000000E+00  0.000000E+00  0.000000E+00
  0.239951E+01  0.184684E-01  0.246191E+00  0.000000E+00  0.000000E+00  0.000000E+00  0.000000E+00
  0.224094E+01  0.271020E+00  0.138096E-01  0.000000E+00  0.000000E+00  0.000000E+00  0.000000E+00
  0.256021E+01  0.395042E+00  0.575801E-02  0.000000E+00  0.000000E+00  0.000000E+00  0.000000E+00
  0.260013E+01 -0.258499E+00  0.195894E-01  0.000000E+00  0.000000E+00  0.000000E+00  0.000000E+00
  0.245903E+01 -0.326229E+00  0.128524E-01  0.000000E+00  0.000000E+00  0.000000E+00  0.000000E+00
  0.167932E+01  0.695036E-02  0.175725E+00  0.000000E+00  0.000000E+00  0.000000E+00  0.000000E+00
  0.256249E+01 -0.196403E-01  0.251531E+00  0.000000E+00  0.000000E+00  0.000000E+00  0.000000E+00
  0.168734E+01  0.184399E+00  0.195663E-02  0.000000E+00  0.000000E+00  0.000000E+00  0.000000E+00
  0.219750E+01 -0.127466E-01  0.270229E+00  0.000000E+00  0.000000E+00  0.000000E+00  0.000000E+00
  0.190304E+01 -0.126839E-01  0.206453E+00  0.000000E+00  0.000000E+00  0.000000E+00  0.000000E+00
  0.205219E+01 -0.212516E+00  0.160629E-01  0.000000E+00  0.000000E+00  0.000000E+00  0.000000E+00
  0.192406E+01 -0.231129E+00  0.826437E-02  0.000000E+00  0.000000E+00  0.000000E+00  0.000000E+00
  0.250775E+01  0.325344E+00  0.139985E-01  0.000000E+00  0.000000E+00  0.000000E+00  0.000000E+00
  0.277865E+01 -0.189003E-01  0.301922E+00  0.000000E+00  0.000000E+00  0.000000E+00  0.000000E+00
  0.265158E+01 -0.808498E-02  0.406032E+00  0.000000E+00  0.000000E+00  0.000000E+00  0.000000E+00
  0.205938E+01  0.276974E+00  0.312161E-02  0.000000E+00  0.000000E+00  0.000000E+00  0.000000E+00
  0.246444E+01 -0.182385E-01  0.261067E+00  0.000000E+00  0.000000E+00  0.000000E+00  0.000000E+00
  0.208445E+01 -0.285505E+00  0.814421E-04  0.000000E+00  0.000000E+00  0.000000E+00  0.000000E+00
  0.243288E+01 -0.323480E+00  0.125197E-01  0.000000E+00  0.000000E+00  0.000000E+00  0.000000E+00
  0.245546E+01  0.376333E+00  0.319153E-02  0.000000E+00  0.000000E+00  0.000000E+00  0.000000E+00
  0.257746E+01 -0.348892E-02  0.406308E+00  0.000000E+00  0.000000E+00  0.000000E+00  0.000000E+00
  0.242980E+01 -0.182813E-01  0.254386E+00  0.000000E+00  0.000000E+00  0.000000E+00  0.000000E+00
  0.270355E+01 -0.347547E+00  0.154600E-01  0.000000E+00  0.000000E+00  0.000000E+00  0.000000E+00
  0.205236E+01  0.153008E-01  0.219361E+00  0.000000E+00  0.000000E+00  0.000000E+00  0.000000E+00
  0.224952E+01 -0.319772E+00  0.532982E-02  0.000000E+00  0.000000E+00  0.000000E+00  0.000000E+00
  0.284082E+01 -0.677198E-01  0.881713E-01  0.000000E+00  0.000000E+00  0.000000E+00  0.000000E+00
  0.284082E+01  0.547359E-01 -0.117587E-01  0.000000E+00  0.000000E+00  0.000000E+00  0.000000E+00
  0.284082E+01  0.168726E+00 -0.168642E+00  0.000000E+00  0.000000E+00  0.000000E+00  0.000000E+00
  0.284082E+01 -0.228374E+00  0.762096E-01  0.000000E+00  0.000000E+00  0.000000E+00  0.000000E+00
  0.284082E+01  0.917847E-01  0.123767E+00  0.000000E+00  0.000000E+00  0.000000E+00  0.000000E+00
  0.284082E+01  0.445370E-01  0.155561E-01  0.000000E+00  0.000000E+00  0.000000E+00  0.000000E+00
  0.284082E+01  0.303289E-01  0.131228E+00  0.000000E+00  0.000000E+00  0.000000E+00  0.000000E+00
  0.284082E+01  0.204593E+00 -0.142051E-01  0.000000E+00  0.000000E+00  0.000000E+00  0.000000E+00
  0.284082E+01 -0.658454E-01 -0.585643E-01  0.000000E+00  0.000000E+00  0.000000E+00  0.000000E+00
  0.284082E+01  0.481418E-01  0.801983E-01  0.000000E+00  0.000000E+00  0.000000E+00  0.000000E+00
  0.284082E+01 -0.149980E+00 -0.631130E-01  0.000000E+00  0.000000E+00  0.000000E+00  0.000000E+00
  0.284082E+01 -0.165353E+00  0.472927E-01  0.000000E+00  0.000000E+00  0.000000E+00  0.000000E+00
  0.284082E+01  0.243100E+00  0.133876E-02  0.000000E+00  0.000000E+00  0.000000E+00  0.000000E+00
  0.284082E+01 -0.200035E+00  0.961618E-01  0.000000E+00  0.000000E+00  0.000000E+00  0.000000E+00
  0.284082E+01  0.448119E-02 -0.124442E+00  0.000000E+00  0.000000E+00  0.000000E+00  0.000000E+00
  0.284082E+01  0.258696E-01 -0.163397E+00  0.000000E+00  0.000000E+00  0.000000E+00  0.000000E+00
  0.284082E+01 -0.129252E+00  0.129585E-01  0.000000E+00  0.000000E+00  0.000000E+00  0.000000E+00
  0.284082E+01 -0.113095E-02 -0.111055E-01  0.000000E+00  0.000000E+00  0.000000E+00  0.000000E+00
  0.284082E+01  0.135507E+00  0.159313E-01  0.000000E+00  0.000000E+00  0.000000E+00  0.000000E+00
  0.284082E+01  0.144178E-01  0.227497E+00  0.000000E+00  0.000000E+00  0.000000E+00  0.000000E+00
  0.284082E+01  0.610073E-01 -0.165717E-01  0.000000E+00  0.000000E+00  0.000000E+00  0.000000E+00
  0.284082E+01 -0.229063E-01  0.191217E-01  0.000000E+00  0.000000E+00  0.000000E+00  0.000000E+00
  0.284082E+01  0.892254E-01 -0.177005E+00  0.000000E+00  0.000000E+00  0.000000E+00  0.000000E+00
  0.284082E+01 -0.988232E-01  0.123907E+00  0.000000E+00  0.000000E+00  0.000000E+00  0.000000E+00
  0.284082E+01  0.438252E-02  0.118823E+00  0.000000E+00  0.000000E+00  0.000000E+00  0.000000E+00
  0.284082E+01 -0.197678E-01  0.126648E-01  0.000000E+00  0.000000E+00  0.000000E+00  0.000000E+00
  0.284082E+01 -0.632607E-01  0.921001E-01  0.000000E+00  0.000000E+00  0.000000E+00  0.000000E+00
  0.284082E+01  0.814953E-01  0.161367E+00  0.000000E+00  0.000000E+00  0.000000E+00  0.000000E+00
  0.284082E+01  0.150389E+00  0.152553E+00  0.000000E+00  0.000000E+00  0.000000E+00  0.000000E+00
  0.284082E+01  0.199476E-01 -0.724125E-01  0.000000E+00  0.000000E+00  0.000000E+00  0.000000E+00
  0.284082E+01  0.360860E-01 -0.370444E-01  0.000000E+00  0.000000E+00  0.000000E+00  0.000000E+00
  0.284082E+01  0.378730E-01  0.363934E-01  0.000000E+00  0.000000E+00  0.000000E+00  0.000000E+00
  0.284082E+01  0.270247E-01 -0.196316E+00  0.000000E+00  0.000000E+00  0.000000E+00  0.000000E+00
  0.284082E+01 -0.499596E-01  0.640043E-01  0.000000E+00  0.000000E+00  0.000000E+00  0.000000E+00
  0.284082E+01 -0.436606E-01  0.234078E+00  0.000000E+00  0.000000E+00  0.000000E+00  0.000000E+00
  0.284082E+01 -0.161459E+00 -0.293281E-01  0.000000E+00  0.000000E+00  0.000000E+00  0.000000E+00
  0.284082E+01 -0.253192E-01  0.631199E-02  0.000000E+00  0.000000E+00  0.000000E+00  0.000000E+00
  0.284082E+01  0.128908E+00  0.154989E-01  0.000000E+00  0.000000E+00  0.000000E+00  0.000000E+00
  0.284082E+01 -0.151623E+00  0.683770E-01  0.000000E+00  0.000000E+00  0.000000E+00  0.000000E+00
  0.284082E+01  0.982769E-02 -0.131434E-01  0.000000E+00  0.000000E+00  0.000000E+00  0.000000E+00
  0.284082E+01  0.435259E-01  0.223010E+00  0.000000E+00  0.000000E+00  0.000000E+00  0.000000E+00
  0.284082E+01 -0.132711E+00  0.980668E-01  0.000000E+00  0.000000E+00  0.000000E+00  0.000000E+00
  0.284082E+01 -0.136459E+00  0.248736E-01  0.000000E+00  0.000000E+00  0.000000E+00  0.000000E+00
  0.284082E+01  0.127271E-01 -0.689939E-01  0.000000E+00  0.000000E+00  0.000000E+00  0.000000E+00
  0.284082E+01  0.279375E-01 -0.485134E-01  0.000000E+00  0.000000E+00  0.000000E+00  0.000000E+00
  0.284082E+01  0.291778E-01 -0.484593E-01  0.000000E+00  0.000000E+00  0.000000E+00  0.000000E+00
  0.284082E+01  0.273503E-01 -0.342977E-02  0.000000E+00  0.000000E+00  0.000000E+00  0.000000E+00
  0.284082E+01  0.631938E-01  0.137046E+00  0.000000E+00  0.000000E+00  0.000000E+00  0.000000E+00
  0.284082E+01 -0.227759E-01  0.136006E+00  0.000000E+00  0.000000E+00  0.000000E+00  0.000000E+00
  0.284082E+01 -0.194317E+00 -0.136948E+00  0.000000E+00  0.000000E+00  0.000000E+00  0.000000E+00
  0.284082E+01  0.143513E+00  0.510875E-01  0.000000E+00  0.000000E+00  0.000000E+00  0.000000E+00
  0.284082E+01 -0.129415E+00 -0.196342E+00  0.000000E+00  0.000000E+00  0.000000E+00  0.000000E+00
  0.284082E+01 -0.205122E+00  0.834404E-01  0.000000E+00  0.000000E+00  0.000000E+00  0.000000E+00
  0.284082E+01  0.220521E+00 -0.615279E-01  0.000000E+00  0.000000E+00  0.000000E+00  0.000000E+00
  0.284082E+01 -0.426142E-01 -0.538609E-01  0.000000E+00  0.000000E+00  0.000000E+00  0.000000E+00
  0.284082E+01  0.600710E-01  0.101335E+00  0.000000E+00  0.000000E+00  0.000000E+00  0.000000E+00
  0.284082E+01  0.105577E+00 -0.808479E-02  0.000000E+00  0.000000E+00  0.000000E+00  0.000000E+00
  0.284082E+01 -0.907111E-01 -0.158036E-01  0.000000E+00  0.000000E+00  0.000000E+00  0.000000E+00
  0.284082E+01 -0.303110E-01 -0.152596E+00  0.000000E+00  0.000000E+00  0.000000E+00  0.000000E+00
  0.284082E+01  0.368555E-01 -0.571860E-01  0.000000E+00  0.000000E+00  0.000000E+00  0.000000E+00
  0.284082E+01 -0.551765E-01 -0.179144E-01  0.000000E+00  0.000000E+00  0.000000E+00  0.000000E+00
  0.284082E+01  0.198472E-01  0.811689E-02  0.000000E+00  0.000000E+00  0.000000E+00  0.000000E+00
  0.284082E+01 -0.357872E-01  0.183051E-01  0.000000E+00  0.000000E+00  0.000000E+00  0.000000E+00
  0.284082E+01 -0.360261E-01 -0.164470E+00  0.000000E+00  0.000000E+00  0.000000E+00  0.000000E+00
  0.284082E+01  0.471780E-01  0.183101E+00  0.000000E+00  0.000000E+00  0.000000E+00  0.000000E+00
  0.284082E+01  0.118092E+00 -0.369382E-01  0.000000E+00  0.000000E+00  0.000000E+00  0.000000E+00
  0.284082E+01  0.190321E-01  0.327818E-01  0.000000E+00  0.000000E+00  0.000000E+00  0.000000E+00
  0.284082E+01 -0.145460E+00  0.145847E+00  0.000000E+00  0.000000E+00  0.000000E+00  0.000000E+00
  0.284082E+01 -0.133535E+00 -0.165227E+00  0.000000E+00  0.000000E+00  0.000000E+00  0.000000E+00
  0.284082E+01  0.590830E-01 -0.192977E+00  0.000000E+00  0.000000E+00  0.000000E+00  0.000000E+00
  0.284082E+01  0.161815E+00  0.136077E+00  0.000000E+00  0.000000E+00  0.000000E+00  0.000000E+00
  0.284082E+01  0.190072E+00  0.520897E-01  0.000000E+00  0.000000E+00  0.000000E+00  0.000000E+00
  0.284082E+01  0.212923E+00  0.196658E-03  0.000000E+00  0.000000E+00  0.000000E+00  0.000000E+00
  0.284082E+01  0.430254E-01 -0.675209E-01  0.000000E+00  0.000000E+00  0.000000E+00  0.000000E+00
  0.284082E+01 -0.934439E-01 -0.278963E-01  0.000000E+00  0.000000E+00  0.000000E+00  0.000000E+00
  0.284082E+01 -0.676428E-01 -0.610376E-02  0.000000E+00  0.000000E+00  0.000000E+00  0.000000E+00
  0.284082E+01  0.644399E-02 -0.208733E-02  0.000000E+00  0.000000E+00  0.000000E+00  0.000000E+00
  0.284082E+01  0.654815E-01 -0.674942E-01  0.000000E+00  0.000000E+00  0.000000E+00  0.000000E+00
  0.284082E+01  0.162677E+00  0.240673E-01  0.000000E+00  0.000000E+00  0.000000E+00  0.000000E+00
  0.284082E+01 -0.344571E-01  0.150029E-01  0.000000E+00  0.000000E+00  0.000000E+00  0.000000E+00
  0.284082E+01 -0.263549E-01 -0.168280E+00  0.000000E+00  0.000000E+00  0.000000E+00  0.000000E+00
  0.284082E+01 -0.994608E-01  0.430699E-01  0.000000E+00  0.000000E+00  0.000000E+00  0.000000E+00
  0.284082E+01  0.153000E+00  0.846012E-01  0.000000E+00  0.000000E+00  0.000000E+00  0.000000E+00
  0.284082E+01 -0.673832E-01  0.865381E-01  0.000000E+00  0.000000E+00  0.000000E+00  0.000000E+00
  0.284082E+01  0.100989E-01 -0.128426E+00  0.000000E+00  0.000000E+00  0.000000E+00  0.000000E+00
  0.284082E+01 -0.146051E-01  0.721428E-02  0.000000E+00  0.000000E+00  0.000000E+00  0.000000E+00
  0.284082E+01  0.263827E-02  0.111225E+00  0.000000E+00  0.000000E+00  0.000000E+00  0.000000E+00
  0.284082E+01 -0.203311E+00  0.143968E+00  0.000000E+00  0.000000E+00  0.000000E+00  0.000000E+00
  0.284082E+01  0.984524E-02 -0.333649E-02  0.000000E+00  0.000000E+00  0.000000E+00  0.000000E+00
  0.284082E+01 -0.355162E-01  0.261727E-03  0.000000E+00  0.000000E+00  0.000000E+00  0.000000E+00
  0.284082E+01 -0.118433E+00  0.180585E+00  0.000000E+00  0.000000E+00  0.000000E+00  0.000000E+00
  0.284082E+01 -0.677785E-01  0.276761E-01  0.000000E+00  0.000000E+00  0.000000E+00  0.000000E+00
  0.284082E+01  0.573295E-02  0.269574E-01  0.000000E+00  0.000000E+00  0.000000E+00  0.000000E+00
  0.284082E+01  0.891095E-01  0.252234E-01  0.000000E+00  0.000000E+00  0.000000E+00  0.000000E+00
  0.284082E+01  0.342522E-01 -0.971507E-02  0.000000E+00  0.000000E+00  0.000000E+00  0.000000E+00
  0.284082E+01 -0.401542E-02  0.583277E-02  0.000000E+00  0.000000E+00  0.000000E+00  0.000000E+00
  0.284082E+01 -0.107482E+00 -0.406541E-01  0.000000E+00  0.000000E+00  0.000000E+00  0.000000E+00
  0.284082E+01  0.594832E-01  0.106927E+00  0.000000E+00  0.000000E+00  0.000000E+00  0.000000E+00
  0.284082E+01 -0.106438E+00 -0.775032E-01  0.000000E+00  0.000000E+00  0.000000E+00  0.000000E+00
  0.284082E+01 -0.219320E-01  0.358539E-01  0.000000E+00  0.000000E+00  0.000000E+00  0.000000E+00
