  0.260682E+01  0.392683E+00  0.853080E-02  0.000000E+00  0.000000E+00  0.000000E+00  0.000000E+00
  0.213289E+01  0.143702E-01 -0.243662E+00  0.000000E+00  0.000000E+00  0.000000E+00  0.000000E+00
  0.167834E+01 -0.838757E-02  0.172099E+00  0.000000E+00  0.000000E+00  0.000000E+00  0.000000E+00
  0.255832E+01 -0.254785E+00  0.194482E-01  0.000000E+00  0.000000E+00  0.000000E+00  0.000000E+00
  0.256706E+01 -0.175569E-01  0.290238E+00  0.000000E+00  0.000000E+00  0.000000E+00  0.000000E+00
  0.217970E+01  0.303264E+00  0.503956E-02  0.000000E+00  0.000000E+00  0.000000E+00  0.000000E+00
  0.277517E+01  0.166274E-01  0.343792E+00  0.000000E+00  0.000000E+00  0.000000E+00  0.000000E+00
  0.161705E+01 -0.335635E-02  0.165657E+00  0.000000E+00  0.000000E+00  0.000000E+00  0.000000E+00
  0.264095E+01  0.336457E+00  0.153576E-01  0.000000E+00  0.000000E+00  0.000000E+00  0.000000E+00
  0.219116E+01 -0.151094E-01 -0.248987E+00  0.000000E+00  0.000000E+00  0.000000E+00  0.000000E+00
  0.229762E+01 -0.338910E+00  0.143985E-02  0.000000E+00  0.000000E+00  0.000000E+00  0.000000E+00
  0.261549E+01 -0.306364E+00  0.170989E-01  0.000000E+00  0.000000E+00  0.000000E+00  0.000000E+00
  0.254732E+01  0.390533E+00 -0.609726E-02  0.000000E+00  0.000000E+00  0.000000E+00  0.000000E+00
  0.193314E+01 -0.225105E-02 -0.246194E+00  0.000000E+00  0.000000E+00  0.000000E+00  0.000000E+00
  0.219275E+01 -0.252889E+00  0.147246E-01  0.000000E+00  0.000000E+00  0.000000E+00  0.000000E+00
  0.163529E+01  0.424811E-02 -0.169290E+00  0.000000E+00  0.000000E+00  0.000000E+00  0.000000E+00
  0.207398E+01  0.282479E+00  0.128841E-02  0.000000E+00  0.000000E+00  0.000000E+00  0.000000E+00
  0.234530E+01 -0.144042E-02 -0.350963E+00  0.000000E+00  0.000000E+00  0.000000E+00  0.000000E+00
  0.219359E+01 -0.224993E+00 -0.173878E-01  0.000000E+00  0.000000E+00  0.000000E+00  0.000000E+00
  0.166787E+01  0.179604E+00  0.173165E-02  0.000000E+00  0.000000E+00  0.000000E+00  0.000000E+00
  0.268373E+01 -0.373773E+00  0.129713E-01  0.000000E+00  0.000000E+00  0.000000E+00  0.000000E+00
  0.212890E+01  0.261958E+00 -0.117471E-01  0.000000E+00  0.000000E+00  0.000000E+00  0.000000E+00
  0.189016E+01  0.235337E+00 -0.227330E-02  0.000000E+00  0.000000E+00  0.000000E+00  0.000000E+00
  0.257123E+01  0.189833E-01  0.265972E+00  0.000000E+00  0.000000E+00  0.000000E+00  0.000000E+00
  0.204710E+01 -0.229875E+00 -0.138419E-01  0.000000E+00  0.000000E+00  0.000000E+00  0.000000E+00
  0.273751E+01 -0.151651E-01  0.358424E+00  0.000000E+00  0.000000E+00  0.000000E+00  0.000000E+00
  0.194462E+01  0.122677E-01 -0.217922E+00  0.000000E+00  0.000000E+00  0.000000E+00  0.000000E+00
  0.191577E+01  0.939118E-02  0.225017E+00  0.000000E+00  0.000000E+00  0.000000E+00  0.000000E+00
  0.203199E+01  0.254842E+00 -0.879014E-02  0.000000E+00  0.000000E+00  0.000000E+00  0.000000E+00
  0.164821E+01  0.174055E+00 -0.267461E-02  0.000000E+00  0.000000E+00  0.000000E+00  0.000000E+00
  0.184276E+01 -0.139705E-01 -0.186023E+00  0.000000E+00  0.000000E+00  0.000000E+00  0.000000E+00
  0.262445E+01  0.243341E-02  0.420217E+00  0.000000E+00  0.000000E+00  0.000000E+00  0.000000E+00
  0.238701E+01 -0.134735E-01  0.305018E+00  0.000000E+00  0.000000E+00  0.000000E+00  0.000000E+00
  0.163914E+01 -0.172733E+00 -0.468146E-03  0.000000E+00  0.000000E+00  0.000000E+00  0.000000E+00
  0.190798E+01 -0.192934E+00  0.149623E-01  0.000000E+00  0.000000E+00  0.000000E+00  0.000000E+00
  0.171444E+01  0.241299E-02  0.190932E+00  0.000000E+00  0.000000E+00  0.000000E+00  0.000000E+00
  0.192422E+01 -0.145192E-01 -0.199396E+00  0.000000E+00  0.000000E+00  0.000000E+00  0.000000E+00
  0.260731E+01  0.269118E+00 -0.191255E-01  0.000000E+00  0.000000E+00  0.000000E+00  0.000000E+00
  0.182779E+01 -0.220200E+00 -0.135581E-02  0.000000E+00  0.000000E+00  0.000000E+00  0.000000E+00
  0.201172E+01  0.245659E+00 -0.981253E-02  0.000000E+00  0.000000E+00  0.000000E+00  0.000000E+00
  0.219211E+01 -0.982138E-02  0.287617E+00  0.000000E+00  0.000000E+00  0.000000E+00  0.000000E+00
  0.170120E+01 -0.187776E+00 -0.215280E-02  0.000000E+00  0.000000E+00  0.000000E+00  0.000000E+00
  0.209753E+01  0.171672E-01 -0.209956E+00  0.000000E+00  0.000000E+00  0.000000E+00  0.000000E+00
  0.223956E+01 -0.257263E+00 -0.152590E-01  0.000000E+00  0.000000E+00  0.000000E+00  0.000000E+00
  0.275681E+01  0.119240E-01 -0.400555E+00  0.000000E+00  0.000000E+00  0.000000E+00  0.000000E+00
  0.241270E+01  0.352672E+00  0.727229E-02  0.000000E+00  0.000000E+00  0.000000E+00  0.000000E+00
  0.257857E+01  0.370099E+00 -0.108273E-01  0.000000E+00  0.000000E+00  0.000000E+00  0.000000E+00
  0.225189E+01  0.108240E-01  0.295570E+00  0.000000E+00  0.000000E+00  0.000000E+00  0.000000E+00
  0.239636E+01 -0.246994E+00 -0.183842E-01  0.000000E+00  0.000000E+00  0.000000E+00  0.000000E+00
  0.274169E+01  0.193083E-01  0.287059E+00  0.000000E+00  0.000000E+00  0.000000E+00  0.000000E+00
  0.270555E+01 -0.333286E+00  0.164574E-01  0.000000E+00  0.000000E+00  0.000000E+00  0.000000E+00
  0.237329E+01 -0.292049E+00  0.145098E-01  0.000000E+00  0.000000E+00  0.000000E+00  0.000000E+00
  0.276118E+01  0.333383E+00  0.170925E-01  0.000000E+00  0.000000E+00  0.000000E+00  0.000000E+00
  0.197417E+01 -0.859346E-02  0.241889E+00  0.000000E+00  0.000000E+00  0.000000E+00  0.000000E+00
  0.258238E+01  0.279250E+00  0.183650E-01  0.000000E+00  0.000000E+00  0.000000E+00  0.000000E+00
  0.219367E+01 -0.166448E-01 -0.233659E+00  0.000000E+00  0.000000E+00  0.000000E+00  0.000000E+00
  0.243212E+01  0.362833E+00  0.593957E-02  0.000000E+00  0.000000E+00  0.000000E+00  0.000000E+00
  0.279523E+01 -0.128599E-01 -0.399154E+00  0.000000E+00  0.000000E+00  0.000000E+00  0.000000E+00
  0.192857E+01  0.212471E+00 -0.126061E-01  0.000000E+00  0.000000E+00  0.000000E+00  0.000000E+00
  0.249120E+01  0.619523E-03  0.388367E+00  0.000000E+00  0.000000E+00  0.000000E+00  0.000000E+00
  0.270765E+01  0.934059E-02 -0.411184E+00  0.000000E+00  0.000000E+00  0.000000E+00  0.000000E+00
  0.250570E+01  0.378331E+00  0.657935E-02  0.000000E+00  0.000000E+00  0.000000E+00  0.000000E+00
  0.215565E+01  0.238094E+00  0.155059E-01  0.000000E+00  0.000000E+00  0.000000E+00  0.000000E+00
  0.173704E+01  0.179953E+00  0.103140E-01  0.000000E+00  0.000000E+00  0.000000E+00  0.000000E+00
  0.171895E+01 -0.189104E+00  0.497867E-02  0.000000E+00  0.000000E+00  0.000000E+00  0.000000E+00
  0.174910E+01  0.385543E-02  0.198203E+00  0.000000E+00  0.000000E+00  0.000000E+00  0.000000E+00
  0.186457E+01 -0.221626E+00  0.662217E-02  0.000000E+00  0.000000E+00  0.000000E+00  0.000000E+00
  0.188864E+01 -0.208955E+00 -0.116080E-01  0.000000E+00  0.000000E+00  0.000000E+00  0.000000E+00
  0.181915E+01 -0.133289E-01  0.184716E+00  0.000000E+00  0.000000E+00  0.000000E+00  0.000000E+00
  0.267258E+01  0.153674E-01  0.342644E+00  0.000000E+00  0.000000E+00  0.000000E+00  0.000000E+00
  0.186127E+01  0.141445E-01  0.188825E+00  0.000000E+00  0.000000E+00  0.000000E+00  0.000000E+00
  0.251368E+01 -0.594647E-02  0.382863E+00  0.000000E+00  0.000000E+00  0.000000E+00  0.000000E+00
  0.231960E+01  0.312234E+00 -0.106397E-01  0.000000E+00  0.000000E+00  0.000000E+00  0.000000E+00
  0.186300E+01 -0.214237E+00 -0.894832E-02  0.000000E+00  0.000000E+00  0.000000E+00  0.000000E+00
  0.204484E+01 -0.271794E+00  0.407368E-02  0.000000E+00  0.000000E+00  0.000000E+00  0.000000E+00
  0.216436E+01  0.158114E-01 -0.236823E+00  0.000000E+00  0.000000E+00  0.000000E+00  0.000000E+00
  0.253316E+01  0.355432E+00 -0.113714E-01  0.000000E+00  0.000000E+00  0.000000E+00  0.000000E+00
  0.187432E+01 -0.140076E-01 -0.192415E+00  0.000000E+00  0.000000E+00  0.000000E+00  0.000000E+00
  0.208726E+01  0.990546E-02 -0.262791E+00  0.000000E+00  0.000000E+00  0.000000E+00  0.000000E+00
  0.263999E+01 -0.418783E+00  0.463025E-02  0.000000E+00  0.000000E+00  0.000000E+00  0.000000E+00
  0.191067E+01 -0.103208E-01  0.219968E+00  0.000000E+00  0.000000E+00  0.000000E+00  0.000000E+00
  0.178373E+01 -0.202574E+00 -0.631838E-02  0.000000E+00  0.000000E+00  0.000000E+00  0.000000E+00
  0.257015E+01  0.373458E+00  0.101273E-01  0.000000E+00  0.000000E+00  0.000000E+00  0.000000E+00
  0.265933E+01 -0.292155E+00  0.183818E-01  0.000000E+00  0.000000E+00  0.000000E+00  0.000000E+00
  0.174615E+01 -0.187385E+00 -0.869250E-02  0.000000E+00  0.000000E+00  0.000000E+00  0.000000E+00
  0.257555E+01  0.290925E+00  0.176088E-01  0.000000E+00  0.000000E+00  0.000000E+00  0.000000E+00
  0.269731E+01  0.380585E+00  0.126020E-01  0.000000E+00  0.000000E+00  0.000000E+00  0.000000E+00
  0.232993E+01  0.152488E-01  0.275495E+00  0.000000E+00  0.000000E+00  0.000000E+00  0.000000E+00
  0.243468E+01 -0.156264E-01  0.292075E+00  0.000000E+00  0.000000E+00  0.000000E+00  0.000000E+00
  0.245637E+01  0.379464E+00  0.817205E-03  0.000000E+00  0.000000E+00  0.000000E+00  0.000000E+00
  0.266208E+01 -0.420399E+00  0.569425E-02  0.000000E+00  0.000000E+00  0.000000E+00  0.000000E+00
  0.253154E+01  0.334583E-02  0.395113E+00  0.000000E+00  0.000000E+00  0.000000E+00  0.000000E+00
  0.187230E+01  0.122810E-01  0.201899E+00  0.000000E+00  0.000000E+00  0.000000E+00  0.000000E+00
  0.178268E+01 -0.946461E-02  0.193540E+00  0.000000E+00  0.000000E+00  0.000000E+00  0.000000E+00
  0.236293E+01  0.253824E+00 -0.175299E-01  0.000000E+00  0.000000E+00  0.000000E+00  0.000000E+00
  0.257437E+01  0.184769E-01 -0.275877E+00  0.000000E+00  0.000000E+00  0.000000E+00  0.000000E+00
  0.169510E+01  0.186403E+00 -0.187773E-02  0.000000E+00  0.000000E+00  0.000000E+00  0.000000E+00
  0.195076E+01 -0.147601E-01 -0.203114E+00  0.000000E+00  0.000000E+00  0.000000E+00  0.000000E+00
  0.167293E+01  0.799801E-02  0.171789E+00  0.000000E+00  0.000000E+00  0.000000E+00  0.000000E+00
  0.195317E+01  0.115413E-01 -0.223779E+00  0.000000E+00  0.000000E+00  0.000000E+00  0.000000E+00
  0.208509E+01  0.929823E-02 -0.265173E+00  0.000000E+00  0.000000E+00  0.000000E+00  0.000000E+00
  0.229174E+01  0.335057E+00 -0.328370E-02  0.000000E+00  0.000000E+00  0.000000E+00  0.000000E+00
  0.177448E+01 -0.197881E+00  0.734905E-02  0.000000E+00  0.000000E+00  0.000000E+00  0.000000E+00
  0.190713E+01 -0.127664E-01  0.206873E+00  0.000000E+00  0.000000E+00  0.000000E+00  0.000000E+00
  0.181865E+01  0.442054E-03 -0.218178E+00  0.000000E+00  0.000000E+00  0.000000E+00  0.000000E+00
  0.277922E+01 -0.142348E-02 -0.460656E+00  0.000000E+00  0.000000E+00  0.000000E+00  0.000000E+00
  0.233560E+01 -0.108445E-02 -0.348763E+00  0.000000E+00  0.000000E+00  0.000000E+00  0.000000E+00
  0.194615E+01  0.233200E+00 -0.912729E-02  0.000000E+00  0.000000E+00  0.000000E+00  0.000000E+00
  0.216692E+01  0.287861E+00 -0.856084E-02  0.000000E+00  0.000000E+00  0.000000E+00  0.000000E+00
  0.243532E+01  0.948783E-03 -0.374069E+00  0.000000E+00  0.000000E+00  0.000000E+00  0.000000E+00
  0.272210E+01 -0.395027E+00 -0.116947E-01  0.000000E+00  0.000000E+00  0.000000E+00  0.000000E+00
  0.208143E+01  0.140337E-01  0.235646E+00  0.000000E+00  0.000000E+00  0.000000E+00  0.000000E+00
  0.227717E+01  0.333137E+00 -0.208058E-02  0.000000E+00  0.000000E+00  0.000000E+00  0.000000E+00
  0.199688E+01  0.579969E-02  0.256150E+00  0.000000E+00  0.000000E+00  0.000000E+00  0.000000E+00
  0.236763E+01 -0.620414E-02  0.346026E+00  0.000000E+00  0.000000E+00  0.000000E+00  0.000000E+00
  0.172149E+01 -0.521543E-02 -0.189352E+00  0.000000E+00  0.000000E+00  0.000000E+00  0.000000E+00
  0.237507E+01  0.242563E+00  0.184339E-01  0.000000E+00  0.000000E+00  0.000000E+00  0.000000E+00
  0.215120E+01 -0.133475E-01  0.255699E+00  0.000000E+00  0.000000E+00  0.000000E+00  0.000000E+00
  0.267756E+01 -0.159296E-01  0.335773E+00  0.000000E+00  0.000000E+00  0.000000E+00  0.000000E+00
  0.275383E+01  0.282460E+00  0.195988E-01  0.000000E+00  0.000000E+00  0.000000E+00  0.000000E+00
  0.234526E+01 -0.184362E-01  0.237430E+00  0.000000E+00  0.000000E+00  0.000000E+00  0.000000E+00
  0.279360E+01  0.173599E-01  0.334644E+00  0.000000E+00  0.000000E+00  0.000000E+00  0.000000E+00
  0.223649E+01 -0.139654E-01 -0.268734E+00  0.000000E+00  0.000000E+00  0.000000E+00  0.000000E+00
  0.216095E+01 -0.175140E-01 -0.217556E+00  0.000000E+00  0.000000E+00  0.000000E+00  0.000000E+00
  0.203296E+01 -0.478550E-02 -0.267430E+00  0.000000E+00  0.000000E+00  0.000000E+00  0.000000E+00
  0.231189E+01 -0.331657E+00  0.639947E-02  0.000000E+00  0.000000E+00  0.000000E+00  0.000000E+00
  0.195308E+01  0.248931E+00 -0.403912E-02  0.000000E+00  0.000000E+00  0.000000E+00  0.000000E+00
  0.195166E+01  0.218945E+00  0.123604E-01  0.000000E+00  0.000000E+00  0.000000E+00  0.000000E+00
  0.263765E+01  0.164045E-01  0.321132E+00  0.000000E+00  0.000000E+00  0.000000E+00  0.000000E+00
  0.189163E+01  0.231605E+00 -0.515327E-02  0.000000E+00  0.000000E+00  0.000000E+00  0.000000E+00
  0.260709E+01  0.177021E-01  0.295038E+00  0.000000E+00  0.000000E+00  0.000000E+00  0.000000E+00
  0.184409E+01 -0.378455E-02  0.222063E+00  0.000000E+00  0.000000E+00  0.000000E+00  0.000000E+00
  0.216850E+01  0.163938E-01  0.231616E+00  0.000000E+00  0.000000E+00  0.000000E+00  0.000000E+00
  0.222116E+01 -0.136613E-01  0.268095E+00  0.000000E+00  0.000000E+00  0.000000E+00  0.000000E+00
  0.175874E+01  0.191916E+00 -0.816210E-02  0.000000E+00  0.000000E+00  0.000000E+00  0.000000E+00
  0.200056E+01  0.238140E+00  0.108386E-01  0.000000E+00  0.000000E+00  0.000000E+00  0.000000E+00
  0.282932E+01 -0.277434E+00  0.202723E-01  0.000000E+00  0.000000E+00  0.000000E+00  0.000000E+00
  0.222657E+01 -0.242741E+00  0.163914E-01  0.000000E+00  0.000000E+00  0.000000E+00  0.000000E+00
  0.172774E+01 -0.183238E+00 -0.861516E-02  0.000000E+00  0.000000E+00  0.000000E+00  0.000000E+00
  0.201617E+01  0.506564E-03 -0.268162E+00  0.000000E+00  0.000000E+00  0.000000E+00  0.000000E+00
  0.235207E+01  0.142031E-01 -0.290714E+00  0.000000E+00  0.000000E+00  0.000000E+00  0.000000E+00
  0.282978E+01 -0.147863E-02  0.473376E+00  0.000000E+00  0.000000E+00  0.000000E+00  0.000000E+00
  0.206101E+01 -0.231816E+00 -0.139744E-01  0.000000E+00  0.000000E+00  0.000000E+00  0.000000E+00
  0.175001E+01  0.177120E+00 -0.117847E-01  0.000000E+00  0.000000E+00  0.000000E+00  0.000000E+00
  0.206416E+01 -0.274701E+00 -0.500128E-02  0.000000E+00  0.000000E+00  0.000000E+00  0.000000E+00
  0.220132E+01  0.312520E+00  0.318914E-02  0.000000E+00  0.000000E+00  0.000000E+00  0.000000E+00
  0.180869E+01 -0.111242E-01  0.193160E+00  0.000000E+00  0.000000E+00  0.000000E+00  0.000000E+00
  0.269642E+01  0.440332E+00  0.561440E-03  0.000000E+00  0.000000E+00  0.000000E+00  0.000000E+00
  0.258305E+01  0.574027E-03 -0.411630E+00  0.000000E+00  0.000000E+00  0.000000E+00  0.000000E+00
  0.211737E+01 -0.134599E-01  0.247617E+00  0.000000E+00  0.000000E+00  0.000000E+00  0.000000E+00
  0.239856E+01  0.165882E-01  0.273098E+00  0.000000E+00  0.000000E+00  0.000000E+00  0.000000E+00
  0.242803E+01 -0.498196E-02  0.365021E+00  0.000000E+00  0.000000E+00  0.000000E+00  0.000000E+00
  0.250845E+01 -0.968387E-02 -0.362183E+00  0.000000E+00  0.000000E+00  0.000000E+00  0.000000E+00
  0.249637E+01  0.107768E-01  0.351719E+00  0.000000E+00  0.000000E+00  0.000000E+00  0.000000E+00
  0.188822E+01 -0.358038E-02  0.233393E+00  0.000000E+00  0.000000E+00  0.000000E+00  0.000000E+00
  0.255682E+01  0.343291E+00 -0.132728E-01  0.000000E+00  0.000000E+00  0.000000E+00  0.000000E+00
  0.264611E+01  0.168361E-01 -0.316175E+00  0.000000E+00  0.000000E+00  0.000000E+00  0.000000E+00
  0.197084E+01  0.453079E-02  0.252490E+00  0.000000E+00  0.000000E+00  0.000000E+00  0.000000E+00
  0.271642E+01 -0.581362E-03  0.445385E+00  0.000000E+00  0.000000E+00  0.000000E+00  0.000000E+00
  0.242605E+01 -0.133087E-01 -0.314901E+00  0.000000E+00  0.000000E+00  0.000000E+00  0.000000E+00
  0.263312E+01  0.176993E-01  0.299740E+00  0.000000E+00  0.000000E+00  0.000000E+00  0.000000E+00
  0.273708E+01  0.160020E-01 -0.346306E+00  0.000000E+00  0.000000E+00  0.000000E+00  0.000000E+00
  0.211824E+01 -0.232264E+00 -0.153323E-01  0.000000E+00  0.000000E+00  0.000000E+00  0.000000E+00
  0.225735E+01 -0.315978E+00  0.703369E-02  0.000000E+00  0.000000E+00  0.000000E+00  0.000000E+00
  0.202361E+01  0.125836E-01  0.233390E+00  0.000000E+00  0.000000E+00  0.000000E+00  0.000000E+00
  0.272834E+01  0.106447E-01  0.405835E+00  0.000000E+00  0.000000E+00  0.000000E+00  0.000000E+00
  0.216255E+01  0.454525E-02 -0.300192E+00  0.000000E+00  0.000000E+00  0.000000E+00  0.000000E+00
  0.163508E+01 -0.171516E+00 -0.125886E-02  0.000000E+00  0.000000E+00  0.000000E+00  0.000000E+00
  0.259204E+01 -0.344618E+00 -0.138552E-01  0.000000E+00  0.000000E+00  0.000000E+00  0.000000E+00
  0.220345E+01 -0.246602E+00  0.156042E-01  0.000000E+00  0.000000E+00  0.000000E+00  0.000000E+00
  0.198923E+01 -0.114757E-02 -0.261121E+00  0.000000E+00  0.000000E+00  0.000000E+00  0.000000E+00
  0.274403E+01 -0.322496E+00  0.175366E-01  0.000000E+00  0.000000E+00  0.000000E+00  0.000000E+00
  0.265100E+01  0.964944E-02 -0.395702E+00  0.000000E+00  0.000000E+00  0.000000E+00  0.000000E+00
  0.220629E+01  0.296949E+00 -0.862108E-02  0.000000E+00  0.000000E+00  0.000000E+00  0.000000E+00
  0.189526E+01  0.231481E+00  0.563932E-02  0.000000E+00  0.000000E+00  0.000000E+00  0.000000E+00
  0.185748E+01 -0.544030E-02  0.222577E+00  0.000000E+00  0.000000E+00  0.000000E+00  0.000000E+00
  0.220927E+01  0.316567E-02 -0.314555E+00  0.000000E+00  0.000000E+00  0.000000E+00  0.000000E+00
  0.203545E+01 -0.254855E+00  0.898460E-02  0.000000E+00  0.000000E+00  0.000000E+00  0.000000E+00
  0.217314E+01  0.307799E+00  0.808061E-03  0.000000E+00  0.000000E+00  0.000000E+00  0.000000E+00
  0.182662E+01  0.204816E+00 -0.918808E-02  0.000000E+00  0.000000E+00  0.000000E+00  0.000000E+00
  0.277445E+01  0.148615E-01 -0.370057E+00  0.000000E+00  0.000000E+00  0.000000E+00  0.000000E+00
  0.223987E+01 -0.262182E+00 -0.147611E-01  0.000000E+00  0.000000E+00  0.000000E+00  0.000000E+00
  0.173731E+01  0.314680E-02 -0.196045E+00  0.000000E+00  0.000000E+00  0.000000E+00  0.000000E+00
  0.261791E+01  0.400488E-02  0.415134E+00  0.000000E+00  0.000000E+00  0.000000E+00  0.000000E+00
  0.183155E+01 -0.186377E+00  0.135057E-01  0.000000E+00  0.000000E+00  0.000000E+00  0.000000E+00
  0.183528E+01  0.119860E-01 -0.195191E+00  0.000000E+00  0.000000E+00  0.000000E+00  0.000000E+00
  0.267535E+01  0.356423E+00 -0.143392E-01  0.000000E+00  0.000000E+00  0.000000E+00  0.000000E+00
  0.268934E+01  0.169472E-01  0.322479E+00  0.000000E+00  0.000000E+00  0.000000E+00  0.000000E+00
  0.220346E+01 -0.309863E+00  0.475945E-02  0.000000E+00  0.000000E+00  0.000000E+00  0.000000E+00
  0.236033E+01 -0.342876E-02 -0.351993E+00  0.000000E+00  0.000000E+00  0.000000E+00  0.000000E+00
  0.218573E+01 -0.573420E-02  0.302853E+00  0.000000E+00  0.000000E+00  0.000000E+00  0.000000E+00
  0.230599E+01  0.341282E+00 -0.106808E-02  0.000000E+00  0.000000E+00  0.000000E+00  0.000000E+00
  0.260451E+01  0.294695E+00 -0.176950E-01  0.000000E+00  0.000000E+00  0.000000E+00  0.000000E+00
  0.214155E+01  0.159960E-01 -0.230523E+00  0.000000E+00  0.000000E+00  0.000000E+00  0.000000E+00
  0.273079E+01 -0.440653E+00 -0.483817E-02  0.000000E+00  0.000000E+00  0.000000E+00  0.000000E+00
  0.191982E+01  0.218218E+00  0.111526E-01  0.000000E+00  0.000000E+00  0.000000E+00  0.000000E+00
  0.259998E+01  0.407300E+00  0.509313E-02  0.000000E+00  0.000000E+00  0.000000E+00  0.000000E+00
  0.234102E+01 -0.821975E-02  0.330977E+00  0.000000E+00  0.000000E+00  0.000000E+00  0.000000E+00
  0.207477E+01  0.165580E-01  0.212069E+00  0.000000E+00  0.000000E+00  0.000000E+00  0.000000E+00
  0.248765E+01  0.361871E+00  0.895430E-02  0.000000E+00  0.000000E+00  0.000000E+00  0.000000E+00
  0.232482E+01  0.141360E-01 -0.285676E+00  0.000000E+00  0.000000E+00  0.000000E+00  0.000000E+00
  0.224618E+01  0.156246E-01  0.254841E+00  0.000000E+00  0.000000E+00  0.000000E+00  0.000000E+00
  0.263707E+01 -0.355989E+00 -0.136876E-01  0.000000E+00  0.000000E+00  0.000000E+00  0.000000E+00
  0.227330E+01 -0.389023E-02  0.329259E+00  0.000000E+00  0.000000E+00  0.000000E+00  0.000000E+00
  0.210225E+01 -0.251825E+00  0.123996E-01  0.000000E+00  0.000000E+00  0.000000E+00  0.000000E+00
  0.180787E+01 -0.214666E+00  0.217270E-02  0.000000E+00  0.000000E+00  0.000000E+00  0.000000E+00
  0.193619E+01 -0.227429E+00  0.996278E-02  0.000000E+00  0.000000E+00  0.000000E+00  0.000000E+00
  0.224220E+01 -0.303503E+00  0.902422E-02  0.000000E+00  0.000000E+00  0.000000E+00  0.000000E+00
  0.182473E+01 -0.689504E-02 -0.211226E+00  0.000000E+00  0.000000E+00  0.000000E+00  0.000000E+00
  0.193195E+01  0.233283E+00 -0.818675E-02  0.000000E+00  0.000000E+00  0.000000E+00  0.000000E+00
  0.200288E+01  0.139651E-01 -0.219678E+00  0.000000E+00  0.000000E+00  0.000000E+00  0.000000E+00
  0.266269E+01  0.423797E+00 -0.482063E-02  0.000000E+00  0.000000E+00  0.000000E+00  0.000000E+00
  0.228807E+01 -0.240187E+00  0.175393E-01  0.000000E+00  0.000000E+00  0.000000E+00  0.000000E+00
  0.181988E+01 -0.189664E+00  0.124168E-01  0.000000E+00  0.000000E+00  0.000000E+00  0.000000E+00
  0.247837E+01 -0.517098E-02 -0.376905E+00  0.000000E+00  0.000000E+00  0.000000E+00  0.000000E+00
  0.273400E+01 -0.352290E+00  0.155523E-01  0.000000E+00  0.000000E+00  0.000000E+00  0.000000E+00
  0.216476E+01  0.264694E+00 -0.125241E-01  0.000000E+00  0.000000E+00  0.000000E+00  0.000000E+00
  0.271936E+01  0.192311E-01 -0.285133E+00  0.000000E+00  0.000000E+00  0.000000E+00  0.000000E+00
  0.224257E+01 -0.967245E-03 -0.325294E+00  0.000000E+00  0.000000E+00  0.000000E+00  0.000000E+00
  0.202415E+01  0.163575E-01  0.204364E+00  0.000000E+00  0.000000E+00  0.000000E+00  0.000000E+00
  0.242835E+01  0.886363E-02  0.348370E+00  0.000000E+00  0.000000E+00  0.000000E+00  0.000000E+00
  0.254559E+01  0.141915E-01  0.331162E+00  0.000000E+00  0.000000E+00  0.000000E+00  0.000000E+00
  0.246146E+01  0.376432E+00 -0.384091E-02  0.000000E+00  0.000000E+00  0.000000E+00  0.000000E+00
  0.249727E+01  0.352057E+00  0.107591E-01  0.000000E+00  0.000000E+00  0.000000E+00  0.000000E+00
  0.169056E+01 -0.181127E+00 -0.556063E-02  0.000000E+00  0.000000E+00  0.000000E+00  0.000000E+00
  0.185124E+01  0.903868E-02  0.211141E+00  0.000000E+00  0.000000E+00  0.000000E+00  0.000000E+00
  0.219157E+01  0.256309E+00 -0.143141E-01  0.000000E+00  0.000000E+00  0.000000E+00  0.000000E+00
  0.236078E+01  0.154146E-01 -0.279854E+00  0.000000E+00  0.000000E+00  0.000000E+00  0.000000E+00
  0.280819E+01  0.353959E+00 -0.163894E-01  0.000000E+00  0.000000E+00  0.000000E+00  0.000000E+00
  0.177850E+01  0.207708E+00 -0.142641E-02  0.000000E+00  0.000000E+00  0.000000E+00  0.000000E+00
  0.263544E+01 -0.163283E-01  0.321833E+00  0.000000E+00  0.000000E+00  0.000000E+00  0.000000E+00
  0.276868E+01  0.382951E+00 -0.137640E-01  0.000000E+00  0.000000E+00  0.000000E+00  0.000000E+00
  0.219868E+01  0.859884E-03  0.314240E+00  0.000000E+00  0.000000E+00  0.000000E+00  0.000000E+00
  0.236350E+01 -0.130395E-01 -0.303871E+00  0.000000E+00  0.000000E+00  0.000000E+00  0.000000E+00
  0.189072E+01 -0.735767E-02  0.225984E+00  0.000000E+00  0.000000E+00  0.000000E+00  0.000000E+00
  0.184184E+01 -0.688253E-02  0.215423E+00  0.000000E+00  0.000000E+00  0.000000E+00  0.000000E+00
  0.236416E+01 -0.776803E-02 -0.338684E+00  0.000000E+00  0.000000E+00  0.000000E+00  0.000000E+00
  0.265895E+01 -0.612464E-03 -0.430826E+00  0.000000E+00  0.000000E+00  0.000000E+00  0.000000E+00
  0.268694E+01 -0.188068E-01  0.288605E+00  0.000000E+00  0.000000E+00  0.000000E+00  0.000000E+00
  0.162121E+01 -0.166185E+00 -0.388035E-02  0.000000E+00  0.000000E+00  0.000000E+00  0.000000E+00
  0.236475E+01  0.980976E-02 -0.327881E+00  0.000000E+00  0.000000E+00  0.000000E+00  0.000000E+00
  0.260929E+01  0.954538E-02 -0.386685E+00  0.000000E+00  0.000000E+00  0.000000E+00  0.000000E+00
  0.271270E+01 -0.175720E-01 -0.316223E+00  0.000000E+00  0.000000E+00  0.000000E+00  0.000000E+00
  0.165865E+01 -0.343182E-02  0.176021E+00  0.000000E+00  0.000000E+00  0.000000E+00  0.000000E+00
  0.227652E+01 -0.929790E-03  0.333903E+00  0.000000E+00  0.000000E+00  0.000000E+00  0.000000E+00
  0.284029E+01 -0.160088E-01  0.366272E+00  0.000000E+00  0.000000E+00  0.000000E+00  0.000000E+00
  0.210615E+01 -0.266586E+00  0.100235E-01  0.000000E+00  0.000000E+00  0.000000E+00  0.000000E+00
  0.229727E+01  0.796849E-02  0.321686E+00  0.000000E+00  0.000000E+00  0.000000E+00  0.000000E+00
  0.242459E+01 -0.244261E+00 -0.188410E-01  0.000000E+00  0.000000E+00  0.000000E+00  0.000000E+00
  0.164016E+01  0.482587E-02 -0.169767E+00  0.000000E+00  0.000000E+00  0.000000E+00  0.000000E+00
  0.246197E+01 -0.102092E-01 -0.347860E+00  0.000000E+00  0.000000E+00  0.000000E+00  0.000000E+00
  0.260803E+01 -0.314226E+00  0.164899E-01  0.000000E+00  0.000000E+00  0.000000E+00  0.000000E+00
  0.228244E+01 -0.173813E-01  0.241240E+00  0.000000E+00  0.000000E+00  0.000000E+00  0.000000E+00
  0.185792E+01  0.355690E-02 -0.225833E+00  0.000000E+00  0.000000E+00  0.000000E+00  0.000000E+00
  0.197399E+01 -0.208949E+00 -0.146147E-01  0.000000E+00  0.000000E+00  0.000000E+00  0.000000E+00
  0.186955E+01 -0.117854E-01 -0.203809E+00  0.000000E+00  0.000000E+00  0.000000E+00  0.000000E+00
  0.200887E+01  0.265404E+00 -0.212768E-02  0.000000E+00  0.000000E+00  0.000000E+00  0.000000E+00
  0.181963E+01 -0.876984E-02  0.204577E+00  0.000000E+00  0.000000E+00  0.000000E+00  0.000000E+00
  0.237867E+01  0.240292E+00 -0.186155E-01  0.000000E+00  0.000000E+00  0.000000E+00  0.000000E+00
  0.211900E+01 -0.927500E-02  0.273252E+00  0.000000E+00  0.000000E+00  0.000000E+00  0.000000E+00
  0.239219E+01 -0.303594E+00 -0.137416E-01  0.000000E+00  0.000000E+00  0.000000E+00  0.000000E+00
  0.267431E+01 -0.181160E-01 -0.299663E+00  0.000000E+00  0.000000E+00  0.000000E+00  0.000000E+00
  0.240673E+01  0.188179E-01  0.241678E+00  0.000000E+00  0.000000E+00  0.000000E+00  0.000000E+00
  0.178312E+01 -0.664587E-03  0.209141E+00  0.000000E+00  0.000000E+00  0.000000E+00  0.000000E+00
  0.283499E+01 -0.185840E-01 -0.318076E+00  0.000000E+00  0.000000E+00  0.000000E+00  0.000000E+00
  0.188034E+01  0.193451E+00  0.140434E-01  0.000000E+00  0.000000E+00  0.000000E+00  0.000000E+00
  0.183069E+01  0.196666E+00 -0.114552E-01  0.000000E+00  0.000000E+00  0.000000E+00  0.000000E+00
  0.210713E+01 -0.662036E-02  0.280850E+00  0.000000E+00  0.000000E+00  0.000000E+00  0.000000E+00
  0.171648E+01 -0.174239E+00 -0.105888E-01  0.000000E+00  0.000000E+00  0.000000E+00  0.000000E+00
  0.274659E+01  0.139648E-01 -0.375857E+00  0.000000E+00  0.000000E+00  0.000000E+00  0.000000E+00
  0.205131E+01 -0.137978E-01 -0.231088E+00  0.000000E+00  0.000000E+00  0.000000E+00  0.000000E+00
  0.243793E+01 -0.361735E+00  0.659011E-02  0.000000E+00  0.000000E+00  0.000000E+00  0.000000E+00
  0.218322E+01  0.144011E-01  0.253819E+00  0.000000E+00  0.000000E+00  0.000000E+00  0.000000E+00
  0.191782E+01 -0.239916E+00 -0.416618E-02  0.000000E+00  0.000000E+00  0.000000E+00  0.000000E+00
  0.213929E+01  0.282637E+00 -0.824565E-02  0.000000E+00  0.000000E+00  0.000000E+00  0.000000E+00
  0.191153E+01 -0.209229E+00  0.125198E-01  0.000000E+00  0.000000E+00  0.000000E+00  0.000000E+00
  0.260468E+01 -0.125725E-01  0.360619E+00  0.000000E+00  0.000000E+00  0.000000E+00  0.000000E+00
  0.252558E+01  0.341759E+00  0.127386E-01  0.000000E+00  0.000000E+00  0.000000E+00  0.000000E+00
  0.209617E+01  0.943743E-02 -0.267129E+00  0.000000E+00  0.000000E+00  0.000000E+00  0.000000E+00
  0.228273E+01  0.207371E-02 -0.334547E+00  0.000000E+00  0.000000E+00  0.000000E+00  0.000000E+00
  0.249200E+01  0.182421E-01 -0.265779E+00  0.000000E+00  0.000000E+00  0.000000E+00  0.000000E+00
  0.214834E+01 -0.107759E-01  0.272217E+00  0.000000E+00  0.000000E+00  0.000000E+00  0.000000E+00
  0.267769E+01 -0.473671E-02 -0.427809E+00  0.000000E+00  0.000000E+00  0.000000E+00  0.000000E+00
  0.178669E+01  0.971781E-02  0.193595E+00  0.000000E+00  0.000000E+00  0.000000E+00  0.000000E+00
  0.173746E+01  0.491884E-02  0.193792E+00  0.000000E+00  0.000000E+00  0.000000E+00  0.000000E+00
  0.223331E+01 -0.647955E-02 -0.312148E+00  0.000000E+00  0.000000E+00  0.000000E+00  0.000000E+00
  0.260398E+01  0.688365E-02  0.400918E+00  0.000000E+00  0.000000E+00  0.000000E+00  0.000000E+00
  0.185635E+01 -0.192378E+00  0.133822E-01  0.000000E+00  0.000000E+00  0.000000E+00  0.000000E+00
  0.277964E+01 -0.309029E+00 -0.185680E-01  0.000000E+00  0.000000E+00  0.000000E+00  0.000000E+00
  0.277560E+01  0.395596E+00 -0.127961E-01  0.000000E+00  0.000000E+00  0.000000E+00  0.000000E+00
  0.266192E+01  0.340316E+00 -0.153822E-01  0.000000E+00  0.000000E+00  0.000000E+00  0.000000E+00
  0.170293E+01 -0.596788E-02 -0.183451E+00  0.000000E+00  0.000000E+00  0.000000E+00  0.000000E+00
  0.200143E+01  0.219765E+00  0.139101E-01  0.000000E+00  0.000000E+00  0.000000E+00  0.000000E+00
  0.200716E+01  0.601188E-02  0.258133E+00  0.000000E+00  0.000000E+00  0.000000E+00  0.000000E+00
  0.271339E+01  0.120062E-01  0.390095E+00  0.000000E+00  0.000000E+00  0.000000E+00  0.000000E+00
  0.189334E+01 -0.228323E+00  0.674671E-02  0.000000E+00  0.000000E+00  0.000000E+00  0.000000E+00
  0.190936E+01 -0.197294E+00 -0.143786E-01  0.000000E+00  0.000000E+00  0.000000E+00  0.000000E+00
  0.167398E+01 -0.180021E+00  0.327200E-02  0.000000E+00  0.000000E+00  0.000000E+00  0.000000E+00
  0.232373E+01  0.346067E+00 -0.257508E-03  0.000000E+00  0.000000E+00  0.000000E+00  0.000000E+00
  0.196582E+01  0.254876E+00  0.170549E-02  0.000000E+00  0.000000E+00  0.000000E+00  0.000000E+00
  0.236597E+01 -0.563445E-02 -0.347601E+00  0.000000E+00  0.000000E+00  0.000000E+00  0.000000E+00
  0.276954E+01  0.396306E+00  0.126088E-01  0.000000E+00  0.000000E+00  0.000000E+00  0.000000E+00
  0.225241E+01 -0.231901E+00  0.176815E-01  0.000000E+00  0.000000E+00  0.000000E+00  0.000000E+00
  0.218754E+01  0.308782E+00 -0.335816E-02  0.000000E+00  0.000000E+00  0.000000E+00  0.000000E+00
  0.219594E+01  0.293302E+00  0.887414E-02  0.000000E+00  0.000000E+00  0.000000E+00  0.000000E+00
  0.175921E+01  0.849559E-02 -0.191072E+00  0.000000E+00  0.000000E+00  0.000000E+00  0.000000E+00
  0.165219E+01  0.173836E+00  0.396618E-02  0.000000E+00  0.000000E+00  0.000000E+00  0.000000E+00
  0.270275E+01  0.698418E-04 -0.442044E+00  0.000000E+00  0.000000E+00  0.000000E+00  0.000000E+00
  0.179990E+01 -0.380199E-03 -0.213439E+00  0.000000E+00  0.000000E+00  0.000000E+00  0.000000E+00
  0.246801E+01  0.367737E+00 -0.690374E-02  0.000000E+00  0.000000E+00  0.000000E+00  0.000000E+00
  0.235608E+01 -0.296806E+00 -0.136501E-01  0.000000E+00  0.000000E+00  0.000000E+00  0.000000E+00
  0.205789E+01 -0.639613E-02 -0.269502E+00  0.000000E+00  0.000000E+00  0.000000E+00  0.000000E+00
  0.195662E+01 -0.269509E-02 -0.251666E+00  0.000000E+00  0.000000E+00  0.000000E+00  0.000000E+00
  0.222656E+01  0.282620E+00  0.119155E-01  0.000000E+00  0.000000E+00  0.000000E+00  0.000000E+00
  0.207491E+01 -0.102151E-01  0.258380E+00  0.000000E+00  0.000000E+00  0.000000E+00  0.000000E+00
  0.280078E+01  0.375215E+00 -0.148762E-01  0.000000E+00  0.000000E+00  0.000000E+00  0.000000E+00
  0.179416E+01 -0.173445E-02 -0.211500E+00  0.000000E+00  0.000000E+00  0.000000E+00  0.000000E+00
  0.198420E+01  0.357359E-02  0.257454E+00  0.000000E+00  0.000000E+00  0.000000E+00  0.000000E+00
  0.213815E+01 -0.295645E+00  0.378905E-02  0.000000E+00  0.000000E+00  0.000000E+00  0.000000E+00
  0.233683E+01 -0.323389E+00  0.946579E-02  0.000000E+00  0.000000E+00  0.000000E+00  0.000000E+00
  0.250349E+01  0.163696E-01 -0.295976E+00  0.000000E+00  0.000000E+00  0.000000E+00  0.000000E+00
  0.223230E+01 -0.235372E+00 -0.171169E-01  0.000000E+00  0.000000E+00  0.000000E+00  0.000000E+00
  0.184740E+01 -0.211985E+00 -0.852164E-02  0.000000E+00  0.000000E+00  0.000000E+00  0.000000E+00
  0.205359E+01 -0.234335E+00  0.134139E-01  0.000000E+00  0.000000E+00  0.000000E+00  0.000000E+00
  0.191805E+01  0.711143E-02 -0.233323E+00  0.000000E+00  0.000000E+00  0.000000E+00  0.000000E+00
  0.208273E+01  0.269977E+00  0.802703E-02  0.000000E+00  0.000000E+00  0.000000E+00  0.000000E+00
  0.178943E+01 -0.102304E-01  0.192354E+00  0.000000E+00  0.000000E+00  0.000000E+00  0.000000E+00
  0.186539E+01  0.226948E+00  0.408717E-02  0.000000E+00  0.000000E+00  0.000000E+00  0.000000E+00
  0.186883E+01  0.192014E+00  0.138867E-01  0.000000E+00  0.000000E+00  0.000000E+00  0.000000E+00
  0.240759E+01 -0.139309E-01 -0.305003E+00  0.000000E+00  0.000000E+00  0.000000E+00  0.000000E+00
  0.181633E+01 -0.190171E+00 -0.121549E-01  0.000000E+00  0.000000E+00  0.000000E+00  0.000000E+00
  0.202379E+01  0.143046E-01 -0.221555E+00  0.000000E+00  0.000000E+00  0.000000E+00  0.000000E+00
  0.241845E+01  0.171382E-01 -0.269426E+00  0.000000E+00  0.000000E+00  0.000000E+00  0.000000E+00
  0.195148E+01 -0.249689E+00 -0.326086E-02  0.000000E+00  0.000000E+00  0.000000E+00  0.000000E+00
  0.281299E+01  0.151158E-02  0.469095E+00  0.000000E+00  0.000000E+00  0.000000E+00  0.000000E+00
  0.225986E+01  0.167553E-01  0.244852E+00  0.000000E+00  0.000000E+00  0.000000E+00  0.000000E+00
  0.280845E+01  0.177581E-01 -0.329981E+00  0.000000E+00  0.000000E+00  0.000000E+00  0.000000E+00
  0.247172E+01  0.618587E-02  0.371628E+00  0.000000E+00  0.000000E+00  0.000000E+00  0.000000E+00
  0.176355E+01 -0.191281E+00  0.876934E-02  0.000000E+00  0.000000E+00  0.000000E+00  0.000000E+00
  0.173780E+01 -0.187871E+00 -0.779978E-02  0.000000E+00  0.000000E+00  0.000000E+00  0.000000E+00
  0.176401E+01  0.120788E-01 -0.178939E+00  0.000000E+00  0.000000E+00  0.000000E+00  0.000000E+00
  0.250369E+01 -0.255802E+00  0.189309E-01  0.000000E+00  0.000000E+00  0.000000E+00  0.000000E+00
  0.267017E+01 -0.194197E-01  0.273188E+00  0.000000E+00  0.000000E+00  0.000000E+00  0.000000E+00
  0.173386E+01  0.900548E-02  0.183535E+00  0.000000E+00  0.000000E+00  0.000000E+00  0.000000E+00
  0.233791E+01  0.347532E+00  0.276385E-02  0.000000E+00  0.000000E+00  0.000000E+00  0.000000E+00
  0.193611E+01  0.141834E-01  0.204184E+00  0.000000E+00  0.000000E+00  0.000000E+00  0.000000E+00
  0.173534E+01 -0.989111E-02 -0.181036E+00  0.000000E+00  0.000000E+00  0.000000E+00  0.000000E+00
  0.240413E+01  0.918694E-02  0.340802E+00  0.000000E+00  0.000000E+00  0.000000E+00  0.000000E+00
  0.172316E+01  0.186183E+00 -0.703946E-02  0.000000E+00  0.000000E+00  0.000000E+00  0.000000E+00
  0.262384E+01 -0.697219E-02  0.405322E+00  0.000000E+00  0.000000E+00  0.000000E+00  0.000000E+00
  0.246049E+01  0.244814E+00  0.191457E-01  0.000000E+00  0.000000E+00  0.000000E+00  0.000000E+00
  0.282575E+01  0.366418E+00  0.158185E-01  0.000000E+00  0.000000E+00  0.000000E+00  0.000000E+00
  0.236937E+01 -0.350043E+00  0.512555E-02  0.000000E+00  0.000000E+00  0.000000E+00  0.000000E+00
  0.196840E+01 -0.991078E-02  0.235138E+00  0.000000E+00  0.000000E+00  0.000000E+00  0.000000E+00
  0.250175E+01 -0.328547E-02  0.387764E+00  0.000000E+00  0.000000E+00  0.000000E+00  0.000000E+00
  0.205329E+01 -0.126983E-01 -0.239139E+00  0.000000E+00  0.000000E+00  0.000000E+00  0.000000E+00
  0.171193E+01 -0.189709E+00  0.310794E-02  0.000000E+00  0.000000E+00  0.000000E+00  0.000000E+00
  0.225423E+01 -0.177144E-01 -0.231793E+00  0.000000E+00  0.000000E+00  0.000000E+00  0.000000E+00
  0.273577E+01 -0.314487E+00  0.178968E-01  0.000000E+00  0.000000E+00  0.000000E+00  0.000000E+00
  0.211813E+01 -0.100512E-01 -0.269221E+00  0.000000E+00  0.000000E+00  0.000000E+00  0.000000E+00
  0.237648E+01 -0.304044E+00  0.133343E-01  0.000000E+00  0.000000E+00  0.000000E+00  0.000000E+00
  0.187846E+01  0.208361E+00  0.112564E-01  0.000000E+00  0.000000E+00  0.000000E+00  0.000000E+00
  0.207769E+01 -0.121402E-01 -0.248085E+00  0.000000E+00  0.000000E+00  0.000000E+00  0.000000E+00
  0.236384E+01 -0.515517E-03 -0.356166E+00  0.000000E+00  0.000000E+00  0.000000E+00  0.000000E+00
  0.168624E+01  0.178739E+00  0.629343E-02  0.000000E+00  0.000000E+00  0.000000E+00  0.000000E+00
  0.191687E+01 -0.231652E+00 -0.757447E-02  0.000000E+00  0.000000E+00  0.000000E+00  0.000000E+00
  0.264761E+01 -0.158923E-01 -0.330457E+00  0.000000E+00  0.000000E+00  0.000000E+00  0.000000E+00
  0.172532E+01 -0.184694E+00 -0.786768E-02  0.000000E+00  0.000000E+00  0.000000E+00  0.000000E+00
  0.271437E+01  0.444954E+00 -0.299470E-03  0.000000E+00  0.000000E+00  0.000000E+00  0.000000E+00
  0.209045E+01 -0.976916E-02  0.264204E+00  0.000000E+00  0.000000E+00  0.000000E+00  0.000000E+00
  0.213081E+01 -0.191730E-02  0.296368E+00  0.000000E+00  0.000000E+00  0.000000E+00  0.000000E+00
  0.173754E+01 -0.579690E-02 -0.192287E+00  0.000000E+00  0.000000E+00  0.000000E+00  0.000000E+00
  0.200451E+01 -0.751317E-02 -0.253005E+00  0.000000E+00  0.000000E+00  0.000000E+00  0.000000E+00
  0.253844E+01  0.122127E-01  0.349413E+00  0.000000E+00  0.000000E+00  0.000000E+00  0.000000E+00
  0.193014E+01 -0.336935E-02  0.244188E+00  0.000000E+00  0.000000E+00  0.000000E+00  0.000000E+00
  0.168388E+01  0.930000E-02  0.170879E+00  0.000000E+00  0.000000E+00  0.000000E+00  0.000000E+00
  0.244722E+01 -0.301163E+00  0.150631E-01  0.000000E+00  0.000000E+00  0.000000E+00  0.000000E+00
  0.244189E+01 -0.312251E+00 -0.139273E-01  0.000000E+00  0.000000E+00  0.000000E+00  0.000000E+00
  0.212119E+01 -0.143888E-01  0.241083E+00  0.000000E+00  0.000000E+00  0.000000E+00  0.000000E+00
  0.206114E+01 -0.278321E+00  0.239266E-02  0.000000E+00  0.000000E+00  0.000000E+00  0.000000E+00
  0.232137E+01  0.283917E-02  0.343254E+00  0.000000E+00  0.000000E+00  0.000000E+00  0.000000E+00
  0.223916E+01  0.236121E+00 -0.171592E-01  0.000000E+00  0.000000E+00  0.000000E+00  0.000000E+00
  0.203706E+01  0.134346E-01 -0.230658E+00  0.000000E+00  0.000000E+00  0.000000E+00  0.000000E+00
  0.282202E+01 -0.276686E+00 -0.202596E-01  0.000000E+00  0.000000E+00  0.000000E+00  0.000000E+00
  0.276207E+01  0.958558E-02 -0.422131E+00  0.000000E+00  0.000000E+00  0.000000E+00  0.000000E+00
  0.235479E+01 -0.157196E-01 -0.275224E+00  0.000000E+00  0.000000E+00  0.000000E+00  0.000000E+00
  0.239804E+01  0.306737E+00 -0.135411E-01  0.000000E+00  0.000000E+00  0.000000E+00  0.000000E+00
  0.188961E+01  0.211740E+00 -0.110744E-01  0.000000E+00  0.000000E+00  0.000000E+00  0.000000E+00
  0.186468E+01 -0.217501E+00  0.808819E-02  0.000000E+00  0.000000E+00  0.000000E+00  0.000000E+00
  0.242778E+01 -0.121623E-01  0.325385E+00  0.000000E+00  0.000000E+00  0.000000E+00  0.000000E+00
  0.225120E+01  0.266284E+00 -0.145730E-01  0.000000E+00  0.000000E+00  0.000000E+00  0.000000E+00
  0.183336E+01  0.441185E-02 -0.218452E+00  0.000000E+00  0.000000E+00  0.000000E+00  0.000000E+00
  0.253371E+01 -0.312120E+00  0.155891E-01  0.000000E+00  0.000000E+00  0.000000E+00  0.000000E+00
  0.267223E+01  0.165945E-01 -0.324838E+00  0.000000E+00  0.000000E+00  0.000000E+00  0.000000E+00
  0.274290E+01  0.452177E+00 -0.294714E-03  0.000000E+00  0.000000E+00  0.000000E+00  0.000000E+00
  0.227465E+01 -0.317038E+00  0.779196E-02  0.000000E+00  0.000000E+00  0.000000E+00  0.000000E+00
  0.278579E+01 -0.124854E-01 -0.401185E+00  0.000000E+00  0.000000E+00  0.000000E+00  0.000000E+00
  0.264676E+01  0.273397E+00  0.192307E-01  0.000000E+00  0.000000E+00  0.000000E+00  0.000000E+00
  0.171532E+01  0.454135E-02  0.188854E+00  0.000000E+00  0.000000E+00  0.000000E+00  0.000000E+00
  0.179930E+01 -0.820279E-02 -0.201504E+00  0.000000E+00  0.000000E+00  0.000000E+00  0.000000E+00
  0.264276E+01  0.135282E-01 -0.358961E+00  0.000000E+00  0.000000E+00  0.000000E+00  0.000000E+00
  0.272198E+01  0.293304E+00  0.188628E-01  0.000000E+00  0.000000E+00  0.000000E+00  0.000000E+00
  0.259483E+01 -0.282745E+00  0.182891E-01  0.000000E+00  0.000000E+00  0.000000E+00  0.000000E+00
  0.168700E+01 -0.175258E+00  0.796019E-02  0.000000E+00  0.000000E+00  0.000000E+00  0.000000E+00
  0.258772E+01 -0.307305E+00 -0.166984E-01  0.000000E+00  0.000000E+00  0.000000E+00  0.000000E+00
  0.279970E+01 -0.166443E-01  0.348147E+00  0.000000E+00  0.000000E+00  0.000000E+00  0.000000E+00
  0.205578E+01 -0.104367E-01  0.252840E+00  0.000000E+00  0.000000E+00  0.000000E+00  0.000000E+00
  0.208557E+01 -0.988698E-02  0.262491E+00  0.000000E+00  0.000000E+00  0.000000E+00  0.000000E+00
  0.171166E+01 -0.891567E-02  0.178557E+00  0.000000E+00  0.000000E+00  0.000000E+00  0.000000E+00
  0.264410E+01  0.126570E-01 -0.368402E+00  0.000000E+00  0.000000E+00  0.000000E+00  0.000000E+00
  0.272572E+01 -0.299208E+00 -0.186021E-01  0.000000E+00  0.000000E+00  0.000000E+00  0.000000E+00
  0.261234E+01  0.391311E+00  0.895962E-02  0.000000E+00  0.000000E+00  0.000000E+00  0.000000E+00
  0.192310E+01 -0.101485E-01 -0.223590E+00  0.000000E+00  0.000000E+00  0.000000E+00  0.000000E+00
  0.203878E+01 -0.918756E-02 -0.254774E+00  0.000000E+00  0.000000E+00  0.000000E+00  0.000000E+00
  0.275840E+01 -0.160852E-01  0.349181E+00  0.000000E+00  0.000000E+00  0.000000E+00  0.000000E+00
  0.231109E+01  0.176464E-01  0.242884E+00  0.000000E+00  0.000000E+00  0.000000E+00  0.000000E+00
  0.170613E+01  0.173926E+00  0.998768E-02  0.000000E+00  0.000000E+00  0.000000E+00  0.000000E+00
  0.259652E+01  0.283015E+00 -0.182903E-01  0.000000E+00  0.000000E+00  0.000000E+00  0.000000E+00
  0.199470E+01 -0.223210E+00 -0.131932E-01  0.000000E+00  0.000000E+00  0.000000E+00  0.000000E+00
  0.242517E+01 -0.303564E+00  0.144322E-01  0.000000E+00  0.000000E+00  0.000000E+00  0.000000E+00
  0.176641E+01 -0.188162E+00 -0.991826E-02  0.000000E+00  0.000000E+00  0.000000E+00  0.000000E+00
  0.179351E+01  0.210521E+00  0.279244E-02  0.000000E+00  0.000000E+00  0.000000E+00  0.000000E+00
  0.262695E+01  0.367209E+00  0.123964E-01  0.000000E+00  0.000000E+00  0.000000E+00  0.000000E+00
  0.281190E+01  0.113027E-01  0.418935E+00  0.000000E+00  0.000000E+00  0.000000E+00  0.000000E+00
  0.166955E+01  0.678539E-02 -0.173687E+00  0.000000E+00  0.000000E+00  0.000000E+00  0.000000E+00
  0.218679E+01  0.249001E+00 -0.150141E-01  0.000000E+00  0.000000E+00  0.000000E+00  0.000000E+00
  0.182772E+01  0.400165E-02 -0.217664E+00  0.000000E+00  0.000000E+00  0.000000E+00  0.000000E+00
  0.226290E+01 -0.163508E-01  0.250152E+00  0.000000E+00  0.000000E+00  0.000000E+00  0.000000E+00
  0.219604E+01  0.162796E-01 -0.238115E+00  0.000000E+00  0.000000E+00  0.000000E+00  0.000000E+00
  0.168395E+01 -0.258500E-02 -0.183120E+00  0.000000E+00  0.000000E+00  0.000000E+00  0.000000E+00
  0.197711E+01  0.203494E+00  0.154005E-01  0.000000E+00  0.000000E+00  0.000000E+00  0.000000E+00
  0.204382E+01  0.164753E-01 -0.207002E+00  0.000000E+00  0.000000E+00  0.000000E+00  0.000000E+00
  0.246163E+01 -0.322253E+00 -0.133370E-01  0.000000E+00  0.000000E+00  0.000000E+00  0.000000E+00
  0.179479E+01  0.124458E-01  0.184010E+00  0.000000E+00  0.000000E+00  0.000000E+00  0.000000E+00
  0.212556E+01 -0.462744E-02  0.290799E+00  0.000000E+00  0.000000E+00  0.000000E+00  0.000000E+00
  0.210203E+01  0.851149E-02  0.272634E+00  0.000000E+00  0.000000E+00  0.000000E+00  0.000000E+00
  0.189424E+01 -0.702485E-02  0.227786E+00  0.000000E+00  0.000000E+00  0.000000E+00  0.000000E+00
  0.240820E+01 -0.148357E-02 -0.366824E+00  0.000000E+00  0.000000E+00  0.000000E+00  0.000000E+00
  0.261040E+01 -0.367997E+00 -0.119215E-01  0.000000E+00  0.000000E+00  0.000000E+00  0.000000E+00
  0.281811E+01  0.141621E-01  0.388346E+00  0.000000E+00  0.000000E+00  0.000000E+00  0.000000E+00
  0.191045E+01 -0.229703E+00  0.770383E-02  0.000000E+00  0.000000E+00  0.000000E+00  0.000000E+00
  0.255425E+01  0.397354E+00  0.466186E-02  0.000000E+00  0.000000E+00  0.000000E+00  0.000000E+00
  0.266674E+01 -0.165326E-01  0.324747E+00  0.000000E+00  0.000000E+00  0.000000E+00  0.000000E+00
  0.256243E+01  0.189715E-01 -0.264747E+00  0.000000E+00  0.000000E+00  0.000000E+00  0.000000E+00
  0.233814E+01 -0.324987E+00 -0.923696E-02  0.000000E+00  0.000000E+00  0.000000E+00  0.000000E+00
  0.220608E+01  0.285980E+00 -0.106805E-01  0.000000E+00  0.000000E+00  0.000000E+00  0.000000E+00
  0.177383E+01 -0.203642E+00 -0.439526E-02  0.000000E+00  0.000000E+00  0.000000E+00  0.000000E+00
  0.165021E+01  0.348557E-02 -0.173852E+00  0.000000E+00  0.000000E+00  0.000000E+00  0.000000E+00
  0.271345E+01 -0.122317E-01 -0.387885E+00  0.000000E+00  0.000000E+00  0.000000E+00  0.000000E+00
  0.259724E+01  0.160493E-01  0.318447E+00  0.000000E+00  0.000000E+00  0.000000E+00  0.000000E+00
  0.284082E+01 -0.379413E-01  0.144613E+00  0.000000E+00  0.000000E+00  0.000000E+00  0.000000E+00
  0.284082E+01  0.128836E-01  0.124109E-01  0.000000E+00  0.000000E+00  0.000000E+00  0.000000E+00
  0.284082E+01 -0.443436E-01 -0.211755E-01  0.000000E+00  0.000000E+00  0.000000E+00  0.000000E+00
  0.284082E+01 -0.164694E+00  0.126794E+00  0.000000E+00  0.000000E+00  0.000000E+00  0.000000E+00
  0.284082E+01 -0.278539E-02  0.125619E+00  0.000000E+00  0.000000E+00  0.000000E+00  0.000000E+00
  0.284082E+01 -0.103048E+00 -0.906086E-01  0.000000E+00  0.000000E+00  0.000000E+00  0.000000E+00
  0.284082E+01 -0.252019E-01 -0.219479E+00  0.000000E+00  0.000000E+00  0.000000E+00  0.000000E+00
  0.284082E+01 -0.148210E+00 -0.182939E+00  0.000000E+00  0.000000E+00  0.000000E+00  0.000000E+00
  0.284082E+01  0.428106E-01  0.496182E-01  0.000000E+00  0.000000E+00  0.000000E+00  0.000000E+00
  0.284082E+01  0.979660E-01  0.183813E+00  0.000000E+00  0.000000E+00  0.000000E+00  0.000000E+00
  0.284082E+01 -0.184780E+00 -0.818763E-01  0.000000E+00  0.000000E+00  0.000000E+00  0.000000E+00
  0.284082E+01 -0.172208E+00 -0.620954E-01  0.000000E+00  0.000000E+00  0.000000E+00  0.000000E+00
  0.284082E+01  0.214538E+00 -0.113935E-01  0.000000E+00  0.000000E+00  0.000000E+00  0.000000E+00
  0.284082E+01 -0.106730E+00 -0.695052E-01  0.000000E+00  0.000000E+00  0.000000E+00  0.000000E+00
  0.284082E+01 -0.139940E+00  0.439867E-01  0.000000E+00  0.000000E+00  0.000000E+00  0.000000E+00
  0.284082E+01  0.999754E-01 -0.150199E+00  0.000000E+00  0.000000E+00  0.000000E+00  0.000000E+00
  0.284082E+01 -0.136716E+00 -0.138385E+00  0.000000E+00  0.000000E+00  0.000000E+00  0.000000E+00
  0.284082E+01 -0.625877E-01 -0.218692E+00  0.000000E+00  0.000000E+00  0.000000E+00  0.000000E+00
  0.284082E+01  0.101106E+00 -0.962442E-01  0.000000E+00  0.000000E+00  0.000000E+00  0.000000E+00
  0.284082E+01 -0.204128E+00 -0.144873E-03  0.000000E+00  0.000000E+00  0.000000E+00  0.000000E+00
  0.284082E+01 -0.787443E-01 -0.531399E-01  0.000000E+00  0.000000E+00  0.000000E+00  0.000000E+00
  0.284082E+01 -0.210584E+00  0.102980E+00  0.000000E+00  0.000000E+00  0.000000E+00  0.000000E+00
  0.284082E+01  0.952657E-01 -0.280720E-01  0.000000E+00  0.000000E+00  0.000000E+00  0.000000E+00
  0.284082E+01  0.711602E-01  0.806597E-01  0.000000E+00  0.000000E+00  0.000000E+00  0.000000E+00
  0.284082E+01 -0.324118E-01  0.972317E-01  0.000000E+00  0.000000E+00  0.000000E+00  0.000000E+00
  0.284082E+01 -0.645447E-01  0.460805E-01  0.000000E+00  0.000000E+00  0.000000E+00  0.000000E+00
  0.284082E+01 -0.637921E-01 -0.971697E-01  0.000000E+00  0.000000E+00  0.000000E+00  0.000000E+00
  0.284082E+01 -0.767891E-02 -0.243419E+00  0.000000E+00  0.000000E+00  0.000000E+00  0.000000E+00
  0.284082E+01  0.573622E-01  0.120818E-01  0.000000E+00  0.000000E+00  0.000000E+00  0.000000E+00
  0.284082E+01  0.852414E-01  0.194727E+00  0.000000E+00  0.000000E+00  0.000000E+00  0.000000E+00
  0.284082E+01  0.399543E-02 -0.131064E-01  0.000000E+00  0.000000E+00  0.000000E+00  0.000000E+00
  0.284082E+01 -0.148637E+00  0.528659E-01  0.000000E+00  0.000000E+00  0.000000E+00  0.000000E+00
  0.284082E+01 -0.311300E-01 -0.168256E-02  0.000000E+00  0.000000E+00  0.000000E+00  0.000000E+00
  0.284082E+01 -0.176055E+00 -0.853648E-01  0.000000E+00  0.000000E+00  0.000000E+00  0.000000E+00
  0.284082E+01 -0.895515E-01  0.194601E+00  0.000000E+00  0.000000E+00  0.000000E+00  0.000000E+00
  0.284082E+01 -0.288395E-01 -0.170100E+00  0.000000E+00  0.000000E+00  0.000000E+00  0.000000E+00
  0.284082E+01 -0.218441E+00  0.202406E-01  0.000000E+00  0.000000E+00  0.000000E+00  0.000000E+00
  0.284082E+01  0.221971E+00 -0.666167E-01  0.000000E+00  0.000000E+00  0.000000E+00  0.000000E+00
  0.284082E+01 -0.343384E-01  0.506639E-01  0.000000E+00  0.000000E+00  0.000000E+00  0.000000E+00
  0.284082E+01  0.118322E+00 -0.156657E+00  0.000000E+00  0.000000E+00  0.000000E+00  0.000000E+00
  0.284082E+01  0.187210E+00  0.139557E+00  0.000000E+00  0.000000E+00  0.000000E+00  0.000000E+00
  0.284082E+01  0.514271E-01 -0.461587E-01  0.000000E+00  0.000000E+00  0.000000E+00  0.000000E+00
  0.284082E+01  0.219351E-01  0.181280E+00  0.000000E+00  0.000000E+00  0.000000E+00  0.000000E+00
  0.284082E+01  0.505163E-01  0.228595E-01  0.000000E+00  0.000000E+00  0.000000E+00  0.000000E+00
  0.284082E+01  0.676539E-02  0.103687E+00  0.000000E+00  0.000000E+00  0.000000E+00  0.000000E+00
  0.284082E+01 -0.127326E-01 -0.621619E-02  0.000000E+00  0.000000E+00  0.000000E+00  0.000000E+00
  0.284082E+01  0.492460E-02  0.445667E-01  0.000000E+00  0.000000E+00  0.000000E+00  0.000000E+00
  0.284082E+01  0.113663E+00  0.190243E+00  0.000000E+00  0.000000E+00  0.000000E+00  0.000000E+00
  0.284082E+01  0.373621E-02  0.137964E-01  0.000000E+00  0.000000E+00  0.000000E+00  0.000000E+00
  0.284082E+01 -0.155992E+00  0.163183E-01  0.000000E+00  0.000000E+00  0.000000E+00  0.000000E+00
  0.284082E+01 -0.133039E+00  0.890791E-01  0.000000E+00  0.000000E+00  0.000000E+00  0.000000E+00
  0.284082E+01  0.903115E-01  0.118043E-01  0.000000E+00  0.000000E+00  0.000000E+00  0.000000E+00
  0.284082E+01 -0.141310E+00  0.114669E+00  0.000000E+00  0.000000E+00  0.000000E+00  0.000000E+00
  0.284082E+01  0.260218E-01  0.498276E-01  0.000000E+00  0.000000E+00  0.000000E+00  0.000000E+00
  0.284082E+01  0.656818E-01  0.169753E-02  0.000000E+00  0.000000E+00  0.000000E+00  0.000000E+00
  0.284082E+01 -0.362818E-01 -0.244630E-01  0.000000E+00  0.000000E+00  0.000000E+00  0.000000E+00
  0.284082E+01 -0.268322E-01  0.201957E-01  0.000000E+00  0.000000E+00  0.000000E+00  0.000000E+00
  0.284082E+01  0.761332E-02 -0.113872E+00  0.000000E+00  0.000000E+00  0.000000E+00  0.000000E+00
  0.284082E+01  0.506862E-02 -0.432427E-02  0.000000E+00  0.000000E+00  0.000000E+00  0.000000E+00
  0.284082E+01  0.112924E+00 -0.793296E-01  0.000000E+00  0.000000E+00  0.000000E+00  0.000000E+00
  0.284082E+01 -0.282603E-01 -0.177377E+00  0.000000E+00  0.000000E+00  0.000000E+00  0.000000E+00
  0.284082E+01 -0.993151E-01 -0.120067E+00  0.000000E+00  0.000000E+00  0.000000E+00  0.000000E+00
  0.284082E+01 -0.351010E-01 -0.179320E+00  0.000000E+00  0.000000E+00  0.000000E+00  0.000000E+00
  0.284082E+01 -0.108178E+00 -0.925606E-01  0.000000E+00  0.000000E+00  0.000000E+00  0.000000E+00
  0.284082E+01 -0.947316E-01 -0.146700E-01  0.000000E+00  0.000000E+00  0.000000E+00  0.000000E+00
  0.284082E+01 -0.118194E+00 -0.354301E-02  0.000000E+00  0.000000E+00  0.000000E+00  0.000000E+00
  0.284082E+01 -0.240482E-02 -0.848790E-03  0.000000E+00  0.000000E+00  0.000000E+00  0.000000E+00
  0.284082E+01  0.277900E-01  0.193194E+00  0.000000E+00  0.000000E+00  0.000000E+00  0.000000E+00
  0.284082E+01  0.111040E+00  0.332127E-01  0.000000E+00  0.000000E+00  0.000000E+00  0.000000E+00
  0.284082E+01 -0.131388E-01  0.141221E-01  0.000000E+00  0.000000E+00  0.000000E+00  0.000000E+00
  0.284082E+01  0.176344E-01 -0.615723E-02  0.000000E+00  0.000000E+00  0.000000E+00  0.000000E+00
  0.284082E+01  0.133368E+00  0.159871E+00  0.000000E+00  0.000000E+00  0.000000E+00  0.000000E+00
  0.284082E+01  0.367502E-02 -0.557950E-01  0.000000E+00  0.000000E+00  0.000000E+00  0.000000E+00
  0.284082E+01  0.133162E+00  0.661652E-01  0.000000E+00  0.000000E+00  0.000000E+00  0.000000E+00
  0.284082E+01 -0.926905E-01  0.449462E-01  0.000000E+00  0.000000E+00  0.000000E+00  0.000000E+00
  0.284082E+01  0.419685E-01  0.339598E-02  0.000000E+00  0.000000E+00  0.000000E+00  0.000000E+00
  0.284082E+01 -0.587151E-01 -0.242885E+00  0.000000E+00  0.000000E+00  0.000000E+00  0.000000E+00
  0.284082E+01 -0.509230E-01  0.176081E+00  0.000000E+00  0.000000E+00  0.000000E+00  0.000000E+00
  0.284082E+01  0.204723E+00 -0.238313E-01  0.000000E+00  0.000000E+00  0.000000E+00  0.000000E+00
  0.284082E+01  0.477252E-01  0.103820E+00  0.000000E+00  0.000000E+00  0.000000E+00  0.000000E+00
  0.284082E+01  0.740760E-01 -0.234802E+00  0.000000E+00  0.000000E+00  0.000000E+00  0.000000E+00
  0.284082E+01 -0.117066E+00  0.191092E+00  0.000000E+00  0.000000E+00  0.000000E+00  0.000000E+00
  0.284082E+01  0.470396E-02  0.363434E-02  0.000000E+00  0.000000E+00  0.000000E+00  0.000000E+00
  0.284082E+01  0.211389E+00  0.176919E-01  0.000000E+00  0.000000E+00  0.000000E+00  0.000000E+00
  0.284082E+01  0.205952E+00  0.134661E-01  0.000000E+00  0.000000E+00  0.000000E+00  0.000000E+00
  0.284082E+01 -0.911211E-01  0.109478E+00  0.000000E+00  0.000000E+00  0.000000E+00  0.000000E+00
  0.284082E+01  0.211340E+00  0.457289E-01  0.000000E+00  0.000000E+00  0.000000E+00  0.000000E+00
  0.284082E+01 -0.300939E-01  0.454041E-01  0.000000E+00  0.000000E+00  0.000000E+00  0.000000E+00
  0.284082E+01  0.209677E-01 -0.103882E-01  0.000000E+00  0.000000E+00  0.000000E+00  0.000000E+00
  0.284082E+01  0.317232E-01  0.454273E-01  0.000000E+00  0.000000E+00  0.000000E+00  0.000000E+00
  0.284082E+01  0.212912E-01 -0.120704E-01  0.000000E+00  0.000000E+00  0.000000E+00  0.000000E+00
  0.284082E+01 -0.387237E-01 -0.493495E-01  0.000000E+00  0.000000E+00  0.000000E+00  0.000000E+00
  0.284082E+01  0.898439E-01  0.731860E-01  0.000000E+00  0.000000E+00  0.000000E+00  0.000000E+00
  0.284082E+01 -0.195120E-01 -0.188687E+00  0.000000E+00  0.000000E+00  0.000000E+00  0.000000E+00
  0.284082E+01  0.611244E-01 -0.119205E+00  0.000000E+00  0.000000E+00  0.000000E+00  0.000000E+00
  0.284082E+01  0.798833E-04  0.106299E-01  0.000000E+00  0.000000E+00  0.000000E+00  0.000000E+00
  0.284082E+01  0.264703E-01  0.139762E-01  0.000000E+00  0.000000E+00  0.000000E+00  0.000000E+00
  0.284082E+01 -0.232310E+00  0.109635E-01  0.000000E+00  0.000000E+00  0.000000E+00  0.000000E+00
  0.284082E+01  0.117657E+00  0.349189E-01  0.000000E+00  0.000000E+00  0.000000E+00  0.000000E+00
  0.284082E+01 -0.203581E+00  0.143426E+00  0.000000E+00  0.000000E+00  0.000000E+00  0.000000E+00
