  0.240768E+01  0.182462E-01 -0.251118E+00  0.000000E+00  0.000000E+00  0.000000E+00  0.000000E+00
  0.189387E+01  0.230734E+00 -0.582049E-02  0.000000E+00  0.000000E+00  0.000000E+00  0.000000E+00
  0.196128E+01 -0.205423E+00  0.147387E-01  0.000000E+00  0.000000E+00  0.000000E+00  0.000000E+00
  0.240990E+01  0.353457E+00 -0.693674E-02  0.000000E+00  0.000000E+00  0.000000E+00  0.000000E+00
  0.258065E+01 -0.173842E-01  0.295461E+00  0.000000E+00  0.000000E+00  0.000000E+00  0.000000E+00
  0.235163E+01  0.250326E+00 -0.176342E-01  0.000000E+00  0.000000E+00  0.000000E+00  0.000000E+00
  0.210337E+01  0.282970E+00  0.558090E-02  0.000000E+00  0.000000E+00  0.000000E+00  0.000000E+00
  0.241612E+01  0.270239E+00  0.170485E-01  0.000000E+00  0.000000E+00  0.000000E+00  0.000000E+00
  0.248480E+01  0.318148E+00 -0.142236E-01  0.000000E+00  0.000000E+00  0.000000E+00  0.000000E+00
  0.262214E+01 -0.177190E-01  0.297443E+00  0.000000E+00  0.000000E+00  0.000000E+00  0.000000E+00
  0.252066E+01 -0.318229E+00 -0.148752E-01  0.000000E+00  0.000000E+00  0.000000E+00  0.000000E+00
  0.169697E+01  0.988607E-02 -0.172130E+00  0.000000E+00  0.000000E+00  0.000000E+00  0.000000E+00
  0.160870E+01 -0.164847E+00  0.126259E-02  0.000000E+00  0.000000E+00  0.000000E+00  0.000000E+00
  0.251051E+01 -0.169674E-01  0.288902E+00  0.000000E+00  0.000000E+00  0.000000E+00  0.000000E+00
  0.216955E+01  0.172567E-01  0.222168E+00  0.000000E+00  0.000000E+00  0.000000E+00  0.000000E+00
  0.202525E+01  0.246955E+00  0.102043E-01  0.000000E+00  0.000000E+00  0.000000E+00  0.000000E+00
  0.266149E+01  0.860274E-02 -0.405240E+00  0.000000E+00  0.000000E+00  0.000000E+00  0.000000E+00
  0.169329E+01  0.934704E-02  0.172948E+00  0.000000E+00  0.000000E+00  0.000000E+00  0.000000E+00
  0.212458E+01  0.142081E-01  0.243275E+00  0.000000E+00  0.000000E+00  0.000000E+00  0.000000E+00
  0.203586E+01  0.271912E+00  0.242676E-02  0.000000E+00  0.000000E+00  0.000000E+00  0.000000E+00
  0.262661E+01  0.335778E+00 -0.151903E-01  0.000000E+00  0.000000E+00  0.000000E+00  0.000000E+00
  0.238271E+01 -0.183127E-01  0.245766E+00  0.000000E+00  0.000000E+00  0.000000E+00  0.000000E+00
  0.227016E+01 -0.133008E-01  0.281555E+00  0.000000E+00  0.000000E+00  0.000000E+00  0.000000E+00
  0.204171E+01 -0.251813E+00 -0.998748E-02  0.000000E+00  0.000000E+00  0.000000E+00  0.000000E+00
  0.232057E+01  0.172833E-01  0.249483E+00  0.000000E+00  0.000000E+00  0.000000E+00  0.000000E+00
  0.192982E+01  0.146508E-01 -0.199620E+00  0.000000E+00  0.000000E+00  0.000000E+00  0.000000E+00
  0.234727E+01  0.181957E-01  0.241419E+00  0.000000E+00  0.000000E+00  0.000000E+00  0.000000E+00
  0.234096E+01 -0.123203E-01 -0.304937E+00  0.000000E+00  0.000000E+00  0.000000E+00  0.000000E+00
  0.260349E+01  0.315140E+00  0.163676E-01  0.000000E+00  0.000000E+00  0.000000E+00  0.000000E+00
  0.170456E+01 -0.338166E-02  0.187585E+00  0.000000E+00  0.000000E+00  0.000000E+00  0.000000E+00
  0.176009E+01  0.203246E+00  0.920128E-03  0.000000E+00  0.000000E+00  0.000000E+00  0.000000E+00
  0.234204E+01 -0.145528E-01  0.285175E+00  0.000000E+00  0.000000E+00  0.000000E+00  0.000000E+00
  0.253675E+01  0.245413E-02  0.398085E+00  0.000000E+00  0.000000E+00  0.000000E+00  0.000000E+00
  0.279622E+01  0.132058E-01  0.395434E+00  0.000000E+00  0.000000E+00  0.000000E+00  0.000000E+00
  0.271016E+01 -0.390486E+00 -0.118914E-01  0.000000E+00  0.000000E+00  0.000000E+00  0.000000E+00
  0.210980E+01  0.131727E-01 -0.248112E+00  0.000000E+00  0.000000E+00  0.000000E+00  0.000000E+00
  0.268594E+01  0.283700E+00 -0.190404E-01  0.000000E+00  0.000000E+00  0.000000E+00  0.000000E+00
  0.241377E+01  0.357266E+00 -0.622429E-02  0.000000E+00  0.000000E+00  0.000000E+00  0.000000E+00
  0.266912E+01  0.174217E-01  0.310927E+00  0.000000E+00  0.000000E+00  0.000000E+00  0.000000E+00
  0.262560E+01  0.137842E-01 -0.352487E+00  0.000000E+00  0.000000E+00  0.000000E+00  0.000000E+00
  0.202263E+01 -0.125661E-01  0.233287E+00  0.000000E+00  0.000000E+00  0.000000E+00  0.000000E+00
  0.209704E+01 -0.253206E+00  0.120086E-01  0.000000E+00  0.000000E+00  0.000000E+00  0.000000E+00
  0.227527E+01 -0.226528E+00 -0.183627E-01  0.000000E+00  0.000000E+00  0.000000E+00  0.000000E+00
  0.235494E+01  0.154627E-01  0.278156E+00  0.000000E+00  0.000000E+00  0.000000E+00  0.000000E+00
  0.245161E+01  0.176742E-01 -0.267666E+00  0.000000E+00  0.000000E+00  0.000000E+00  0.000000E+00
  0.259384E+01 -0.317790E-02 -0.411110E+00  0.000000E+00  0.000000E+00  0.000000E+00  0.000000E+00
  0.178195E+01 -0.193293E+00  0.948676E-02  0.000000E+00  0.000000E+00  0.000000E+00  0.000000E+00
  0.237719E+01 -0.248109E+00 -0.180971E-01  0.000000E+00  0.000000E+00  0.000000E+00  0.000000E+00
  0.251559E+01  0.353891E+00 -0.110661E-01  0.000000E+00  0.000000E+00  0.000000E+00  0.000000E+00
  0.233703E+01 -0.581446E-02  0.339871E+00  0.000000E+00  0.000000E+00  0.000000E+00  0.000000E+00
  0.199502E+01 -0.240486E+00 -0.100938E-01  0.000000E+00  0.000000E+00  0.000000E+00  0.000000E+00
  0.277394E+01 -0.293106E-02  0.456895E+00  0.000000E+00  0.000000E+00  0.000000E+00  0.000000E+00
  0.273059E+01 -0.374508E+00  0.137970E-01  0.000000E+00  0.000000E+00  0.000000E+00  0.000000E+00
  0.268322E+01  0.110175E-01  0.392366E+00  0.000000E+00  0.000000E+00  0.000000E+00  0.000000E+00
  0.229522E+01  0.304526E+00  0.109662E-01  0.000000E+00  0.000000E+00  0.000000E+00  0.000000E+00
  0.199267E+01 -0.701866E-02 -0.251721E+00  0.000000E+00  0.000000E+00  0.000000E+00  0.000000E+00
  0.224894E+01  0.164604E-01  0.246232E+00  0.000000E+00  0.000000E+00  0.000000E+00  0.000000E+00
  0.277627E+01 -0.450807E+00 -0.514222E-02  0.000000E+00  0.000000E+00  0.000000E+00  0.000000E+00
  0.283827E+01  0.650796E-02 -0.459931E+00  0.000000E+00  0.000000E+00  0.000000E+00  0.000000E+00
  0.205108E+01  0.101981E-01  0.252958E+00  0.000000E+00  0.000000E+00  0.000000E+00  0.000000E+00
  0.191078E+01 -0.200431E+00 -0.139509E-01  0.000000E+00  0.000000E+00  0.000000E+00  0.000000E+00
  0.259672E+01  0.414537E+00 -0.141143E-02  0.000000E+00  0.000000E+00  0.000000E+00  0.000000E+00
  0.173247E+01 -0.984721E-02 -0.180515E+00  0.000000E+00  0.000000E+00  0.000000E+00  0.000000E+00
  0.230114E+01 -0.172919E-01 -0.245815E+00  0.000000E+00  0.000000E+00  0.000000E+00  0.000000E+00
  0.200479E+01 -0.238503E+00  0.109557E-01  0.000000E+00  0.000000E+00  0.000000E+00  0.000000E+00
  0.173355E+01 -0.193839E+00  0.422312E-02  0.000000E+00  0.000000E+00  0.000000E+00  0.000000E+00
  0.231633E+01  0.246363E+00 -0.174593E-01  0.000000E+00  0.000000E+00  0.000000E+00  0.000000E+00
  0.258019E+01  0.382305E+00  0.917979E-02  0.000000E+00  0.000000E+00  0.000000E+00  0.000000E+00
  0.281609E+01 -0.559784E-02 -0.458788E+00  0.000000E+00  0.000000E+00  0.000000E+00  0.000000E+00
  0.165923E+01 -0.712103E-02 -0.170482E+00  0.000000E+00  0.000000E+00  0.000000E+00  0.000000E+00
  0.264950E+01 -0.918978E-02 -0.398559E+00  0.000000E+00  0.000000E+00  0.000000E+00  0.000000E+00
  0.279137E+01 -0.397905E+00  0.128969E-01  0.000000E+00  0.000000E+00  0.000000E+00  0.000000E+00
  0.232327E+01  0.186372E-01 -0.230594E+00  0.000000E+00  0.000000E+00  0.000000E+00  0.000000E+00
  0.231586E+01  0.291183E+00 -0.133203E-01  0.000000E+00  0.000000E+00  0.000000E+00  0.000000E+00
  0.262051E+01 -0.789458E-03  0.421013E+00  0.000000E+00  0.000000E+00  0.000000E+00  0.000000E+00
  0.216710E+01 -0.305664E+00  0.176659E-02  0.000000E+00  0.000000E+00  0.000000E+00  0.000000E+00
  0.217725E+01  0.175448E-01  0.220126E+00  0.000000E+00  0.000000E+00  0.000000E+00  0.000000E+00
  0.244971E+01  0.777432E-02  0.359239E+00  0.000000E+00  0.000000E+00  0.000000E+00  0.000000E+00
  0.236064E+01  0.272882E+00 -0.160188E-01  0.000000E+00  0.000000E+00  0.000000E+00  0.000000E+00
  0.200586E+01  0.264098E+00 -0.266122E-02  0.000000E+00  0.000000E+00  0.000000E+00  0.000000E+00
  0.202674E+01  0.231751E+00 -0.129448E-01  0.000000E+00  0.000000E+00  0.000000E+00  0.000000E+00
  0.241254E+01  0.158715E-02 -0.367826E+00  0.000000E+00  0.000000E+00  0.000000E+00  0.000000E+00
  0.246434E+01 -0.185852E-01  0.255285E+00  0.000000E+00  0.000000E+00  0.000000E+00  0.000000E+00
  0.236674E+01 -0.235774E+00  0.187711E-01  0.000000E+00  0.000000E+00  0.000000E+00  0.000000E+00
  0.217940E+01 -0.651727E-02 -0.298842E+00  0.000000E+00  0.000000E+00  0.000000E+00  0.000000E+00
  0.173179E+01  0.196080E+00 -0.941544E-03  0.000000E+00  0.000000E+00  0.000000E+00  0.000000E+00
  0.278918E+01 -0.467062E-02 -0.455759E+00  0.000000E+00  0.000000E+00  0.000000E+00  0.000000E+00
  0.239320E+01  0.325395E+00 -0.111643E-01  0.000000E+00  0.000000E+00  0.000000E+00  0.000000E+00
  0.278405E+01 -0.324806E+00 -0.178023E-01  0.000000E+00  0.000000E+00  0.000000E+00  0.000000E+00
  0.200243E+01 -0.116730E-01  0.234109E+00  0.000000E+00  0.000000E+00  0.000000E+00  0.000000E+00
  0.201023E+01  0.263366E+00 -0.394946E-02  0.000000E+00  0.000000E+00  0.000000E+00  0.000000E+00
  0.224046E+01 -0.233859E+00  0.173607E-01  0.000000E+00  0.000000E+00  0.000000E+00  0.000000E+00
  0.282730E+01 -0.380205E+00 -0.149051E-01  0.000000E+00  0.000000E+00  0.000000E+00  0.000000E+00
  0.187980E+01  0.211987E+00  0.105219E-01  0.000000E+00  0.000000E+00  0.000000E+00  0.000000E+00
  0.243332E+01  0.190444E-01 -0.242184E+00  0.000000E+00  0.000000E+00  0.000000E+00  0.000000E+00
  0.242326E+01 -0.319464E+00 -0.127393E-01  0.000000E+00  0.000000E+00  0.000000E+00  0.000000E+00
  0.204534E+01 -0.270386E+00 -0.484165E-02  0.000000E+00  0.000000E+00  0.000000E+00  0.000000E+00
  0.232959E+01 -0.128876E-01 -0.297828E+00  0.000000E+00  0.000000E+00  0.000000E+00  0.000000E+00
  0.255257E+01  0.387595E+00 -0.705609E-02  0.000000E+00  0.000000E+00  0.000000E+00  0.000000E+00
  0.198547E+01 -0.250259E+00  0.692333E-02  0.000000E+00  0.000000E+00  0.000000E+00  0.000000E+00
  0.263630E+01  0.672467E-02 -0.409549E+00  0.000000E+00  0.000000E+00  0.000000E+00  0.000000E+00
  0.273248E+01  0.380665E+00  0.133007E-01  0.000000E+00  0.000000E+00  0.000000E+00  0.000000E+00
  0.183901E+01  0.216316E+00 -0.623135E-02  0.000000E+00  0.000000E+00  0.000000E+00  0.000000E+00
  0.202099E+01 -0.139062E-01  0.223908E+00  0.000000E+00  0.000000E+00  0.000000E+00  0.000000E+00
  0.172445E+01 -0.191596E+00 -0.420136E-02  0.000000E+00  0.000000E+00  0.000000E+00  0.000000E+00
  0.264883E+01 -0.184717E-01  0.288673E+00  0.000000E+00  0.000000E+00  0.000000E+00  0.000000E+00
  0.265065E+01 -0.427018E+00 -0.231115E-02  0.000000E+00  0.000000E+00  0.000000E+00  0.000000E+00
  0.273401E+01  0.140385E-01  0.372319E+00  0.000000E+00  0.000000E+00  0.000000E+00  0.000000E+00
  0.188219E+01  0.228484E+00 -0.553427E-02  0.000000E+00  0.000000E+00  0.000000E+00  0.000000E+00
  0.188519E+01  0.231328E+00 -0.443551E-02  0.000000E+00  0.000000E+00  0.000000E+00  0.000000E+00
  0.238072E+01  0.324856E+00 -0.108409E-01  0.000000E+00  0.000000E+00  0.000000E+00  0.000000E+00
  0.251678E+01  0.310122E+00  0.154812E-01  0.000000E+00  0.000000E+00  0.000000E+00  0.000000E+00
  0.208893E+01  0.284728E+00 -0.288232E-02  0.000000E+00  0.000000E+00  0.000000E+00  0.000000E+00
  0.265268E+01 -0.399004E+00 -0.923413E-02  0.000000E+00  0.000000E+00  0.000000E+00  0.000000E+00
  0.280057E+01  0.125542E-01 -0.403684E+00  0.000000E+00  0.000000E+00  0.000000E+00  0.000000E+00
  0.268901E+01 -0.285965E+00 -0.189545E-01  0.000000E+00  0.000000E+00  0.000000E+00  0.000000E+00
  0.211633E+01 -0.292572E+00 -0.206702E-02  0.000000E+00  0.000000E+00  0.000000E+00  0.000000E+00
  0.193291E+01  0.131827E-01  0.209988E+00  0.000000E+00  0.000000E+00  0.000000E+00  0.000000E+00
  0.209481E+01  0.266757E+00  0.944857E-02  0.000000E+00  0.000000E+00  0.000000E+00  0.000000E+00
  0.228791E+01 -0.746324E-02  0.321649E+00  0.000000E+00  0.000000E+00  0.000000E+00  0.000000E+00
  0.175916E+01  0.468052E-02  0.199557E+00  0.000000E+00  0.000000E+00  0.000000E+00  0.000000E+00
  0.261032E+01  0.389931E+00  0.909914E-02  0.000000E+00  0.000000E+00  0.000000E+00  0.000000E+00
  0.264037E+01  0.417435E+00 -0.505844E-02  0.000000E+00  0.000000E+00  0.000000E+00  0.000000E+00
  0.257031E+01 -0.991178E-02  0.375034E+00  0.000000E+00  0.000000E+00  0.000000E+00  0.000000E+00
  0.221210E+01  0.298322E+00 -0.862258E-02  0.000000E+00  0.000000E+00  0.000000E+00  0.000000E+00
  0.179869E+01 -0.201590E+00  0.812364E-02  0.000000E+00  0.000000E+00  0.000000E+00  0.000000E+00
  0.185914E+01 -0.228444E+00  0.317624E-03  0.000000E+00  0.000000E+00  0.000000E+00  0.000000E+00
  0.237602E+01  0.985433E-02  0.330233E+00  0.000000E+00  0.000000E+00  0.000000E+00  0.000000E+00
  0.264178E+01 -0.573713E-02 -0.415223E+00  0.000000E+00  0.000000E+00  0.000000E+00  0.000000E+00
  0.272152E+01  0.245913E-02  0.444631E+00  0.000000E+00  0.000000E+00  0.000000E+00  0.000000E+00
  0.208978E+01 -0.279840E+00  0.549480E-02  0.000000E+00  0.000000E+00  0.000000E+00  0.000000E+00
  0.199608E+01  0.379077E-02 -0.260089E+00  0.000000E+00  0.000000E+00  0.000000E+00  0.000000E+00
  0.222728E+01 -0.310005E-02  0.319183E+00  0.000000E+00  0.000000E+00  0.000000E+00  0.000000E+00
  0.173790E+01  0.117097E-03 -0.197763E+00  0.000000E+00  0.000000E+00  0.000000E+00  0.000000E+00
  0.173396E+01 -0.183708E+00 -0.895677E-02  0.000000E+00  0.000000E+00  0.000000E+00  0.000000E+00
  0.272700E+01  0.179031E-01 -0.312820E+00  0.000000E+00  0.000000E+00  0.000000E+00  0.000000E+00
  0.224658E+01 -0.810043E-02  0.308936E+00  0.000000E+00  0.000000E+00  0.000000E+00  0.000000E+00
  0.199754E+01 -0.239421E+00  0.104411E-01  0.000000E+00  0.000000E+00  0.000000E+00  0.000000E+00
  0.202922E+01 -0.220405E-02 -0.270464E+00  0.000000E+00  0.000000E+00  0.000000E+00  0.000000E+00
  0.279917E+01  0.156553E-01 -0.363673E+00  0.000000E+00  0.000000E+00  0.000000E+00  0.000000E+00
  0.194859E+01  0.114403E-01  0.223274E+00  0.000000E+00  0.000000E+00  0.000000E+00  0.000000E+00
  0.212415E+01 -0.174446E-01 -0.211709E+00  0.000000E+00  0.000000E+00  0.000000E+00  0.000000E+00
  0.243541E+01 -0.190335E-01 -0.242718E+00  0.000000E+00  0.000000E+00  0.000000E+00  0.000000E+00
  0.221764E+01  0.226772E+00  0.175955E-01  0.000000E+00  0.000000E+00  0.000000E+00  0.000000E+00
  0.238652E+01  0.269390E+00  0.166988E-01  0.000000E+00  0.000000E+00  0.000000E+00  0.000000E+00
  0.181468E+01  0.211797E+00 -0.554459E-02  0.000000E+00  0.000000E+00  0.000000E+00  0.000000E+00
  0.225505E+01  0.107795E-01 -0.296571E+00  0.000000E+00  0.000000E+00  0.000000E+00  0.000000E+00
  0.190807E+01  0.146890E-01 -0.194892E+00  0.000000E+00  0.000000E+00  0.000000E+00  0.000000E+00
  0.235393E+01 -0.101722E-01 -0.323125E+00  0.000000E+00  0.000000E+00  0.000000E+00  0.000000E+00
  0.216401E+01  0.186453E-02 -0.304797E+00  0.000000E+00  0.000000E+00  0.000000E+00  0.000000E+00
  0.264447E+01 -0.320321E+00 -0.165456E-01  0.000000E+00  0.000000E+00  0.000000E+00  0.000000E+00
  0.225223E+01 -0.291760E+00 -0.114206E-01  0.000000E+00  0.000000E+00  0.000000E+00  0.000000E+00
  0.176902E+01 -0.190684E+00 -0.936116E-02  0.000000E+00  0.000000E+00  0.000000E+00  0.000000E+00
  0.255841E+01  0.385572E+00 -0.774099E-02  0.000000E+00  0.000000E+00  0.000000E+00  0.000000E+00
  0.179415E+01 -0.985134E-02 -0.194853E+00  0.000000E+00  0.000000E+00  0.000000E+00  0.000000E+00
  0.222094E+01  0.248436E+00  0.157618E-01  0.000000E+00  0.000000E+00  0.000000E+00  0.000000E+00
  0.219590E+01 -0.258287E+00 -0.141901E-01  0.000000E+00  0.000000E+00  0.000000E+00  0.000000E+00
  0.279610E+01 -0.450585E+00 -0.631341E-02  0.000000E+00  0.000000E+00  0.000000E+00  0.000000E+00
  0.174964E+01 -0.195439E+00 -0.570686E-02  0.000000E+00  0.000000E+00  0.000000E+00  0.000000E+00
  0.232093E+01  0.297070E+00  0.127518E-01  0.000000E+00  0.000000E+00  0.000000E+00  0.000000E+00
  0.260995E+01  0.194206E-01  0.263569E+00  0.000000E+00  0.000000E+00  0.000000E+00  0.000000E+00
  0.187357E+01 -0.231684E+00  0.152084E-02  0.000000E+00  0.000000E+00  0.000000E+00  0.000000E+00
  0.187854E+01  0.130594E-01  0.199001E+00  0.000000E+00  0.000000E+00  0.000000E+00  0.000000E+00
  0.173893E+01 -0.858137E-02  0.185997E+00  0.000000E+00  0.000000E+00  0.000000E+00  0.000000E+00
  0.256705E+01  0.373067E+00 -0.100821E-01  0.000000E+00  0.000000E+00  0.000000E+00  0.000000E+00
  0.182063E+01  0.896126E-02 -0.204179E+00  0.000000E+00  0.000000E+00  0.000000E+00  0.000000E+00
  0.219296E+01  0.136629E-01 -0.262103E+00  0.000000E+00  0.000000E+00  0.000000E+00  0.000000E+00
  0.223428E+01  0.273112E+00 -0.133928E-01  0.000000E+00  0.000000E+00  0.000000E+00  0.000000E+00
  0.196015E+01 -0.243602E+00 -0.709118E-02  0.000000E+00  0.000000E+00  0.000000E+00  0.000000E+00
  0.206272E+01 -0.200688E-02  0.279101E+00  0.000000E+00  0.000000E+00  0.000000E+00  0.000000E+00
  0.184550E+01 -0.856845E-03  0.224876E+00  0.000000E+00  0.000000E+00  0.000000E+00  0.000000E+00
  0.182789E+01 -0.976631E-02  0.203024E+00  0.000000E+00  0.000000E+00  0.000000E+00  0.000000E+00
  0.193474E+01 -0.225348E+00  0.103585E-01  0.000000E+00  0.000000E+00  0.000000E+00  0.000000E+00
  0.208061E+01 -0.221530E+00  0.156888E-01  0.000000E+00  0.000000E+00  0.000000E+00  0.000000E+00
  0.166672E+01  0.176922E+00 -0.441268E-02  0.000000E+00  0.000000E+00  0.000000E+00  0.000000E+00
  0.164282E+01 -0.172354E+00 -0.309973E-02  0.000000E+00  0.000000E+00  0.000000E+00  0.000000E+00
  0.231722E+01  0.927710E-02  0.319844E+00  0.000000E+00  0.000000E+00  0.000000E+00  0.000000E+00
  0.187199E+01 -0.827292E-02 -0.218661E+00  0.000000E+00  0.000000E+00  0.000000E+00  0.000000E+00
  0.171854E+01  0.703834E-02  0.185063E+00  0.000000E+00  0.000000E+00  0.000000E+00  0.000000E+00
  0.199262E+01  0.138522E-01 -0.218317E+00  0.000000E+00  0.000000E+00  0.000000E+00  0.000000E+00
  0.251826E+01 -0.359204E+00  0.104413E-01  0.000000E+00  0.000000E+00  0.000000E+00  0.000000E+00
  0.207079E+01  0.281804E+00  0.103756E-02  0.000000E+00  0.000000E+00  0.000000E+00  0.000000E+00
  0.191754E+01  0.227947E+00 -0.872678E-02  0.000000E+00  0.000000E+00  0.000000E+00  0.000000E+00
  0.203540E+01 -0.137664E-01 -0.227954E+00  0.000000E+00  0.000000E+00  0.000000E+00  0.000000E+00
  0.215689E+01  0.241549E+00 -0.151661E-01  0.000000E+00  0.000000E+00  0.000000E+00  0.000000E+00
  0.257458E+01  0.108556E-01  0.368965E+00  0.000000E+00  0.000000E+00  0.000000E+00  0.000000E+00
  0.191720E+01  0.198916E+00 -0.143791E-01  0.000000E+00  0.000000E+00  0.000000E+00  0.000000E+00
  0.165828E+01 -0.177430E+00  0.111770E-02  0.000000E+00  0.000000E+00  0.000000E+00  0.000000E+00
  0.239872E+01 -0.358533E+00  0.471062E-02  0.000000E+00  0.000000E+00  0.000000E+00  0.000000E+00
  0.192158E+01 -0.205361E+00 -0.135372E-01  0.000000E+00  0.000000E+00  0.000000E+00  0.000000E+00
  0.266652E+01 -0.189085E-01  0.283177E+00  0.000000E+00  0.000000E+00  0.000000E+00  0.000000E+00
  0.283310E+01  0.167377E-01 -0.352867E+00  0.000000E+00  0.000000E+00  0.000000E+00  0.000000E+00
  0.174351E+01 -0.944317E-03  0.199046E+00  0.000000E+00  0.000000E+00  0.000000E+00  0.000000E+00
  0.224684E+01  0.220045E-02  0.325352E+00  0.000000E+00  0.000000E+00  0.000000E+00  0.000000E+00
  0.217949E+01 -0.282982E+00 -0.101362E-01  0.000000E+00  0.000000E+00  0.000000E+00  0.000000E+00
  0.223086E+01 -0.233078E+00  0.172827E-01  0.000000E+00  0.000000E+00  0.000000E+00  0.000000E+00
  0.259297E+01 -0.162436E-01  0.314895E+00  0.000000E+00  0.000000E+00  0.000000E+00  0.000000E+00
  0.216110E+01 -0.155187E-01 -0.239055E+00  0.000000E+00  0.000000E+00  0.000000E+00  0.000000E+00
  0.261803E+01  0.129428E-01 -0.359841E+00  0.000000E+00  0.000000E+00  0.000000E+00  0.000000E+00
  0.277531E+01 -0.352790E+00 -0.160637E-01  0.000000E+00  0.000000E+00  0.000000E+00  0.000000E+00
  0.226023E+01 -0.150037E-01 -0.263970E+00  0.000000E+00  0.000000E+00  0.000000E+00  0.000000E+00
  0.193429E+01 -0.115268E-01 -0.219613E+00  0.000000E+00  0.000000E+00  0.000000E+00  0.000000E+00
  0.223487E+01  0.140065E-01  0.268034E+00  0.000000E+00  0.000000E+00  0.000000E+00  0.000000E+00
  0.208317E+01  0.214611E+00 -0.164636E-01  0.000000E+00  0.000000E+00  0.000000E+00  0.000000E+00
  0.181204E+01 -0.269377E-02  0.215276E+00  0.000000E+00  0.000000E+00  0.000000E+00  0.000000E+00
  0.186136E+01  0.215503E+00 -0.846293E-02  0.000000E+00  0.000000E+00  0.000000E+00  0.000000E+00
  0.242595E+01 -0.280311E+00  0.164335E-01  0.000000E+00  0.000000E+00  0.000000E+00  0.000000E+00
  0.236945E+01  0.759765E-02 -0.340743E+00  0.000000E+00  0.000000E+00  0.000000E+00  0.000000E+00
  0.204794E+01  0.246836E+00 -0.112271E-01  0.000000E+00  0.000000E+00  0.000000E+00  0.000000E+00
  0.194938E+01  0.898502E-02  0.234516E+00  0.000000E+00  0.000000E+00  0.000000E+00  0.000000E+00
  0.264775E+01  0.425892E+00  0.254683E-02  0.000000E+00  0.000000E+00  0.000000E+00  0.000000E+00
  0.193962E+01  0.495309E-02 -0.243906E+00  0.000000E+00  0.000000E+00  0.000000E+00  0.000000E+00
  0.271981E+01  0.424154E+00  0.778764E-02  0.000000E+00  0.000000E+00  0.000000E+00  0.000000E+00
  0.194382E+01  0.248689E+00  0.245905E-02  0.000000E+00  0.000000E+00  0.000000E+00  0.000000E+00
  0.229161E+01  0.297894E+00 -0.118064E-01  0.000000E+00  0.000000E+00  0.000000E+00  0.000000E+00
  0.266517E+01 -0.174649E-01  0.309484E+00  0.000000E+00  0.000000E+00  0.000000E+00  0.000000E+00
  0.267596E+01 -0.148848E-01 -0.349705E+00  0.000000E+00  0.000000E+00  0.000000E+00  0.000000E+00
  0.216712E+01  0.288610E+00 -0.840248E-02  0.000000E+00  0.000000E+00  0.000000E+00  0.000000E+00
  0.197552E+01  0.238785E+00  0.945116E-02  0.000000E+00  0.000000E+00  0.000000E+00  0.000000E+00
  0.272318E+01 -0.115072E-01  0.397027E+00  0.000000E+00  0.000000E+00  0.000000E+00  0.000000E+00
  0.250922E+01 -0.779912E-02  0.373432E+00  0.000000E+00  0.000000E+00  0.000000E+00  0.000000E+00
  0.172046E+01 -0.193126E+00 -0.120982E-02  0.000000E+00  0.000000E+00  0.000000E+00  0.000000E+00
  0.271169E+01 -0.227949E-02  0.442456E+00  0.000000E+00  0.000000E+00  0.000000E+00  0.000000E+00
  0.283721E+01 -0.177471E-01  0.335317E+00  0.000000E+00  0.000000E+00  0.000000E+00  0.000000E+00
  0.190310E+01  0.135238E-01  0.201510E+00  0.000000E+00  0.000000E+00  0.000000E+00  0.000000E+00
  0.227542E+01 -0.285371E+00 -0.129749E-01  0.000000E+00  0.000000E+00  0.000000E+00  0.000000E+00
  0.237316E+01 -0.335258E+00  0.887235E-02  0.000000E+00  0.000000E+00  0.000000E+00  0.000000E+00
  0.197487E+01  0.125584E-01  0.222880E+00  0.000000E+00  0.000000E+00  0.000000E+00  0.000000E+00
  0.223908E+01 -0.141558E-01  0.267596E+00  0.000000E+00  0.000000E+00  0.000000E+00  0.000000E+00
  0.207914E+01 -0.262655E+00 -0.954049E-02  0.000000E+00  0.000000E+00  0.000000E+00  0.000000E+00
  0.257829E+01 -0.406054E+00 -0.368329E-02  0.000000E+00  0.000000E+00  0.000000E+00  0.000000E+00
  0.215874E+01  0.259586E+00 -0.130469E-01  0.000000E+00  0.000000E+00  0.000000E+00  0.000000E+00
  0.196734E+01  0.250841E+00 -0.492471E-02  0.000000E+00  0.000000E+00  0.000000E+00  0.000000E+00
  0.237631E+01  0.327955E+00  0.102261E-01  0.000000E+00  0.000000E+00  0.000000E+00  0.000000E+00
  0.281755E+01  0.315861E+00 -0.185486E-01  0.000000E+00  0.000000E+00  0.000000E+00  0.000000E+00
  0.243696E+01  0.171058E-01  0.273293E+00  0.000000E+00  0.000000E+00  0.000000E+00  0.000000E+00
  0.268918E+01  0.388005E+00 -0.116575E-01  0.000000E+00  0.000000E+00  0.000000E+00  0.000000E+00
  0.171702E+01 -0.192436E+00  0.543187E-03  0.000000E+00  0.000000E+00  0.000000E+00  0.000000E+00
  0.236712E+01  0.292764E+00  0.143125E-01  0.000000E+00  0.000000E+00  0.000000E+00  0.000000E+00
  0.243070E+01  0.148065E-01  0.300680E+00  0.000000E+00  0.000000E+00  0.000000E+00  0.000000E+00
  0.179504E+01  0.537512E-02  0.207270E+00  0.000000E+00  0.000000E+00  0.000000E+00  0.000000E+00
  0.277602E+01 -0.361576E+00 -0.154867E-01  0.000000E+00  0.000000E+00  0.000000E+00  0.000000E+00
  0.282955E+01 -0.427668E+00  0.107950E-01  0.000000E+00  0.000000E+00  0.000000E+00  0.000000E+00
  0.230105E+01  0.117242E-01 -0.300596E+00  0.000000E+00  0.000000E+00  0.000000E+00  0.000000E+00
  0.232378E+01  0.345972E+00 -0.678788E-03  0.000000E+00  0.000000E+00  0.000000E+00  0.000000E+00
  0.250435E+01  0.381180E+00 -0.578499E-02  0.000000E+00  0.000000E+00  0.000000E+00  0.000000E+00
  0.192275E+01  0.600431E-02  0.237408E+00  0.000000E+00  0.000000E+00  0.000000E+00  0.000000E+00
  0.177368E+01  0.739565E-02  0.197568E+00  0.000000E+00  0.000000E+00  0.000000E+00  0.000000E+00
  0.228133E+01  0.328167E+00  0.514743E-02  0.000000E+00  0.000000E+00  0.000000E+00  0.000000E+00
  0.181863E+01  0.194101E+00  0.114216E-01  0.000000E+00  0.000000E+00  0.000000E+00  0.000000E+00
  0.210771E+01  0.290579E+00  0.186757E-02  0.000000E+00  0.000000E+00  0.000000E+00  0.000000E+00
  0.249762E+01 -0.388504E+00  0.226684E-02  0.000000E+00  0.000000E+00  0.000000E+00  0.000000E+00
  0.203173E+01  0.415206E-02  0.268378E+00  0.000000E+00  0.000000E+00  0.000000E+00  0.000000E+00
  0.252842E+01 -0.297920E+00  0.165723E-01  0.000000E+00  0.000000E+00  0.000000E+00  0.000000E+00
  0.263359E+01  0.334309E+00  0.154088E-01  0.000000E+00  0.000000E+00  0.000000E+00  0.000000E+00
  0.246259E+01  0.270112E+00  0.176426E-01  0.000000E+00  0.000000E+00  0.000000E+00  0.000000E+00
  0.273187E+01  0.298877E+00 -0.186703E-01  0.000000E+00  0.000000E+00  0.000000E+00  0.000000E+00
  0.173381E+01 -0.145055E-02 -0.196400E+00  0.000000E+00  0.000000E+00  0.000000E+00  0.000000E+00
  0.169790E+01 -0.409755E-02 -0.185101E+00  0.000000E+00  0.000000E+00  0.000000E+00  0.000000E+00
  0.171532E+01  0.517448E-02 -0.187892E+00  0.000000E+00  0.000000E+00  0.000000E+00  0.000000E+00
  0.264316E+01 -0.152278E-01  0.338614E+00  0.000000E+00  0.000000E+00  0.000000E+00  0.000000E+00
  0.194137E+01 -0.647686E-02  0.240770E+00  0.000000E+00  0.000000E+00  0.000000E+00  0.000000E+00
  0.195166E+01 -0.233934E+00 -0.926871E-02  0.000000E+00  0.000000E+00  0.000000E+00  0.000000E+00
  0.240674E+01  0.329745E+00 -0.109878E-01  0.000000E+00  0.000000E+00  0.000000E+00  0.000000E+00
  0.260334E+01 -0.181883E-01 -0.286008E+00  0.000000E+00  0.000000E+00  0.000000E+00  0.000000E+00
  0.226372E+01 -0.323721E+00 -0.517627E-02  0.000000E+00  0.000000E+00  0.000000E+00  0.000000E+00
  0.271015E+01  0.972104E-03 -0.443583E+00  0.000000E+00  0.000000E+00  0.000000E+00  0.000000E+00
  0.229464E+01 -0.241345E+00  0.175413E-01  0.000000E+00  0.000000E+00  0.000000E+00  0.000000E+00
  0.190243E+01  0.110592E-01 -0.214721E+00  0.000000E+00  0.000000E+00  0.000000E+00  0.000000E+00
  0.264169E+01 -0.376081E+00 -0.117997E-01  0.000000E+00  0.000000E+00  0.000000E+00  0.000000E+00
  0.263661E+01  0.318833E+00  0.165454E-01  0.000000E+00  0.000000E+00  0.000000E+00  0.000000E+00
  0.282658E+01  0.290613E+00  0.197348E-01  0.000000E+00  0.000000E+00  0.000000E+00  0.000000E+00
  0.231557E+01 -0.174656E-01  0.246143E+00  0.000000E+00  0.000000E+00  0.000000E+00  0.000000E+00
  0.212013E+01  0.153979E-01  0.232042E+00  0.000000E+00  0.000000E+00  0.000000E+00  0.000000E+00
  0.271973E+01  0.136683E-01 -0.373728E+00  0.000000E+00  0.000000E+00  0.000000E+00  0.000000E+00
  0.173270E+01 -0.196284E+00  0.102633E-02  0.000000E+00  0.000000E+00  0.000000E+00  0.000000E+00
  0.205251E+01  0.111835E-01 -0.248113E+00  0.000000E+00  0.000000E+00  0.000000E+00  0.000000E+00
  0.173047E+01  0.309283E-02 -0.194381E+00  0.000000E+00  0.000000E+00  0.000000E+00  0.000000E+00
  0.222807E+01 -0.187653E-02 -0.320959E+00  0.000000E+00  0.000000E+00  0.000000E+00  0.000000E+00
  0.220078E+01 -0.853797E-02 -0.296021E+00  0.000000E+00  0.000000E+00  0.000000E+00  0.000000E+00
  0.259604E+01 -0.410742E+00 -0.358343E-02  0.000000E+00  0.000000E+00  0.000000E+00  0.000000E+00
  0.268076E+01 -0.148587E-01 -0.351019E+00  0.000000E+00  0.000000E+00  0.000000E+00  0.000000E+00
  0.229496E+01  0.322767E+00  0.759979E-02  0.000000E+00  0.000000E+00  0.000000E+00  0.000000E+00
  0.217812E+01 -0.439933E-03  0.309172E+00  0.000000E+00  0.000000E+00  0.000000E+00  0.000000E+00
  0.191806E+01  0.486217E-02  0.238731E+00  0.000000E+00  0.000000E+00  0.000000E+00  0.000000E+00
  0.256866E+01  0.388020E+00 -0.774476E-02  0.000000E+00  0.000000E+00  0.000000E+00  0.000000E+00
  0.234153E+01 -0.183170E-01  0.238604E+00  0.000000E+00  0.000000E+00  0.000000E+00  0.000000E+00
  0.208554E+01 -0.495993E-02 -0.280102E+00  0.000000E+00  0.000000E+00  0.000000E+00  0.000000E+00
  0.180383E+01 -0.174267E-02 -0.213936E+00  0.000000E+00  0.000000E+00  0.000000E+00  0.000000E+00
  0.232758E+01  0.175137E-01  0.247665E+00  0.000000E+00  0.000000E+00  0.000000E+00  0.000000E+00
  0.271590E+01 -0.445373E+00  0.967914E-05  0.000000E+00  0.000000E+00  0.000000E+00  0.000000E+00
  0.179004E+01  0.109212E-01  0.189771E+00  0.000000E+00  0.000000E+00  0.000000E+00  0.000000E+00
  0.257089E+01  0.159237E-01  0.315039E+00  0.000000E+00  0.000000E+00  0.000000E+00  0.000000E+00
  0.204594E+01 -0.140740E-01  0.227908E+00  0.000000E+00  0.000000E+00  0.000000E+00  0.000000E+00
  0.268704E+01  0.774534E-02 -0.416513E+00  0.000000E+00  0.000000E+00  0.000000E+00  0.000000E+00
  0.176664E+01  0.178361E+00  0.123317E-01  0.000000E+00  0.000000E+00  0.000000E+00  0.000000E+00
  0.246022E+01  0.192041E-01 -0.243706E+00  0.000000E+00  0.000000E+00  0.000000E+00  0.000000E+00
  0.253574E+01 -0.140947E-01 -0.330171E+00  0.000000E+00  0.000000E+00  0.000000E+00  0.000000E+00
  0.230187E+01  0.340350E+00  0.858725E-03  0.000000E+00  0.000000E+00  0.000000E+00  0.000000E+00
  0.244947E+01 -0.357629E+00 -0.808160E-02  0.000000E+00  0.000000E+00  0.000000E+00  0.000000E+00
  0.184379E+01 -0.194903E+00 -0.124199E-01  0.000000E+00  0.000000E+00  0.000000E+00  0.000000E+00
  0.234205E+01  0.151967E-01  0.278489E+00  0.000000E+00  0.000000E+00  0.000000E+00  0.000000E+00
  0.223365E+01 -0.318259E+00 -0.438889E-02  0.000000E+00  0.000000E+00  0.000000E+00  0.000000E+00
  0.191789E+01  0.121970E-02 -0.243046E+00  0.000000E+00  0.000000E+00  0.000000E+00  0.000000E+00
  0.190489E+01 -0.226802E+00  0.818896E-02  0.000000E+00  0.000000E+00  0.000000E+00  0.000000E+00
  0.182070E+01 -0.944849E-02 -0.202506E+00  0.000000E+00  0.000000E+00  0.000000E+00  0.000000E+00
  0.176920E+01 -0.605110E-02  0.199574E+00  0.000000E+00  0.000000E+00  0.000000E+00  0.000000E+00
  0.273706E+01 -0.275906E+00  0.197690E-01  0.000000E+00  0.000000E+00  0.000000E+00  0.000000E+00
  0.206258E+01  0.603022E-02 -0.271702E+00  0.000000E+00  0.000000E+00  0.000000E+00  0.000000E+00
  0.259571E+01 -0.271343E+00  0.189140E-01  0.000000E+00  0.000000E+00  0.000000E+00  0.000000E+00
  0.218558E+01 -0.260596E+00 -0.136557E-01  0.000000E+00  0.000000E+00  0.000000E+00  0.000000E+00
  0.194200E+01  0.227963E+00  0.101487E-01  0.000000E+00  0.000000E+00  0.000000E+00  0.000000E+00
  0.205172E+01 -0.144497E-01  0.226224E+00  0.000000E+00  0.000000E+00  0.000000E+00  0.000000E+00
  0.217830E+01  0.291747E+00  0.829504E-02  0.000000E+00  0.000000E+00  0.000000E+00  0.000000E+00
  0.221234E+01  0.317874E-02  0.315304E+00  0.000000E+00  0.000000E+00  0.000000E+00  0.000000E+00
  0.239453E+01 -0.291153E+00 -0.150050E-01  0.000000E+00  0.000000E+00  0.000000E+00  0.000000E+00
  0.200124E+01 -0.158162E-01  0.204792E+00  0.000000E+00  0.000000E+00  0.000000E+00  0.000000E+00
  0.204446E+01 -0.275355E+00  0.343855E-03  0.000000E+00  0.000000E+00  0.000000E+00  0.000000E+00
  0.212762E+01 -0.149334E-01  0.237738E+00  0.000000E+00  0.000000E+00  0.000000E+00  0.000000E+00
  0.161055E+01 -0.293576E-02 -0.164380E+00  0.000000E+00  0.000000E+00  0.000000E+00  0.000000E+00
  0.172588E+01 -0.185966E+00  0.741303E-02  0.000000E+00  0.000000E+00  0.000000E+00  0.000000E+00
  0.193869E+01  0.217671E+00  0.120770E-01  0.000000E+00  0.000000E+00  0.000000E+00  0.000000E+00
  0.190915E+01  0.144449E-01 -0.196801E+00  0.000000E+00  0.000000E+00  0.000000E+00  0.000000E+00
  0.219531E+01 -0.113028E-02 -0.313251E+00  0.000000E+00  0.000000E+00  0.000000E+00  0.000000E+00
  0.232808E+01  0.325152E+00  0.876423E-02  0.000000E+00  0.000000E+00  0.000000E+00  0.000000E+00
  0.213974E+01  0.276130E+00  0.968232E-02  0.000000E+00  0.000000E+00  0.000000E+00  0.000000E+00
  0.167650E+01 -0.182169E+00 -0.597950E-03  0.000000E+00  0.000000E+00  0.000000E+00  0.000000E+00
  0.269520E+01  0.306383E+00  0.179483E-01  0.000000E+00  0.000000E+00  0.000000E+00  0.000000E+00
  0.274685E+01  0.363901E+00 -0.149015E-01  0.000000E+00  0.000000E+00  0.000000E+00  0.000000E+00
  0.252440E+01  0.138977E-01 -0.329914E+00  0.000000E+00  0.000000E+00  0.000000E+00  0.000000E+00
  0.272264E+01 -0.175387E-02 -0.445980E+00  0.000000E+00  0.000000E+00  0.000000E+00  0.000000E+00
  0.273808E+01 -0.357346E+00  0.152513E-01  0.000000E+00  0.000000E+00  0.000000E+00  0.000000E+00
  0.256455E+01 -0.290414E+00  0.175176E-01  0.000000E+00  0.000000E+00  0.000000E+00  0.000000E+00
  0.180789E+01  0.213337E+00  0.352346E-02  0.000000E+00  0.000000E+00  0.000000E+00  0.000000E+00
  0.269467E+01  0.293485E-02 -0.436957E+00  0.000000E+00  0.000000E+00  0.000000E+00  0.000000E+00
  0.183875E+01  0.198621E+00  0.114246E-01  0.000000E+00  0.000000E+00  0.000000E+00  0.000000E+00
  0.173584E+01 -0.193007E+00 -0.515416E-02  0.000000E+00  0.000000E+00  0.000000E+00  0.000000E+00
  0.206747E+01 -0.280169E+00  0.214669E-02  0.000000E+00  0.000000E+00  0.000000E+00  0.000000E+00
  0.207163E+01  0.152995E-01  0.223232E+00  0.000000E+00  0.000000E+00  0.000000E+00  0.000000E+00
  0.200972E+01  0.261949E+00 -0.464218E-02  0.000000E+00  0.000000E+00  0.000000E+00  0.000000E+00
  0.283492E+01 -0.451006E+00 -0.792129E-02  0.000000E+00  0.000000E+00  0.000000E+00  0.000000E+00
  0.237757E+01  0.188378E-01  0.236490E+00  0.000000E+00  0.000000E+00  0.000000E+00  0.000000E+00
  0.266118E+01  0.163470E-01  0.326487E+00  0.000000E+00  0.000000E+00  0.000000E+00  0.000000E+00
  0.169245E+01 -0.174491E+00 -0.874522E-02  0.000000E+00  0.000000E+00  0.000000E+00  0.000000E+00
  0.275306E+01  0.276668E+00  0.198417E-01  0.000000E+00  0.000000E+00  0.000000E+00  0.000000E+00
  0.225930E+01 -0.307732E+00 -0.898654E-02  0.000000E+00  0.000000E+00  0.000000E+00  0.000000E+00
  0.165870E+01  0.172204E+00 -0.617755E-02  0.000000E+00  0.000000E+00  0.000000E+00  0.000000E+00
  0.224246E+01 -0.276496E+00  0.131927E-01  0.000000E+00  0.000000E+00  0.000000E+00  0.000000E+00
  0.234033E+01  0.241682E+00 -0.180964E-01  0.000000E+00  0.000000E+00  0.000000E+00  0.000000E+00
  0.174557E+01 -0.502338E-02  0.195634E+00  0.000000E+00  0.000000E+00  0.000000E+00  0.000000E+00
  0.190308E+01 -0.337099E-03 -0.239564E+00  0.000000E+00  0.000000E+00  0.000000E+00  0.000000E+00
  0.198261E+01  0.247465E+00  0.758895E-02  0.000000E+00  0.000000E+00  0.000000E+00  0.000000E+00
  0.227172E+01  0.332644E+00 -0.101110E-02  0.000000E+00  0.000000E+00  0.000000E+00  0.000000E+00
  0.259485E+01  0.117817E-01  0.365786E+00  0.000000E+00  0.000000E+00  0.000000E+00  0.000000E+00
  0.214816E+01  0.240541E+00 -0.150844E-01  0.000000E+00  0.000000E+00  0.000000E+00  0.000000E+00
  0.224664E+01 -0.304988E+00 -0.893718E-02  0.000000E+00  0.000000E+00  0.000000E+00  0.000000E+00
  0.202307E+01  0.205221E+00 -0.162430E-01  0.000000E+00  0.000000E+00  0.000000E+00  0.000000E+00
  0.233179E+01 -0.252135E+00 -0.172381E-01  0.000000E+00  0.000000E+00  0.000000E+00  0.000000E+00
  0.280875E+01  0.708469E-02 -0.449659E+00  0.000000E+00  0.000000E+00  0.000000E+00  0.000000E+00
  0.188939E+01  0.208091E+00  0.118142E-01  0.000000E+00  0.000000E+00  0.000000E+00  0.000000E+00
  0.194200E+01  0.207327E+00  0.139004E-01  0.000000E+00  0.000000E+00  0.000000E+00  0.000000E+00
  0.221925E+01  0.105611E-01  0.289713E+00  0.000000E+00  0.000000E+00  0.000000E+00  0.000000E+00
  0.248654E+01  0.456138E-02  0.380803E+00  0.000000E+00  0.000000E+00  0.000000E+00  0.000000E+00
  0.236890E+01  0.350740E+00  0.484667E-02  0.000000E+00  0.000000E+00  0.000000E+00  0.000000E+00
  0.204668E+01  0.129705E-01  0.235900E+00  0.000000E+00  0.000000E+00  0.000000E+00  0.000000E+00
  0.275106E+01  0.454079E+00 -0.734828E-03  0.000000E+00  0.000000E+00  0.000000E+00  0.000000E+00
  0.231754E+01  0.229630E+00 -0.186371E-01  0.000000E+00  0.000000E+00  0.000000E+00  0.000000E+00
  0.268184E+01 -0.320846E+00 -0.169620E-01  0.000000E+00  0.000000E+00  0.000000E+00  0.000000E+00
  0.253258E+01  0.313529E+00  0.154601E-01  0.000000E+00  0.000000E+00  0.000000E+00  0.000000E+00
  0.169331E+01  0.178736E+00 -0.712889E-02  0.000000E+00  0.000000E+00  0.000000E+00  0.000000E+00
  0.265733E+01  0.133413E-01  0.364114E+00  0.000000E+00  0.000000E+00  0.000000E+00  0.000000E+00
  0.222414E+01  0.115771E-01  0.284393E+00  0.000000E+00  0.000000E+00  0.000000E+00  0.000000E+00
  0.280744E+01 -0.436174E+00  0.913157E-02  0.000000E+00  0.000000E+00  0.000000E+00  0.000000E+00
  0.253821E+01 -0.341336E+00  0.130675E-01  0.000000E+00  0.000000E+00  0.000000E+00  0.000000E+00
  0.215389E+01  0.156309E-01  0.236540E+00  0.000000E+00  0.000000E+00  0.000000E+00  0.000000E+00
  0.199430E+01 -0.214418E+00  0.144418E-01  0.000000E+00  0.000000E+00  0.000000E+00  0.000000E+00
  0.244431E+01  0.300524E+00  0.150677E-01  0.000000E+00  0.000000E+00  0.000000E+00  0.000000E+00
  0.216709E+01 -0.222307E+00 -0.172061E-01  0.000000E+00  0.000000E+00  0.000000E+00  0.000000E+00
  0.234294E+01  0.339269E+00 -0.639573E-02  0.000000E+00  0.000000E+00  0.000000E+00  0.000000E+00
  0.243768E+01 -0.108111E-01  0.338064E+00  0.000000E+00  0.000000E+00  0.000000E+00  0.000000E+00
  0.194466E+01 -0.131881E-01 -0.212481E+00  0.000000E+00  0.000000E+00  0.000000E+00  0.000000E+00
  0.253035E+01 -0.268921E+00 -0.184453E-01  0.000000E+00  0.000000E+00  0.000000E+00  0.000000E+00
  0.268696E+01  0.197468E-01  0.268641E+00  0.000000E+00  0.000000E+00  0.000000E+00  0.000000E+00
  0.184928E+01 -0.137279E-01  0.188851E+00  0.000000E+00  0.000000E+00  0.000000E+00  0.000000E+00
  0.242803E+01  0.372440E+00 -0.415882E-03  0.000000E+00  0.000000E+00  0.000000E+00  0.000000E+00
  0.207336E+01  0.250414E+00 -0.116018E-01  0.000000E+00  0.000000E+00  0.000000E+00  0.000000E+00
  0.177092E+01 -0.206077E+00 -0.545479E-03  0.000000E+00  0.000000E+00  0.000000E+00  0.000000E+00
  0.230983E+01  0.184428E-01 -0.231271E+00  0.000000E+00  0.000000E+00  0.000000E+00  0.000000E+00
  0.252619E+01 -0.145075E-01 -0.323597E+00  0.000000E+00  0.000000E+00  0.000000E+00  0.000000E+00
  0.267009E+01  0.652081E-02  0.418760E+00  0.000000E+00  0.000000E+00  0.000000E+00  0.000000E+00
  0.270002E+01 -0.429541E+00 -0.574545E-02  0.000000E+00  0.000000E+00  0.000000E+00  0.000000E+00
  0.189779E+01 -0.236475E+00 -0.304296E-02  0.000000E+00  0.000000E+00  0.000000E+00  0.000000E+00
  0.280876E+01  0.138385E-01  0.390496E+00  0.000000E+00  0.000000E+00  0.000000E+00  0.000000E+00
  0.278162E+01  0.396675E+00  0.128170E-01  0.000000E+00  0.000000E+00  0.000000E+00  0.000000E+00
  0.275388E+01  0.450866E+00 -0.335779E-02  0.000000E+00  0.000000E+00  0.000000E+00  0.000000E+00
  0.162636E+01 -0.228497E-02 -0.168819E+00  0.000000E+00  0.000000E+00  0.000000E+00  0.000000E+00
  0.228062E+01  0.425688E-02 -0.330277E+00  0.000000E+00  0.000000E+00  0.000000E+00  0.000000E+00
  0.247565E+01 -0.253302E+00 -0.188102E-01  0.000000E+00  0.000000E+00  0.000000E+00  0.000000E+00
  0.205519E+01 -0.154003E-01 -0.219067E+00  0.000000E+00  0.000000E+00  0.000000E+00  0.000000E+00
  0.225684E+01  0.353522E-02 -0.325844E+00  0.000000E+00  0.000000E+00  0.000000E+00  0.000000E+00
  0.203699E+01 -0.163344E-02  0.272904E+00  0.000000E+00  0.000000E+00  0.000000E+00  0.000000E+00
  0.261626E+01  0.356980E+00 -0.131836E-01  0.000000E+00  0.000000E+00  0.000000E+00  0.000000E+00
  0.211154E+01 -0.166500E-01 -0.218090E+00  0.000000E+00  0.000000E+00  0.000000E+00  0.000000E+00
  0.210151E+01 -0.674870E-02  0.279064E+00  0.000000E+00  0.000000E+00  0.000000E+00  0.000000E+00
  0.207915E+01 -0.283581E+00  0.160137E-02  0.000000E+00  0.000000E+00  0.000000E+00  0.000000E+00
  0.256537E+01 -0.274402E-04  0.407263E+00  0.000000E+00  0.000000E+00  0.000000E+00  0.000000E+00
  0.233812E+01 -0.179268E-01 -0.243760E+00  0.000000E+00  0.000000E+00  0.000000E+00  0.000000E+00
  0.169495E+01  0.185223E+00 -0.333293E-02  0.000000E+00  0.000000E+00  0.000000E+00  0.000000E+00
  0.271768E+01 -0.156343E-01 -0.347888E+00  0.000000E+00  0.000000E+00  0.000000E+00  0.000000E+00
  0.275175E+01 -0.470743E-02  0.446321E+00  0.000000E+00  0.000000E+00  0.000000E+00  0.000000E+00
  0.243708E+01  0.146970E-01  0.303181E+00  0.000000E+00  0.000000E+00  0.000000E+00  0.000000E+00
  0.218646E+01  0.142682E-01 -0.255646E+00  0.000000E+00  0.000000E+00  0.000000E+00  0.000000E+00
  0.203516E+01  0.143565E-01 -0.223520E+00  0.000000E+00  0.000000E+00  0.000000E+00  0.000000E+00
  0.237489E+01  0.187542E-01  0.237412E+00  0.000000E+00  0.000000E+00  0.000000E+00  0.000000E+00
  0.279723E+01 -0.155254E-01 -0.365223E+00  0.000000E+00  0.000000E+00  0.000000E+00  0.000000E+00
  0.239726E+01  0.162181E-01 -0.277546E+00  0.000000E+00  0.000000E+00  0.000000E+00  0.000000E+00
  0.262946E+01 -0.348021E+00  0.142447E-01  0.000000E+00  0.000000E+00  0.000000E+00  0.000000E+00
  0.233336E+01 -0.922256E-02 -0.323941E+00  0.000000E+00  0.000000E+00  0.000000E+00  0.000000E+00
  0.172835E+01 -0.194681E+00  0.206392E-02  0.000000E+00  0.000000E+00  0.000000E+00  0.000000E+00
  0.188729E+01  0.705669E-02  0.226009E+00  0.000000E+00  0.000000E+00  0.000000E+00  0.000000E+00
  0.194416E+01 -0.120503E-01  0.219029E+00  0.000000E+00  0.000000E+00  0.000000E+00  0.000000E+00
  0.263547E+01  0.291082E+00  0.182163E-01  0.000000E+00  0.000000E+00  0.000000E+00  0.000000E+00
  0.188103E+01 -0.220474E+00  0.837735E-02  0.000000E+00  0.000000E+00  0.000000E+00  0.000000E+00
  0.203295E+01 -0.105087E-01  0.247227E+00  0.000000E+00  0.000000E+00  0.000000E+00  0.000000E+00
  0.229015E+01 -0.540396E-02  0.329603E+00  0.000000E+00  0.000000E+00  0.000000E+00  0.000000E+00
  0.174037E+01  0.717019E-03  0.198310E+00  0.000000E+00  0.000000E+00  0.000000E+00  0.000000E+00
  0.239310E+01 -0.152384E-01  0.288285E+00  0.000000E+00  0.000000E+00  0.000000E+00  0.000000E+00
  0.271826E+01 -0.443052E+00 -0.285619E-02  0.000000E+00  0.000000E+00  0.000000E+00  0.000000E+00
  0.185282E+01  0.730778E-02  0.216954E+00  0.000000E+00  0.000000E+00  0.000000E+00  0.000000E+00
  0.164412E+01 -0.639761E-02 -0.168229E+00  0.000000E+00  0.000000E+00  0.000000E+00  0.000000E+00
  0.213072E+01 -0.170545E-01 -0.217321E+00  0.000000E+00  0.000000E+00  0.000000E+00  0.000000E+00
  0.272937E+01  0.324230E+00 -0.172852E-01  0.000000E+00  0.000000E+00  0.000000E+00  0.000000E+00
  0.172259E+01  0.185150E+00  0.742184E-02  0.000000E+00  0.000000E+00  0.000000E+00  0.000000E+00
  0.270128E+01  0.137024E-01  0.369422E+00  0.000000E+00  0.000000E+00  0.000000E+00  0.000000E+00
  0.265500E+01 -0.300749E+00 -0.178661E-01  0.000000E+00  0.000000E+00  0.000000E+00  0.000000E+00
  0.251633E+01 -0.105207E-01 -0.358183E+00  0.000000E+00  0.000000E+00  0.000000E+00  0.000000E+00
  0.235640E+01  0.321557E+00 -0.105046E-01  0.000000E+00  0.000000E+00  0.000000E+00  0.000000E+00
  0.279148E+01  0.149867E-01 -0.371793E+00  0.000000E+00  0.000000E+00  0.000000E+00  0.000000E+00
  0.163323E+01  0.119496E-02  0.171070E+00  0.000000E+00  0.000000E+00  0.000000E+00  0.000000E+00
  0.232454E+01 -0.343501E+00  0.316651E-02  0.000000E+00  0.000000E+00  0.000000E+00  0.000000E+00
  0.176129E+01 -0.202813E+00  0.231586E-02  0.000000E+00  0.000000E+00  0.000000E+00  0.000000E+00
  0.180862E+01  0.962453E-02 -0.199048E+00  0.000000E+00  0.000000E+00  0.000000E+00  0.000000E+00
  0.220409E+01 -0.264511E+00  0.136570E-01  0.000000E+00  0.000000E+00  0.000000E+00  0.000000E+00
  0.258239E+01 -0.144643E-01 -0.335691E+00  0.000000E+00  0.000000E+00  0.000000E+00  0.000000E+00
  0.194770E+01  0.223621E+00  0.113337E-01  0.000000E+00  0.000000E+00  0.000000E+00  0.000000E+00
  0.184470E+01 -0.224295E+00  0.168576E-02  0.000000E+00  0.000000E+00  0.000000E+00  0.000000E+00
  0.284082E+01  0.217675E-01 -0.159673E+00  0.000000E+00  0.000000E+00  0.000000E+00  0.000000E+00
  0.284082E+01 -0.182736E-02 -0.652624E-02  0.000000E+00  0.000000E+00  0.000000E+00  0.000000E+00
  0.284082E+01  0.101148E+00  0.113400E-01  0.000000E+00  0.000000E+00  0.000000E+00  0.000000E+00
  0.284082E+01  0.232857E-01 -0.491657E-01  0.000000E+00  0.000000E+00  0.000000E+00  0.000000E+00
  0.284082E+01 -0.109813E-01  0.163005E+00  0.000000E+00  0.000000E+00  0.000000E+00  0.000000E+00
  0.284082E+01 -0.327589E-01  0.627360E-01  0.000000E+00  0.000000E+00  0.000000E+00  0.000000E+00
  0.284082E+01  0.329320E-01 -0.227510E+00  0.000000E+00  0.000000E+00  0.000000E+00  0.000000E+00
  0.284082E+01 -0.331118E-03  0.141638E-02  0.000000E+00  0.000000E+00  0.000000E+00  0.000000E+00
  0.284082E+01  0.121770E+00  0.137958E+00  0.000000E+00  0.000000E+00  0.000000E+00  0.000000E+00
  0.284082E+01  0.128575E+00 -0.108890E+00  0.000000E+00  0.000000E+00  0.000000E+00  0.000000E+00
  0.284082E+01 -0.183000E+00 -0.360326E-02  0.000000E+00  0.000000E+00  0.000000E+00  0.000000E+00
  0.284082E+01  0.218152E-01  0.360027E-03  0.000000E+00  0.000000E+00  0.000000E+00  0.000000E+00
  0.284082E+01  0.167086E+00 -0.521041E-01  0.000000E+00  0.000000E+00  0.000000E+00  0.000000E+00
  0.284082E+01 -0.120970E-01 -0.283301E-01  0.000000E+00  0.000000E+00  0.000000E+00  0.000000E+00
  0.284082E+01  0.116576E+00  0.970288E-01  0.000000E+00  0.000000E+00  0.000000E+00  0.000000E+00
  0.284082E+01 -0.228340E-01 -0.178119E-01  0.000000E+00  0.000000E+00  0.000000E+00  0.000000E+00
  0.284082E+01 -0.460938E-01 -0.543958E-01  0.000000E+00  0.000000E+00  0.000000E+00  0.000000E+00
  0.284082E+01  0.165767E+00  0.374993E-01  0.000000E+00  0.000000E+00  0.000000E+00  0.000000E+00
  0.284082E+01  0.106092E+00  0.756899E-01  0.000000E+00  0.000000E+00  0.000000E+00  0.000000E+00
  0.284082E+01 -0.151542E-01  0.238937E-01  0.000000E+00  0.000000E+00  0.000000E+00  0.000000E+00
  0.284082E+01 -0.178931E+00  0.103871E+00  0.000000E+00  0.000000E+00  0.000000E+00  0.000000E+00
  0.284082E+01 -0.277573E-01  0.754034E-01  0.000000E+00  0.000000E+00  0.000000E+00  0.000000E+00
  0.284082E+01  0.125894E+00 -0.952388E-01  0.000000E+00  0.000000E+00  0.000000E+00  0.000000E+00
  0.284082E+01  0.222004E-01  0.223849E+00  0.000000E+00  0.000000E+00  0.000000E+00  0.000000E+00
  0.284082E+01  0.128082E+00 -0.681205E-01  0.000000E+00  0.000000E+00  0.000000E+00  0.000000E+00
  0.284082E+01 -0.745692E-01 -0.213251E-01  0.000000E+00  0.000000E+00  0.000000E+00  0.000000E+00
  0.284082E+01  0.107055E-01 -0.628472E-01  0.000000E+00  0.000000E+00  0.000000E+00  0.000000E+00
  0.284082E+01 -0.133373E+00  0.392370E-02  0.000000E+00  0.000000E+00  0.000000E+00  0.000000E+00
  0.284082E+01 -0.288004E-01 -0.214295E+00  0.000000E+00  0.000000E+00  0.000000E+00  0.000000E+00
  0.284082E+01  0.747887E-02  0.240453E+00  0.000000E+00  0.000000E+00  0.000000E+00  0.000000E+00
  0.284082E+01  0.602251E-01  0.825143E-01  0.000000E+00  0.000000E+00  0.000000E+00  0.000000E+00
  0.284082E+01  0.625360E-01  0.231995E+00  0.000000E+00  0.000000E+00  0.000000E+00  0.000000E+00
  0.284082E+01 -0.111250E+00 -0.276220E-01  0.000000E+00  0.000000E+00  0.000000E+00  0.000000E+00
  0.284082E+01  0.717231E-01 -0.967730E-01  0.000000E+00  0.000000E+00  0.000000E+00  0.000000E+00
  0.284082E+01  0.157228E+00 -0.850953E-01  0.000000E+00  0.000000E+00  0.000000E+00  0.000000E+00
  0.284082E+01 -0.192097E-01 -0.980553E-02  0.000000E+00  0.000000E+00  0.000000E+00  0.000000E+00
  0.284082E+01  0.292851E-01  0.377343E-01  0.000000E+00  0.000000E+00  0.000000E+00  0.000000E+00
  0.284082E+01  0.580899E-01  0.173504E+00  0.000000E+00  0.000000E+00  0.000000E+00  0.000000E+00
  0.284082E+01  0.677719E-02  0.244242E-01  0.000000E+00  0.000000E+00  0.000000E+00  0.000000E+00
  0.284082E+01 -0.148103E-01 -0.131387E+00  0.000000E+00  0.000000E+00  0.000000E+00  0.000000E+00
  0.284082E+01 -0.224618E-01  0.287979E-01  0.000000E+00  0.000000E+00  0.000000E+00  0.000000E+00
  0.284082E+01  0.103848E+00 -0.129893E+00  0.000000E+00  0.000000E+00  0.000000E+00  0.000000E+00
  0.284082E+01  0.118105E+00 -0.799513E-01  0.000000E+00  0.000000E+00  0.000000E+00  0.000000E+00
  0.284082E+01 -0.214368E+00  0.678877E-01  0.000000E+00  0.000000E+00  0.000000E+00  0.000000E+00
  0.284082E+01  0.133706E+00  0.914804E-01  0.000000E+00  0.000000E+00  0.000000E+00  0.000000E+00
  0.284082E+01  0.469437E-02  0.813730E-02  0.000000E+00  0.000000E+00  0.000000E+00  0.000000E+00
  0.284082E+01 -0.313899E-01 -0.792014E-01  0.000000E+00  0.000000E+00  0.000000E+00  0.000000E+00
  0.284082E+01 -0.488535E-01  0.138312E-02  0.000000E+00  0.000000E+00  0.000000E+00  0.000000E+00
  0.284082E+01 -0.244633E-01 -0.234086E-01  0.000000E+00  0.000000E+00  0.000000E+00  0.000000E+00
  0.284082E+01  0.347557E-01  0.385032E-01  0.000000E+00  0.000000E+00  0.000000E+00  0.000000E+00
  0.284082E+01  0.946666E-01  0.883892E-01  0.000000E+00  0.000000E+00  0.000000E+00  0.000000E+00
  0.284082E+01 -0.169472E+00 -0.789359E-01  0.000000E+00  0.000000E+00  0.000000E+00  0.000000E+00
  0.284082E+01 -0.982562E-01 -0.180973E-01  0.000000E+00  0.000000E+00  0.000000E+00  0.000000E+00
  0.284082E+01  0.374954E-01 -0.100082E+00  0.000000E+00  0.000000E+00  0.000000E+00  0.000000E+00
  0.284082E+01 -0.130972E+00  0.163545E+00  0.000000E+00  0.000000E+00  0.000000E+00  0.000000E+00
  0.284082E+01  0.147349E-01  0.846485E-01  0.000000E+00  0.000000E+00  0.000000E+00  0.000000E+00
  0.284082E+01  0.443255E-01  0.246626E-01  0.000000E+00  0.000000E+00  0.000000E+00  0.000000E+00
  0.284082E+01  0.287172E-03  0.495619E-02  0.000000E+00  0.000000E+00  0.000000E+00  0.000000E+00
  0.284082E+01  0.401048E-01 -0.221233E+00  0.000000E+00  0.000000E+00  0.000000E+00  0.000000E+00
  0.284082E+01 -0.491288E-02  0.112213E+00  0.000000E+00  0.000000E+00  0.000000E+00  0.000000E+00
  0.284082E+01  0.138473E+00 -0.115926E+00  0.000000E+00  0.000000E+00  0.000000E+00  0.000000E+00
  0.284082E+01  0.176892E-02 -0.967520E-03  0.000000E+00  0.000000E+00  0.000000E+00  0.000000E+00
  0.284082E+01 -0.626863E-02  0.786502E-01  0.000000E+00  0.000000E+00  0.000000E+00  0.000000E+00
  0.284082E+01 -0.150621E-02 -0.773245E-01  0.000000E+00  0.000000E+00  0.000000E+00  0.000000E+00
  0.284082E+01 -0.131525E-02  0.152639E+00  0.000000E+00  0.000000E+00  0.000000E+00  0.000000E+00
  0.284082E+01 -0.355797E-02 -0.350469E-01  0.000000E+00  0.000000E+00  0.000000E+00  0.000000E+00
  0.284082E+01  0.196433E+00  0.172908E-01  0.000000E+00  0.000000E+00  0.000000E+00  0.000000E+00
  0.284082E+01 -0.386678E-01  0.744283E-01  0.000000E+00  0.000000E+00  0.000000E+00  0.000000E+00
  0.284082E+01 -0.827384E-01 -0.162852E+00  0.000000E+00  0.000000E+00  0.000000E+00  0.000000E+00
  0.284082E+01 -0.101830E+00 -0.892206E-01  0.000000E+00  0.000000E+00  0.000000E+00  0.000000E+00
  0.284082E+01  0.443135E-01 -0.438830E-01  0.000000E+00  0.000000E+00  0.000000E+00  0.000000E+00
  0.284082E+01  0.131228E-01  0.165693E-01  0.000000E+00  0.000000E+00  0.000000E+00  0.000000E+00
  0.284082E+01 -0.815682E-01  0.370344E-01  0.000000E+00  0.000000E+00  0.000000E+00  0.000000E+00
  0.284082E+01  0.809530E-01 -0.666747E-01  0.000000E+00  0.000000E+00  0.000000E+00  0.000000E+00
  0.284082E+01 -0.138251E+00 -0.775351E-01  0.000000E+00  0.000000E+00  0.000000E+00  0.000000E+00
  0.284082E+01 -0.257257E-01  0.112156E+00  0.000000E+00  0.000000E+00  0.000000E+00  0.000000E+00
  0.284082E+01  0.192274E+00  0.110251E+00  0.000000E+00  0.000000E+00  0.000000E+00  0.000000E+00
  0.284082E+01 -0.263782E-02 -0.309086E-01  0.000000E+00  0.000000E+00  0.000000E+00  0.000000E+00
  0.284082E+01  0.461601E-01  0.207839E+00  0.000000E+00  0.000000E+00  0.000000E+00  0.000000E+00
  0.284082E+01 -0.191284E+00 -0.129713E+00  0.000000E+00  0.000000E+00  0.000000E+00  0.000000E+00
  0.284082E+01 -0.330648E-01  0.415885E-01  0.000000E+00  0.000000E+00  0.000000E+00  0.000000E+00
  0.284082E+01 -0.295007E-01 -0.324420E-01  0.000000E+00  0.000000E+00  0.000000E+00  0.000000E+00
  0.284082E+01 -0.108489E+00 -0.216486E+00  0.000000E+00  0.000000E+00  0.000000E+00  0.000000E+00
  0.284082E+01  0.161262E+00 -0.203812E-01  0.000000E+00  0.000000E+00  0.000000E+00  0.000000E+00
  0.284082E+01  0.198657E+00  0.767890E-01  0.000000E+00  0.000000E+00  0.000000E+00  0.000000E+00
  0.284082E+01  0.111815E+00  0.261677E-01  0.000000E+00  0.000000E+00  0.000000E+00  0.000000E+00
  0.284082E+01 -0.726718E-02  0.114286E+00  0.000000E+00  0.000000E+00  0.000000E+00  0.000000E+00
  0.284082E+01  0.141173E+00 -0.138385E+00  0.000000E+00  0.000000E+00  0.000000E+00  0.000000E+00
  0.284082E+01  0.230109E+00  0.573280E-01  0.000000E+00  0.000000E+00  0.000000E+00  0.000000E+00
  0.284082E+01  0.161782E-01  0.855170E-02  0.000000E+00  0.000000E+00  0.000000E+00  0.000000E+00
  0.284082E+01  0.655288E-01  0.223594E+00  0.000000E+00  0.000000E+00  0.000000E+00  0.000000E+00
  0.284082E+01  0.755039E-01  0.244125E-01  0.000000E+00  0.000000E+00  0.000000E+00  0.000000E+00
  0.284082E+01 -0.574160E-01  0.426102E-01  0.000000E+00  0.000000E+00  0.000000E+00  0.000000E+00
  0.284082E+01 -0.112587E+00 -0.924761E-01  0.000000E+00  0.000000E+00  0.000000E+00  0.000000E+00
  0.284082E+01 -0.161909E+00 -0.942000E-01  0.000000E+00  0.000000E+00  0.000000E+00  0.000000E+00
  0.284082E+01 -0.482059E-01  0.698708E-01  0.000000E+00  0.000000E+00  0.000000E+00  0.000000E+00
  0.284082E+01  0.238573E-01 -0.605538E-01  0.000000E+00  0.000000E+00  0.000000E+00  0.000000E+00
  0.284082E+01  0.519580E-02  0.885392E-01  0.000000E+00  0.000000E+00  0.000000E+00  0.000000E+00
  0.284082E+01 -0.313334E-02  0.744434E-02  0.000000E+00  0.000000E+00  0.000000E+00  0.000000E+00
  0.284082E+01  0.123827E+00 -0.593440E-01  0.000000E+00  0.000000E+00  0.000000E+00  0.000000E+00
