  0.269220E+01 -0.418600E+00  0.759601E-02  0.000000E+00  0.000000E+00  0.000000E+00  0.000000E+00
  0.249486E+01  0.143195E-02  0.388772E+00  0.000000E+00  0.000000E+00  0.000000E+00  0.000000E+00
  0.253279E+01  0.391386E+00  0.486516E-02  0.000000E+00  0.000000E+00  0.000000E+00  0.000000E+00
  0.263069E+01  0.139186E-01 -0.352044E+00  0.000000E+00  0.000000E+00  0.000000E+00  0.000000E+00
  0.160777E+01  0.164752E+00 -0.715669E-03  0.000000E+00  0.000000E+00  0.000000E+00  0.000000E+00
  0.168703E+01  0.115453E-02 -0.184689E+00  0.000000E+00  0.000000E+00  0.000000E+00  0.000000E+00
  0.171246E+01  0.955383E-02 -0.176803E+00  0.000000E+00  0.000000E+00  0.000000E+00  0.000000E+00
  0.242055E+01 -0.120167E-01  0.324979E+00  0.000000E+00  0.000000E+00  0.000000E+00  0.000000E+00
  0.174914E+01 -0.854636E-02 -0.188526E+00  0.000000E+00  0.000000E+00  0.000000E+00  0.000000E+00
  0.210599E+01 -0.854395E-02  0.273440E+00  0.000000E+00  0.000000E+00  0.000000E+00  0.000000E+00
  0.245453E+01 -0.933418E-02  0.351778E+00  0.000000E+00  0.000000E+00  0.000000E+00  0.000000E+00
  0.248470E+01 -0.378956E+00  0.502166E-02  0.000000E+00  0.000000E+00  0.000000E+00  0.000000E+00
  0.259497E+01 -0.185835E-01  0.277436E+00  0.000000E+00  0.000000E+00  0.000000E+00  0.000000E+00
  0.271549E+01 -0.197767E-01  0.272384E+00  0.000000E+00  0.000000E+00  0.000000E+00  0.000000E+00
  0.161082E+01  0.716109E-03 -0.165526E+00  0.000000E+00  0.000000E+00  0.000000E+00  0.000000E+00
  0.211546E+01 -0.115710E-01  0.260043E+00  0.000000E+00  0.000000E+00  0.000000E+00  0.000000E+00
  0.229857E+01 -0.305329E+00  0.109602E-01  0.000000E+00  0.000000E+00  0.000000E+00  0.000000E+00
  0.168898E+01 -0.643050E-02  0.179143E+00  0.000000E+00  0.000000E+00  0.000000E+00  0.000000E+00
  0.189985E+01 -0.213017E+00 -0.112936E-01  0.000000E+00  0.000000E+00  0.000000E+00  0.000000E+00
  0.273517E+01 -0.290501E+00 -0.191005E-01  0.000000E+00  0.000000E+00  0.000000E+00  0.000000E+00
  0.188840E+01  0.206475E+00  0.120860E-01  0.000000E+00  0.000000E+00  0.000000E+00  0.000000E+00
  0.219201E+01 -0.290376E+00 -0.928334E-02  0.000000E+00  0.000000E+00  0.000000E+00  0.000000E+00
  0.216822E+01  0.117997E-01  0.270401E+00  0.000000E+00  0.000000E+00  0.000000E+00  0.000000E+00
  0.170472E+01 -0.176462E+00  0.907057E-02  0.000000E+00  0.000000E+00  0.000000E+00  0.000000E+00
  0.253002E+01 -0.378745E+00  0.773994E-02  0.000000E+00  0.000000E+00  0.000000E+00  0.000000E+00
  0.255772E+01  0.368068E+00  0.104701E-01  0.000000E+00  0.000000E+00  0.000000E+00  0.000000E+00
  0.218010E+01  0.265931E+00  0.128157E-01  0.000000E+00  0.000000E+00  0.000000E+00  0.000000E+00
  0.184747E+01  0.225481E+00 -0.375704E-03  0.000000E+00  0.000000E+00  0.000000E+00  0.000000E+00
  0.196839E+01  0.253953E+00  0.324628E-02  0.000000E+00  0.000000E+00  0.000000E+00  0.000000E+00
  0.209126E+01  0.421293E-02  0.283122E+00  0.000000E+00  0.000000E+00  0.000000E+00  0.000000E+00
  0.183750E+01  0.399424E-03  0.222955E+00  0.000000E+00  0.000000E+00  0.000000E+00  0.000000E+00
  0.255758E+01  0.275009E+00  0.183639E-01  0.000000E+00  0.000000E+00  0.000000E+00  0.000000E+00
  0.221229E+01  0.316847E+00  0.200556E-02  0.000000E+00  0.000000E+00  0.000000E+00  0.000000E+00
  0.281293E+01  0.332471E+00 -0.176684E-01  0.000000E+00  0.000000E+00  0.000000E+00  0.000000E+00
  0.197176E+01  0.113106E-01  0.229170E+00  0.000000E+00  0.000000E+00  0.000000E+00  0.000000E+00
  0.219649E+01 -0.299047E+00  0.759255E-02  0.000000E+00  0.000000E+00  0.000000E+00  0.000000E+00
  0.171219E+01 -0.185474E+00  0.610092E-02  0.000000E+00  0.000000E+00  0.000000E+00  0.000000E+00
  0.250295E+01 -0.993782E-02  0.359203E+00  0.000000E+00  0.000000E+00  0.000000E+00  0.000000E+00
  0.239808E+01  0.102400E-01  0.332894E+00  0.000000E+00  0.000000E+00  0.000000E+00  0.000000E+00
  0.256532E+01  0.132874E-01 -0.344965E+00  0.000000E+00  0.000000E+00  0.000000E+00  0.000000E+00
  0.212604E+01  0.693008E-02  0.284435E+00  0.000000E+00  0.000000E+00  0.000000E+00  0.000000E+00
  0.182423E+01 -0.215565E+00 -0.478331E-02  0.000000E+00  0.000000E+00  0.000000E+00  0.000000E+00
  0.272807E+01 -0.290488E+00 -0.190463E-01  0.000000E+00  0.000000E+00  0.000000E+00  0.000000E+00
  0.269721E+01  0.199975E-01  0.264444E+00  0.000000E+00  0.000000E+00  0.000000E+00  0.000000E+00
  0.205336E+01  0.110672E-01 -0.248947E+00  0.000000E+00  0.000000E+00  0.000000E+00  0.000000E+00
  0.169691E+01 -0.180332E+00 -0.679633E-02  0.000000E+00  0.000000E+00  0.000000E+00  0.000000E+00
  0.283157E+01  0.287793E+00 -0.198806E-01  0.000000E+00  0.000000E+00  0.000000E+00  0.000000E+00
  0.214108E+01 -0.283603E+00 -0.811589E-02  0.000000E+00  0.000000E+00  0.000000E+00  0.000000E+00
  0.189626E+01 -0.230531E+00  0.615789E-02  0.000000E+00  0.000000E+00  0.000000E+00  0.000000E+00
  0.183050E+01  0.813667E-02 -0.209166E+00  0.000000E+00  0.000000E+00  0.000000E+00  0.000000E+00
  0.194854E+01 -0.149520E-01  0.201237E+00  0.000000E+00  0.000000E+00  0.000000E+00  0.000000E+00
  0.173938E+01  0.198046E+00  0.776836E-03  0.000000E+00  0.000000E+00  0.000000E+00  0.000000E+00
  0.187964E+01 -0.127830E-01  0.200798E+00  0.000000E+00  0.000000E+00  0.000000E+00  0.000000E+00
  0.212205E+01  0.263224E+00  0.112905E-01  0.000000E+00  0.000000E+00  0.000000E+00  0.000000E+00
  0.268319E+01  0.187162E-01  0.289779E+00  0.000000E+00  0.000000E+00  0.000000E+00  0.000000E+00
  0.233646E+01 -0.273816E+00  0.155227E-01  0.000000E+00  0.000000E+00  0.000000E+00  0.000000E+00
  0.195305E+01  0.145257E-02  0.251812E+00  0.000000E+00  0.000000E+00  0.000000E+00  0.000000E+00
  0.278500E+01 -0.116619E-01  0.409423E+00  0.000000E+00  0.000000E+00  0.000000E+00  0.000000E+00
  0.222997E+01  0.322312E+00 -0.367795E-03  0.000000E+00  0.000000E+00  0.000000E+00  0.000000E+00
  0.215666E+01  0.303552E+00  0.981920E-03  0.000000E+00  0.000000E+00  0.000000E+00  0.000000E+00
  0.207937E+01 -0.278938E+00  0.479679E-02  0.000000E+00  0.000000E+00  0.000000E+00  0.000000E+00
  0.167479E+01 -0.552940E-02  0.177286E+00  0.000000E+00  0.000000E+00  0.000000E+00  0.000000E+00
  0.267893E+01 -0.248381E-02  0.433856E+00  0.000000E+00  0.000000E+00  0.000000E+00  0.000000E+00
  0.265734E+01 -0.171647E-01 -0.313028E+00  0.000000E+00  0.000000E+00  0.000000E+00  0.000000E+00
  0.214729E+01 -0.215887E+00  0.174463E-01  0.000000E+00  0.000000E+00  0.000000E+00  0.000000E+00
  0.236247E+01 -0.342895E+00 -0.669525E-02  0.000000E+00  0.000000E+00  0.000000E+00  0.000000E+00
  0.225700E+01  0.173110E-01  0.237503E+00  0.000000E+00  0.000000E+00  0.000000E+00  0.000000E+00
  0.178644E+01 -0.210056E+00  0.304193E-04  0.000000E+00  0.000000E+00  0.000000E+00  0.000000E+00
  0.197629E+01 -0.212324E+00  0.142163E-01  0.000000E+00  0.000000E+00  0.000000E+00  0.000000E+00
  0.280028E+01  0.457468E+00  0.495725E-02  0.000000E+00  0.000000E+00  0.000000E+00  0.000000E+00
  0.226714E+01 -0.313925E+00  0.808622E-02  0.000000E+00  0.000000E+00  0.000000E+00  0.000000E+00
  0.206597E+01  0.364905E-02  0.277820E+00  0.000000E+00  0.000000E+00  0.000000E+00  0.000000E+00
  0.280096E+01 -0.302524E+00  0.190425E-01  0.000000E+00  0.000000E+00  0.000000E+00  0.000000E+00
  0.276666E+01  0.771950E-02 -0.435833E+00  0.000000E+00  0.000000E+00  0.000000E+00  0.000000E+00
  0.265706E+01  0.387852E+00 -0.108465E-01  0.000000E+00  0.000000E+00  0.000000E+00  0.000000E+00
  0.280805E+01 -0.960033E-02  0.432768E+00  0.000000E+00  0.000000E+00  0.000000E+00  0.000000E+00
  0.184746E+01 -0.135491E-01  0.189516E+00  0.000000E+00  0.000000E+00  0.000000E+00  0.000000E+00
  0.257547E+01 -0.256063E+00 -0.195193E-01  0.000000E+00  0.000000E+00  0.000000E+00  0.000000E+00
  0.234335E+01  0.339987E+00  0.622777E-02  0.000000E+00  0.000000E+00  0.000000E+00  0.000000E+00
  0.278513E+01 -0.100980E-01 -0.423460E+00  0.000000E+00  0.000000E+00  0.000000E+00  0.000000E+00
  0.245864E+01 -0.331181E+00 -0.122832E-01  0.000000E+00  0.000000E+00  0.000000E+00  0.000000E+00
  0.247615E+01 -0.113954E-01  0.342389E+00  0.000000E+00  0.000000E+00  0.000000E+00  0.000000E+00
  0.256768E+01  0.141018E-01  0.336770E+00  0.000000E+00  0.000000E+00  0.000000E+00  0.000000E+00
  0.216887E+01  0.151096E-01  0.244488E+00  0.000000E+00  0.000000E+00  0.000000E+00  0.000000E+00
  0.187199E+01 -0.228458E+00  0.417665E-02  0.000000E+00  0.000000E+00  0.000000E+00  0.000000E+00
  0.242273E+01 -0.370732E+00 -0.118731E-02  0.000000E+00  0.000000E+00  0.000000E+00  0.000000E+00
  0.173459E+01  0.321438E-02  0.195293E+00  0.000000E+00  0.000000E+00  0.000000E+00  0.000000E+00
  0.194364E+01 -0.240851E+00 -0.665102E-02  0.000000E+00  0.000000E+00  0.000000E+00  0.000000E+00
  0.212143E+01  0.231212E+00 -0.155151E-01  0.000000E+00  0.000000E+00  0.000000E+00  0.000000E+00
  0.191816E+01  0.144140E-01  0.198875E+00  0.000000E+00  0.000000E+00  0.000000E+00  0.000000E+00
  0.227955E+01 -0.250808E+00  0.165670E-01  0.000000E+00  0.000000E+00  0.000000E+00  0.000000E+00
  0.162669E+01 -0.168666E+00 -0.263693E-02  0.000000E+00  0.000000E+00  0.000000E+00  0.000000E+00
  0.281286E+01 -0.469249E+00 -0.133829E-02  0.000000E+00  0.000000E+00  0.000000E+00  0.000000E+00
  0.232965E+01 -0.346441E+00 -0.202597E-02  0.000000E+00  0.000000E+00  0.000000E+00  0.000000E+00
  0.270815E+01 -0.394181E+00  0.114489E-01  0.000000E+00  0.000000E+00  0.000000E+00  0.000000E+00
  0.262628E+01  0.258362E+00  0.197861E-01  0.000000E+00  0.000000E+00  0.000000E+00  0.000000E+00
  0.219531E+01 -0.176513E-01 -0.222060E+00  0.000000E+00  0.000000E+00  0.000000E+00  0.000000E+00
  0.224728E+01 -0.751588E-02  0.311615E+00  0.000000E+00  0.000000E+00  0.000000E+00  0.000000E+00
  0.181385E+01  0.185355E+00 -0.129993E-01  0.000000E+00  0.000000E+00  0.000000E+00  0.000000E+00
  0.238137E+01  0.247255E+00 -0.182012E-01  0.000000E+00  0.000000E+00  0.000000E+00  0.000000E+00
  0.227133E+01 -0.355937E-02 -0.329430E+00  0.000000E+00  0.000000E+00  0.000000E+00  0.000000E+00
  0.194139E+01 -0.119767E-01 -0.218819E+00  0.000000E+00  0.000000E+00  0.000000E+00  0.000000E+00
  0.180174E+01  0.419690E-02  0.210894E+00  0.000000E+00  0.000000E+00  0.000000E+00  0.000000E+00
  0.217721E+01 -0.153775E-01  0.243624E+00  0.000000E+00  0.000000E+00  0.000000E+00  0.000000E+00
  0.172993E+01 -0.177083E+00 -0.106543E-01  0.000000E+00  0.000000E+00  0.000000E+00  0.000000E+00
  0.242889E+01  0.654569E-02 -0.359707E+00  0.000000E+00  0.000000E+00  0.000000E+00  0.000000E+00
  0.193879E+01  0.233400E+00 -0.861477E-02  0.000000E+00  0.000000E+00  0.000000E+00  0.000000E+00
  0.193888E+01 -0.232575E+00  0.884285E-02  0.000000E+00  0.000000E+00  0.000000E+00  0.000000E+00
  0.223873E+01  0.134019E-01  0.273989E+00  0.000000E+00  0.000000E+00  0.000000E+00  0.000000E+00
  0.200901E+01  0.262840E+00 -0.407735E-02  0.000000E+00  0.000000E+00  0.000000E+00  0.000000E+00
  0.254764E+01  0.491228E-02  0.394922E+00  0.000000E+00  0.000000E+00  0.000000E+00  0.000000E+00
  0.201625E+01  0.139309E-01 -0.222733E+00  0.000000E+00  0.000000E+00  0.000000E+00  0.000000E+00
  0.281920E+01  0.158191E-01  0.365125E+00  0.000000E+00  0.000000E+00  0.000000E+00  0.000000E+00
  0.233163E+01 -0.345670E+00  0.294043E-02  0.000000E+00  0.000000E+00  0.000000E+00  0.000000E+00
  0.281035E+01 -0.469098E+00  0.709898E-03  0.000000E+00  0.000000E+00  0.000000E+00  0.000000E+00
  0.262314E+01 -0.646880E-02 -0.407521E+00  0.000000E+00  0.000000E+00  0.000000E+00  0.000000E+00
  0.208649E+01  0.551090E-02 -0.278987E+00  0.000000E+00  0.000000E+00  0.000000E+00  0.000000E+00
  0.241359E+01 -0.100120E-01  0.337967E+00  0.000000E+00  0.000000E+00  0.000000E+00  0.000000E+00
  0.275098E+01 -0.485092E-02 -0.445622E+00  0.000000E+00  0.000000E+00  0.000000E+00  0.000000E+00
  0.270664E+01 -0.199678E-01  0.266576E+00  0.000000E+00  0.000000E+00  0.000000E+00  0.000000E+00
  0.183553E+01 -0.199691E+00 -0.110228E-01  0.000000E+00  0.000000E+00  0.000000E+00  0.000000E+00
  0.217942E+01 -0.289466E+00  0.885856E-02  0.000000E+00  0.000000E+00  0.000000E+00  0.000000E+00
  0.256466E+01 -0.406991E+00  0.532893E-03  0.000000E+00  0.000000E+00  0.000000E+00  0.000000E+00
  0.197487E+01 -0.989194E-02 -0.236725E+00  0.000000E+00  0.000000E+00  0.000000E+00  0.000000E+00
  0.224156E+01  0.290113E+00  0.113067E-01  0.000000E+00  0.000000E+00  0.000000E+00  0.000000E+00
  0.246966E+01  0.263549E+00  0.181413E-01  0.000000E+00  0.000000E+00  0.000000E+00  0.000000E+00
  0.208607E+01  0.153387E-01 -0.225776E+00  0.000000E+00  0.000000E+00  0.000000E+00  0.000000E+00
  0.271196E+01 -0.727562E-02 -0.425141E+00  0.000000E+00  0.000000E+00  0.000000E+00  0.000000E+00
  0.174365E+01 -0.111787E-01 -0.178197E+00  0.000000E+00  0.000000E+00  0.000000E+00  0.000000E+00
  0.179320E+01 -0.326141E-02  0.209958E+00  0.000000E+00  0.000000E+00  0.000000E+00  0.000000E+00
  0.253953E+01  0.197605E-02  0.399467E+00  0.000000E+00  0.000000E+00  0.000000E+00  0.000000E+00
  0.187647E+01  0.546621E-02  0.227216E+00  0.000000E+00  0.000000E+00  0.000000E+00  0.000000E+00
  0.221245E+01 -0.171313E-01 -0.231537E+00  0.000000E+00  0.000000E+00  0.000000E+00  0.000000E+00
  0.231345E+01 -0.326106E+00 -0.785072E-02  0.000000E+00  0.000000E+00  0.000000E+00  0.000000E+00
  0.163524E+01  0.167877E+00 -0.529552E-02  0.000000E+00  0.000000E+00  0.000000E+00  0.000000E+00
  0.257568E+01 -0.311521E-02 -0.406679E+00  0.000000E+00  0.000000E+00  0.000000E+00  0.000000E+00
  0.188419E+01  0.215640E+00  0.989261E-02  0.000000E+00  0.000000E+00  0.000000E+00  0.000000E+00
  0.222984E+01 -0.135783E-01 -0.270631E+00  0.000000E+00  0.000000E+00  0.000000E+00  0.000000E+00
  0.189792E+01  0.773301E-02  0.226595E+00  0.000000E+00  0.000000E+00  0.000000E+00  0.000000E+00
  0.207601E+01  0.153731E-01  0.223460E+00  0.000000E+00  0.000000E+00  0.000000E+00  0.000000E+00
  0.279602E+01  0.203338E-02  0.464116E+00  0.000000E+00  0.000000E+00  0.000000E+00  0.000000E+00
  0.233803E+01  0.349704E+00  0.388633E-04  0.000000E+00  0.000000E+00  0.000000E+00  0.000000E+00
  0.185812E+01 -0.612177E-02 -0.221257E+00  0.000000E+00  0.000000E+00  0.000000E+00  0.000000E+00
  0.203800E+01 -0.255572E+00 -0.895701E-02  0.000000E+00  0.000000E+00  0.000000E+00  0.000000E+00
  0.268619E+01 -0.345284E-02 -0.433657E+00  0.000000E+00  0.000000E+00  0.000000E+00  0.000000E+00
  0.168557E+01  0.647936E-02 -0.178212E+00  0.000000E+00  0.000000E+00  0.000000E+00  0.000000E+00
  0.246870E+01  0.333382E+00  0.122852E-01  0.000000E+00  0.000000E+00  0.000000E+00  0.000000E+00
  0.242852E+01  0.171549E-01  0.271047E+00  0.000000E+00  0.000000E+00  0.000000E+00  0.000000E+00
  0.224295E+01  0.135976E-01 -0.273254E+00  0.000000E+00  0.000000E+00  0.000000E+00  0.000000E+00
  0.246806E+01 -0.282509E+00  0.168607E-01  0.000000E+00  0.000000E+00  0.000000E+00  0.000000E+00
  0.167850E+01  0.181888E+00  0.239499E-02  0.000000E+00  0.000000E+00  0.000000E+00  0.000000E+00
  0.192566E+01 -0.675459E-02 -0.236179E+00  0.000000E+00  0.000000E+00  0.000000E+00  0.000000E+00
  0.218155E+01  0.150035E-03  0.310084E+00  0.000000E+00  0.000000E+00  0.000000E+00  0.000000E+00
  0.241836E+01 -0.125324E-01 -0.320190E+00  0.000000E+00  0.000000E+00  0.000000E+00  0.000000E+00
  0.262017E+01 -0.165843E-01  0.315132E+00  0.000000E+00  0.000000E+00  0.000000E+00  0.000000E+00
  0.260719E+01 -0.177415E-01  0.294395E+00  0.000000E+00  0.000000E+00  0.000000E+00  0.000000E+00
  0.258816E+01  0.168486E-01 -0.305141E+00  0.000000E+00  0.000000E+00  0.000000E+00  0.000000E+00
  0.206177E+01  0.834397E-02  0.263721E+00  0.000000E+00  0.000000E+00  0.000000E+00  0.000000E+00
  0.192551E+01 -0.196681E+00  0.149360E-01  0.000000E+00  0.000000E+00  0.000000E+00  0.000000E+00
  0.268668E+01 -0.310507E+00 -0.176313E-01  0.000000E+00  0.000000E+00  0.000000E+00  0.000000E+00
  0.236204E+01 -0.182693E-01 -0.242867E+00  0.000000E+00  0.000000E+00  0.000000E+00  0.000000E+00
  0.236546E+01  0.311089E+00  0.122265E-01  0.000000E+00  0.000000E+00  0.000000E+00  0.000000E+00
  0.258460E+01 -0.270357E+00  0.188691E-01  0.000000E+00  0.000000E+00  0.000000E+00  0.000000E+00
  0.267742E+01 -0.200028E-01 -0.261315E+00  0.000000E+00  0.000000E+00  0.000000E+00  0.000000E+00
  0.164090E+01 -0.142556E-03 -0.173207E+00  0.000000E+00  0.000000E+00  0.000000E+00  0.000000E+00
  0.256652E+01 -0.396539E+00  0.577305E-02  0.000000E+00  0.000000E+00  0.000000E+00  0.000000E+00
  0.211803E+01 -0.161851E-01 -0.224077E+00  0.000000E+00  0.000000E+00  0.000000E+00  0.000000E+00
  0.240310E+01  0.341841E+00  0.896243E-02  0.000000E+00  0.000000E+00  0.000000E+00  0.000000E+00
  0.224200E+01 -0.878277E-02  0.304652E+00  0.000000E+00  0.000000E+00  0.000000E+00  0.000000E+00
  0.283244E+01  0.172629E-01  0.343488E+00  0.000000E+00  0.000000E+00  0.000000E+00  0.000000E+00
  0.244283E+01 -0.281187E+00  0.166104E-01  0.000000E+00  0.000000E+00  0.000000E+00  0.000000E+00
  0.260045E+01  0.137077E-01  0.348013E+00  0.000000E+00  0.000000E+00  0.000000E+00  0.000000E+00
  0.237090E+01 -0.121537E-01 -0.312873E+00  0.000000E+00  0.000000E+00  0.000000E+00  0.000000E+00
  0.261069E+01  0.325730E+00 -0.157102E-01  0.000000E+00  0.000000E+00  0.000000E+00  0.000000E+00
  0.275008E+01  0.452252E+00  0.220920E-02  0.000000E+00  0.000000E+00  0.000000E+00  0.000000E+00
  0.272379E+01 -0.174151E-01  0.320970E+00  0.000000E+00  0.000000E+00  0.000000E+00  0.000000E+00
  0.192855E+01  0.197632E+00  0.148904E-01  0.000000E+00  0.000000E+00  0.000000E+00  0.000000E+00
  0.215137E+01  0.280652E+00 -0.931822E-02  0.000000E+00  0.000000E+00  0.000000E+00  0.000000E+00
  0.231088E+01  0.133530E-01 -0.289835E+00  0.000000E+00  0.000000E+00  0.000000E+00  0.000000E+00
  0.275621E+01 -0.453636E+00  0.230640E-02  0.000000E+00  0.000000E+00  0.000000E+00  0.000000E+00
  0.206576E+01 -0.230440E+00  0.142828E-01  0.000000E+00  0.000000E+00  0.000000E+00  0.000000E+00
  0.257187E+01  0.269981E+00 -0.187763E-01  0.000000E+00  0.000000E+00  0.000000E+00  0.000000E+00
  0.225346E+01  0.292610E+00  0.113352E-01  0.000000E+00  0.000000E+00  0.000000E+00  0.000000E+00
  0.255930E+01 -0.309348E+00  0.161760E-01  0.000000E+00  0.000000E+00  0.000000E+00  0.000000E+00
  0.193050E+01 -0.999425E-02  0.225972E+00  0.000000E+00  0.000000E+00  0.000000E+00  0.000000E+00
  0.255088E+01  0.992872E-02 -0.370400E+00  0.000000E+00  0.000000E+00  0.000000E+00  0.000000E+00
  0.175809E+01  0.201689E+00  0.270391E-02  0.000000E+00  0.000000E+00  0.000000E+00  0.000000E+00
  0.266294E+01 -0.412642E+00 -0.739388E-02  0.000000E+00  0.000000E+00  0.000000E+00  0.000000E+00
  0.253846E+01  0.259297E+00 -0.190513E-01  0.000000E+00  0.000000E+00  0.000000E+00  0.000000E+00
  0.262135E+01 -0.616900E-02 -0.408404E+00  0.000000E+00  0.000000E+00  0.000000E+00  0.000000E+00
  0.253864E+01 -0.164811E-01  0.301145E+00  0.000000E+00  0.000000E+00  0.000000E+00  0.000000E+00
  0.237762E+01  0.177579E-01 -0.253207E+00  0.000000E+00  0.000000E+00  0.000000E+00  0.000000E+00
  0.267606E+01  0.439966E-02  0.428493E+00  0.000000E+00  0.000000E+00  0.000000E+00  0.000000E+00
  0.240702E+01  0.359300E+00 -0.514908E-02  0.000000E+00  0.000000E+00  0.000000E+00  0.000000E+00
  0.215566E+01  0.173389E-01 -0.218667E+00  0.000000E+00  0.000000E+00  0.000000E+00  0.000000E+00
  0.243284E+01 -0.357179E+00  0.735299E-02  0.000000E+00  0.000000E+00  0.000000E+00  0.000000E+00
  0.240630E+01  0.256083E+00 -0.179075E-01  0.000000E+00  0.000000E+00  0.000000E+00  0.000000E+00
  0.269304E+01  0.345261E+00  0.154741E-01  0.000000E+00  0.000000E+00  0.000000E+00  0.000000E+00
  0.239687E+01 -0.302530E+00  0.139532E-01  0.000000E+00  0.000000E+00  0.000000E+00  0.000000E+00
  0.271264E+01  0.340767E+00  0.160547E-01  0.000000E+00  0.000000E+00  0.000000E+00  0.000000E+00
  0.225302E+01  0.277871E+00 -0.133022E-01  0.000000E+00  0.000000E+00  0.000000E+00  0.000000E+00
  0.174628E+01  0.186377E+00 -0.903513E-02  0.000000E+00  0.000000E+00  0.000000E+00  0.000000E+00
  0.266338E+01 -0.196885E-01 -0.266272E+00  0.000000E+00  0.000000E+00  0.000000E+00  0.000000E+00
  0.176825E+01  0.209320E-02  0.204730E+00  0.000000E+00  0.000000E+00  0.000000E+00  0.000000E+00
  0.190096E+01  0.207028E+00  0.124993E-01  0.000000E+00  0.000000E+00  0.000000E+00  0.000000E+00
  0.224552E+01  0.166290E-01 -0.243637E+00  0.000000E+00  0.000000E+00  0.000000E+00  0.000000E+00
  0.229358E+01 -0.262668E+00 -0.157658E-01  0.000000E+00  0.000000E+00  0.000000E+00  0.000000E+00
  0.171632E+01 -0.174031E+00  0.106362E-01  0.000000E+00  0.000000E+00  0.000000E+00  0.000000E+00
  0.223409E+01 -0.315851E+00  0.536681E-02  0.000000E+00  0.000000E+00  0.000000E+00  0.000000E+00
  0.216258E+01 -0.771077E-03 -0.305141E+00  0.000000E+00  0.000000E+00  0.000000E+00  0.000000E+00
  0.281910E+01  0.463363E+00 -0.462518E-02  0.000000E+00  0.000000E+00  0.000000E+00  0.000000E+00
  0.216691E+01 -0.267311E+00  0.122165E-01  0.000000E+00  0.000000E+00  0.000000E+00  0.000000E+00
  0.219180E+01 -0.153292E-01  0.247006E+00  0.000000E+00  0.000000E+00  0.000000E+00  0.000000E+00
  0.235542E+01  0.297431E-02 -0.351594E+00  0.000000E+00  0.000000E+00  0.000000E+00  0.000000E+00
  0.214195E+01 -0.292862E+00  0.544400E-02  0.000000E+00  0.000000E+00  0.000000E+00  0.000000E+00
  0.172461E+01 -0.179286E+00 -0.966517E-02  0.000000E+00  0.000000E+00  0.000000E+00  0.000000E+00
  0.219948E+01 -0.313965E+00 -0.162397E-02  0.000000E+00  0.000000E+00  0.000000E+00  0.000000E+00
  0.235621E+01  0.182611E-01  0.241984E+00  0.000000E+00  0.000000E+00  0.000000E+00  0.000000E+00
  0.280181E+01  0.406065E-02 -0.460922E+00  0.000000E+00  0.000000E+00  0.000000E+00  0.000000E+00
  0.200991E+01 -0.220120E+00 -0.141080E-01  0.000000E+00  0.000000E+00  0.000000E+00  0.000000E+00
  0.229654E+01  0.175154E-01 -0.242033E+00  0.000000E+00  0.000000E+00  0.000000E+00  0.000000E+00
  0.280872E+01 -0.201688E-01  0.277054E+00  0.000000E+00  0.000000E+00  0.000000E+00  0.000000E+00
  0.274327E+01  0.183600E-01 -0.306986E+00  0.000000E+00  0.000000E+00  0.000000E+00  0.000000E+00
  0.280946E+01 -0.511543E-02 -0.459136E+00  0.000000E+00  0.000000E+00  0.000000E+00  0.000000E+00
  0.168535E+01 -0.172588E+00  0.882479E-02  0.000000E+00  0.000000E+00  0.000000E+00  0.000000E+00
  0.253675E+01 -0.178642E-01  0.279839E+00  0.000000E+00  0.000000E+00  0.000000E+00  0.000000E+00
  0.207621E+01 -0.272481E+00  0.687803E-02  0.000000E+00  0.000000E+00  0.000000E+00  0.000000E+00
  0.277116E+01  0.271205E+00  0.201780E-01  0.000000E+00  0.000000E+00  0.000000E+00  0.000000E+00
  0.231238E+01  0.156107E-04  0.343213E+00  0.000000E+00  0.000000E+00  0.000000E+00  0.000000E+00
  0.233171E+01  0.250708E+00 -0.173439E-01  0.000000E+00  0.000000E+00  0.000000E+00  0.000000E+00
  0.176677E+01 -0.114884E-01 -0.182140E+00  0.000000E+00  0.000000E+00  0.000000E+00  0.000000E+00
  0.203258E+01  0.247490E-02 -0.271035E+00  0.000000E+00  0.000000E+00  0.000000E+00  0.000000E+00
  0.178493E+01  0.202035E+00 -0.668640E-02  0.000000E+00  0.000000E+00  0.000000E+00  0.000000E+00
  0.261146E+01 -0.164085E-01 -0.316070E+00  0.000000E+00  0.000000E+00  0.000000E+00  0.000000E+00
  0.203659E+01 -0.270306E+00 -0.374280E-02  0.000000E+00  0.000000E+00  0.000000E+00  0.000000E+00
  0.246382E+01 -0.673986E-02 -0.367425E+00  0.000000E+00  0.000000E+00  0.000000E+00  0.000000E+00
  0.230581E+01  0.257051E+00  0.164619E-01  0.000000E+00  0.000000E+00  0.000000E+00  0.000000E+00
  0.261325E+01  0.161714E-01  0.319829E+00  0.000000E+00  0.000000E+00  0.000000E+00  0.000000E+00
  0.214104E+01 -0.468771E-02 -0.294514E+00  0.000000E+00  0.000000E+00  0.000000E+00  0.000000E+00
  0.258621E+01 -0.113139E-01 -0.367877E+00  0.000000E+00  0.000000E+00  0.000000E+00  0.000000E+00
  0.171451E+01  0.876169E-02  0.179677E+00  0.000000E+00  0.000000E+00  0.000000E+00  0.000000E+00
  0.195602E+01  0.230911E+00  0.102142E-01  0.000000E+00  0.000000E+00  0.000000E+00  0.000000E+00
  0.205865E+01 -0.247084E+00 -0.116069E-01  0.000000E+00  0.000000E+00  0.000000E+00  0.000000E+00
  0.190321E+01 -0.125526E-01  0.207224E+00  0.000000E+00  0.000000E+00  0.000000E+00  0.000000E+00
  0.166925E+01  0.709520E-02 -0.172970E+00  0.000000E+00  0.000000E+00  0.000000E+00  0.000000E+00
  0.206070E+01  0.619753E-02 -0.270768E+00  0.000000E+00  0.000000E+00  0.000000E+00  0.000000E+00
  0.189046E+01 -0.611128E-02 -0.229219E+00  0.000000E+00  0.000000E+00  0.000000E+00  0.000000E+00
  0.182687E+01 -0.134474E-01  0.185708E+00  0.000000E+00  0.000000E+00  0.000000E+00  0.000000E+00
  0.161216E+01 -0.164470E+00  0.331238E-02  0.000000E+00  0.000000E+00  0.000000E+00  0.000000E+00
  0.204633E+01  0.809052E-02 -0.261009E+00  0.000000E+00  0.000000E+00  0.000000E+00  0.000000E+00
  0.197848E+01  0.249618E+00 -0.655795E-02  0.000000E+00  0.000000E+00  0.000000E+00  0.000000E+00
  0.272412E+01  0.122178E-01  0.390380E+00  0.000000E+00  0.000000E+00  0.000000E+00  0.000000E+00
  0.261020E+01  0.377922E+00  0.107516E-01  0.000000E+00  0.000000E+00  0.000000E+00  0.000000E+00
  0.269851E+01 -0.354891E+00  0.148388E-01  0.000000E+00  0.000000E+00  0.000000E+00  0.000000E+00
  0.206301E+01 -0.769975E-02 -0.266462E+00  0.000000E+00  0.000000E+00  0.000000E+00  0.000000E+00
  0.233740E+01  0.179172E-01 -0.243772E+00  0.000000E+00  0.000000E+00  0.000000E+00  0.000000E+00
  0.172468E+01  0.996084E-02 -0.178321E+00  0.000000E+00  0.000000E+00  0.000000E+00  0.000000E+00
  0.167241E+01 -0.181161E+00 -0.424458E-03  0.000000E+00  0.000000E+00  0.000000E+00  0.000000E+00
  0.240771E+01  0.119055E-01  0.323017E+00  0.000000E+00  0.000000E+00  0.000000E+00  0.000000E+00
  0.182788E+01  0.386709E-02  0.217894E+00  0.000000E+00  0.000000E+00  0.000000E+00  0.000000E+00
  0.190486E+01 -0.237260E+00 -0.379299E-02  0.000000E+00  0.000000E+00  0.000000E+00  0.000000E+00
  0.173747E+01  0.176463E+00  0.112630E-01  0.000000E+00  0.000000E+00  0.000000E+00  0.000000E+00
  0.183893E+01 -0.223294E+00 -0.532064E-03  0.000000E+00  0.000000E+00  0.000000E+00  0.000000E+00
  0.193885E+01 -0.205739E+00 -0.140386E-01  0.000000E+00  0.000000E+00  0.000000E+00  0.000000E+00
  0.242621E+01  0.162792E-01  0.282346E+00  0.000000E+00  0.000000E+00  0.000000E+00  0.000000E+00
  0.218058E+01 -0.294147E+00 -0.785624E-02  0.000000E+00  0.000000E+00  0.000000E+00  0.000000E+00
  0.275599E+01  0.591823E-03 -0.455396E+00  0.000000E+00  0.000000E+00  0.000000E+00  0.000000E+00
  0.273734E+01  0.267855E+00 -0.201084E-01  0.000000E+00  0.000000E+00  0.000000E+00  0.000000E+00
  0.247082E+01  0.347140E+00 -0.106032E-01  0.000000E+00  0.000000E+00  0.000000E+00  0.000000E+00
  0.233582E+01 -0.245046E+00  0.178083E-01  0.000000E+00  0.000000E+00  0.000000E+00  0.000000E+00
  0.207653E+01  0.227973E+00  0.148611E-01  0.000000E+00  0.000000E+00  0.000000E+00  0.000000E+00
  0.198378E+01  0.532290E-02  0.254055E+00  0.000000E+00  0.000000E+00  0.000000E+00  0.000000E+00
  0.251330E+01  0.285663E+00 -0.172218E-01  0.000000E+00  0.000000E+00  0.000000E+00  0.000000E+00
  0.175540E+01  0.110485E-01 -0.181379E+00  0.000000E+00  0.000000E+00  0.000000E+00  0.000000E+00
  0.190466E+01  0.209766E+00  0.121448E-01  0.000000E+00  0.000000E+00  0.000000E+00  0.000000E+00
  0.179753E+01 -0.197456E+00 -0.933831E-02  0.000000E+00  0.000000E+00  0.000000E+00  0.000000E+00
  0.253586E+01 -0.305006E+00 -0.161626E-01  0.000000E+00  0.000000E+00  0.000000E+00  0.000000E+00
  0.268181E+01 -0.185748E-01 -0.292314E+00  0.000000E+00  0.000000E+00  0.000000E+00  0.000000E+00
  0.189086E+01 -0.144335E-01 -0.193096E+00  0.000000E+00  0.000000E+00  0.000000E+00  0.000000E+00
  0.176755E+01 -0.495668E-02  0.201199E+00  0.000000E+00  0.000000E+00  0.000000E+00  0.000000E+00
  0.178188E+01  0.114001E-01 -0.185918E+00  0.000000E+00  0.000000E+00  0.000000E+00  0.000000E+00
  0.270485E+01  0.344172E+00  0.157173E-01  0.000000E+00  0.000000E+00  0.000000E+00  0.000000E+00
  0.273259E+01  0.269151E+00 -0.200253E-01  0.000000E+00  0.000000E+00  0.000000E+00  0.000000E+00
  0.226820E+01  0.264762E+00 -0.150859E-01  0.000000E+00  0.000000E+00  0.000000E+00  0.000000E+00
  0.186985E+01  0.230940E+00  0.112148E-02  0.000000E+00  0.000000E+00  0.000000E+00  0.000000E+00
  0.227092E+01  0.229715E+00  0.180851E-01  0.000000E+00  0.000000E+00  0.000000E+00  0.000000E+00
  0.238139E+01  0.323058E+00  0.111174E-01  0.000000E+00  0.000000E+00  0.000000E+00  0.000000E+00
  0.200557E+01 -0.265443E+00  0.651920E-03  0.000000E+00  0.000000E+00  0.000000E+00  0.000000E+00
  0.277741E+01 -0.135632E-01 -0.387213E+00  0.000000E+00  0.000000E+00  0.000000E+00  0.000000E+00
  0.200354E+01 -0.114734E-01 -0.235463E+00  0.000000E+00  0.000000E+00  0.000000E+00  0.000000E+00
  0.246401E+01  0.193099E-01 -0.242370E+00  0.000000E+00  0.000000E+00  0.000000E+00  0.000000E+00
  0.236694E+01  0.792893E-02  0.338592E+00  0.000000E+00  0.000000E+00  0.000000E+00  0.000000E+00
  0.191141E+01 -0.224639E+00 -0.922483E-02  0.000000E+00  0.000000E+00  0.000000E+00  0.000000E+00
  0.273109E+01  0.125137E-01  0.388894E+00  0.000000E+00  0.000000E+00  0.000000E+00  0.000000E+00
  0.207227E+01 -0.121120E-01  0.247062E+00  0.000000E+00  0.000000E+00  0.000000E+00  0.000000E+00
  0.240722E+01 -0.338027E+00 -0.976878E-02  0.000000E+00  0.000000E+00  0.000000E+00  0.000000E+00
  0.201420E+01 -0.271017E-02  0.266141E+00  0.000000E+00  0.000000E+00  0.000000E+00  0.000000E+00
  0.266342E+01 -0.191279E-01 -0.278217E+00  0.000000E+00  0.000000E+00  0.000000E+00  0.000000E+00
  0.254890E+01 -0.253322E+00 -0.194464E-01  0.000000E+00  0.000000E+00  0.000000E+00  0.000000E+00
  0.176139E+01 -0.183950E+00 -0.107421E-01  0.000000E+00  0.000000E+00  0.000000E+00  0.000000E+00
  0.205248E+01  0.253453E-02  0.275981E+00  0.000000E+00  0.000000E+00  0.000000E+00  0.000000E+00
  0.217297E+01  0.173397E-01  0.221813E+00  0.000000E+00  0.000000E+00  0.000000E+00  0.000000E+00
  0.260322E+01  0.301914E+00 -0.172376E-01  0.000000E+00  0.000000E+00  0.000000E+00  0.000000E+00
  0.203027E+01 -0.269042E+00 -0.354473E-02  0.000000E+00  0.000000E+00  0.000000E+00  0.000000E+00
  0.169125E+01 -0.183513E+00  0.403844E-02  0.000000E+00  0.000000E+00  0.000000E+00  0.000000E+00
  0.203235E+01  0.983526E-02  0.250357E+00  0.000000E+00  0.000000E+00  0.000000E+00  0.000000E+00
  0.169471E+01  0.186140E+00  0.214905E-02  0.000000E+00  0.000000E+00  0.000000E+00  0.000000E+00
  0.227199E+01 -0.180905E-01  0.229827E+00  0.000000E+00  0.000000E+00  0.000000E+00  0.000000E+00
  0.204653E+01  0.110875E-01 -0.247286E+00  0.000000E+00  0.000000E+00  0.000000E+00  0.000000E+00
  0.206727E+01 -0.256623E+00 -0.102134E-01  0.000000E+00  0.000000E+00  0.000000E+00  0.000000E+00
  0.205185E+01  0.261593E+00 -0.828265E-02  0.000000E+00  0.000000E+00  0.000000E+00  0.000000E+00
  0.274830E+01 -0.195905E-01  0.281780E+00  0.000000E+00  0.000000E+00  0.000000E+00  0.000000E+00
  0.268359E+01  0.111865E-01  0.390983E+00  0.000000E+00  0.000000E+00  0.000000E+00  0.000000E+00
  0.204733E+01 -0.270053E+00  0.520684E-02  0.000000E+00  0.000000E+00  0.000000E+00  0.000000E+00
  0.185267E+01  0.220541E+00 -0.584398E-02  0.000000E+00  0.000000E+00  0.000000E+00  0.000000E+00
  0.221916E+01  0.135628E-01  0.268488E+00  0.000000E+00  0.000000E+00  0.000000E+00  0.000000E+00
  0.203334E+01  0.890913E-03 -0.272392E+00  0.000000E+00  0.000000E+00  0.000000E+00  0.000000E+00
  0.204003E+01 -0.140842E-01  0.226594E+00  0.000000E+00  0.000000E+00  0.000000E+00  0.000000E+00
  0.273559E+01  0.420141E+00  0.900324E-02  0.000000E+00  0.000000E+00  0.000000E+00  0.000000E+00
  0.250107E+01  0.138983E-01 -0.324997E+00  0.000000E+00  0.000000E+00  0.000000E+00  0.000000E+00
  0.212975E+01 -0.172857E-01 -0.214546E+00  0.000000E+00  0.000000E+00  0.000000E+00  0.000000E+00
  0.213087E+01  0.155083E-01  0.233150E+00  0.000000E+00  0.000000E+00  0.000000E+00  0.000000E+00
  0.173103E+01  0.881983E-02  0.183424E+00  0.000000E+00  0.000000E+00  0.000000E+00  0.000000E+00
  0.273340E+01 -0.495203E-02  0.440891E+00  0.000000E+00  0.000000E+00  0.000000E+00  0.000000E+00
  0.273457E+01 -0.365123E+00  0.146191E-01  0.000000E+00  0.000000E+00  0.000000E+00  0.000000E+00
  0.267262E+01 -0.430405E+00  0.339006E-02  0.000000E+00  0.000000E+00  0.000000E+00  0.000000E+00
  0.226945E+01  0.308696E+00 -0.926137E-02  0.000000E+00  0.000000E+00  0.000000E+00  0.000000E+00
  0.251456E+01  0.300918E+00  0.161606E-01  0.000000E+00  0.000000E+00  0.000000E+00  0.000000E+00
  0.191064E+01 -0.241430E+00  0.607681E-03  0.000000E+00  0.000000E+00  0.000000E+00  0.000000E+00
  0.240263E+01 -0.906828E-02 -0.341131E+00  0.000000E+00  0.000000E+00  0.000000E+00  0.000000E+00
  0.247893E+01 -0.384768E+00 -0.140531E-02  0.000000E+00  0.000000E+00  0.000000E+00  0.000000E+00
  0.275393E+01  0.281081E+00  0.196593E-01  0.000000E+00  0.000000E+00  0.000000E+00  0.000000E+00
  0.189612E+01  0.227652E+00 -0.723372E-02  0.000000E+00  0.000000E+00  0.000000E+00  0.000000E+00
  0.204884E+01  0.140720E-01 -0.228530E+00  0.000000E+00  0.000000E+00  0.000000E+00  0.000000E+00
  0.227240E+01 -0.112924E-01  0.297173E+00  0.000000E+00  0.000000E+00  0.000000E+00  0.000000E+00
  0.232266E+01  0.275569E+00  0.151038E-01  0.000000E+00  0.000000E+00  0.000000E+00  0.000000E+00
  0.176467E+01  0.183953E+00 -0.109316E-01  0.000000E+00  0.000000E+00  0.000000E+00  0.000000E+00
  0.234672E+01 -0.345925E+00 -0.458944E-02  0.000000E+00  0.000000E+00  0.000000E+00  0.000000E+00
  0.248371E+01  0.246109E+00 -0.192795E-01  0.000000E+00  0.000000E+00  0.000000E+00  0.000000E+00
  0.229021E+01  0.176457E-01 -0.239150E+00  0.000000E+00  0.000000E+00  0.000000E+00  0.000000E+00
  0.264545E+01 -0.387009E+00 -0.106243E-01  0.000000E+00  0.000000E+00  0.000000E+00  0.000000E+00
  0.252967E+01  0.328296E+00  0.141503E-01  0.000000E+00  0.000000E+00  0.000000E+00  0.000000E+00
  0.218222E+01 -0.310168E+00  0.602381E-03  0.000000E+00  0.000000E+00  0.000000E+00  0.000000E+00
  0.235765E+01 -0.113843E-01  0.315766E+00  0.000000E+00  0.000000E+00  0.000000E+00  0.000000E+00
  0.272498E+01  0.325244E+00  0.171786E-01  0.000000E+00  0.000000E+00  0.000000E+00  0.000000E+00
  0.233393E+01 -0.146785E-01 -0.282242E+00  0.000000E+00  0.000000E+00  0.000000E+00  0.000000E+00
  0.215873E+01 -0.168930E-01 -0.224327E+00  0.000000E+00  0.000000E+00  0.000000E+00  0.000000E+00
  0.266248E+01 -0.412399E+00  0.741828E-02  0.000000E+00  0.000000E+00  0.000000E+00  0.000000E+00
  0.173471E+01  0.582447E-02 -0.191540E+00  0.000000E+00  0.000000E+00  0.000000E+00  0.000000E+00
  0.276599E+01  0.115884E-02 -0.457564E+00  0.000000E+00  0.000000E+00  0.000000E+00  0.000000E+00
  0.237494E+01  0.258394E+00  0.173581E-01  0.000000E+00  0.000000E+00  0.000000E+00  0.000000E+00
  0.215963E+01  0.147578E-01 -0.245816E+00  0.000000E+00  0.000000E+00  0.000000E+00  0.000000E+00
  0.266639E+01  0.167537E-02 -0.431867E+00  0.000000E+00  0.000000E+00  0.000000E+00  0.000000E+00
  0.256821E+01 -0.321382E+00 -0.154004E-01  0.000000E+00  0.000000E+00  0.000000E+00  0.000000E+00
  0.193804E+01  0.144643E-01  0.202633E+00  0.000000E+00  0.000000E+00  0.000000E+00  0.000000E+00
  0.228291E+01  0.431700E-02  0.330708E+00  0.000000E+00  0.000000E+00  0.000000E+00  0.000000E+00
  0.258604E+01 -0.328198E+00 -0.151443E-01  0.000000E+00  0.000000E+00  0.000000E+00  0.000000E+00
  0.269089E+01 -0.299694E+00 -0.182696E-01  0.000000E+00  0.000000E+00  0.000000E+00  0.000000E+00
  0.245711E+01  0.158985E-01  0.293150E+00  0.000000E+00  0.000000E+00  0.000000E+00  0.000000E+00
  0.192066E+01  0.195935E+00 -0.149032E-01  0.000000E+00  0.000000E+00  0.000000E+00  0.000000E+00
  0.207079E+01 -0.757971E-02  0.268770E+00  0.000000E+00  0.000000E+00  0.000000E+00  0.000000E+00
  0.178834E+01  0.203424E+00 -0.644378E-02  0.000000E+00  0.000000E+00  0.000000E+00  0.000000E+00
  0.242688E+01 -0.136190E-01  0.312123E+00  0.000000E+00  0.000000E+00  0.000000E+00  0.000000E+00
  0.222099E+01 -0.305903E+00 -0.735653E-02  0.000000E+00  0.000000E+00  0.000000E+00  0.000000E+00
  0.203975E+01  0.143124E-01  0.224809E+00  0.000000E+00  0.000000E+00  0.000000E+00  0.000000E+00
  0.228283E+01 -0.275820E+00 -0.142535E-01  0.000000E+00  0.000000E+00  0.000000E+00  0.000000E+00
  0.223301E+01  0.310856E+00  0.682125E-02  0.000000E+00  0.000000E+00  0.000000E+00  0.000000E+00
  0.238968E+01 -0.149193E-01 -0.291100E+00  0.000000E+00  0.000000E+00  0.000000E+00  0.000000E+00
  0.232797E+01 -0.136158E-01  0.291153E+00  0.000000E+00  0.000000E+00  0.000000E+00  0.000000E+00
  0.227440E+01  0.166046E-01 -0.249387E+00  0.000000E+00  0.000000E+00  0.000000E+00  0.000000E+00
  0.239787E+01  0.207540E-02 -0.363596E+00  0.000000E+00  0.000000E+00  0.000000E+00  0.000000E+00
  0.244312E+01 -0.346452E+00 -0.975972E-02  0.000000E+00  0.000000E+00  0.000000E+00  0.000000E+00
  0.258127E+01 -0.280538E+00  0.182816E-01  0.000000E+00  0.000000E+00  0.000000E+00  0.000000E+00
  0.218546E+01 -0.149434E-01  0.249390E+00  0.000000E+00  0.000000E+00  0.000000E+00  0.000000E+00
  0.242782E+01 -0.136340E-01  0.312180E+00  0.000000E+00  0.000000E+00  0.000000E+00  0.000000E+00
  0.226799E+01 -0.130374E-01  0.283257E+00  0.000000E+00  0.000000E+00  0.000000E+00  0.000000E+00
  0.283582E+01  0.346584E-03 -0.475690E+00  0.000000E+00  0.000000E+00  0.000000E+00  0.000000E+00
  0.194832E+01 -0.515979E-02  0.245636E+00  0.000000E+00  0.000000E+00  0.000000E+00  0.000000E+00
  0.283990E+01  0.195117E-01 -0.298074E+00  0.000000E+00  0.000000E+00  0.000000E+00  0.000000E+00
  0.192216E+01  0.136163E-01 -0.204984E+00  0.000000E+00  0.000000E+00  0.000000E+00  0.000000E+00
  0.195749E+01 -0.115517E-01  0.224694E+00  0.000000E+00  0.000000E+00  0.000000E+00  0.000000E+00
  0.210223E+01  0.289969E+00  0.407061E-03  0.000000E+00  0.000000E+00  0.000000E+00  0.000000E+00
  0.241739E+01 -0.368457E+00  0.212699E-02  0.000000E+00  0.000000E+00  0.000000E+00  0.000000E+00
  0.235397E+01 -0.385190E-02 -0.349517E+00  0.000000E+00  0.000000E+00  0.000000E+00  0.000000E+00
  0.278158E+01 -0.349845E+00  0.163285E-01  0.000000E+00  0.000000E+00  0.000000E+00  0.000000E+00
  0.240741E+01  0.267468E+00 -0.171326E-01  0.000000E+00  0.000000E+00  0.000000E+00  0.000000E+00
  0.213458E+01  0.269723E+00 -0.106611E-01  0.000000E+00  0.000000E+00  0.000000E+00  0.000000E+00
  0.205578E+01 -0.623552E-02  0.269454E+00  0.000000E+00  0.000000E+00  0.000000E+00  0.000000E+00
  0.270251E+01  0.364341E+00 -0.141527E-01  0.000000E+00  0.000000E+00  0.000000E+00  0.000000E+00
  0.220248E+01  0.308622E+00 -0.514995E-02  0.000000E+00  0.000000E+00  0.000000E+00  0.000000E+00
  0.215722E+01 -0.147089E-01  0.245756E+00  0.000000E+00  0.000000E+00  0.000000E+00  0.000000E+00
  0.267281E+01  0.985979E-02 -0.399247E+00  0.000000E+00  0.000000E+00  0.000000E+00  0.000000E+00
  0.221531E+01 -0.285794E+00 -0.110542E-01  0.000000E+00  0.000000E+00  0.000000E+00  0.000000E+00
  0.170273E+01 -0.717352E-02 -0.180920E+00  0.000000E+00  0.000000E+00  0.000000E+00  0.000000E+00
  0.232791E+01 -0.160655E-01 -0.265976E+00  0.000000E+00  0.000000E+00  0.000000E+00  0.000000E+00
  0.182831E+01 -0.212780E+00  0.662034E-02  0.000000E+00  0.000000E+00  0.000000E+00  0.000000E+00
  0.172116E+01  0.181765E+00 -0.858366E-02  0.000000E+00  0.000000E+00  0.000000E+00  0.000000E+00
  0.208818E+01 -0.208390E+00  0.171529E-01  0.000000E+00  0.000000E+00  0.000000E+00  0.000000E+00
  0.222271E+01  0.228480E+00 -0.175325E-01  0.000000E+00  0.000000E+00  0.000000E+00  0.000000E+00
  0.269124E+01 -0.137517E-01 -0.366727E+00  0.000000E+00  0.000000E+00  0.000000E+00  0.000000E+00
  0.214501E+01  0.271927E+00 -0.106937E-01  0.000000E+00  0.000000E+00  0.000000E+00  0.000000E+00
  0.248761E+01 -0.184156E-01  0.262118E+00  0.000000E+00  0.000000E+00  0.000000E+00  0.000000E+00
  0.258841E+01 -0.719814E-02 -0.395603E+00  0.000000E+00  0.000000E+00  0.000000E+00  0.000000E+00
  0.232116E+01  0.157007E-01 -0.268814E+00  0.000000E+00  0.000000E+00  0.000000E+00  0.000000E+00
  0.175686E+01 -0.783364E-02 -0.192365E+00  0.000000E+00  0.000000E+00  0.000000E+00  0.000000E+00
  0.267738E+01 -0.186520E-01  0.290061E+00  0.000000E+00  0.000000E+00  0.000000E+00  0.000000E+00
  0.281367E+01 -0.275289E+00 -0.202657E-01  0.000000E+00  0.000000E+00  0.000000E+00  0.000000E+00
  0.211973E+01 -0.102480E-01 -0.268562E+00  0.000000E+00  0.000000E+00  0.000000E+00  0.000000E+00
  0.165987E+01 -0.176384E+00 -0.337337E-02  0.000000E+00  0.000000E+00  0.000000E+00  0.000000E+00
  0.251992E+01 -0.352264E+00 -0.113939E-01  0.000000E+00  0.000000E+00  0.000000E+00  0.000000E+00
  0.277927E+01  0.165569E-02  0.460405E+00  0.000000E+00  0.000000E+00  0.000000E+00  0.000000E+00
  0.219216E+01  0.274608E+00 -0.119678E-01  0.000000E+00  0.000000E+00  0.000000E+00  0.000000E+00
  0.284082E+01 -0.162244E-01 -0.693785E-02  0.000000E+00  0.000000E+00  0.000000E+00  0.000000E+00
  0.284082E+01  0.160203E+00  0.630334E-01  0.000000E+00  0.000000E+00  0.000000E+00  0.000000E+00
  0.284082E+01  0.853509E-01  0.290113E-01  0.000000E+00  0.000000E+00  0.000000E+00  0.000000E+00
  0.284082E+01 -0.716706E-01  0.732119E-01  0.000000E+00  0.000000E+00  0.000000E+00  0.000000E+00
  0.284082E+01 -0.139437E+00  0.196645E+00  0.000000E+00  0.000000E+00  0.000000E+00  0.000000E+00
  0.284082E+01  0.404974E-01 -0.141502E+00  0.000000E+00  0.000000E+00  0.000000E+00  0.000000E+00
  0.284082E+01 -0.183512E+00 -0.143667E+00  0.000000E+00  0.000000E+00  0.000000E+00  0.000000E+00
  0.284082E+01 -0.994795E-01  0.991129E-02  0.000000E+00  0.000000E+00  0.000000E+00  0.000000E+00
  0.284082E+01  0.606385E-01 -0.808257E-01  0.000000E+00  0.000000E+00  0.000000E+00  0.000000E+00
  0.284082E+01  0.390380E-01  0.706980E-01  0.000000E+00  0.000000E+00  0.000000E+00  0.000000E+00
  0.284082E+01 -0.188290E+00  0.587372E-01  0.000000E+00  0.000000E+00  0.000000E+00  0.000000E+00
  0.284082E+01 -0.359499E-01 -0.819562E-02  0.000000E+00  0.000000E+00  0.000000E+00  0.000000E+00
  0.284082E+01  0.457405E-03 -0.105903E-01  0.000000E+00  0.000000E+00  0.000000E+00  0.000000E+00
  0.284082E+01 -0.123406E+00  0.181488E-01  0.000000E+00  0.000000E+00  0.000000E+00  0.000000E+00
  0.284082E+01  0.832169E-01  0.858764E-01  0.000000E+00  0.000000E+00  0.000000E+00  0.000000E+00
  0.284082E+01  0.533728E-01 -0.372480E-01  0.000000E+00  0.000000E+00  0.000000E+00  0.000000E+00
  0.284082E+01  0.211137E-01 -0.627049E-01  0.000000E+00  0.000000E+00  0.000000E+00  0.000000E+00
  0.284082E+01  0.645244E-01  0.216124E+00  0.000000E+00  0.000000E+00  0.000000E+00  0.000000E+00
  0.284082E+01 -0.804927E-01 -0.677590E-01  0.000000E+00  0.000000E+00  0.000000E+00  0.000000E+00
  0.284082E+01  0.319644E-01  0.804019E-01  0.000000E+00  0.000000E+00  0.000000E+00  0.000000E+00
  0.284082E+01  0.108158E+00 -0.441549E-02  0.000000E+00  0.000000E+00  0.000000E+00  0.000000E+00
  0.284082E+01 -0.918008E-02  0.235591E-01  0.000000E+00  0.000000E+00  0.000000E+00  0.000000E+00
  0.284082E+01 -0.350358E-01 -0.399161E-01  0.000000E+00  0.000000E+00  0.000000E+00  0.000000E+00
  0.284082E+01 -0.139815E+00 -0.100980E+00  0.000000E+00  0.000000E+00  0.000000E+00  0.000000E+00
  0.284082E+01  0.101837E+00 -0.638712E-01  0.000000E+00  0.000000E+00  0.000000E+00  0.000000E+00
  0.284082E+01 -0.146270E+00  0.849562E-02  0.000000E+00  0.000000E+00  0.000000E+00  0.000000E+00
  0.284082E+01  0.164370E+00 -0.124472E+00  0.000000E+00  0.000000E+00  0.000000E+00  0.000000E+00
  0.284082E+01 -0.631317E-01  0.313990E-01  0.000000E+00  0.000000E+00  0.000000E+00  0.000000E+00
  0.284082E+01 -0.364750E-01 -0.108280E+00  0.000000E+00  0.000000E+00  0.000000E+00  0.000000E+00
  0.284082E+01  0.674977E-01  0.743183E-02  0.000000E+00  0.000000E+00  0.000000E+00  0.000000E+00
  0.284082E+01 -0.864987E-01 -0.107357E+00  0.000000E+00  0.000000E+00  0.000000E+00  0.000000E+00
  0.284082E+01  0.140113E+00 -0.160737E-01  0.000000E+00  0.000000E+00  0.000000E+00  0.000000E+00
  0.284082E+01  0.665867E-01 -0.156026E+00  0.000000E+00  0.000000E+00  0.000000E+00  0.000000E+00
  0.284082E+01 -0.277076E-01 -0.178302E+00  0.000000E+00  0.000000E+00  0.000000E+00  0.000000E+00
  0.284082E+01  0.751386E-01  0.144113E+00  0.000000E+00  0.000000E+00  0.000000E+00  0.000000E+00
  0.284082E+01 -0.116813E-01  0.379342E-01  0.000000E+00  0.000000E+00  0.000000E+00  0.000000E+00
  0.284082E+01  0.141996E-01  0.550893E-01  0.000000E+00  0.000000E+00  0.000000E+00  0.000000E+00
  0.284082E+01  0.187952E-01 -0.142932E-01  0.000000E+00  0.000000E+00  0.000000E+00  0.000000E+00
  0.284082E+01  0.236548E-01  0.235195E-01  0.000000E+00  0.000000E+00  0.000000E+00  0.000000E+00
  0.284082E+01 -0.824461E-02  0.115624E-01  0.000000E+00  0.000000E+00  0.000000E+00  0.000000E+00
  0.284082E+01  0.107468E+00 -0.878930E-01  0.000000E+00  0.000000E+00  0.000000E+00  0.000000E+00
  0.284082E+01  0.160674E+00  0.138417E+00  0.000000E+00  0.000000E+00  0.000000E+00  0.000000E+00
  0.284082E+01  0.450138E-01  0.864184E-01  0.000000E+00  0.000000E+00  0.000000E+00  0.000000E+00
  0.284082E+01 -0.405143E-01 -0.663625E-02  0.000000E+00  0.000000E+00  0.000000E+00  0.000000E+00
  0.284082E+01 -0.188188E+00  0.106574E+00  0.000000E+00  0.000000E+00  0.000000E+00  0.000000E+00
  0.284082E+01  0.659927E-01 -0.121688E+00  0.000000E+00  0.000000E+00  0.000000E+00  0.000000E+00
  0.284082E+01  0.193321E+00 -0.728493E-01  0.000000E+00  0.000000E+00  0.000000E+00  0.000000E+00
  0.284082E+01 -0.233035E+00  0.851971E-01  0.000000E+00  0.000000E+00  0.000000E+00  0.000000E+00
  0.284082E+01 -0.798537E-02  0.179619E+00  0.000000E+00  0.000000E+00  0.000000E+00  0.000000E+00
  0.284082E+01 -0.134090E-01  0.150557E+00  0.000000E+00  0.000000E+00  0.000000E+00  0.000000E+00
  0.284082E+01 -0.145437E+00  0.227737E-02  0.000000E+00  0.000000E+00  0.000000E+00  0.000000E+00
  0.284082E+01 -0.746503E-01  0.496129E-01  0.000000E+00  0.000000E+00  0.000000E+00  0.000000E+00
  0.284082E+01  0.100855E-01  0.158905E+00  0.000000E+00  0.000000E+00  0.000000E+00  0.000000E+00
  0.284082E+01 -0.372419E-01 -0.222725E-01  0.000000E+00  0.000000E+00  0.000000E+00  0.000000E+00
  0.284082E+01 -0.175363E-01 -0.187182E+00  0.000000E+00  0.000000E+00  0.000000E+00  0.000000E+00
  0.284082E+01  0.103560E+00  0.139040E+00  0.000000E+00  0.000000E+00  0.000000E+00  0.000000E+00
  0.284082E+01  0.186881E+00 -0.330266E-02  0.000000E+00  0.000000E+00  0.000000E+00  0.000000E+00
  0.284082E+01 -0.802752E-01  0.952330E-01  0.000000E+00  0.000000E+00  0.000000E+00  0.000000E+00
  0.284082E+01 -0.832233E-01  0.305018E-01  0.000000E+00  0.000000E+00  0.000000E+00  0.000000E+00
  0.284082E+01  0.202379E+00  0.870049E-01  0.000000E+00  0.000000E+00  0.000000E+00  0.000000E+00
  0.284082E+01  0.108949E+00  0.151965E+00  0.000000E+00  0.000000E+00  0.000000E+00  0.000000E+00
  0.284082E+01  0.514757E-01 -0.604017E-02  0.000000E+00  0.000000E+00  0.000000E+00  0.000000E+00
  0.284082E+01  0.111977E+00  0.136480E+00  0.000000E+00  0.000000E+00  0.000000E+00  0.000000E+00
  0.284082E+01 -0.161052E-01  0.102395E+00  0.000000E+00  0.000000E+00  0.000000E+00  0.000000E+00
  0.284082E+01 -0.540321E-01 -0.177715E+00  0.000000E+00  0.000000E+00  0.000000E+00  0.000000E+00
  0.284082E+01  0.543645E-01 -0.153564E+00  0.000000E+00  0.000000E+00  0.000000E+00  0.000000E+00
  0.284082E+01  0.174023E-01 -0.611202E-01  0.000000E+00  0.000000E+00  0.000000E+00  0.000000E+00
  0.284082E+01  0.128172E+00 -0.131490E-01  0.000000E+00  0.000000E+00  0.000000E+00  0.000000E+00
  0.284082E+01 -0.775145E-02 -0.178138E-01  0.000000E+00  0.000000E+00  0.000000E+00  0.000000E+00
  0.284082E+01  0.199035E-01  0.133320E+00  0.000000E+00  0.000000E+00  0.000000E+00  0.000000E+00
  0.284082E+01  0.296564E-01 -0.138928E+00  0.000000E+00  0.000000E+00  0.000000E+00  0.000000E+00
  0.284082E+01 -0.119204E+00 -0.555144E-01  0.000000E+00  0.000000E+00  0.000000E+00  0.000000E+00
  0.284082E+01  0.717572E-01 -0.147932E+00  0.000000E+00  0.000000E+00  0.000000E+00  0.000000E+00
  0.284082E+01 -0.216960E-01  0.246558E+00  0.000000E+00  0.000000E+00  0.000000E+00  0.000000E+00
  0.284082E+01 -0.271324E-01 -0.241014E-01  0.000000E+00  0.000000E+00  0.000000E+00  0.000000E+00
  0.284082E+01  0.742722E-03  0.303732E-02  0.000000E+00  0.000000E+00  0.000000E+00  0.000000E+00
  0.284082E+01 -0.265077E-01  0.254229E-02  0.000000E+00  0.000000E+00  0.000000E+00  0.000000E+00
  0.284082E+01 -0.633518E-01 -0.352009E-01  0.000000E+00  0.000000E+00  0.000000E+00  0.000000E+00
  0.284082E+01  0.874758E-01  0.173213E+00  0.000000E+00  0.000000E+00  0.000000E+00  0.000000E+00
  0.284082E+01  0.121631E+00  0.330220E-01  0.000000E+00  0.000000E+00  0.000000E+00  0.000000E+00
  0.284082E+01  0.106693E+00  0.670263E-01  0.000000E+00  0.000000E+00  0.000000E+00  0.000000E+00
  0.284082E+01 -0.128861E-01 -0.232883E-01  0.000000E+00  0.000000E+00  0.000000E+00  0.000000E+00
  0.284082E+01 -0.782535E-01  0.101701E+00  0.000000E+00  0.000000E+00  0.000000E+00  0.000000E+00
  0.284082E+01  0.173738E+00 -0.140112E-01  0.000000E+00  0.000000E+00  0.000000E+00  0.000000E+00
  0.284082E+01  0.267974E-01  0.267420E-01  0.000000E+00  0.000000E+00  0.000000E+00  0.000000E+00
  0.284082E+01 -0.171515E+00 -0.120231E+00  0.000000E+00  0.000000E+00  0.000000E+00  0.000000E+00
  0.284082E+01 -0.486042E-01  0.109754E-01  0.000000E+00  0.000000E+00  0.000000E+00  0.000000E+00
  0.284082E+01 -0.663346E-02 -0.422158E-02  0.000000E+00  0.000000E+00  0.000000E+00  0.000000E+00
  0.284082E+01 -0.183525E+00 -0.365361E-01  0.000000E+00  0.000000E+00  0.000000E+00  0.000000E+00
  0.284082E+01 -0.125488E+00  0.415142E-01  0.000000E+00  0.000000E+00  0.000000E+00  0.000000E+00
  0.284082E+01  0.267226E-01 -0.419108E-01  0.000000E+00  0.000000E+00  0.000000E+00  0.000000E+00
  0.284082E+01  0.357973E-01  0.154392E+00  0.000000E+00  0.000000E+00  0.000000E+00  0.000000E+00
  0.284082E+01  0.524904E-01 -0.162322E+00  0.000000E+00  0.000000E+00  0.000000E+00  0.000000E+00
  0.284082E+01 -0.129570E+00 -0.828372E-01  0.000000E+00  0.000000E+00  0.000000E+00  0.000000E+00
  0.284082E+01  0.512058E-02 -0.599426E-02  0.000000E+00  0.000000E+00  0.000000E+00  0.000000E+00
  0.284082E+01 -0.621290E-02  0.536094E-03  0.000000E+00  0.000000E+00  0.000000E+00  0.000000E+00
  0.284082E+01 -0.799688E-01  0.997395E-01  0.000000E+00  0.000000E+00  0.000000E+00  0.000000E+00
  0.284082E+01 -0.524410E-01  0.119746E+00  0.000000E+00  0.000000E+00  0.000000E+00  0.000000E+00
  0.284082E+01  0.204364E+00 -0.363498E-02  0.000000E+00  0.000000E+00  0.000000E+00  0.000000E+00
  0.284082E+01  0.745123E-02  0.125068E+00  0.000000E+00  0.000000E+00  0.000000E+00  0.000000E+00
