  0.214510E+01 -0.771663E-03  0.300717E+00  0.000000E+00  0.000000E+00  0.000000E+00  0.000000E+00
  0.220333E+01  0.697400E-02  0.303076E+00  0.000000E+00  0.000000E+00  0.000000E+00  0.000000E+00
  0.190547E+01  0.526532E-03 -0.240140E+00  0.000000E+00  0.000000E+00  0.000000E+00  0.000000E+00
  0.229123E+01 -0.837993E-02 -0.318311E+00  0.000000E+00  0.000000E+00  0.000000E+00  0.000000E+00
  0.203614E+01  0.204199E+00 -0.166141E-01  0.000000E+00  0.000000E+00  0.000000E+00  0.000000E+00
  0.231500E+01 -0.141042E-01  0.283924E+00  0.000000E+00  0.000000E+00  0.000000E+00  0.000000E+00
  0.276637E+01 -0.192338E-01 -0.292680E+00  0.000000E+00  0.000000E+00  0.000000E+00  0.000000E+00
  0.276935E+01 -0.168022E-01 -0.339806E+00  0.000000E+00  0.000000E+00  0.000000E+00  0.000000E+00
  0.218149E+01  0.245416E+00 -0.152800E-01  0.000000E+00  0.000000E+00  0.000000E+00  0.000000E+00
  0.198372E+01 -0.259926E+00 -0.603961E-03  0.000000E+00  0.000000E+00  0.000000E+00  0.000000E+00
  0.262841E+01 -0.401969E+00  0.782296E-02  0.000000E+00  0.000000E+00  0.000000E+00  0.000000E+00
  0.231982E+01 -0.234576E+00 -0.183363E-01  0.000000E+00  0.000000E+00  0.000000E+00  0.000000E+00
  0.176874E+01 -0.194099E+00  0.823597E-02  0.000000E+00  0.000000E+00  0.000000E+00  0.000000E+00
  0.170372E+01  0.926746E-02  0.175640E+00  0.000000E+00  0.000000E+00  0.000000E+00  0.000000E+00
  0.275350E+01 -0.293730E+00 -0.190895E-01  0.000000E+00  0.000000E+00  0.000000E+00  0.000000E+00
  0.199873E+01  0.131721E-01  0.224215E+00  0.000000E+00  0.000000E+00  0.000000E+00  0.000000E+00
  0.270565E+01  0.354726E+00 -0.149621E-01  0.000000E+00  0.000000E+00  0.000000E+00  0.000000E+00
  0.199674E+01 -0.111885E-01 -0.235459E+00  0.000000E+00  0.000000E+00  0.000000E+00  0.000000E+00
  0.238172E+01  0.314874E-02  0.357894E+00  0.000000E+00  0.000000E+00  0.000000E+00  0.000000E+00
  0.197096E+01  0.201352E+00  0.155137E-01  0.000000E+00  0.000000E+00  0.000000E+00  0.000000E+00
  0.250538E+01 -0.899449E-02 -0.365820E+00  0.000000E+00  0.000000E+00  0.000000E+00  0.000000E+00
  0.236390E+01  0.327242E+00  0.988206E-02  0.000000E+00  0.000000E+00  0.000000E+00  0.000000E+00
  0.245612E+01 -0.176452E-01 -0.268913E+00  0.000000E+00  0.000000E+00  0.000000E+00  0.000000E+00
  0.272251E+01  0.316466E-02  0.443451E+00  0.000000E+00  0.000000E+00  0.000000E+00  0.000000E+00
  0.246500E+01 -0.381215E+00 -0.144289E-02  0.000000E+00  0.000000E+00  0.000000E+00  0.000000E+00
  0.210676E+01  0.237948E+00 -0.144066E-01  0.000000E+00  0.000000E+00  0.000000E+00  0.000000E+00
  0.201230E+01  0.200476E+00 -0.165310E-01  0.000000E+00  0.000000E+00  0.000000E+00  0.000000E+00
  0.250423E+01 -0.390637E+00  0.191209E-02  0.000000E+00  0.000000E+00  0.000000E+00  0.000000E+00
  0.167608E+01 -0.117935E-02  0.181913E+00  0.000000E+00  0.000000E+00  0.000000E+00  0.000000E+00
  0.261458E+01  0.268735E+00 -0.192038E-01  0.000000E+00  0.000000E+00  0.000000E+00  0.000000E+00
  0.278759E+01 -0.459821E+00  0.315367E-02  0.000000E+00  0.000000E+00  0.000000E+00  0.000000E+00
  0.182752E+01 -0.210275E+00  0.750943E-02  0.000000E+00  0.000000E+00  0.000000E+00  0.000000E+00
  0.225679E+01 -0.223319E+00  0.183651E-01  0.000000E+00  0.000000E+00  0.000000E+00  0.000000E+00
  0.254722E+01 -0.141608E-01  0.331842E+00  0.000000E+00  0.000000E+00  0.000000E+00  0.000000E+00
  0.226440E+01 -0.256457E+00 -0.158100E-01  0.000000E+00  0.000000E+00  0.000000E+00  0.000000E+00
  0.230225E+01 -0.279433E+00  0.142985E-01  0.000000E+00  0.000000E+00  0.000000E+00  0.000000E+00
  0.233098E+01 -0.597282E-02 -0.337845E+00  0.000000E+00  0.000000E+00  0.000000E+00  0.000000E+00
  0.214734E+01  0.407600E-02 -0.297394E+00  0.000000E+00  0.000000E+00  0.000000E+00  0.000000E+00
  0.205765E+01 -0.322543E-02 -0.276391E+00  0.000000E+00  0.000000E+00  0.000000E+00  0.000000E+00
  0.236582E+01 -0.343468E+00 -0.675588E-02  0.000000E+00  0.000000E+00  0.000000E+00  0.000000E+00
  0.184841E+01  0.121025E-01 -0.197530E+00  0.000000E+00  0.000000E+00  0.000000E+00  0.000000E+00
  0.211649E+01  0.929129E-02 -0.272585E+00  0.000000E+00  0.000000E+00  0.000000E+00  0.000000E+00
  0.198188E+01  0.135732E-01 -0.217953E+00  0.000000E+00  0.000000E+00  0.000000E+00  0.000000E+00
  0.259358E+01  0.393420E+00 -0.785475E-02  0.000000E+00  0.000000E+00  0.000000E+00  0.000000E+00
  0.183955E+01  0.205014E+00 -0.995599E-02  0.000000E+00  0.000000E+00  0.000000E+00  0.000000E+00
  0.275244E+01  0.186411E-01 -0.302937E+00  0.000000E+00  0.000000E+00  0.000000E+00  0.000000E+00
  0.274649E+01  0.166684E-02 -0.452111E+00  0.000000E+00  0.000000E+00  0.000000E+00  0.000000E+00
  0.209893E+01  0.286292E+00  0.351885E-02  0.000000E+00  0.000000E+00  0.000000E+00  0.000000E+00
  0.240126E+01  0.333169E+00 -0.103097E-01  0.000000E+00  0.000000E+00  0.000000E+00  0.000000E+00
  0.283594E+01  0.167135E-01  0.353816E+00  0.000000E+00  0.000000E+00  0.000000E+00  0.000000E+00
  0.193206E+01 -0.915394E-02 -0.229776E+00  0.000000E+00  0.000000E+00  0.000000E+00  0.000000E+00
  0.254330E+01 -0.191162E-01 -0.258859E+00  0.000000E+00  0.000000E+00  0.000000E+00  0.000000E+00
  0.216390E+01  0.291332E+00 -0.755454E-02  0.000000E+00  0.000000E+00  0.000000E+00  0.000000E+00
  0.203916E+01  0.271860E+00 -0.314659E-02  0.000000E+00  0.000000E+00  0.000000E+00  0.000000E+00
  0.212963E+01  0.461390E-03  0.296892E+00  0.000000E+00  0.000000E+00  0.000000E+00  0.000000E+00
  0.249043E+01 -0.325206E+00 -0.136597E-01  0.000000E+00  0.000000E+00  0.000000E+00  0.000000E+00
  0.183540E+01 -0.211646E+00 -0.769677E-02  0.000000E+00  0.000000E+00  0.000000E+00  0.000000E+00
  0.216362E+01  0.158734E-01 -0.236057E+00  0.000000E+00  0.000000E+00  0.000000E+00  0.000000E+00
  0.239848E+01 -0.697461E-02  0.350518E+00  0.000000E+00  0.000000E+00  0.000000E+00  0.000000E+00
  0.220547E+01 -0.314013E+00  0.289888E-02  0.000000E+00  0.000000E+00  0.000000E+00  0.000000E+00
  0.262855E+01  0.137520E-01 -0.353468E+00  0.000000E+00  0.000000E+00  0.000000E+00  0.000000E+00
  0.195308E+01  0.229258E+00 -0.104270E-01  0.000000E+00  0.000000E+00  0.000000E+00  0.000000E+00
  0.218875E+01  0.259848E+00 -0.138288E-01  0.000000E+00  0.000000E+00  0.000000E+00  0.000000E+00
  0.238884E+01 -0.319657E+00 -0.117979E-01  0.000000E+00  0.000000E+00  0.000000E+00  0.000000E+00
  0.252043E+01 -0.395637E+00 -0.884762E-03  0.000000E+00  0.000000E+00  0.000000E+00  0.000000E+00
  0.278535E+01 -0.452142E+00 -0.537224E-02  0.000000E+00  0.000000E+00  0.000000E+00  0.000000E+00
  0.263850E+01 -0.147267E-01  0.344064E+00  0.000000E+00  0.000000E+00  0.000000E+00  0.000000E+00
  0.218734E+01 -0.257608E+00 -0.140606E-01  0.000000E+00  0.000000E+00  0.000000E+00  0.000000E+00
  0.215040E+01 -0.700433E-02  0.290100E+00  0.000000E+00  0.000000E+00  0.000000E+00  0.000000E+00
  0.218185E+01 -0.300568E-02  0.307915E+00  0.000000E+00  0.000000E+00  0.000000E+00  0.000000E+00
  0.178526E+01 -0.209618E+00 -0.908692E-03  0.000000E+00  0.000000E+00  0.000000E+00  0.000000E+00
  0.177964E+01 -0.126826E-01 -0.179536E+00  0.000000E+00  0.000000E+00  0.000000E+00  0.000000E+00
  0.283839E+01 -0.149090E-01 -0.382403E+00  0.000000E+00  0.000000E+00  0.000000E+00  0.000000E+00
  0.241090E+01 -0.272682E+00  0.167967E-01  0.000000E+00  0.000000E+00  0.000000E+00  0.000000E+00
  0.244778E+01  0.118215E-01 -0.332623E+00  0.000000E+00  0.000000E+00  0.000000E+00  0.000000E+00
  0.229411E+01 -0.149509E-01  0.271366E+00  0.000000E+00  0.000000E+00  0.000000E+00  0.000000E+00
  0.173864E+01 -0.183898E+00  0.925240E-02  0.000000E+00  0.000000E+00  0.000000E+00  0.000000E+00
  0.271936E+01  0.442943E+00  0.303796E-02  0.000000E+00  0.000000E+00  0.000000E+00  0.000000E+00
  0.171520E+01  0.129623E-02  0.191762E+00  0.000000E+00  0.000000E+00  0.000000E+00  0.000000E+00
  0.186307E+01 -0.760895E-02 -0.218570E+00  0.000000E+00  0.000000E+00  0.000000E+00  0.000000E+00
  0.261672E+01 -0.106251E-01 -0.380419E+00  0.000000E+00  0.000000E+00  0.000000E+00  0.000000E+00
  0.169791E+01  0.179117E+00  0.744983E-02  0.000000E+00  0.000000E+00  0.000000E+00  0.000000E+00
  0.221721E+01 -0.237955E+00 -0.166579E-01  0.000000E+00  0.000000E+00  0.000000E+00  0.000000E+00
  0.221048E+01 -0.284916E+00  0.110194E-01  0.000000E+00  0.000000E+00  0.000000E+00  0.000000E+00
  0.212009E+01  0.743221E-02  0.281213E+00  0.000000E+00  0.000000E+00  0.000000E+00  0.000000E+00
  0.170644E+01  0.173876E+00 -0.100239E-01  0.000000E+00  0.000000E+00  0.000000E+00  0.000000E+00
  0.236803E+01  0.106880E-01  0.323003E+00  0.000000E+00  0.000000E+00  0.000000E+00  0.000000E+00
  0.171625E+01  0.173711E+00  0.107200E-01  0.000000E+00  0.000000E+00  0.000000E+00  0.000000E+00
  0.257812E+01 -0.790019E-02 -0.389456E+00  0.000000E+00  0.000000E+00  0.000000E+00  0.000000E+00
  0.191160E+01  0.215705E+00  0.112867E-01  0.000000E+00  0.000000E+00  0.000000E+00  0.000000E+00
  0.171205E+01  0.175243E+00 -0.100047E-01  0.000000E+00  0.000000E+00  0.000000E+00  0.000000E+00
  0.196186E+01 -0.251311E+00 -0.392591E-02  0.000000E+00  0.000000E+00  0.000000E+00  0.000000E+00
  0.208050E+01  0.249209E+00 -0.120606E-01  0.000000E+00  0.000000E+00  0.000000E+00  0.000000E+00
  0.171271E+01  0.653929E-02 -0.184725E+00  0.000000E+00  0.000000E+00  0.000000E+00  0.000000E+00
  0.231330E+01 -0.333003E+00 -0.611806E-02  0.000000E+00  0.000000E+00  0.000000E+00  0.000000E+00
  0.211697E+01 -0.277680E+00  0.815257E-02  0.000000E+00  0.000000E+00  0.000000E+00  0.000000E+00
  0.254609E+01  0.176645E-01 -0.284739E+00  0.000000E+00  0.000000E+00  0.000000E+00  0.000000E+00
  0.252227E+01  0.367068E+00  0.943081E-02  0.000000E+00  0.000000E+00  0.000000E+00  0.000000E+00
  0.212459E+01 -0.142563E-01  0.242883E+00  0.000000E+00  0.000000E+00  0.000000E+00  0.000000E+00
  0.227054E+01  0.120929E-01 -0.291116E+00  0.000000E+00  0.000000E+00  0.000000E+00  0.000000E+00
  0.228563E+01  0.938298E-02 -0.311844E+00  0.000000E+00  0.000000E+00  0.000000E+00  0.000000E+00
  0.210653E+01  0.146469E-01  0.235903E+00  0.000000E+00  0.000000E+00  0.000000E+00  0.000000E+00
  0.177137E+01 -0.199992E+00  0.610727E-02  0.000000E+00  0.000000E+00  0.000000E+00  0.000000E+00
  0.277587E+01 -0.447563E+00  0.589648E-02  0.000000E+00  0.000000E+00  0.000000E+00  0.000000E+00
  0.208519E+01 -0.447911E-02  0.281071E+00  0.000000E+00  0.000000E+00  0.000000E+00  0.000000E+00
  0.253006E+01 -0.385762E+00  0.622920E-02  0.000000E+00  0.000000E+00  0.000000E+00  0.000000E+00
  0.173941E+01 -0.348243E-02 -0.196217E+00  0.000000E+00  0.000000E+00  0.000000E+00  0.000000E+00
  0.230466E+01  0.329431E+00 -0.652435E-02  0.000000E+00  0.000000E+00  0.000000E+00  0.000000E+00
  0.229793E+01 -0.232334E+00  0.182316E-01  0.000000E+00  0.000000E+00  0.000000E+00  0.000000E+00
  0.162900E+01  0.280859E-02  0.169118E+00  0.000000E+00  0.000000E+00  0.000000E+00  0.000000E+00
  0.280145E+01  0.173885E-01  0.335559E+00  0.000000E+00  0.000000E+00  0.000000E+00  0.000000E+00
  0.200777E+01  0.245376E+00  0.967114E-02  0.000000E+00  0.000000E+00  0.000000E+00  0.000000E+00
  0.242939E+01 -0.358648E+00  0.683098E-02  0.000000E+00  0.000000E+00  0.000000E+00  0.000000E+00
  0.262878E+01  0.365883E+00  0.125734E-01  0.000000E+00  0.000000E+00  0.000000E+00  0.000000E+00
  0.245386E+01  0.264958E+00 -0.178770E-01  0.000000E+00  0.000000E+00  0.000000E+00  0.000000E+00
  0.226872E+01 -0.283346E+00 -0.130459E-01  0.000000E+00  0.000000E+00  0.000000E+00  0.000000E+00
  0.169194E+01  0.180677E+00  0.600825E-02  0.000000E+00  0.000000E+00  0.000000E+00  0.000000E+00
  0.172706E+01 -0.129389E-02 -0.194761E+00  0.000000E+00  0.000000E+00  0.000000E+00  0.000000E+00
  0.251199E+01  0.931087E-02  0.365421E+00  0.000000E+00  0.000000E+00  0.000000E+00  0.000000E+00
  0.271389E+01 -0.132323E-01  0.377442E+00  0.000000E+00  0.000000E+00  0.000000E+00  0.000000E+00
  0.223015E+01 -0.109998E-01 -0.289511E+00  0.000000E+00  0.000000E+00  0.000000E+00  0.000000E+00
  0.188591E+01  0.234791E+00  0.154241E-02  0.000000E+00  0.000000E+00  0.000000E+00  0.000000E+00
  0.218850E+01  0.279785E+00 -0.110415E-01  0.000000E+00  0.000000E+00  0.000000E+00  0.000000E+00
  0.240004E+01 -0.279390E+00 -0.161126E-01  0.000000E+00  0.000000E+00  0.000000E+00  0.000000E+00
  0.203002E+01 -0.113694E-02 -0.271444E+00  0.000000E+00  0.000000E+00  0.000000E+00  0.000000E+00
  0.216295E+01 -0.131328E-01 -0.259852E+00  0.000000E+00  0.000000E+00  0.000000E+00  0.000000E+00
  0.166065E+01 -0.286570E-02  0.177035E+00  0.000000E+00  0.000000E+00  0.000000E+00  0.000000E+00
  0.264933E+01  0.322545E+00  0.164593E-01  0.000000E+00  0.000000E+00  0.000000E+00  0.000000E+00
  0.254686E+01 -0.282935E+00 -0.177845E-01  0.000000E+00  0.000000E+00  0.000000E+00  0.000000E+00
  0.168893E+01  0.175941E+00 -0.787162E-02  0.000000E+00  0.000000E+00  0.000000E+00  0.000000E+00
  0.277797E+01 -0.435306E+00  0.824274E-02  0.000000E+00  0.000000E+00  0.000000E+00  0.000000E+00
  0.173866E+01  0.191516E+00  0.632677E-02  0.000000E+00  0.000000E+00  0.000000E+00  0.000000E+00
  0.214886E+01  0.917501E-02 -0.280753E+00  0.000000E+00  0.000000E+00  0.000000E+00  0.000000E+00
  0.263356E+01 -0.304733E+00 -0.174058E-01  0.000000E+00  0.000000E+00  0.000000E+00  0.000000E+00
  0.193195E+01  0.995338E-02  0.226483E+00  0.000000E+00  0.000000E+00  0.000000E+00  0.000000E+00
  0.225552E+01 -0.303719E+00 -0.957939E-02  0.000000E+00  0.000000E+00  0.000000E+00  0.000000E+00
  0.252215E+01  0.335712E+00 -0.132870E-01  0.000000E+00  0.000000E+00  0.000000E+00  0.000000E+00
  0.254032E+01  0.399490E+00 -0.210979E-02  0.000000E+00  0.000000E+00  0.000000E+00  0.000000E+00
  0.203058E+01 -0.167337E-01 -0.201983E+00  0.000000E+00  0.000000E+00  0.000000E+00  0.000000E+00
  0.233599E+01 -0.283845E+00 -0.145613E-01  0.000000E+00  0.000000E+00  0.000000E+00  0.000000E+00
  0.189585E+01  0.940862E-03  0.237587E+00  0.000000E+00  0.000000E+00  0.000000E+00  0.000000E+00
  0.176947E+01 -0.810030E-02  0.194660E+00  0.000000E+00  0.000000E+00  0.000000E+00  0.000000E+00
  0.193887E+01 -0.754144E-03 -0.248535E+00  0.000000E+00  0.000000E+00  0.000000E+00  0.000000E+00
  0.172355E+01  0.108945E-01 -0.174730E+00  0.000000E+00  0.000000E+00  0.000000E+00  0.000000E+00
  0.178321E+01  0.186510E+00 -0.113313E-01  0.000000E+00  0.000000E+00  0.000000E+00  0.000000E+00
  0.204523E+01 -0.236371E+00  0.128521E-01  0.000000E+00  0.000000E+00  0.000000E+00  0.000000E+00
  0.205336E+01 -0.270666E+00  0.556600E-02  0.000000E+00  0.000000E+00  0.000000E+00  0.000000E+00
  0.245753E+01  0.357477E-02  0.376055E+00  0.000000E+00  0.000000E+00  0.000000E+00  0.000000E+00
  0.206051E+01  0.198025E-02  0.278566E+00  0.000000E+00  0.000000E+00  0.000000E+00  0.000000E+00
  0.281723E+01 -0.142180E-01 -0.387437E+00  0.000000E+00  0.000000E+00  0.000000E+00  0.000000E+00
  0.209372E+01 -0.247342E+00 -0.127880E-01  0.000000E+00  0.000000E+00  0.000000E+00  0.000000E+00
  0.261666E+01  0.110358E-01 -0.377086E+00  0.000000E+00  0.000000E+00  0.000000E+00  0.000000E+00
  0.271216E+01  0.346230E+00 -0.156741E-01  0.000000E+00  0.000000E+00  0.000000E+00  0.000000E+00
  0.246946E+01  0.166452E-01  0.285751E+00  0.000000E+00  0.000000E+00  0.000000E+00  0.000000E+00
  0.232865E+01 -0.193827E-02 -0.346285E+00  0.000000E+00  0.000000E+00  0.000000E+00  0.000000E+00
  0.194978E+01 -0.250489E+00  0.213861E-02  0.000000E+00  0.000000E+00  0.000000E+00  0.000000E+00
  0.220912E+01  0.229638E+00  0.172384E-01  0.000000E+00  0.000000E+00  0.000000E+00  0.000000E+00
  0.197610E+01 -0.225353E+00 -0.121835E-01  0.000000E+00  0.000000E+00  0.000000E+00  0.000000E+00
  0.223497E+01 -0.890676E-02  0.302379E+00  0.000000E+00  0.000000E+00  0.000000E+00  0.000000E+00
  0.262770E+01 -0.276381E-03 -0.423018E+00  0.000000E+00  0.000000E+00  0.000000E+00  0.000000E+00
  0.212081E+01  0.292629E+00 -0.296717E-02  0.000000E+00  0.000000E+00  0.000000E+00  0.000000E+00
  0.242113E+01  0.130700E-01 -0.316044E+00  0.000000E+00  0.000000E+00  0.000000E+00  0.000000E+00
  0.235250E+01  0.188899E-01 -0.231470E+00  0.000000E+00  0.000000E+00  0.000000E+00  0.000000E+00
  0.161150E+01 -0.165288E+00  0.189270E-02  0.000000E+00  0.000000E+00  0.000000E+00  0.000000E+00
  0.253906E+01  0.765618E-02 -0.381355E+00  0.000000E+00  0.000000E+00  0.000000E+00  0.000000E+00
  0.178554E+01  0.193397E+00 -0.969771E-02  0.000000E+00  0.000000E+00  0.000000E+00  0.000000E+00
  0.164722E+01  0.174794E+00  0.307245E-03  0.000000E+00  0.000000E+00  0.000000E+00  0.000000E+00
  0.258817E+01 -0.808754E-02  0.390827E+00  0.000000E+00  0.000000E+00  0.000000E+00  0.000000E+00
  0.230573E+01  0.254433E+00  0.166771E-01  0.000000E+00  0.000000E+00  0.000000E+00  0.000000E+00
  0.169036E+01  0.229755E-02 -0.184944E+00  0.000000E+00  0.000000E+00  0.000000E+00  0.000000E+00
  0.245341E+01 -0.304483E+00 -0.148806E-01  0.000000E+00  0.000000E+00  0.000000E+00  0.000000E+00
  0.210294E+01  0.119981E-01  0.254583E+00  0.000000E+00  0.000000E+00  0.000000E+00  0.000000E+00
  0.185788E+01 -0.105479E-01  0.206842E+00  0.000000E+00  0.000000E+00  0.000000E+00  0.000000E+00
  0.230843E+01  0.710693E-02  0.328094E+00  0.000000E+00  0.000000E+00  0.000000E+00  0.000000E+00
  0.199708E+01  0.242900E+00  0.966651E-02  0.000000E+00  0.000000E+00  0.000000E+00  0.000000E+00
  0.260054E+01 -0.377905E+00  0.104709E-01  0.000000E+00  0.000000E+00  0.000000E+00  0.000000E+00
  0.189257E+01 -0.191578E+00 -0.147090E-01  0.000000E+00  0.000000E+00  0.000000E+00  0.000000E+00
  0.260679E+01  0.350130E+00 -0.136366E-01  0.000000E+00  0.000000E+00  0.000000E+00  0.000000E+00
  0.235766E+01  0.648369E-03  0.354557E+00  0.000000E+00  0.000000E+00  0.000000E+00  0.000000E+00
  0.277402E+01  0.437166E+00  0.779282E-02  0.000000E+00  0.000000E+00  0.000000E+00  0.000000E+00
  0.191224E+01 -0.238440E+00 -0.421581E-02  0.000000E+00  0.000000E+00  0.000000E+00  0.000000E+00
  0.277133E+01  0.806124E-02  0.434870E+00  0.000000E+00  0.000000E+00  0.000000E+00  0.000000E+00
  0.218443E+01 -0.142720E-01 -0.255191E+00  0.000000E+00  0.000000E+00  0.000000E+00  0.000000E+00
  0.221044E+01  0.386066E-02 -0.313596E+00  0.000000E+00  0.000000E+00  0.000000E+00  0.000000E+00
  0.210224E+01  0.259830E+00 -0.111043E-01  0.000000E+00  0.000000E+00  0.000000E+00  0.000000E+00
  0.230374E+01 -0.703630E-02  0.327238E+00  0.000000E+00  0.000000E+00  0.000000E+00  0.000000E+00
  0.237536E+01  0.689119E-02  0.345242E+00  0.000000E+00  0.000000E+00  0.000000E+00  0.000000E+00
  0.279773E+01 -0.280083E+00  0.199828E-01  0.000000E+00  0.000000E+00  0.000000E+00  0.000000E+00
  0.226410E+01  0.150903E-01  0.263890E+00  0.000000E+00  0.000000E+00  0.000000E+00  0.000000E+00
  0.182693E+01 -0.211951E+00 -0.682026E-02  0.000000E+00  0.000000E+00  0.000000E+00  0.000000E+00
  0.233646E+01 -0.331634E+00  0.785177E-02  0.000000E+00  0.000000E+00  0.000000E+00  0.000000E+00
  0.205643E+01  0.235993E+00 -0.132641E-01  0.000000E+00  0.000000E+00  0.000000E+00  0.000000E+00
  0.183774E+01 -0.196584E+00  0.118107E-01  0.000000E+00  0.000000E+00  0.000000E+00  0.000000E+00
  0.243076E+01 -0.373112E+00  0.489883E-03  0.000000E+00  0.000000E+00  0.000000E+00  0.000000E+00
  0.253343E+01  0.310073E+00  0.157442E-01  0.000000E+00  0.000000E+00  0.000000E+00  0.000000E+00
  0.260548E+01 -0.408869E+00  0.503371E-02  0.000000E+00  0.000000E+00  0.000000E+00  0.000000E+00
  0.188191E+01  0.221284E+00  0.819572E-02  0.000000E+00  0.000000E+00  0.000000E+00  0.000000E+00
  0.248187E+01 -0.939032E-02  0.357849E+00  0.000000E+00  0.000000E+00  0.000000E+00  0.000000E+00
  0.267546E+01  0.280993E+00 -0.190885E-01  0.000000E+00  0.000000E+00  0.000000E+00  0.000000E+00
  0.224488E+01  0.320322E+00  0.469370E-02  0.000000E+00  0.000000E+00  0.000000E+00  0.000000E+00
  0.211030E+01 -0.262668E+00 -0.109284E-01  0.000000E+00  0.000000E+00  0.000000E+00  0.000000E+00
  0.202389E+01 -0.234506E+00  0.124146E-01  0.000000E+00  0.000000E+00  0.000000E+00  0.000000E+00
  0.212288E+01  0.139523E-01  0.244980E+00  0.000000E+00  0.000000E+00  0.000000E+00  0.000000E+00
  0.168336E+01 -0.181362E+00 -0.418543E-02  0.000000E+00  0.000000E+00  0.000000E+00  0.000000E+00
  0.198876E+01  0.915720E-02  0.243121E+00  0.000000E+00  0.000000E+00  0.000000E+00  0.000000E+00
  0.266548E+01  0.198560E-01  0.262854E+00  0.000000E+00  0.000000E+00  0.000000E+00  0.000000E+00
  0.191124E+01  0.972698E-02 -0.222612E+00  0.000000E+00  0.000000E+00  0.000000E+00  0.000000E+00
  0.183505E+01  0.115653E-01  0.197137E+00  0.000000E+00  0.000000E+00  0.000000E+00  0.000000E+00
  0.277164E+01 -0.352518E+00 -0.160351E-01  0.000000E+00  0.000000E+00  0.000000E+00  0.000000E+00
  0.174718E+01 -0.188184E+00 -0.850327E-02  0.000000E+00  0.000000E+00  0.000000E+00  0.000000E+00
  0.209463E+01  0.402015E-03  0.288044E+00  0.000000E+00  0.000000E+00  0.000000E+00  0.000000E+00
  0.266738E+01 -0.193014E-01 -0.275252E+00  0.000000E+00  0.000000E+00  0.000000E+00  0.000000E+00
  0.244234E+01  0.349673E+00 -0.920796E-02  0.000000E+00  0.000000E+00  0.000000E+00  0.000000E+00
  0.243778E+01 -0.185907E-01 -0.250697E+00  0.000000E+00  0.000000E+00  0.000000E+00  0.000000E+00
  0.203921E+01 -0.213123E+00 -0.157167E-01  0.000000E+00  0.000000E+00  0.000000E+00  0.000000E+00
  0.266763E+01 -0.397920E+00  0.987615E-02  0.000000E+00  0.000000E+00  0.000000E+00  0.000000E+00
  0.215190E+01 -0.201710E-02 -0.301595E+00  0.000000E+00  0.000000E+00  0.000000E+00  0.000000E+00
  0.275718E+01 -0.432931E+00  0.782343E-02  0.000000E+00  0.000000E+00  0.000000E+00  0.000000E+00
  0.261817E+01  0.315683E-02 -0.417263E+00  0.000000E+00  0.000000E+00  0.000000E+00  0.000000E+00
  0.192381E+01 -0.128284E-01 -0.210144E+00  0.000000E+00  0.000000E+00  0.000000E+00  0.000000E+00
  0.199404E+01 -0.128955E-01  0.224982E+00  0.000000E+00  0.000000E+00  0.000000E+00  0.000000E+00
  0.173730E+01 -0.347315E-02 -0.195697E+00  0.000000E+00  0.000000E+00  0.000000E+00  0.000000E+00
  0.192755E+01 -0.195139E+00  0.151995E-01  0.000000E+00  0.000000E+00  0.000000E+00  0.000000E+00
  0.200686E+01 -0.219424E-02  0.264836E+00  0.000000E+00  0.000000E+00  0.000000E+00  0.000000E+00
  0.217654E+01 -0.306193E+00 -0.325392E-02  0.000000E+00  0.000000E+00  0.000000E+00  0.000000E+00
  0.222719E+01 -0.123503E-01  0.279656E+00  0.000000E+00  0.000000E+00  0.000000E+00  0.000000E+00
  0.275644E+01 -0.299162E+00  0.188565E-01  0.000000E+00  0.000000E+00  0.000000E+00  0.000000E+00
  0.164314E+01 -0.374123E-02 -0.171818E+00  0.000000E+00  0.000000E+00  0.000000E+00  0.000000E+00
  0.228054E+01 -0.331348E+00 -0.375508E-02  0.000000E+00  0.000000E+00  0.000000E+00  0.000000E+00
  0.259607E+01  0.239517E-02  0.413127E+00  0.000000E+00  0.000000E+00  0.000000E+00  0.000000E+00
  0.173198E+01  0.176948E+00  0.108162E-01  0.000000E+00  0.000000E+00  0.000000E+00  0.000000E+00
  0.255157E+01 -0.139202E-01  0.335388E+00  0.000000E+00  0.000000E+00  0.000000E+00  0.000000E+00
  0.167675E+01 -0.181044E+00 -0.291203E-02  0.000000E+00  0.000000E+00  0.000000E+00  0.000000E+00
  0.264229E+01  0.168616E-01 -0.315063E+00  0.000000E+00  0.000000E+00  0.000000E+00  0.000000E+00
  0.229532E+01 -0.338892E+00  0.200617E-04  0.000000E+00  0.000000E+00  0.000000E+00  0.000000E+00
  0.173332E+01 -0.182639E+00 -0.925459E-02  0.000000E+00  0.000000E+00  0.000000E+00  0.000000E+00
  0.227970E+01 -0.101802E-01 -0.305911E+00  0.000000E+00  0.000000E+00  0.000000E+00  0.000000E+00
  0.184602E+01  0.688924E-02 -0.216424E+00  0.000000E+00  0.000000E+00  0.000000E+00  0.000000E+00
  0.251060E+01  0.151110E-01  0.313400E+00  0.000000E+00  0.000000E+00  0.000000E+00  0.000000E+00
  0.195636E+01  0.252143E+00 -0.214574E-02  0.000000E+00  0.000000E+00  0.000000E+00  0.000000E+00
  0.232943E+01  0.171836E-01  0.252421E+00  0.000000E+00  0.000000E+00  0.000000E+00  0.000000E+00
  0.208250E+01  0.232392E+00 -0.144734E-01  0.000000E+00  0.000000E+00  0.000000E+00  0.000000E+00
  0.200419E+01 -0.150729E-02 -0.264702E+00  0.000000E+00  0.000000E+00  0.000000E+00  0.000000E+00
  0.226252E+01 -0.227800E+00  0.181173E-01  0.000000E+00  0.000000E+00  0.000000E+00  0.000000E+00
  0.237523E+01  0.139490E-01  0.298024E+00  0.000000E+00  0.000000E+00  0.000000E+00  0.000000E+00
  0.249636E+01  0.257673E+00  0.187585E-01  0.000000E+00  0.000000E+00  0.000000E+00  0.000000E+00
  0.252181E+01 -0.375317E+00 -0.801535E-02  0.000000E+00  0.000000E+00  0.000000E+00  0.000000E+00
  0.251108E+01  0.180677E-01 -0.271981E+00  0.000000E+00  0.000000E+00  0.000000E+00  0.000000E+00
  0.199268E+01  0.237982E+00 -0.105073E-01  0.000000E+00  0.000000E+00  0.000000E+00  0.000000E+00
  0.249829E+01 -0.144693E-01  0.318270E+00  0.000000E+00  0.000000E+00  0.000000E+00  0.000000E+00
  0.196732E+01  0.200788E+00  0.154943E-01  0.000000E+00  0.000000E+00  0.000000E+00  0.000000E+00
  0.176328E+01  0.589971E-02  0.198426E+00  0.000000E+00  0.000000E+00  0.000000E+00  0.000000E+00
  0.283570E+01 -0.165135E-01 -0.357155E+00  0.000000E+00  0.000000E+00  0.000000E+00  0.000000E+00
  0.239950E+01 -0.182440E-01 -0.249736E+00  0.000000E+00  0.000000E+00  0.000000E+00  0.000000E+00
  0.226800E+01 -0.248634E+00  0.165656E-01  0.000000E+00  0.000000E+00  0.000000E+00  0.000000E+00
  0.242389E+01 -0.779158E-02 -0.352942E+00  0.000000E+00  0.000000E+00  0.000000E+00  0.000000E+00
  0.177698E+01  0.768307E-02 -0.197611E+00  0.000000E+00  0.000000E+00  0.000000E+00  0.000000E+00
  0.216235E+01  0.284321E+00 -0.909341E-02  0.000000E+00  0.000000E+00  0.000000E+00  0.000000E+00
  0.238650E+01 -0.334778E+00  0.950803E-02  0.000000E+00  0.000000E+00  0.000000E+00  0.000000E+00
  0.210433E+01 -0.888130E-02 -0.271586E+00  0.000000E+00  0.000000E+00  0.000000E+00  0.000000E+00
  0.224204E+01 -0.172535E-01  0.235487E+00  0.000000E+00  0.000000E+00  0.000000E+00  0.000000E+00
  0.215365E+01 -0.244420E+00  0.147775E-01  0.000000E+00  0.000000E+00  0.000000E+00  0.000000E+00
  0.208652E+01 -0.221722E+00 -0.157937E-01  0.000000E+00  0.000000E+00  0.000000E+00  0.000000E+00
  0.187855E+01 -0.541376E-02  0.227838E+00  0.000000E+00  0.000000E+00  0.000000E+00  0.000000E+00
  0.181353E+01  0.187258E+00  0.126183E-01  0.000000E+00  0.000000E+00  0.000000E+00  0.000000E+00
  0.162327E+01 -0.166677E+00  0.390308E-02  0.000000E+00  0.000000E+00  0.000000E+00  0.000000E+00
  0.266901E+01 -0.302566E+00  0.179036E-01  0.000000E+00  0.000000E+00  0.000000E+00  0.000000E+00
  0.205666E+01 -0.219755E+00 -0.153550E-01  0.000000E+00  0.000000E+00  0.000000E+00  0.000000E+00
  0.226508E+01  0.156610E-01 -0.258189E+00  0.000000E+00  0.000000E+00  0.000000E+00  0.000000E+00
  0.215573E+01 -0.271089E+00 -0.112487E-01  0.000000E+00  0.000000E+00  0.000000E+00  0.000000E+00
  0.244828E+01 -0.376304E+00 -0.208391E-02  0.000000E+00  0.000000E+00  0.000000E+00  0.000000E+00
  0.177579E+01 -0.120313E-01 -0.181767E+00  0.000000E+00  0.000000E+00  0.000000E+00  0.000000E+00
  0.170218E+01  0.613716E-02  0.182948E+00  0.000000E+00  0.000000E+00  0.000000E+00  0.000000E+00
  0.257774E+01  0.135681E-01  0.344695E+00  0.000000E+00  0.000000E+00  0.000000E+00  0.000000E+00
  0.236935E+01 -0.404558E-02 -0.352921E+00  0.000000E+00  0.000000E+00  0.000000E+00  0.000000E+00
  0.253737E+01  0.190166E-01  0.259771E+00  0.000000E+00  0.000000E+00  0.000000E+00  0.000000E+00
  0.226216E+01  0.165923E-01 -0.247214E+00  0.000000E+00  0.000000E+00  0.000000E+00  0.000000E+00
  0.207258E+01  0.244550E+00  0.125157E-01  0.000000E+00  0.000000E+00  0.000000E+00  0.000000E+00
  0.185033E+01 -0.120207E-01 -0.198364E+00  0.000000E+00  0.000000E+00  0.000000E+00  0.000000E+00
  0.255912E+01  0.147983E-01 -0.326974E+00  0.000000E+00  0.000000E+00  0.000000E+00  0.000000E+00
  0.253678E+01  0.152125E-02  0.399283E+00  0.000000E+00  0.000000E+00  0.000000E+00  0.000000E+00
  0.206387E+01 -0.215888E+00 -0.159446E-01  0.000000E+00  0.000000E+00  0.000000E+00  0.000000E+00
  0.163453E+01 -0.167427E+00 -0.547688E-02  0.000000E+00  0.000000E+00  0.000000E+00  0.000000E+00
  0.200235E+01  0.143839E-01  0.216515E+00  0.000000E+00  0.000000E+00  0.000000E+00  0.000000E+00
  0.184799E+01  0.804788E-02 -0.213628E+00  0.000000E+00  0.000000E+00  0.000000E+00  0.000000E+00
  0.178907E+01 -0.852672E-02  0.198085E+00  0.000000E+00  0.000000E+00  0.000000E+00  0.000000E+00
  0.245755E+01 -0.363133E+00  0.735887E-02  0.000000E+00  0.000000E+00  0.000000E+00  0.000000E+00
  0.240133E+01 -0.358144E-02 -0.361959E+00  0.000000E+00  0.000000E+00  0.000000E+00  0.000000E+00
  0.250039E+01  0.300468E+00 -0.159863E-01  0.000000E+00  0.000000E+00  0.000000E+00  0.000000E+00
  0.223723E+01  0.169184E-01 -0.238673E+00  0.000000E+00  0.000000E+00  0.000000E+00  0.000000E+00
  0.258606E+01 -0.180581E-01  0.285267E+00  0.000000E+00  0.000000E+00  0.000000E+00  0.000000E+00
  0.250975E+01 -0.343004E+00 -0.122207E-01  0.000000E+00  0.000000E+00  0.000000E+00  0.000000E+00
  0.243160E+01 -0.743208E-02 -0.356514E+00  0.000000E+00  0.000000E+00  0.000000E+00  0.000000E+00
  0.230785E+01  0.244342E+00  0.174956E-01  0.000000E+00  0.000000E+00  0.000000E+00  0.000000E+00
  0.279029E+01  0.354012E+00 -0.161713E-01  0.000000E+00  0.000000E+00  0.000000E+00  0.000000E+00
  0.255356E+01  0.311387E+00 -0.159439E-01  0.000000E+00  0.000000E+00  0.000000E+00  0.000000E+00
  0.169607E+01 -0.181249E+00  0.624182E-02  0.000000E+00  0.000000E+00  0.000000E+00  0.000000E+00
  0.184231E+01 -0.136760E-01 -0.187681E+00  0.000000E+00  0.000000E+00  0.000000E+00  0.000000E+00
  0.203565E+01 -0.216198E+00  0.152792E-01  0.000000E+00  0.000000E+00  0.000000E+00  0.000000E+00
  0.236852E+01  0.252601E+00 -0.176872E-01  0.000000E+00  0.000000E+00  0.000000E+00  0.000000E+00
  0.270220E+01 -0.406223E+00 -0.984176E-02  0.000000E+00  0.000000E+00  0.000000E+00  0.000000E+00
  0.210667E+01  0.224525E+00  0.159144E-01  0.000000E+00  0.000000E+00  0.000000E+00  0.000000E+00
  0.266862E+01 -0.331151E+00  0.161284E-01  0.000000E+00  0.000000E+00  0.000000E+00  0.000000E+00
  0.181497E+01 -0.871753E-02 -0.203640E+00  0.000000E+00  0.000000E+00  0.000000E+00  0.000000E+00
  0.275983E+01  0.124747E-01 -0.395603E+00  0.000000E+00  0.000000E+00  0.000000E+00  0.000000E+00
  0.251698E+01  0.172986E-01  0.285179E+00  0.000000E+00  0.000000E+00  0.000000E+00  0.000000E+00
  0.226258E+01  0.714046E-02 -0.316833E+00  0.000000E+00  0.000000E+00  0.000000E+00  0.000000E+00
  0.251211E+01  0.393232E+00 -0.131867E-02  0.000000E+00  0.000000E+00  0.000000E+00  0.000000E+00
  0.186543E+01  0.392481E-02 -0.227201E+00  0.000000E+00  0.000000E+00  0.000000E+00  0.000000E+00
  0.257545E+01  0.189233E-01 -0.267811E+00  0.000000E+00  0.000000E+00  0.000000E+00  0.000000E+00
  0.192167E+01  0.137944E-01  0.203737E+00  0.000000E+00  0.000000E+00  0.000000E+00  0.000000E+00
  0.221659E+01  0.163719E-01 -0.241050E+00  0.000000E+00  0.000000E+00  0.000000E+00  0.000000E+00
  0.171598E+01  0.681731E-02 -0.184932E+00  0.000000E+00  0.000000E+00  0.000000E+00  0.000000E+00
  0.202041E+01  0.166031E-01 -0.201328E+00  0.000000E+00  0.000000E+00  0.000000E+00  0.000000E+00
  0.247506E+01  0.187945E-01  0.253478E+00  0.000000E+00  0.000000E+00  0.000000E+00  0.000000E+00
  0.186264E+01  0.242221E-02  0.228269E+00  0.000000E+00  0.000000E+00  0.000000E+00  0.000000E+00
  0.181556E+01  0.130961E-01  0.185209E+00  0.000000E+00  0.000000E+00  0.000000E+00  0.000000E+00
  0.236199E+01  0.351478E+00 -0.387225E-02  0.000000E+00  0.000000E+00  0.000000E+00  0.000000E+00
  0.186622E+01 -0.320177E-02 -0.228358E+00  0.000000E+00  0.000000E+00  0.000000E+00  0.000000E+00
  0.246239E+01  0.359312E+00  0.834807E-02  0.000000E+00  0.000000E+00  0.000000E+00  0.000000E+00
  0.177575E+01 -0.168984E-03  0.207345E+00  0.000000E+00  0.000000E+00  0.000000E+00  0.000000E+00
  0.275535E+01  0.138788E-01 -0.378745E+00  0.000000E+00  0.000000E+00  0.000000E+00  0.000000E+00
  0.186032E+01 -0.225780E+00  0.402226E-02  0.000000E+00  0.000000E+00  0.000000E+00  0.000000E+00
  0.249123E+01  0.272574E+00 -0.178138E-01  0.000000E+00  0.000000E+00  0.000000E+00  0.000000E+00
  0.193276E+01 -0.217427E+00 -0.118783E-01  0.000000E+00  0.000000E+00  0.000000E+00  0.000000E+00
  0.215896E+01 -0.252436E+00  0.139674E-01  0.000000E+00  0.000000E+00  0.000000E+00  0.000000E+00
  0.245353E+01 -0.288599E+00 -0.162019E-01  0.000000E+00  0.000000E+00  0.000000E+00  0.000000E+00
  0.235366E+01 -0.798170E-03 -0.353483E+00  0.000000E+00  0.000000E+00  0.000000E+00  0.000000E+00
  0.243048E+01 -0.356158E+00  0.745051E-02  0.000000E+00  0.000000E+00  0.000000E+00  0.000000E+00
  0.236195E+01 -0.312985E+00 -0.118854E-01  0.000000E+00  0.000000E+00  0.000000E+00  0.000000E+00
  0.255449E+01 -0.378646E+00  0.879575E-02  0.000000E+00  0.000000E+00  0.000000E+00  0.000000E+00
  0.186424E+01 -0.393454E-02 -0.226889E+00  0.000000E+00  0.000000E+00  0.000000E+00  0.000000E+00
  0.188223E+01 -0.139494E-01 -0.194442E+00  0.000000E+00  0.000000E+00  0.000000E+00  0.000000E+00
  0.191461E+01 -0.306198E-02  0.240681E+00  0.000000E+00  0.000000E+00  0.000000E+00  0.000000E+00
  0.211106E+01  0.260757E+00 -0.112880E-01  0.000000E+00  0.000000E+00  0.000000E+00  0.000000E+00
  0.172932E+01  0.914694E-02 -0.182033E+00  0.000000E+00  0.000000E+00  0.000000E+00  0.000000E+00
  0.187464E+01 -0.200645E+00  0.126126E-01  0.000000E+00  0.000000E+00  0.000000E+00  0.000000E+00
  0.279061E+01  0.462811E+00  0.199391E-02  0.000000E+00  0.000000E+00  0.000000E+00  0.000000E+00
  0.259107E+01 -0.107905E-01  0.373243E+00  0.000000E+00  0.000000E+00  0.000000E+00  0.000000E+00
  0.269565E+01 -0.373651E+00 -0.132207E-01  0.000000E+00  0.000000E+00  0.000000E+00  0.000000E+00
  0.233181E+01  0.141423E-01  0.287075E+00  0.000000E+00  0.000000E+00  0.000000E+00  0.000000E+00
  0.240367E+01 -0.748823E-02  0.349507E+00  0.000000E+00  0.000000E+00  0.000000E+00  0.000000E+00
  0.231749E+01  0.305394E-02 -0.341926E+00  0.000000E+00  0.000000E+00  0.000000E+00  0.000000E+00
  0.271493E+01 -0.175699E-01  0.316662E+00  0.000000E+00  0.000000E+00  0.000000E+00  0.000000E+00
  0.273124E+01 -0.785093E-02 -0.426530E+00  0.000000E+00  0.000000E+00  0.000000E+00  0.000000E+00
  0.212426E+01  0.172017E-01  0.214490E+00  0.000000E+00  0.000000E+00  0.000000E+00  0.000000E+00
  0.205129E+01  0.826183E-02 -0.261542E+00  0.000000E+00  0.000000E+00  0.000000E+00  0.000000E+00
  0.228970E+01 -0.179323E-01 -0.235139E+00  0.000000E+00  0.000000E+00  0.000000E+00  0.000000E+00
  0.252654E+01 -0.280493E-02 -0.394923E+00  0.000000E+00  0.000000E+00  0.000000E+00  0.000000E+00
  0.186324E+01 -0.442438E-02  0.225876E+00  0.000000E+00  0.000000E+00  0.000000E+00  0.000000E+00
  0.222475E+01  0.673066E-02  0.309173E+00  0.000000E+00  0.000000E+00  0.000000E+00  0.000000E+00
  0.198557E+01 -0.830922E-02 -0.245663E+00  0.000000E+00  0.000000E+00  0.000000E+00  0.000000E+00
  0.230394E+01 -0.171782E-01 -0.247805E+00  0.000000E+00  0.000000E+00  0.000000E+00  0.000000E+00
  0.223546E+01  0.323331E+00  0.125328E-02  0.000000E+00  0.000000E+00  0.000000E+00  0.000000E+00
  0.226742E+01  0.331565E+00 -0.998638E-03  0.000000E+00  0.000000E+00  0.000000E+00  0.000000E+00
  0.216312E+01  0.303308E+00 -0.293764E-02  0.000000E+00  0.000000E+00  0.000000E+00  0.000000E+00
  0.177938E+01  0.101423E-01 -0.190359E+00  0.000000E+00  0.000000E+00  0.000000E+00  0.000000E+00
  0.226117E+01 -0.329855E+00 -0.121598E-02  0.000000E+00  0.000000E+00  0.000000E+00  0.000000E+00
  0.215662E+01  0.278451E+00 -0.999338E-02  0.000000E+00  0.000000E+00  0.000000E+00  0.000000E+00
  0.283056E+01  0.281035E+00  0.201412E-01  0.000000E+00  0.000000E+00  0.000000E+00  0.000000E+00
  0.206663E+01  0.913896E-02 -0.261546E+00  0.000000E+00  0.000000E+00  0.000000E+00  0.000000E+00
  0.228492E+01  0.486574E-02  0.329828E+00  0.000000E+00  0.000000E+00  0.000000E+00  0.000000E+00
  0.235816E+01  0.298470E+00 -0.135170E-01  0.000000E+00  0.000000E+00  0.000000E+00  0.000000E+00
  0.180987E+01  0.200302E+00  0.935309E-02  0.000000E+00  0.000000E+00  0.000000E+00  0.000000E+00
  0.206411E+01  0.135878E-01  0.235331E+00  0.000000E+00  0.000000E+00  0.000000E+00  0.000000E+00
  0.163924E+01  0.172714E+00 -0.730840E-03  0.000000E+00  0.000000E+00  0.000000E+00  0.000000E+00
  0.252459E+01 -0.570967E-02 -0.386448E+00  0.000000E+00  0.000000E+00  0.000000E+00  0.000000E+00
  0.275695E+01  0.155815E-01 -0.356417E+00  0.000000E+00  0.000000E+00  0.000000E+00  0.000000E+00
  0.195312E+01  0.603169E-02  0.244804E+00  0.000000E+00  0.000000E+00  0.000000E+00  0.000000E+00
  0.229325E+01 -0.318952E+00  0.834691E-02  0.000000E+00  0.000000E+00  0.000000E+00  0.000000E+00
  0.173141E+01  0.190311E+00 -0.604167E-02  0.000000E+00  0.000000E+00  0.000000E+00  0.000000E+00
  0.247870E+01 -0.144394E-01  0.314551E+00  0.000000E+00  0.000000E+00  0.000000E+00  0.000000E+00
  0.225295E+01  0.125801E-01  0.283590E+00  0.000000E+00  0.000000E+00  0.000000E+00  0.000000E+00
  0.260099E+01  0.388501E+00  0.897964E-02  0.000000E+00  0.000000E+00  0.000000E+00  0.000000E+00
  0.198966E+01  0.210026E+00  0.148948E-01  0.000000E+00  0.000000E+00  0.000000E+00  0.000000E+00
  0.189699E+01  0.192081E+00 -0.147669E-01  0.000000E+00  0.000000E+00  0.000000E+00  0.000000E+00
  0.174349E+01  0.194150E+00  0.558325E-02  0.000000E+00  0.000000E+00  0.000000E+00  0.000000E+00
  0.237332E+01  0.298107E+00  0.138987E-01  0.000000E+00  0.000000E+00  0.000000E+00  0.000000E+00
  0.233630E+01  0.299101E+00  0.129092E-01  0.000000E+00  0.000000E+00  0.000000E+00  0.000000E+00
  0.167166E+01 -0.732135E-02 -0.173062E+00  0.000000E+00  0.000000E+00  0.000000E+00  0.000000E+00
  0.223716E+01  0.181248E-01  0.223274E+00  0.000000E+00  0.000000E+00  0.000000E+00  0.000000E+00
  0.185092E+01  0.888026E-03  0.226238E+00  0.000000E+00  0.000000E+00  0.000000E+00  0.000000E+00
  0.235781E+01 -0.136051E-01  0.297587E+00  0.000000E+00  0.000000E+00  0.000000E+00  0.000000E+00
  0.181695E+01  0.127696E-02 -0.217495E+00  0.000000E+00  0.000000E+00  0.000000E+00  0.000000E+00
  0.190997E+01 -0.142122E-01  0.198540E+00  0.000000E+00  0.000000E+00  0.000000E+00  0.000000E+00
  0.186959E+01 -0.628250E-02  0.223692E+00  0.000000E+00  0.000000E+00  0.000000E+00  0.000000E+00
  0.173515E+01 -0.181732E+00  0.966942E-02  0.000000E+00  0.000000E+00  0.000000E+00  0.000000E+00
  0.252198E+01 -0.156872E-01  0.308553E+00  0.000000E+00  0.000000E+00  0.000000E+00  0.000000E+00
  0.204303E+01  0.161174E-01 -0.210236E+00  0.000000E+00  0.000000E+00  0.000000E+00  0.000000E+00
  0.246302E+01  0.264805E+00  0.179900E-01  0.000000E+00  0.000000E+00  0.000000E+00  0.000000E+00
  0.164316E+01 -0.173617E+00 -0.108071E-02  0.000000E+00  0.000000E+00  0.000000E+00  0.000000E+00
  0.212264E+01 -0.289423E+00  0.491151E-02  0.000000E+00  0.000000E+00  0.000000E+00  0.000000E+00
  0.218277E+01  0.174076E-01 -0.222786E+00  0.000000E+00  0.000000E+00  0.000000E+00  0.000000E+00
  0.226127E+01  0.306812E+00  0.925387E-02  0.000000E+00  0.000000E+00  0.000000E+00  0.000000E+00
  0.194134E+01  0.197305E+00 -0.152785E-01  0.000000E+00  0.000000E+00  0.000000E+00  0.000000E+00
  0.166228E+01  0.173528E-02  0.178191E+00  0.000000E+00  0.000000E+00  0.000000E+00  0.000000E+00
  0.258545E+01 -0.155144E-01  0.323341E+00  0.000000E+00  0.000000E+00  0.000000E+00  0.000000E+00
  0.236437E+01  0.251306E+00 -0.177259E-01  0.000000E+00  0.000000E+00  0.000000E+00  0.000000E+00
  0.279407E+01  0.182000E-01  0.318907E+00  0.000000E+00  0.000000E+00  0.000000E+00  0.000000E+00
  0.223310E+01 -0.305782E+00  0.808377E-02  0.000000E+00  0.000000E+00  0.000000E+00  0.000000E+00
  0.275142E+01 -0.442342E+00 -0.571355E-02  0.000000E+00  0.000000E+00  0.000000E+00  0.000000E+00
  0.247220E+01  0.186327E-01  0.255804E+00  0.000000E+00  0.000000E+00  0.000000E+00  0.000000E+00
  0.182052E+01  0.218667E+00  0.317065E-03  0.000000E+00  0.000000E+00  0.000000E+00  0.000000E+00
  0.284082E+01 -0.902756E-01  0.158091E-01  0.000000E+00  0.000000E+00  0.000000E+00  0.000000E+00
  0.284082E+01 -0.843891E-01 -0.883644E-01  0.000000E+00  0.000000E+00  0.000000E+00  0.000000E+00
  0.284082E+01 -0.309951E-01  0.635585E-01  0.000000E+00  0.000000E+00  0.000000E+00  0.000000E+00
  0.284082E+01 -0.179054E+00 -0.818574E-02  0.000000E+00  0.000000E+00  0.000000E+00  0.000000E+00
  0.284082E+01  0.142278E+00  0.658948E-01  0.000000E+00  0.000000E+00  0.000000E+00  0.000000E+00
  0.284082E+01  0.693863E-01 -0.509470E-01  0.000000E+00  0.000000E+00  0.000000E+00  0.000000E+00
  0.284082E+01 -0.116944E+00 -0.639721E-01  0.000000E+00  0.000000E+00  0.000000E+00  0.000000E+00
  0.284082E+01 -0.151228E+00 -0.866884E-01  0.000000E+00  0.000000E+00  0.000000E+00  0.000000E+00
  0.284082E+01  0.121471E+00  0.914356E-01  0.000000E+00  0.000000E+00  0.000000E+00  0.000000E+00
  0.284082E+01  0.172777E+00  0.115504E+00  0.000000E+00  0.000000E+00  0.000000E+00  0.000000E+00
  0.284082E+01 -0.100285E-01  0.121127E+00  0.000000E+00  0.000000E+00  0.000000E+00  0.000000E+00
  0.284082E+01  0.864876E-01 -0.345990E-01  0.000000E+00  0.000000E+00  0.000000E+00  0.000000E+00
  0.284082E+01 -0.134363E-01 -0.268521E-01  0.000000E+00  0.000000E+00  0.000000E+00  0.000000E+00
  0.284082E+01 -0.206986E-01 -0.941764E-01  0.000000E+00  0.000000E+00  0.000000E+00  0.000000E+00
  0.284082E+01  0.198508E-01 -0.175951E-01  0.000000E+00  0.000000E+00  0.000000E+00  0.000000E+00
  0.284082E+01 -0.188529E-01  0.277473E-01  0.000000E+00  0.000000E+00  0.000000E+00  0.000000E+00
  0.284082E+01  0.257759E-01 -0.150372E-01  0.000000E+00  0.000000E+00  0.000000E+00  0.000000E+00
  0.284082E+01  0.679260E-01  0.476527E-01  0.000000E+00  0.000000E+00  0.000000E+00  0.000000E+00
  0.284082E+01  0.143440E+00  0.424622E-01  0.000000E+00  0.000000E+00  0.000000E+00  0.000000E+00
  0.284082E+01 -0.747142E-02 -0.238287E+00  0.000000E+00  0.000000E+00  0.000000E+00  0.000000E+00
  0.284082E+01  0.866048E-01  0.165352E+00  0.000000E+00  0.000000E+00  0.000000E+00  0.000000E+00
  0.284082E+01  0.607863E-01  0.109818E+00  0.000000E+00  0.000000E+00  0.000000E+00  0.000000E+00
  0.284082E+01 -0.510360E-01 -0.172858E+00  0.000000E+00  0.000000E+00  0.000000E+00  0.000000E+00
  0.284082E+01  0.103444E+00 -0.122596E+00  0.000000E+00  0.000000E+00  0.000000E+00  0.000000E+00
  0.284082E+01  0.202733E+00  0.136544E+00  0.000000E+00  0.000000E+00  0.000000E+00  0.000000E+00
  0.284082E+01  0.387875E-01  0.401791E-01  0.000000E+00  0.000000E+00  0.000000E+00  0.000000E+00
  0.284082E+01  0.472571E-01 -0.263272E-02  0.000000E+00  0.000000E+00  0.000000E+00  0.000000E+00
  0.284082E+01  0.415002E-01 -0.133249E-01  0.000000E+00  0.000000E+00  0.000000E+00  0.000000E+00
  0.284082E+01 -0.110780E+00 -0.638689E-01  0.000000E+00  0.000000E+00  0.000000E+00  0.000000E+00
  0.284082E+01 -0.180207E+00  0.143169E+00  0.000000E+00  0.000000E+00  0.000000E+00  0.000000E+00
  0.284082E+01 -0.241126E+00 -0.592317E-02  0.000000E+00  0.000000E+00  0.000000E+00  0.000000E+00
  0.284082E+01  0.166819E+00  0.347993E-01  0.000000E+00  0.000000E+00  0.000000E+00  0.000000E+00
  0.284082E+01  0.843420E-01  0.228935E-01  0.000000E+00  0.000000E+00  0.000000E+00  0.000000E+00
  0.284082E+01  0.821119E-01 -0.112789E+00  0.000000E+00  0.000000E+00  0.000000E+00  0.000000E+00
  0.284082E+01 -0.337776E-01  0.440195E-01  0.000000E+00  0.000000E+00  0.000000E+00  0.000000E+00
  0.284082E+01  0.832552E-01 -0.294560E-01  0.000000E+00  0.000000E+00  0.000000E+00  0.000000E+00
  0.284082E+01  0.553036E-01  0.122423E-01  0.000000E+00  0.000000E+00  0.000000E+00  0.000000E+00
  0.284082E+01  0.502982E-02 -0.184894E-01  0.000000E+00  0.000000E+00  0.000000E+00  0.000000E+00
  0.284082E+01  0.117202E+00 -0.862892E-01  0.000000E+00  0.000000E+00  0.000000E+00  0.000000E+00
  0.284082E+01 -0.131067E+00  0.362009E-01  0.000000E+00  0.000000E+00  0.000000E+00  0.000000E+00
  0.284082E+01 -0.603699E-01  0.104243E+00  0.000000E+00  0.000000E+00  0.000000E+00  0.000000E+00
  0.284082E+01  0.231187E+00  0.948159E-01  0.000000E+00  0.000000E+00  0.000000E+00  0.000000E+00
  0.284082E+01 -0.417665E-01 -0.185464E-01  0.000000E+00  0.000000E+00  0.000000E+00  0.000000E+00
  0.284082E+01 -0.758013E-01 -0.705531E-01  0.000000E+00  0.000000E+00  0.000000E+00  0.000000E+00
  0.284082E+01 -0.319699E-01 -0.589398E-01  0.000000E+00  0.000000E+00  0.000000E+00  0.000000E+00
  0.284082E+01  0.407551E-02 -0.660719E-02  0.000000E+00  0.000000E+00  0.000000E+00  0.000000E+00
  0.284082E+01  0.816024E-02  0.831530E-02  0.000000E+00  0.000000E+00  0.000000E+00  0.000000E+00
  0.284082E+01 -0.639894E-01  0.117355E-01  0.000000E+00  0.000000E+00  0.000000E+00  0.000000E+00
  0.284082E+01  0.146551E+00  0.140406E-01  0.000000E+00  0.000000E+00  0.000000E+00  0.000000E+00
  0.284082E+01  0.122593E+00 -0.793226E-01  0.000000E+00  0.000000E+00  0.000000E+00  0.000000E+00
  0.284082E+01  0.145983E+00 -0.144672E+00  0.000000E+00  0.000000E+00  0.000000E+00  0.000000E+00
  0.284082E+01 -0.325548E-01 -0.390220E-01  0.000000E+00  0.000000E+00  0.000000E+00  0.000000E+00
  0.284082E+01  0.439783E-01  0.399444E-01  0.000000E+00  0.000000E+00  0.000000E+00  0.000000E+00
  0.284082E+01  0.689315E-01  0.229766E-01  0.000000E+00  0.000000E+00  0.000000E+00  0.000000E+00
  0.284082E+01  0.163946E+00  0.139139E+00  0.000000E+00  0.000000E+00  0.000000E+00  0.000000E+00
  0.284082E+01  0.619726E-01 -0.176608E+00  0.000000E+00  0.000000E+00  0.000000E+00  0.000000E+00
  0.284082E+01  0.889683E-01  0.105537E-01  0.000000E+00  0.000000E+00  0.000000E+00  0.000000E+00
  0.284082E+01  0.119964E+00  0.326630E-01  0.000000E+00  0.000000E+00  0.000000E+00  0.000000E+00
  0.284082E+01 -0.127492E+00  0.892461E-01  0.000000E+00  0.000000E+00  0.000000E+00  0.000000E+00
  0.284082E+01 -0.619105E-01 -0.810564E-01  0.000000E+00  0.000000E+00  0.000000E+00  0.000000E+00
  0.284082E+01 -0.104104E+00 -0.183990E+00  0.000000E+00  0.000000E+00  0.000000E+00  0.000000E+00
  0.284082E+01 -0.233387E-01  0.915499E-01  0.000000E+00  0.000000E+00  0.000000E+00  0.000000E+00
  0.284082E+01  0.528786E-01  0.680625E-02  0.000000E+00  0.000000E+00  0.000000E+00  0.000000E+00
  0.284082E+01 -0.624355E-01 -0.278602E-01  0.000000E+00  0.000000E+00  0.000000E+00  0.000000E+00
  0.284082E+01  0.112491E+00 -0.483884E-01  0.000000E+00  0.000000E+00  0.000000E+00  0.000000E+00
  0.284082E+01 -0.162308E-03 -0.366556E-01  0.000000E+00  0.000000E+00  0.000000E+00  0.000000E+00
  0.284082E+01 -0.519232E-01 -0.155947E+00  0.000000E+00  0.000000E+00  0.000000E+00  0.000000E+00
  0.284082E+01  0.267828E-01  0.146885E+00  0.000000E+00  0.000000E+00  0.000000E+00  0.000000E+00
  0.284082E+01 -0.167178E+00  0.293916E-01  0.000000E+00  0.000000E+00  0.000000E+00  0.000000E+00
  0.284082E+01  0.696720E-01  0.137637E+00  0.000000E+00  0.000000E+00  0.000000E+00  0.000000E+00
  0.284082E+01  0.464560E-02 -0.317984E-01  0.000000E+00  0.000000E+00  0.000000E+00  0.000000E+00
  0.284082E+01  0.251318E-01  0.426852E-01  0.000000E+00  0.000000E+00  0.000000E+00  0.000000E+00
  0.284082E+01  0.153857E-02  0.525834E-01  0.000000E+00  0.000000E+00  0.000000E+00  0.000000E+00
  0.284082E+01 -0.196039E+00  0.142533E+00  0.000000E+00  0.000000E+00  0.000000E+00  0.000000E+00
  0.284082E+01  0.991987E-01  0.110575E+00  0.000000E+00  0.000000E+00  0.000000E+00  0.000000E+00
  0.284082E+01  0.120776E+00  0.127052E+00  0.000000E+00  0.000000E+00  0.000000E+00  0.000000E+00
  0.284082E+01  0.207466E-01 -0.452494E-02  0.000000E+00  0.000000E+00  0.000000E+00  0.000000E+00
  0.284082E+01 -0.248066E+00 -0.218018E-01  0.000000E+00  0.000000E+00  0.000000E+00  0.000000E+00
  0.284082E+01  0.100916E+00  0.212896E+00  0.000000E+00  0.000000E+00  0.000000E+00  0.000000E+00
  0.284082E+01 -0.246278E-01 -0.246844E+00  0.000000E+00  0.000000E+00  0.000000E+00  0.000000E+00
  0.284082E+01  0.513564E-01  0.711933E-01  0.000000E+00  0.000000E+00  0.000000E+00  0.000000E+00
  0.284082E+01  0.737389E-01 -0.124355E+00  0.000000E+00  0.000000E+00  0.000000E+00  0.000000E+00
  0.284082E+01  0.133439E+00  0.260844E-01  0.000000E+00  0.000000E+00  0.000000E+00  0.000000E+00
  0.284082E+01  0.152937E-01 -0.203082E-01  0.000000E+00  0.000000E+00  0.000000E+00  0.000000E+00
  0.284082E+01  0.531956E-02 -0.162049E+00  0.000000E+00  0.000000E+00  0.000000E+00  0.000000E+00
  0.284082E+01 -0.114707E+00 -0.150438E+00  0.000000E+00  0.000000E+00  0.000000E+00  0.000000E+00
  0.284082E+01 -0.101547E-01 -0.261371E-01  0.000000E+00  0.000000E+00  0.000000E+00  0.000000E+00
  0.284082E+01 -0.182556E+00 -0.713524E-02  0.000000E+00  0.000000E+00  0.000000E+00  0.000000E+00
  0.284082E+01  0.100634E-01 -0.194866E-01  0.000000E+00  0.000000E+00  0.000000E+00  0.000000E+00
  0.284082E+01 -0.133619E+00 -0.119314E+00  0.000000E+00  0.000000E+00  0.000000E+00  0.000000E+00
  0.284082E+01 -0.560554E-01 -0.209780E+00  0.000000E+00  0.000000E+00  0.000000E+00  0.000000E+00
  0.284082E+01 -0.323834E-01 -0.328057E-01  0.000000E+00  0.000000E+00  0.000000E+00  0.000000E+00
  0.284082E+01  0.197616E+00  0.876751E-02  0.000000E+00  0.000000E+00  0.000000E+00  0.000000E+00
  0.284082E+01 -0.104996E+00  0.844679E-01  0.000000E+00  0.000000E+00  0.000000E+00  0.000000E+00
  0.284082E+01  0.157772E-02 -0.416652E-02  0.000000E+00  0.000000E+00  0.000000E+00  0.000000E+00
  0.284082E+01 -0.189427E+00 -0.310181E-01  0.000000E+00  0.000000E+00  0.000000E+00  0.000000E+00
  0.284082E+01 -0.165581E-01  0.893666E-01  0.000000E+00  0.000000E+00  0.000000E+00  0.000000E+00
  0.284082E+01 -0.642853E-01 -0.151076E+00  0.000000E+00  0.000000E+00  0.000000E+00  0.000000E+00
  0.284082E+01 -0.171597E+00  0.438138E-01  0.000000E+00  0.000000E+00  0.000000E+00  0.000000E+00
  0.284082E+01  0.272508E-01 -0.225963E-01  0.000000E+00  0.000000E+00  0.000000E+00  0.000000E+00
