  0.211658E+01 -0.234847E+00 -0.150075E-01  0.000000E+00  0.000000E+00  0.000000E+00  0.000000E+00
  0.261253E+01  0.186994E-01 -0.278235E+00  0.000000E+00  0.000000E+00  0.000000E+00  0.000000E+00
  0.222884E+01  0.277965E+00 -0.126266E-01  0.000000E+00  0.000000E+00  0.000000E+00  0.000000E+00
  0.180984E+01 -0.215917E+00  0.599723E-03  0.000000E+00  0.000000E+00  0.000000E+00  0.000000E+00
  0.270580E+01 -0.217147E-02  0.441144E+00  0.000000E+00  0.000000E+00  0.000000E+00  0.000000E+00
  0.211137E+01 -0.290953E+00 -0.241610E-02  0.000000E+00  0.000000E+00  0.000000E+00  0.000000E+00
  0.264700E+01 -0.105302E-02 -0.427550E+00  0.000000E+00  0.000000E+00  0.000000E+00  0.000000E+00
  0.265980E+01  0.422189E+00 -0.507635E-02  0.000000E+00  0.000000E+00  0.000000E+00  0.000000E+00
  0.283365E+01  0.181973E-01 -0.325831E+00  0.000000E+00  0.000000E+00  0.000000E+00  0.000000E+00
  0.233844E+01  0.171846E-01  0.254064E+00  0.000000E+00  0.000000E+00  0.000000E+00  0.000000E+00
  0.164362E+01  0.717260E-03  0.173824E+00  0.000000E+00  0.000000E+00  0.000000E+00  0.000000E+00
  0.204629E+01  0.922755E-02  0.256366E+00  0.000000E+00  0.000000E+00  0.000000E+00  0.000000E+00
  0.234841E+01  0.255103E+00 -0.172440E-01  0.000000E+00  0.000000E+00  0.000000E+00  0.000000E+00
  0.280281E+01 -0.154732E-01  0.367101E+00  0.000000E+00  0.000000E+00  0.000000E+00  0.000000E+00
  0.186901E+01 -0.125958E-01  0.199503E+00  0.000000E+00  0.000000E+00  0.000000E+00  0.000000E+00
  0.218949E+01 -0.146910E-01  0.252526E+00  0.000000E+00  0.000000E+00  0.000000E+00  0.000000E+00
  0.251467E+01 -0.659962E-03  0.394289E+00  0.000000E+00  0.000000E+00  0.000000E+00  0.000000E+00
  0.190172E+01 -0.824438E-02  0.225859E+00  0.000000E+00  0.000000E+00  0.000000E+00  0.000000E+00
  0.192419E+01 -0.217253E+00  0.115446E-01  0.000000E+00  0.000000E+00  0.000000E+00  0.000000E+00
  0.268676E+01 -0.421295E+00  0.683782E-02  0.000000E+00  0.000000E+00  0.000000E+00  0.000000E+00
  0.242181E+01 -0.308585E+00 -0.138713E-01  0.000000E+00  0.000000E+00  0.000000E+00  0.000000E+00
  0.209277E+01 -0.134637E-01  0.242340E+00  0.000000E+00  0.000000E+00  0.000000E+00  0.000000E+00
  0.248732E+01 -0.323296E+00  0.137826E-01  0.000000E+00  0.000000E+00  0.000000E+00  0.000000E+00
  0.220194E+01  0.250977E+00 -0.151285E-01  0.000000E+00  0.000000E+00  0.000000E+00  0.000000E+00
  0.199779E+01 -0.116738E-01 -0.233065E+00  0.000000E+00  0.000000E+00  0.000000E+00  0.000000E+00
  0.217705E+01  0.563259E-02  0.301005E+00  0.000000E+00  0.000000E+00  0.000000E+00  0.000000E+00
  0.172849E+01 -0.181366E+00  0.929894E-02  0.000000E+00  0.000000E+00  0.000000E+00  0.000000E+00
  0.164488E+01 -0.544788E-02 -0.170028E+00  0.000000E+00  0.000000E+00  0.000000E+00  0.000000E+00
  0.181084E+01  0.216225E+00  0.213132E-03  0.000000E+00  0.000000E+00  0.000000E+00  0.000000E+00
  0.207239E+01  0.281970E+00 -0.146019E-02  0.000000E+00  0.000000E+00  0.000000E+00  0.000000E+00
  0.235611E+01  0.312034E+00 -0.118398E-01  0.000000E+00  0.000000E+00  0.000000E+00  0.000000E+00
  0.227704E+01 -0.140710E-01 -0.276292E+00  0.000000E+00  0.000000E+00  0.000000E+00  0.000000E+00
  0.230384E+01  0.336989E-02  0.337937E+00  0.000000E+00  0.000000E+00  0.000000E+00  0.000000E+00
  0.196523E+01 -0.212228E+00 -0.138987E-01  0.000000E+00  0.000000E+00  0.000000E+00  0.000000E+00
  0.233501E+01  0.127911E-01  0.299809E+00  0.000000E+00  0.000000E+00  0.000000E+00  0.000000E+00
  0.178810E+01 -0.208833E+00  0.311784E-02  0.000000E+00  0.000000E+00  0.000000E+00  0.000000E+00
  0.185383E+01 -0.135434E-01  0.190903E+00  0.000000E+00  0.000000E+00  0.000000E+00  0.000000E+00
  0.280347E+01  0.473966E-02 -0.459064E+00  0.000000E+00  0.000000E+00  0.000000E+00  0.000000E+00
  0.272116E+01  0.924828E-02  0.415016E+00  0.000000E+00  0.000000E+00  0.000000E+00  0.000000E+00
  0.168991E+01 -0.177493E-02  0.185149E+00  0.000000E+00  0.000000E+00  0.000000E+00  0.000000E+00
  0.205357E+01  0.303304E-02  0.275637E+00  0.000000E+00  0.000000E+00  0.000000E+00  0.000000E+00
  0.231038E+01 -0.179766E-01  0.238161E+00  0.000000E+00  0.000000E+00  0.000000E+00  0.000000E+00
  0.189906E+01  0.875685E-02 -0.223456E+00  0.000000E+00  0.000000E+00  0.000000E+00  0.000000E+00
  0.242556E+01 -0.311143E+00  0.136913E-01  0.000000E+00  0.000000E+00  0.000000E+00  0.000000E+00
  0.213518E+01 -0.163650E-01 -0.225544E+00  0.000000E+00  0.000000E+00  0.000000E+00  0.000000E+00
  0.235144E+01 -0.162425E-01  0.268425E+00  0.000000E+00  0.000000E+00  0.000000E+00  0.000000E+00
  0.260098E+01 -0.376533E+00  0.106606E-01  0.000000E+00  0.000000E+00  0.000000E+00  0.000000E+00
  0.253408E+01  0.160299E-01  0.306446E+00  0.000000E+00  0.000000E+00  0.000000E+00  0.000000E+00
  0.272743E+01  0.354169E+00  0.153264E-01  0.000000E+00  0.000000E+00  0.000000E+00  0.000000E+00
  0.279073E+01  0.463969E+00  0.971344E-03  0.000000E+00  0.000000E+00  0.000000E+00  0.000000E+00
  0.239509E+01 -0.453990E-03 -0.364093E+00  0.000000E+00  0.000000E+00  0.000000E+00  0.000000E+00
  0.197016E+01 -0.151899E-01  0.203779E+00  0.000000E+00  0.000000E+00  0.000000E+00  0.000000E+00
  0.252641E+01  0.128721E-01  0.340674E+00  0.000000E+00  0.000000E+00  0.000000E+00  0.000000E+00
  0.235159E+01  0.352240E+00 -0.178227E-02  0.000000E+00  0.000000E+00  0.000000E+00  0.000000E+00
  0.222159E+01 -0.264510E+00  0.140914E-01  0.000000E+00  0.000000E+00  0.000000E+00  0.000000E+00
  0.191825E+01 -0.195234E+00 -0.149326E-01  0.000000E+00  0.000000E+00  0.000000E+00  0.000000E+00
  0.271277E+01  0.353173E+00  0.151851E-01  0.000000E+00  0.000000E+00  0.000000E+00  0.000000E+00
  0.262244E+01 -0.145088E-01  0.343428E+00  0.000000E+00  0.000000E+00  0.000000E+00  0.000000E+00
  0.255445E+01  0.375923E+00 -0.922954E-02  0.000000E+00  0.000000E+00  0.000000E+00  0.000000E+00
  0.191367E+01 -0.234375E+00  0.632940E-02  0.000000E+00  0.000000E+00  0.000000E+00  0.000000E+00
  0.180550E+01  0.194348E-02 -0.214231E+00  0.000000E+00  0.000000E+00  0.000000E+00  0.000000E+00
  0.258219E+01 -0.253742E+00  0.196821E-01  0.000000E+00  0.000000E+00  0.000000E+00  0.000000E+00
  0.239459E+01  0.291616E+00  0.149637E-01  0.000000E+00  0.000000E+00  0.000000E+00  0.000000E+00
  0.240166E+01  0.340988E+00  0.905294E-02  0.000000E+00  0.000000E+00  0.000000E+00  0.000000E+00
  0.181720E+01  0.195891E+00 -0.109371E-01  0.000000E+00  0.000000E+00  0.000000E+00  0.000000E+00
  0.264702E+01 -0.176063E-01 -0.303813E+00  0.000000E+00  0.000000E+00  0.000000E+00  0.000000E+00
  0.167913E+01  0.182703E+00 -0.112193E-02  0.000000E+00  0.000000E+00  0.000000E+00  0.000000E+00
  0.205829E+01 -0.266935E+00  0.723847E-02  0.000000E+00  0.000000E+00  0.000000E+00  0.000000E+00
  0.223026E+01  0.485313E-03 -0.322359E+00  0.000000E+00  0.000000E+00  0.000000E+00  0.000000E+00
  0.210242E+01  0.230704E+00 -0.151527E-01  0.000000E+00  0.000000E+00  0.000000E+00  0.000000E+00
  0.237113E+01  0.178767E-01  0.250322E+00  0.000000E+00  0.000000E+00  0.000000E+00  0.000000E+00
  0.275396E+01 -0.399801E+00  0.119361E-01  0.000000E+00  0.000000E+00  0.000000E+00  0.000000E+00
  0.163342E+01 -0.168754E+00  0.430626E-02  0.000000E+00  0.000000E+00  0.000000E+00  0.000000E+00
  0.274423E+01  0.442833E+00 -0.515223E-02  0.000000E+00  0.000000E+00  0.000000E+00  0.000000E+00
  0.165093E+01 -0.311180E-02 -0.174382E+00  0.000000E+00  0.000000E+00  0.000000E+00  0.000000E+00
  0.210573E+01 -0.158272E-01 -0.225173E+00  0.000000E+00  0.000000E+00  0.000000E+00  0.000000E+00
  0.278293E+01  0.351060E+00 -0.162684E-01  0.000000E+00  0.000000E+00  0.000000E+00  0.000000E+00
  0.188184E+01  0.357130E-02 -0.231808E+00  0.000000E+00  0.000000E+00  0.000000E+00  0.000000E+00
  0.275722E+01  0.160422E-01 -0.349610E+00  0.000000E+00  0.000000E+00  0.000000E+00  0.000000E+00
  0.220928E+01 -0.607119E-03  0.317017E+00  0.000000E+00  0.000000E+00  0.000000E+00  0.000000E+00
  0.176432E+01 -0.201333E+00  0.435268E-02  0.000000E+00  0.000000E+00  0.000000E+00  0.000000E+00
  0.265223E+01  0.119666E-01  0.376885E+00  0.000000E+00  0.000000E+00  0.000000E+00  0.000000E+00
  0.195637E+01 -0.622303E-04 -0.253077E+00  0.000000E+00  0.000000E+00  0.000000E+00  0.000000E+00
  0.247240E+01 -0.252642E+00  0.188169E-01  0.000000E+00  0.000000E+00  0.000000E+00  0.000000E+00
  0.180176E+01  0.212815E+00 -0.255431E-02  0.000000E+00  0.000000E+00  0.000000E+00  0.000000E+00
  0.247523E+01 -0.349932E+00  0.103524E-01  0.000000E+00  0.000000E+00  0.000000E+00  0.000000E+00
  0.205708E+01 -0.559613E-02 -0.271506E+00  0.000000E+00  0.000000E+00  0.000000E+00  0.000000E+00
  0.236259E+01 -0.186334E-01  0.237292E+00  0.000000E+00  0.000000E+00  0.000000E+00  0.000000E+00
  0.205922E+01  0.260160E+00 -0.905615E-02  0.000000E+00  0.000000E+00  0.000000E+00  0.000000E+00
  0.212912E+01 -0.326881E-02  0.294267E+00  0.000000E+00  0.000000E+00  0.000000E+00  0.000000E+00
  0.279300E+01 -0.174656E-01 -0.332628E+00  0.000000E+00  0.000000E+00  0.000000E+00  0.000000E+00
  0.243743E+01  0.141572E-01 -0.308971E+00  0.000000E+00  0.000000E+00  0.000000E+00  0.000000E+00
  0.215421E+01  0.220823E+00 -0.171290E-01  0.000000E+00  0.000000E+00  0.000000E+00  0.000000E+00
  0.246714E+01 -0.172269E-01 -0.277115E+00  0.000000E+00  0.000000E+00  0.000000E+00  0.000000E+00
  0.263001E+01  0.103384E-02 -0.423266E+00  0.000000E+00  0.000000E+00  0.000000E+00  0.000000E+00
  0.192034E+01  0.243035E+00  0.216914E-02  0.000000E+00  0.000000E+00  0.000000E+00  0.000000E+00
  0.273556E+01  0.723333E-02  0.431090E+00  0.000000E+00  0.000000E+00  0.000000E+00  0.000000E+00
  0.248842E+01  0.350732E+00  0.106642E-01  0.000000E+00  0.000000E+00  0.000000E+00  0.000000E+00
  0.239531E+01  0.341313E+00  0.872393E-02  0.000000E+00  0.000000E+00  0.000000E+00  0.000000E+00
  0.269246E+01 -0.434828E+00  0.361231E-02  0.000000E+00  0.000000E+00  0.000000E+00  0.000000E+00
  0.194083E+01 -0.240884E+00  0.638384E-02  0.000000E+00  0.000000E+00  0.000000E+00  0.000000E+00
  0.209416E+01  0.287337E+00  0.165046E-02  0.000000E+00  0.000000E+00  0.000000E+00  0.000000E+00
  0.275455E+01  0.181649E-01  0.312725E+00  0.000000E+00  0.000000E+00  0.000000E+00  0.000000E+00
  0.171032E+01 -0.175503E+00 -0.980340E-02  0.000000E+00  0.000000E+00  0.000000E+00  0.000000E+00
  0.218263E+01  0.151093E-01  0.247266E+00  0.000000E+00  0.000000E+00  0.000000E+00  0.000000E+00
  0.274584E+01  0.186610E-01 -0.301419E+00  0.000000E+00  0.000000E+00  0.000000E+00  0.000000E+00
  0.187990E+01 -0.234091E-02  0.232691E+00  0.000000E+00  0.000000E+00  0.000000E+00  0.000000E+00
  0.183384E+01 -0.221718E+00  0.137986E-02  0.000000E+00  0.000000E+00  0.000000E+00  0.000000E+00
  0.275523E+01  0.190302E-01  0.295286E+00  0.000000E+00  0.000000E+00  0.000000E+00  0.000000E+00
  0.186829E+01  0.220374E+00  0.742164E-02  0.000000E+00  0.000000E+00  0.000000E+00  0.000000E+00
  0.225165E+01  0.292299E+00  0.113207E-01  0.000000E+00  0.000000E+00  0.000000E+00  0.000000E+00
  0.246129E+01  0.378692E+00 -0.269506E-02  0.000000E+00  0.000000E+00  0.000000E+00  0.000000E+00
  0.210537E+01  0.230289E+00 -0.152660E-01  0.000000E+00  0.000000E+00  0.000000E+00  0.000000E+00
  0.221497E+01  0.277550E+00  0.122691E-01  0.000000E+00  0.000000E+00  0.000000E+00  0.000000E+00
  0.187289E+01  0.203994E+00  0.118973E-01  0.000000E+00  0.000000E+00  0.000000E+00  0.000000E+00
  0.240362E+01  0.164701E-02  0.365516E+00  0.000000E+00  0.000000E+00  0.000000E+00  0.000000E+00
  0.258589E+01  0.296737E+00 -0.173640E-01  0.000000E+00  0.000000E+00  0.000000E+00  0.000000E+00
  0.184447E+01 -0.114162E-01  0.199947E+00  0.000000E+00  0.000000E+00  0.000000E+00  0.000000E+00
  0.183808E+01 -0.211044E+00  0.811592E-02  0.000000E+00  0.000000E+00  0.000000E+00  0.000000E+00
  0.246104E+01 -0.242613E+00 -0.192710E-01  0.000000E+00  0.000000E+00  0.000000E+00  0.000000E+00
  0.211649E+01  0.147670E-01  0.236921E+00  0.000000E+00  0.000000E+00  0.000000E+00  0.000000E+00
  0.250594E+01 -0.193872E-01  0.247629E+00  0.000000E+00  0.000000E+00  0.000000E+00  0.000000E+00
  0.275556E+01 -0.113898E-01  0.405405E+00  0.000000E+00  0.000000E+00  0.000000E+00  0.000000E+00
  0.255059E+01  0.298287E+00  0.168369E-01  0.000000E+00  0.000000E+00  0.000000E+00  0.000000E+00
  0.193891E+01  0.100581E-01 -0.227646E+00  0.000000E+00  0.000000E+00  0.000000E+00  0.000000E+00
  0.206622E+01  0.139348E-01 -0.233208E+00  0.000000E+00  0.000000E+00  0.000000E+00  0.000000E+00
  0.267252E+01 -0.426435E+00  0.476264E-02  0.000000E+00  0.000000E+00  0.000000E+00  0.000000E+00
  0.170967E+01  0.179536E-02  0.190126E+00  0.000000E+00  0.000000E+00  0.000000E+00  0.000000E+00
  0.228866E+01  0.167281E-01 -0.250596E+00  0.000000E+00  0.000000E+00  0.000000E+00  0.000000E+00
  0.256801E+01 -0.174648E-01  0.291884E+00  0.000000E+00  0.000000E+00  0.000000E+00  0.000000E+00
  0.269608E+01 -0.159910E-01  0.338491E+00  0.000000E+00  0.000000E+00  0.000000E+00  0.000000E+00
  0.209902E+01  0.595760E-02  0.280863E+00  0.000000E+00  0.000000E+00  0.000000E+00  0.000000E+00
  0.218877E+01 -0.311498E+00  0.129552E-02  0.000000E+00  0.000000E+00  0.000000E+00  0.000000E+00
  0.195858E+01 -0.148348E-01 -0.204156E+00  0.000000E+00  0.000000E+00  0.000000E+00  0.000000E+00
  0.255598E+01  0.356443E+00  0.118580E-01  0.000000E+00  0.000000E+00  0.000000E+00  0.000000E+00
  0.269597E+01 -0.128269E-01  0.377952E+00  0.000000E+00  0.000000E+00  0.000000E+00  0.000000E+00
  0.254861E+01  0.151123E-01  0.321051E+00  0.000000E+00  0.000000E+00  0.000000E+00  0.000000E+00
  0.231039E+01  0.184277E-01 -0.231594E+00  0.000000E+00  0.000000E+00  0.000000E+00  0.000000E+00
  0.160370E+01  0.279211E-03  0.163779E+00  0.000000E+00  0.000000E+00  0.000000E+00  0.000000E+00
  0.216570E+01 -0.218457E+00  0.175105E-01  0.000000E+00  0.000000E+00  0.000000E+00  0.000000E+00
  0.180975E+01  0.776911E-03 -0.215853E+00  0.000000E+00  0.000000E+00  0.000000E+00  0.000000E+00
  0.271257E+01 -0.429396E+00  0.646811E-02  0.000000E+00  0.000000E+00  0.000000E+00  0.000000E+00
  0.180571E+01  0.209810E+00 -0.542613E-02  0.000000E+00  0.000000E+00  0.000000E+00  0.000000E+00
  0.203044E+01 -0.162657E-01  0.206427E+00  0.000000E+00  0.000000E+00  0.000000E+00  0.000000E+00
  0.196333E+01 -0.119989E-01 -0.223570E+00  0.000000E+00  0.000000E+00  0.000000E+00  0.000000E+00
  0.230209E+01  0.245735E+00  0.173113E-01  0.000000E+00  0.000000E+00  0.000000E+00  0.000000E+00
  0.258836E+01  0.372827E+00  0.107647E-01  0.000000E+00  0.000000E+00  0.000000E+00  0.000000E+00
  0.259295E+01  0.350834E-02 -0.410147E+00  0.000000E+00  0.000000E+00  0.000000E+00  0.000000E+00
  0.216283E+01 -0.144547E-01 -0.249135E+00  0.000000E+00  0.000000E+00  0.000000E+00  0.000000E+00
  0.162036E+01 -0.275924E-02  0.166983E+00  0.000000E+00  0.000000E+00  0.000000E+00  0.000000E+00
  0.241610E+01 -0.246428E+00 -0.186271E-01  0.000000E+00  0.000000E+00  0.000000E+00  0.000000E+00
  0.247267E+01 -0.181213E-01 -0.264397E+00  0.000000E+00  0.000000E+00  0.000000E+00  0.000000E+00
  0.277181E+01  0.293876E+00 -0.192195E-01  0.000000E+00  0.000000E+00  0.000000E+00  0.000000E+00
  0.191547E+01 -0.302784E-02  0.240937E+00  0.000000E+00  0.000000E+00  0.000000E+00  0.000000E+00
  0.210615E+01  0.239451E+00 -0.142062E-01  0.000000E+00  0.000000E+00  0.000000E+00  0.000000E+00
  0.211057E+01  0.291821E+00  0.112879E-02  0.000000E+00  0.000000E+00  0.000000E+00  0.000000E+00
  0.222033E+01  0.236393E+00 -0.168442E-01  0.000000E+00  0.000000E+00  0.000000E+00  0.000000E+00
  0.279281E+01 -0.318583E+00 -0.182053E-01  0.000000E+00  0.000000E+00  0.000000E+00  0.000000E+00
  0.198346E+01  0.258363E+00 -0.274807E-02  0.000000E+00  0.000000E+00  0.000000E+00  0.000000E+00
  0.260291E+01  0.323887E+00 -0.157331E-01  0.000000E+00  0.000000E+00  0.000000E+00  0.000000E+00
  0.247522E+01  0.322558E+00  0.136018E-01  0.000000E+00  0.000000E+00  0.000000E+00  0.000000E+00
  0.182671E+01  0.101666E-01  0.201216E+00  0.000000E+00  0.000000E+00  0.000000E+00  0.000000E+00
  0.241289E+01 -0.257385E+00  0.178984E-01  0.000000E+00  0.000000E+00  0.000000E+00  0.000000E+00
  0.233722E+01  0.255550E+00 -0.170545E-01  0.000000E+00  0.000000E+00  0.000000E+00  0.000000E+00
  0.204319E+01  0.770430E-02 -0.261672E+00  0.000000E+00  0.000000E+00  0.000000E+00  0.000000E+00
  0.193053E+01 -0.148848E-01 -0.198075E+00  0.000000E+00  0.000000E+00  0.000000E+00  0.000000E+00
  0.238037E+01 -0.240183E+00 -0.186401E-01  0.000000E+00  0.000000E+00  0.000000E+00  0.000000E+00
  0.268323E+01 -0.355727E+00  0.145275E-01  0.000000E+00  0.000000E+00  0.000000E+00  0.000000E+00
  0.281307E+01 -0.114909E-01 -0.417388E+00  0.000000E+00  0.000000E+00  0.000000E+00  0.000000E+00
  0.175087E+01  0.299238E-02  0.199605E+00  0.000000E+00  0.000000E+00  0.000000E+00  0.000000E+00
  0.197326E+01 -0.211132E+00  0.142949E-01  0.000000E+00  0.000000E+00  0.000000E+00  0.000000E+00
  0.250904E+01 -0.391128E+00  0.243792E-02  0.000000E+00  0.000000E+00  0.000000E+00  0.000000E+00
  0.261228E+01  0.304169E+00  0.172003E-01  0.000000E+00  0.000000E+00  0.000000E+00  0.000000E+00
  0.207792E+01 -0.371737E-02  0.280697E+00  0.000000E+00  0.000000E+00  0.000000E+00  0.000000E+00
  0.185645E+01 -0.222649E+00  0.527758E-02  0.000000E+00  0.000000E+00  0.000000E+00  0.000000E+00
  0.241106E+01  0.322092E+00  0.121129E-01  0.000000E+00  0.000000E+00  0.000000E+00  0.000000E+00
  0.254632E+01 -0.185754E-01 -0.269344E+00  0.000000E+00  0.000000E+00  0.000000E+00  0.000000E+00
  0.211585E+01 -0.238855E+00 -0.145237E-01  0.000000E+00  0.000000E+00  0.000000E+00  0.000000E+00
  0.270486E+01 -0.438920E+00 -0.320868E-02  0.000000E+00  0.000000E+00  0.000000E+00  0.000000E+00
  0.277896E+01 -0.134471E-02 -0.460672E+00  0.000000E+00  0.000000E+00  0.000000E+00  0.000000E+00
  0.267777E+01  0.186287E-01  0.290582E+00  0.000000E+00  0.000000E+00  0.000000E+00  0.000000E+00
  0.238471E+01  0.278980E+00 -0.159003E-01  0.000000E+00  0.000000E+00  0.000000E+00  0.000000E+00
  0.259178E+01  0.187807E-01  0.273224E+00  0.000000E+00  0.000000E+00  0.000000E+00  0.000000E+00
  0.216200E+01 -0.131009E-01  0.259886E+00  0.000000E+00  0.000000E+00  0.000000E+00  0.000000E+00
  0.177283E+01 -0.125356E-01 -0.178759E+00  0.000000E+00  0.000000E+00  0.000000E+00  0.000000E+00
  0.223445E+01 -0.161981E-01  0.246398E+00  0.000000E+00  0.000000E+00  0.000000E+00  0.000000E+00
  0.225667E+01  0.169400E-01 -0.242036E+00  0.000000E+00  0.000000E+00  0.000000E+00  0.000000E+00
  0.207213E+01  0.525567E-03  0.282325E+00  0.000000E+00  0.000000E+00  0.000000E+00  0.000000E+00
  0.207038E+01  0.257270E+00 -0.102274E-01  0.000000E+00  0.000000E+00  0.000000E+00  0.000000E+00
  0.229929E+01  0.158195E-01 -0.263194E+00  0.000000E+00  0.000000E+00  0.000000E+00  0.000000E+00
  0.251928E+01 -0.172785E-01  0.285904E+00  0.000000E+00  0.000000E+00  0.000000E+00  0.000000E+00
  0.237279E+01 -0.130294E-01  0.305966E+00  0.000000E+00  0.000000E+00  0.000000E+00  0.000000E+00
  0.205418E+01  0.253786E+00  0.101755E-01  0.000000E+00  0.000000E+00  0.000000E+00  0.000000E+00
  0.162797E+01 -0.106462E-02  0.169780E+00  0.000000E+00  0.000000E+00  0.000000E+00  0.000000E+00
  0.261584E+01 -0.390147E+00  0.926278E-02  0.000000E+00  0.000000E+00  0.000000E+00  0.000000E+00
  0.232233E+01 -0.315812E+00 -0.101731E-01  0.000000E+00  0.000000E+00  0.000000E+00  0.000000E+00
  0.268661E+01 -0.187674E-01  0.289336E+00  0.000000E+00  0.000000E+00  0.000000E+00  0.000000E+00
  0.271863E+01 -0.298042E+00 -0.186005E-01  0.000000E+00  0.000000E+00  0.000000E+00  0.000000E+00
  0.205449E+01 -0.243093E+00  0.121174E-01  0.000000E+00  0.000000E+00  0.000000E+00  0.000000E+00
  0.282633E+01 -0.170935E-01  0.345404E+00  0.000000E+00  0.000000E+00  0.000000E+00  0.000000E+00
  0.283801E+01  0.288520E+00  0.198911E-01  0.000000E+00  0.000000E+00  0.000000E+00  0.000000E+00
  0.186394E+01  0.396549E-02 -0.226769E+00  0.000000E+00  0.000000E+00  0.000000E+00  0.000000E+00
  0.262926E+01 -0.518713E-02 -0.414223E+00  0.000000E+00  0.000000E+00  0.000000E+00  0.000000E+00
  0.258084E+01 -0.730615E-02 -0.393229E+00  0.000000E+00  0.000000E+00  0.000000E+00  0.000000E+00
  0.276747E+01 -0.123420E-01 -0.398671E+00  0.000000E+00  0.000000E+00  0.000000E+00  0.000000E+00
  0.179487E+01  0.207932E+00 -0.498372E-02  0.000000E+00  0.000000E+00  0.000000E+00  0.000000E+00
  0.277193E+01  0.188697E-01  0.301457E+00  0.000000E+00  0.000000E+00  0.000000E+00  0.000000E+00
  0.275343E+01  0.169251E-02 -0.453833E+00  0.000000E+00  0.000000E+00  0.000000E+00  0.000000E+00
  0.213338E+01  0.151026E-02  0.297349E+00  0.000000E+00  0.000000E+00  0.000000E+00  0.000000E+00
  0.183979E+01  0.222910E+00 -0.190872E-02  0.000000E+00  0.000000E+00  0.000000E+00  0.000000E+00
  0.233975E+01  0.322874E+00  0.967257E-02  0.000000E+00  0.000000E+00  0.000000E+00  0.000000E+00
  0.178573E+01 -0.189536E+00 -0.107366E-01  0.000000E+00  0.000000E+00  0.000000E+00  0.000000E+00
  0.206172E+01 -0.165065E-01 -0.210103E+00  0.000000E+00  0.000000E+00  0.000000E+00  0.000000E+00
  0.211815E+01  0.980641E-02  0.270471E+00  0.000000E+00  0.000000E+00  0.000000E+00  0.000000E+00
  0.264298E+01 -0.151744E-01  0.339277E+00  0.000000E+00  0.000000E+00  0.000000E+00  0.000000E+00
  0.236513E+01  0.627029E-02  0.345170E+00  0.000000E+00  0.000000E+00  0.000000E+00  0.000000E+00
  0.276421E+01 -0.951594E-02  0.423159E+00  0.000000E+00  0.000000E+00  0.000000E+00  0.000000E+00
  0.278162E+01  0.124683E-01 -0.400453E+00  0.000000E+00  0.000000E+00  0.000000E+00  0.000000E+00
  0.252000E+01 -0.580278E-02 -0.384968E+00  0.000000E+00  0.000000E+00  0.000000E+00  0.000000E+00
  0.166187E+01  0.177331E+00  0.287848E-02  0.000000E+00  0.000000E+00  0.000000E+00  0.000000E+00
  0.236441E+01 -0.121602E-01  0.311384E+00  0.000000E+00  0.000000E+00  0.000000E+00  0.000000E+00
  0.201784E+01  0.268593E+00 -0.479640E-03  0.000000E+00  0.000000E+00  0.000000E+00  0.000000E+00
  0.259198E+01  0.175565E-01  0.294735E+00  0.000000E+00  0.000000E+00  0.000000E+00  0.000000E+00
  0.220684E+01  0.287157E+00 -0.105112E-01  0.000000E+00  0.000000E+00  0.000000E+00  0.000000E+00
  0.197721E+01  0.151283E-01 -0.205683E+00  0.000000E+00  0.000000E+00  0.000000E+00  0.000000E+00
  0.227284E+01  0.295683E+00  0.115251E-01  0.000000E+00  0.000000E+00  0.000000E+00  0.000000E+00
  0.235755E+01  0.285853E+00  0.147972E-01  0.000000E+00  0.000000E+00  0.000000E+00  0.000000E+00
  0.234249E+01 -0.173746E-01 -0.252260E+00  0.000000E+00  0.000000E+00  0.000000E+00  0.000000E+00
  0.279595E+01  0.327728E+00  0.177594E-01  0.000000E+00  0.000000E+00  0.000000E+00  0.000000E+00
  0.242186E+01  0.262281E+00  0.176781E-01  0.000000E+00  0.000000E+00  0.000000E+00  0.000000E+00
  0.166534E+01 -0.801563E-02  0.169926E+00  0.000000E+00  0.000000E+00  0.000000E+00  0.000000E+00
  0.167528E+01 -0.261270E-02 -0.180917E+00  0.000000E+00  0.000000E+00  0.000000E+00  0.000000E+00
  0.224352E+01  0.319669E+00 -0.481906E-02  0.000000E+00  0.000000E+00  0.000000E+00  0.000000E+00
  0.163104E+01 -0.170426E+00  0.144486E-02  0.000000E+00  0.000000E+00  0.000000E+00  0.000000E+00
  0.229493E+01 -0.311607E+00  0.981244E-02  0.000000E+00  0.000000E+00  0.000000E+00  0.000000E+00
  0.268288E+01 -0.316045E+00  0.172661E-01  0.000000E+00  0.000000E+00  0.000000E+00  0.000000E+00
  0.244166E+01  0.185816E-01 -0.251505E+00  0.000000E+00  0.000000E+00  0.000000E+00  0.000000E+00
  0.203968E+01 -0.227286E+00  0.139815E-01  0.000000E+00  0.000000E+00  0.000000E+00  0.000000E+00
  0.207756E+01  0.235223E+00 -0.139833E-01  0.000000E+00  0.000000E+00  0.000000E+00  0.000000E+00
  0.198809E+01  0.224598E+00 -0.127503E-01  0.000000E+00  0.000000E+00  0.000000E+00  0.000000E+00
  0.204538E+01  0.329619E-03  0.275589E+00  0.000000E+00  0.000000E+00  0.000000E+00  0.000000E+00
  0.198477E+01  0.108099E-01  0.234679E+00  0.000000E+00  0.000000E+00  0.000000E+00  0.000000E+00
  0.276092E+01  0.440512E+00 -0.661111E-02  0.000000E+00  0.000000E+00  0.000000E+00  0.000000E+00
  0.188275E+01 -0.233394E+00  0.235713E-02  0.000000E+00  0.000000E+00  0.000000E+00  0.000000E+00
  0.213154E+01 -0.214893E+00 -0.172840E-01  0.000000E+00  0.000000E+00  0.000000E+00  0.000000E+00
  0.250073E+01  0.613121E-02 -0.378960E+00  0.000000E+00  0.000000E+00  0.000000E+00  0.000000E+00
  0.236269E+01 -0.355348E+00  0.145353E-02  0.000000E+00  0.000000E+00  0.000000E+00  0.000000E+00
  0.257543E+01  0.191400E-01 -0.263638E+00  0.000000E+00  0.000000E+00  0.000000E+00  0.000000E+00
  0.161397E+01  0.220306E-02  0.165744E+00  0.000000E+00  0.000000E+00  0.000000E+00  0.000000E+00
  0.214686E+01  0.214348E+00 -0.175698E-01  0.000000E+00  0.000000E+00  0.000000E+00  0.000000E+00
  0.245745E+01  0.128051E-01 -0.326317E+00  0.000000E+00  0.000000E+00  0.000000E+00  0.000000E+00
  0.209841E+01  0.279757E+00 -0.628520E-02  0.000000E+00  0.000000E+00  0.000000E+00  0.000000E+00
  0.253981E+01  0.217155E-03 -0.400778E+00  0.000000E+00  0.000000E+00  0.000000E+00  0.000000E+00
  0.277879E+01 -0.461294E+00 -0.773292E-04  0.000000E+00  0.000000E+00  0.000000E+00  0.000000E+00
  0.231696E+01  0.149878E-01  0.275624E+00  0.000000E+00  0.000000E+00  0.000000E+00  0.000000E+00
  0.213994E+01  0.221193E+00  0.168589E-01  0.000000E+00  0.000000E+00  0.000000E+00  0.000000E+00
  0.247334E+01 -0.253007E+00 -0.188050E-01  0.000000E+00  0.000000E+00  0.000000E+00  0.000000E+00
  0.177602E+01  0.231941E-02 -0.206522E+00  0.000000E+00  0.000000E+00  0.000000E+00  0.000000E+00
  0.200184E+01  0.511163E-02  0.259000E+00  0.000000E+00  0.000000E+00  0.000000E+00  0.000000E+00
  0.160495E+01 -0.156022E-02  0.163786E+00  0.000000E+00  0.000000E+00  0.000000E+00  0.000000E+00
  0.226010E+01  0.170630E-01 -0.241168E+00  0.000000E+00  0.000000E+00  0.000000E+00  0.000000E+00
  0.202005E+01 -0.238496E+00 -0.115952E-01  0.000000E+00  0.000000E+00  0.000000E+00  0.000000E+00
  0.204792E+01 -0.257640E+00 -0.902204E-02  0.000000E+00  0.000000E+00  0.000000E+00  0.000000E+00
  0.244571E+01 -0.929137E-02  0.349966E+00  0.000000E+00  0.000000E+00  0.000000E+00  0.000000E+00
  0.186297E+01 -0.644272E-02  0.221682E+00  0.000000E+00  0.000000E+00  0.000000E+00  0.000000E+00
  0.205803E+01  0.457629E-02 -0.274106E+00  0.000000E+00  0.000000E+00  0.000000E+00  0.000000E+00
  0.174120E+01 -0.179011E+00 -0.108271E-01  0.000000E+00  0.000000E+00  0.000000E+00  0.000000E+00
  0.215567E+01 -0.165270E-01 -0.227748E+00  0.000000E+00  0.000000E+00  0.000000E+00  0.000000E+00
  0.239793E+01 -0.272364E+00  0.166356E-01  0.000000E+00  0.000000E+00  0.000000E+00  0.000000E+00
  0.215797E+01  0.399000E-02 -0.300220E+00  0.000000E+00  0.000000E+00  0.000000E+00  0.000000E+00
  0.212987E+01 -0.287668E+00  0.621924E-02  0.000000E+00  0.000000E+00  0.000000E+00  0.000000E+00
  0.213270E+01 -0.125831E-02  0.297343E+00  0.000000E+00  0.000000E+00  0.000000E+00  0.000000E+00
  0.236675E+01  0.186922E-01 -0.237051E+00  0.000000E+00  0.000000E+00  0.000000E+00  0.000000E+00
  0.233137E+01 -0.304599E+00 -0.120925E-01  0.000000E+00  0.000000E+00  0.000000E+00  0.000000E+00
  0.179144E+01 -0.600826E-02 -0.205128E+00  0.000000E+00  0.000000E+00  0.000000E+00  0.000000E+00
  0.276176E+01 -0.453355E+00  0.314425E-02  0.000000E+00  0.000000E+00  0.000000E+00  0.000000E+00
  0.225344E+01  0.160015E-02 -0.327617E+00  0.000000E+00  0.000000E+00  0.000000E+00  0.000000E+00
  0.186602E+01  0.132836E-01 -0.195019E+00  0.000000E+00  0.000000E+00  0.000000E+00  0.000000E+00
  0.221377E+01 -0.181119E-01  0.219368E+00  0.000000E+00  0.000000E+00  0.000000E+00  0.000000E+00
  0.184755E+01 -0.111270E-01  0.201957E+00  0.000000E+00  0.000000E+00  0.000000E+00  0.000000E+00
  0.210581E+01 -0.140408E-01  0.240699E+00  0.000000E+00  0.000000E+00  0.000000E+00  0.000000E+00
  0.281795E+01 -0.368734E+00  0.155655E-01  0.000000E+00  0.000000E+00  0.000000E+00  0.000000E+00
  0.211367E+01 -0.121831E-01  0.255769E+00  0.000000E+00  0.000000E+00  0.000000E+00  0.000000E+00
  0.276879E+01 -0.124926E-01  0.397379E+00  0.000000E+00  0.000000E+00  0.000000E+00  0.000000E+00
  0.271119E+01  0.191106E-01 -0.286371E+00  0.000000E+00  0.000000E+00  0.000000E+00  0.000000E+00
  0.280042E+01  0.933017E-02 -0.433047E+00  0.000000E+00  0.000000E+00  0.000000E+00  0.000000E+00
  0.235617E+01  0.271192E+00 -0.160879E-01  0.000000E+00  0.000000E+00  0.000000E+00  0.000000E+00
  0.274711E+01 -0.786087E-02  0.430285E+00  0.000000E+00  0.000000E+00  0.000000E+00  0.000000E+00
  0.190193E+01  0.140006E-01  0.198250E+00  0.000000E+00  0.000000E+00  0.000000E+00  0.000000E+00
  0.246415E+01 -0.377832E+00 -0.352128E-02  0.000000E+00  0.000000E+00  0.000000E+00  0.000000E+00
  0.251513E+01 -0.374584E+00  0.785093E-02  0.000000E+00  0.000000E+00  0.000000E+00  0.000000E+00
  0.230964E+01 -0.423906E-02 -0.337559E+00  0.000000E+00  0.000000E+00  0.000000E+00  0.000000E+00
  0.245469E+01 -0.300768E+00 -0.152281E-01  0.000000E+00  0.000000E+00  0.000000E+00  0.000000E+00
  0.175348E+01  0.186276E+00 -0.959097E-02  0.000000E+00  0.000000E+00  0.000000E+00  0.000000E+00
  0.259135E+01 -0.175200E-01  0.295217E+00  0.000000E+00  0.000000E+00  0.000000E+00  0.000000E+00
  0.262545E+01 -0.421479E+00  0.171484E-02  0.000000E+00  0.000000E+00  0.000000E+00  0.000000E+00
  0.217448E+01 -0.137132E-01 -0.257778E+00  0.000000E+00  0.000000E+00  0.000000E+00  0.000000E+00
  0.228673E+01  0.298097E+00  0.116255E-01  0.000000E+00  0.000000E+00  0.000000E+00  0.000000E+00
  0.217067E+01 -0.304430E+00 -0.342971E-02  0.000000E+00  0.000000E+00  0.000000E+00  0.000000E+00
  0.209174E+01  0.258380E+00  0.109396E-01  0.000000E+00  0.000000E+00  0.000000E+00  0.000000E+00
  0.207720E+01 -0.104244E-01  0.257832E+00  0.000000E+00  0.000000E+00  0.000000E+00  0.000000E+00
  0.266895E+01  0.283685E+00  0.189032E-01  0.000000E+00  0.000000E+00  0.000000E+00  0.000000E+00
  0.181676E+01 -0.933123E-02  0.201996E+00  0.000000E+00  0.000000E+00  0.000000E+00  0.000000E+00
  0.259912E+01 -0.400756E-02  0.410430E+00  0.000000E+00  0.000000E+00  0.000000E+00  0.000000E+00
  0.275718E+01 -0.411583E+00 -0.107440E-01  0.000000E+00  0.000000E+00  0.000000E+00  0.000000E+00
  0.275914E+01  0.514506E-02  0.446552E+00  0.000000E+00  0.000000E+00  0.000000E+00  0.000000E+00
  0.223842E+01  0.110444E-01  0.291104E+00  0.000000E+00  0.000000E+00  0.000000E+00  0.000000E+00
  0.225657E+01 -0.314278E+00  0.741383E-02  0.000000E+00  0.000000E+00  0.000000E+00  0.000000E+00
  0.188556E+01  0.199034E+00  0.133134E-01  0.000000E+00  0.000000E+00  0.000000E+00  0.000000E+00
  0.208698E+01  0.312867E-02  0.283897E+00  0.000000E+00  0.000000E+00  0.000000E+00  0.000000E+00
  0.189541E+01  0.703492E-02  0.228042E+00  0.000000E+00  0.000000E+00  0.000000E+00  0.000000E+00
  0.195633E+01 -0.634463E-02  0.244783E+00  0.000000E+00  0.000000E+00  0.000000E+00  0.000000E+00
  0.173735E+01  0.454776E-04 -0.197627E+00  0.000000E+00  0.000000E+00  0.000000E+00  0.000000E+00
  0.183108E+01 -0.221099E+00  0.120937E-02  0.000000E+00  0.000000E+00  0.000000E+00  0.000000E+00
  0.190882E+01 -0.218779E+00 -0.104935E-01  0.000000E+00  0.000000E+00  0.000000E+00  0.000000E+00
  0.198790E+01 -0.101260E-01 -0.238689E+00  0.000000E+00  0.000000E+00  0.000000E+00  0.000000E+00
  0.170408E+01  0.914300E-02  0.176096E+00  0.000000E+00  0.000000E+00  0.000000E+00  0.000000E+00
  0.279954E+01  0.372372E+00 -0.150618E-01  0.000000E+00  0.000000E+00  0.000000E+00  0.000000E+00
  0.226403E+01  0.129767E-01  0.282893E+00  0.000000E+00  0.000000E+00  0.000000E+00  0.000000E+00
  0.195497E+01 -0.251624E+00  0.233015E-02  0.000000E+00  0.000000E+00  0.000000E+00  0.000000E+00
  0.247028E+01  0.104357E-01 -0.348209E+00  0.000000E+00  0.000000E+00  0.000000E+00  0.000000E+00
  0.187689E+01  0.232592E+00  0.139854E-02  0.000000E+00  0.000000E+00  0.000000E+00  0.000000E+00
  0.188524E+01  0.200310E+00 -0.130833E-01  0.000000E+00  0.000000E+00  0.000000E+00  0.000000E+00
  0.233557E+01 -0.349067E+00 -0.249378E-03  0.000000E+00  0.000000E+00  0.000000E+00  0.000000E+00
  0.192691E+01 -0.968828E-02  0.226426E+00  0.000000E+00  0.000000E+00  0.000000E+00  0.000000E+00
  0.260025E+01 -0.169279E-01  0.306195E+00  0.000000E+00  0.000000E+00  0.000000E+00  0.000000E+00
  0.215798E+01  0.236101E+00 -0.157578E-01  0.000000E+00  0.000000E+00  0.000000E+00  0.000000E+00
  0.178814E+01  0.126415E-01 -0.181593E+00  0.000000E+00  0.000000E+00  0.000000E+00  0.000000E+00
  0.242510E+01  0.150312E-01 -0.297051E+00  0.000000E+00  0.000000E+00  0.000000E+00  0.000000E+00
  0.177568E+01  0.178996E+00  0.126157E-01  0.000000E+00  0.000000E+00  0.000000E+00  0.000000E+00
  0.209782E+01  0.282490E+00 -0.523328E-02  0.000000E+00  0.000000E+00  0.000000E+00  0.000000E+00
  0.270846E+01 -0.130304E-01 -0.378485E+00  0.000000E+00  0.000000E+00  0.000000E+00  0.000000E+00
  0.270254E+01 -0.337090E+00  0.161700E-01  0.000000E+00  0.000000E+00  0.000000E+00  0.000000E+00
  0.225685E+01  0.284146E+00  0.126189E-01  0.000000E+00  0.000000E+00  0.000000E+00  0.000000E+00
  0.180591E+01 -0.212420E+00  0.385045E-02  0.000000E+00  0.000000E+00  0.000000E+00  0.000000E+00
  0.273333E+01 -0.397007E+00 -0.117505E-01  0.000000E+00  0.000000E+00  0.000000E+00  0.000000E+00
  0.283472E+01 -0.782808E-02 -0.451547E+00  0.000000E+00  0.000000E+00  0.000000E+00  0.000000E+00
  0.269209E+01 -0.177617E-01  0.309181E+00  0.000000E+00  0.000000E+00  0.000000E+00  0.000000E+00
  0.168590E+01  0.182365E+00 -0.387961E-02  0.000000E+00  0.000000E+00  0.000000E+00  0.000000E+00
  0.192456E+01 -0.180392E-02  0.244385E+00  0.000000E+00  0.000000E+00  0.000000E+00  0.000000E+00
  0.223912E+01 -0.800664E-02  0.307565E+00  0.000000E+00  0.000000E+00  0.000000E+00  0.000000E+00
  0.166830E+01  0.180097E+00 -0.576177E-03  0.000000E+00  0.000000E+00  0.000000E+00  0.000000E+00
  0.281763E+01  0.332620E+00  0.177052E-01  0.000000E+00  0.000000E+00  0.000000E+00  0.000000E+00
  0.263062E+01  0.259646E+00  0.197582E-01  0.000000E+00  0.000000E+00  0.000000E+00  0.000000E+00
  0.203079E+01 -0.215399E+00 -0.152584E-01  0.000000E+00  0.000000E+00  0.000000E+00  0.000000E+00
  0.228354E+01  0.272951E+00  0.145714E-01  0.000000E+00  0.000000E+00  0.000000E+00  0.000000E+00
  0.179850E+01  0.209500E+00 -0.458130E-02  0.000000E+00  0.000000E+00  0.000000E+00  0.000000E+00
  0.197895E+01 -0.231866E+00 -0.111041E-01  0.000000E+00  0.000000E+00  0.000000E+00  0.000000E+00
  0.273895E+01 -0.282371E-02 -0.448323E+00  0.000000E+00  0.000000E+00  0.000000E+00  0.000000E+00
  0.161780E+01 -0.945069E-03 -0.167240E+00  0.000000E+00  0.000000E+00  0.000000E+00  0.000000E+00
  0.246832E+01  0.728800E-02  0.366070E+00  0.000000E+00  0.000000E+00  0.000000E+00  0.000000E+00
  0.175068E+01  0.200449E+00  0.185262E-02  0.000000E+00  0.000000E+00  0.000000E+00  0.000000E+00
  0.212580E+01 -0.279586E+00 -0.820313E-02  0.000000E+00  0.000000E+00  0.000000E+00  0.000000E+00
  0.275211E+01  0.103040E-01  0.414139E+00  0.000000E+00  0.000000E+00  0.000000E+00  0.000000E+00
  0.166428E+01 -0.380468E-02 -0.177042E+00  0.000000E+00  0.000000E+00  0.000000E+00  0.000000E+00
  0.245589E+01 -0.792518E-02  0.359969E+00  0.000000E+00  0.000000E+00  0.000000E+00  0.000000E+00
  0.229523E+01  0.147499E-01  0.273605E+00  0.000000E+00  0.000000E+00  0.000000E+00  0.000000E+00
  0.219983E+01 -0.151661E-01  0.250191E+00  0.000000E+00  0.000000E+00  0.000000E+00  0.000000E+00
  0.212609E+01 -0.141345E-01  0.244189E+00  0.000000E+00  0.000000E+00  0.000000E+00  0.000000E+00
  0.271598E+01  0.431806E-02 -0.438700E+00  0.000000E+00  0.000000E+00  0.000000E+00  0.000000E+00
  0.273638E+01  0.419454E+00  0.912796E-02  0.000000E+00  0.000000E+00  0.000000E+00  0.000000E+00
  0.181778E+01  0.204981E+00 -0.850691E-02  0.000000E+00  0.000000E+00  0.000000E+00  0.000000E+00
  0.273996E+01 -0.131616E-01  0.383834E+00  0.000000E+00  0.000000E+00  0.000000E+00  0.000000E+00
  0.237072E+01 -0.189096E-01  0.234165E+00  0.000000E+00  0.000000E+00  0.000000E+00  0.000000E+00
  0.243532E+01  0.323779E+00 -0.125468E-01  0.000000E+00  0.000000E+00  0.000000E+00  0.000000E+00
  0.243294E+01 -0.357726E+00 -0.723876E-02  0.000000E+00  0.000000E+00  0.000000E+00  0.000000E+00
  0.183106E+01  0.105330E-01 -0.200747E+00  0.000000E+00  0.000000E+00  0.000000E+00  0.000000E+00
  0.210423E+01 -0.274613E+00 -0.815754E-02  0.000000E+00  0.000000E+00  0.000000E+00  0.000000E+00
  0.250604E+01 -0.132681E-01  0.332442E+00  0.000000E+00  0.000000E+00  0.000000E+00  0.000000E+00
  0.267009E+01 -0.298492E+00 -0.181398E-01  0.000000E+00  0.000000E+00  0.000000E+00  0.000000E+00
  0.270608E+01  0.168864E-01 -0.326585E+00  0.000000E+00  0.000000E+00  0.000000E+00  0.000000E+00
  0.254832E+01 -0.313559E+00 -0.157016E-01  0.000000E+00  0.000000E+00  0.000000E+00  0.000000E+00
  0.260832E+01  0.413134E+00 -0.385595E-02  0.000000E+00  0.000000E+00  0.000000E+00  0.000000E+00
  0.186611E+01 -0.930930E-02 -0.213668E+00  0.000000E+00  0.000000E+00  0.000000E+00  0.000000E+00
  0.278965E+01  0.596333E-03 -0.463913E+00  0.000000E+00  0.000000E+00  0.000000E+00  0.000000E+00
  0.277769E+01 -0.197551E-01 -0.282532E+00  0.000000E+00  0.000000E+00  0.000000E+00  0.000000E+00
  0.272228E+01 -0.321004E+00  0.173973E-01  0.000000E+00  0.000000E+00  0.000000E+00  0.000000E+00
  0.282605E+01 -0.609205E-02  0.458996E+00  0.000000E+00  0.000000E+00  0.000000E+00  0.000000E+00
  0.220399E+01 -0.239953E+00  0.162511E-01  0.000000E+00  0.000000E+00  0.000000E+00  0.000000E+00
  0.193734E+01 -0.819635E-02 -0.234539E+00  0.000000E+00  0.000000E+00  0.000000E+00  0.000000E+00
  0.204471E+01 -0.218869E+00 -0.151781E-01  0.000000E+00  0.000000E+00  0.000000E+00  0.000000E+00
  0.206967E+01 -0.254993E+00 -0.106357E-01  0.000000E+00  0.000000E+00  0.000000E+00  0.000000E+00
  0.277546E+01  0.321929E+00 -0.178742E-01  0.000000E+00  0.000000E+00  0.000000E+00  0.000000E+00
  0.234175E+01  0.144686E-01  0.285957E+00  0.000000E+00  0.000000E+00  0.000000E+00  0.000000E+00
  0.192410E+01  0.197579E+00  0.147723E-01  0.000000E+00  0.000000E+00  0.000000E+00  0.000000E+00
  0.251596E+01 -0.109793E-01  0.354648E+00  0.000000E+00  0.000000E+00  0.000000E+00  0.000000E+00
  0.209649E+01 -0.208047E+00  0.173235E-01  0.000000E+00  0.000000E+00  0.000000E+00  0.000000E+00
  0.165086E+01 -0.375801E-02  0.173733E+00  0.000000E+00  0.000000E+00  0.000000E+00  0.000000E+00
  0.203319E+01 -0.271565E+00  0.209893E-02  0.000000E+00  0.000000E+00  0.000000E+00  0.000000E+00
  0.188220E+01 -0.140629E-01  0.193716E+00  0.000000E+00  0.000000E+00  0.000000E+00  0.000000E+00
  0.224621E+01 -0.579951E-04  0.326459E+00  0.000000E+00  0.000000E+00  0.000000E+00  0.000000E+00
  0.208882E+01 -0.286316E+00  0.113577E-02  0.000000E+00  0.000000E+00  0.000000E+00  0.000000E+00
  0.268146E+01  0.182709E-01 -0.298040E+00  0.000000E+00  0.000000E+00  0.000000E+00  0.000000E+00
  0.271090E+01 -0.435909E+00 -0.478156E-02  0.000000E+00  0.000000E+00  0.000000E+00  0.000000E+00
  0.237015E+01  0.356661E+00 -0.202537E-02  0.000000E+00  0.000000E+00  0.000000E+00  0.000000E+00
  0.268322E+01 -0.417180E+00  0.746120E-02  0.000000E+00  0.000000E+00  0.000000E+00  0.000000E+00
  0.274398E+01  0.324380E+00  0.174297E-01  0.000000E+00  0.000000E+00  0.000000E+00  0.000000E+00
  0.267527E+01 -0.686623E-02  0.418355E+00  0.000000E+00  0.000000E+00  0.000000E+00  0.000000E+00
  0.227069E+01 -0.255438E+00  0.160150E-01  0.000000E+00  0.000000E+00  0.000000E+00  0.000000E+00
  0.247168E+01 -0.349044E+00  0.103624E-01  0.000000E+00  0.000000E+00  0.000000E+00  0.000000E+00
  0.207803E+01 -0.516718E-02 -0.277750E+00  0.000000E+00  0.000000E+00  0.000000E+00  0.000000E+00
  0.176678E+01  0.197932E+00 -0.654255E-02  0.000000E+00  0.000000E+00  0.000000E+00  0.000000E+00
  0.193923E+01  0.142370E-01 -0.204465E+00  0.000000E+00  0.000000E+00  0.000000E+00  0.000000E+00
  0.276388E+01  0.438606E-02 -0.450426E+00  0.000000E+00  0.000000E+00  0.000000E+00  0.000000E+00
  0.178374E+01 -0.198967E+00  0.778322E-02  0.000000E+00  0.000000E+00  0.000000E+00  0.000000E+00
  0.197339E+01 -0.231474E+00 -0.109322E-01  0.000000E+00  0.000000E+00  0.000000E+00  0.000000E+00
  0.202274E+01  0.235362E+00 -0.122336E-01  0.000000E+00  0.000000E+00  0.000000E+00  0.000000E+00
  0.191003E+01  0.752926E-02 -0.230142E+00  0.000000E+00  0.000000E+00  0.000000E+00  0.000000E+00
  0.187019E+01 -0.209694E+00  0.105416E-01  0.000000E+00  0.000000E+00  0.000000E+00  0.000000E+00
  0.264548E+01 -0.152878E-01  0.338289E+00  0.000000E+00  0.000000E+00  0.000000E+00  0.000000E+00
  0.180906E+01  0.194232E+00  0.108906E-01  0.000000E+00  0.000000E+00  0.000000E+00  0.000000E+00
  0.180670E+01  0.663858E-02 -0.207460E+00  0.000000E+00  0.000000E+00  0.000000E+00  0.000000E+00
  0.269344E+01 -0.328769E+00 -0.166000E-01  0.000000E+00  0.000000E+00  0.000000E+00  0.000000E+00
  0.213024E+01 -0.137815E-01 -0.247879E+00  0.000000E+00  0.000000E+00  0.000000E+00  0.000000E+00
  0.234082E+01 -0.140291E-01 -0.290037E+00  0.000000E+00  0.000000E+00  0.000000E+00  0.000000E+00
  0.189837E+01 -0.627065E-02 -0.230773E+00  0.000000E+00  0.000000E+00  0.000000E+00  0.000000E+00
  0.200402E+01 -0.162449E-01 -0.201536E+00  0.000000E+00  0.000000E+00  0.000000E+00  0.000000E+00
  0.249739E+01 -0.245094E+00 -0.194480E-01  0.000000E+00  0.000000E+00  0.000000E+00  0.000000E+00
  0.281164E+01 -0.931648E-02 -0.435786E+00  0.000000E+00  0.000000E+00  0.000000E+00  0.000000E+00
  0.211663E+01 -0.284850E+00 -0.607560E-02  0.000000E+00  0.000000E+00  0.000000E+00  0.000000E+00
  0.192864E+01  0.203519E+00  0.140507E-01  0.000000E+00  0.000000E+00  0.000000E+00  0.000000E+00
  0.247712E+01  0.891167E-02 -0.359634E+00  0.000000E+00  0.000000E+00  0.000000E+00  0.000000E+00
  0.274571E+01 -0.148971E-01 -0.363728E+00  0.000000E+00  0.000000E+00  0.000000E+00  0.000000E+00
  0.231604E+01 -0.137185E-01 -0.287697E+00  0.000000E+00  0.000000E+00  0.000000E+00  0.000000E+00
  0.216229E+01  0.843282E-02 -0.287325E+00  0.000000E+00  0.000000E+00  0.000000E+00  0.000000E+00
  0.176356E+01 -0.995243E-02 -0.187379E+00  0.000000E+00  0.000000E+00  0.000000E+00  0.000000E+00
  0.235681E+01  0.455008E-02 -0.348540E+00  0.000000E+00  0.000000E+00  0.000000E+00  0.000000E+00
  0.284082E+01 -0.161838E+00  0.241648E-01  0.000000E+00  0.000000E+00  0.000000E+00  0.000000E+00
  0.284082E+01  0.176590E-01  0.199578E-01  0.000000E+00  0.000000E+00  0.000000E+00  0.000000E+00
  0.284082E+01  0.158013E-02  0.146773E+00  0.000000E+00  0.000000E+00  0.000000E+00  0.000000E+00
  0.284082E+01 -0.573434E-01 -0.232661E-01  0.000000E+00  0.000000E+00  0.000000E+00  0.000000E+00
  0.284082E+01  0.235689E+00 -0.630258E-02  0.000000E+00  0.000000E+00  0.000000E+00  0.000000E+00
  0.284082E+01  0.860400E-01 -0.100667E+00  0.000000E+00  0.000000E+00  0.000000E+00  0.000000E+00
  0.284082E+01 -0.632083E-01  0.951054E-01  0.000000E+00  0.000000E+00  0.000000E+00  0.000000E+00
  0.284082E+01  0.178031E-01 -0.549959E-01  0.000000E+00  0.000000E+00  0.000000E+00  0.000000E+00
  0.284082E+01  0.789891E-02  0.895848E-02  0.000000E+00  0.000000E+00  0.000000E+00  0.000000E+00
  0.284082E+01  0.826346E-01  0.166973E+00  0.000000E+00  0.000000E+00  0.000000E+00  0.000000E+00
  0.284082E+01  0.625053E-01  0.222554E+00  0.000000E+00  0.000000E+00  0.000000E+00  0.000000E+00
  0.284082E+01  0.467646E-01 -0.735798E-02  0.000000E+00  0.000000E+00  0.000000E+00  0.000000E+00
  0.284082E+01 -0.312487E-01  0.370796E-01  0.000000E+00  0.000000E+00  0.000000E+00  0.000000E+00
  0.284082E+01 -0.108374E-02 -0.301991E-01  0.000000E+00  0.000000E+00  0.000000E+00  0.000000E+00
  0.284082E+01 -0.376259E-01 -0.776371E-01  0.000000E+00  0.000000E+00  0.000000E+00  0.000000E+00
  0.284082E+01  0.234327E+00 -0.140881E-02  0.000000E+00  0.000000E+00  0.000000E+00  0.000000E+00
  0.284082E+01 -0.659662E-01  0.311365E-01  0.000000E+00  0.000000E+00  0.000000E+00  0.000000E+00
  0.284082E+01 -0.100878E-01  0.231574E+00  0.000000E+00  0.000000E+00  0.000000E+00  0.000000E+00
  0.284082E+01 -0.266988E-02 -0.195317E+00  0.000000E+00  0.000000E+00  0.000000E+00  0.000000E+00
  0.284082E+01 -0.728606E-01 -0.117855E+00  0.000000E+00  0.000000E+00  0.000000E+00  0.000000E+00
  0.284082E+01  0.909672E-01  0.211661E+00  0.000000E+00  0.000000E+00  0.000000E+00  0.000000E+00
  0.284082E+01 -0.423734E-01 -0.188623E+00  0.000000E+00  0.000000E+00  0.000000E+00  0.000000E+00
  0.284082E+01  0.174750E-01  0.105315E+00  0.000000E+00  0.000000E+00  0.000000E+00  0.000000E+00
  0.284082E+01  0.145472E-01  0.112408E+00  0.000000E+00  0.000000E+00  0.000000E+00  0.000000E+00
  0.284082E+01  0.656909E-01 -0.265724E-01  0.000000E+00  0.000000E+00  0.000000E+00  0.000000E+00
  0.284082E+01 -0.199140E+00  0.734797E-01  0.000000E+00  0.000000E+00  0.000000E+00  0.000000E+00
  0.284082E+01  0.243128E-01  0.232031E+00  0.000000E+00  0.000000E+00  0.000000E+00  0.000000E+00
  0.284082E+01  0.176196E-01 -0.506110E-01  0.000000E+00  0.000000E+00  0.000000E+00  0.000000E+00
  0.284082E+01 -0.125471E+00  0.649533E-01  0.000000E+00  0.000000E+00  0.000000E+00  0.000000E+00
  0.284082E+01 -0.154380E-01 -0.123173E-01  0.000000E+00  0.000000E+00  0.000000E+00  0.000000E+00
  0.284082E+01 -0.190901E-01 -0.276286E-01  0.000000E+00  0.000000E+00  0.000000E+00  0.000000E+00
  0.284082E+01  0.229687E+00 -0.733338E-01  0.000000E+00  0.000000E+00  0.000000E+00  0.000000E+00
  0.284082E+01 -0.156137E-01 -0.106578E+00  0.000000E+00  0.000000E+00  0.000000E+00  0.000000E+00
  0.284082E+01 -0.205464E+00 -0.764038E-01  0.000000E+00  0.000000E+00  0.000000E+00  0.000000E+00
  0.284082E+01 -0.175079E+00  0.740907E-01  0.000000E+00  0.000000E+00  0.000000E+00  0.000000E+00
  0.284082E+01 -0.441645E-01 -0.290420E-01  0.000000E+00  0.000000E+00  0.000000E+00  0.000000E+00
  0.284082E+01 -0.650340E-01  0.576082E-01  0.000000E+00  0.000000E+00  0.000000E+00  0.000000E+00
  0.284082E+01  0.786061E-01  0.157974E+00  0.000000E+00  0.000000E+00  0.000000E+00  0.000000E+00
  0.284082E+01  0.226409E-01  0.264823E-01  0.000000E+00  0.000000E+00  0.000000E+00  0.000000E+00
  0.284082E+01 -0.670330E-01  0.532594E-01  0.000000E+00  0.000000E+00  0.000000E+00  0.000000E+00
  0.284082E+01 -0.594763E-01  0.755234E-01  0.000000E+00  0.000000E+00  0.000000E+00  0.000000E+00
  0.284082E+01 -0.822022E-01  0.234818E-01  0.000000E+00  0.000000E+00  0.000000E+00  0.000000E+00
  0.284082E+01 -0.775883E-01  0.104394E+00  0.000000E+00  0.000000E+00  0.000000E+00  0.000000E+00
  0.284082E+01 -0.196355E+00  0.113552E+00  0.000000E+00  0.000000E+00  0.000000E+00  0.000000E+00
  0.284082E+01 -0.139898E+00 -0.183591E+00  0.000000E+00  0.000000E+00  0.000000E+00  0.000000E+00
  0.284082E+01  0.729694E-01 -0.166173E-02  0.000000E+00  0.000000E+00  0.000000E+00  0.000000E+00
  0.284082E+01 -0.109028E+00  0.181636E+00  0.000000E+00  0.000000E+00  0.000000E+00  0.000000E+00
  0.284082E+01  0.117861E-01 -0.111386E+00  0.000000E+00  0.000000E+00  0.000000E+00  0.000000E+00
  0.284082E+01 -0.115207E+00  0.155277E+00  0.000000E+00  0.000000E+00  0.000000E+00  0.000000E+00
  0.284082E+01  0.166592E+00  0.135628E+00  0.000000E+00  0.000000E+00  0.000000E+00  0.000000E+00
  0.284082E+01  0.613374E-01 -0.119561E+00  0.000000E+00  0.000000E+00  0.000000E+00  0.000000E+00
  0.284082E+01  0.594336E-01 -0.116001E+00  0.000000E+00  0.000000E+00  0.000000E+00  0.000000E+00
  0.284082E+01 -0.531983E-01  0.745158E-01  0.000000E+00  0.000000E+00  0.000000E+00  0.000000E+00
  0.284082E+01  0.308489E-01 -0.132172E+00  0.000000E+00  0.000000E+00  0.000000E+00  0.000000E+00
  0.284082E+01  0.102649E+00  0.146024E-01  0.000000E+00  0.000000E+00  0.000000E+00  0.000000E+00
  0.284082E+01 -0.131287E+00  0.148653E+00  0.000000E+00  0.000000E+00  0.000000E+00  0.000000E+00
  0.284082E+01 -0.121464E+00  0.377102E-01  0.000000E+00  0.000000E+00  0.000000E+00  0.000000E+00
  0.284082E+01 -0.187045E+00 -0.739468E-01  0.000000E+00  0.000000E+00  0.000000E+00  0.000000E+00
  0.284082E+01 -0.234131E+00  0.195996E-01  0.000000E+00  0.000000E+00  0.000000E+00  0.000000E+00
  0.284082E+01 -0.350006E-01 -0.640064E-01  0.000000E+00  0.000000E+00  0.000000E+00  0.000000E+00
  0.284082E+01  0.550927E-01 -0.774355E-01  0.000000E+00  0.000000E+00  0.000000E+00  0.000000E+00
  0.284082E+01  0.531688E-01 -0.229011E+00  0.000000E+00  0.000000E+00  0.000000E+00  0.000000E+00
  0.284082E+01  0.126398E-01  0.167693E-01  0.000000E+00  0.000000E+00  0.000000E+00  0.000000E+00
  0.284082E+01 -0.276058E-01  0.165962E+00  0.000000E+00  0.000000E+00  0.000000E+00  0.000000E+00
  0.284082E+01  0.207506E-01  0.204140E-01  0.000000E+00  0.000000E+00  0.000000E+00  0.000000E+00
  0.284082E+01  0.787296E-01 -0.494927E-01  0.000000E+00  0.000000E+00  0.000000E+00  0.000000E+00
  0.284082E+01 -0.111030E+00  0.116860E+00  0.000000E+00  0.000000E+00  0.000000E+00  0.000000E+00
  0.284082E+01  0.287449E-01  0.190529E+00  0.000000E+00  0.000000E+00  0.000000E+00  0.000000E+00
  0.284082E+01  0.122319E+00  0.116649E+00  0.000000E+00  0.000000E+00  0.000000E+00  0.000000E+00
  0.284082E+01 -0.239130E-01 -0.766710E-01  0.000000E+00  0.000000E+00  0.000000E+00  0.000000E+00
  0.284082E+01 -0.110091E+00  0.721051E-01  0.000000E+00  0.000000E+00  0.000000E+00  0.000000E+00
  0.284082E+01 -0.140882E+00 -0.201997E+00  0.000000E+00  0.000000E+00  0.000000E+00  0.000000E+00
  0.284082E+01  0.971853E-01 -0.135697E+00  0.000000E+00  0.000000E+00  0.000000E+00  0.000000E+00
  0.284082E+01  0.276989E-02  0.113488E+00  0.000000E+00  0.000000E+00  0.000000E+00  0.000000E+00
  0.284082E+01 -0.139158E-01 -0.125879E-01  0.000000E+00  0.000000E+00  0.000000E+00  0.000000E+00
  0.284082E+01 -0.280641E-01  0.100091E+00  0.000000E+00  0.000000E+00  0.000000E+00  0.000000E+00
  0.284082E+01 -0.983228E-01 -0.721675E-01  0.000000E+00  0.000000E+00  0.000000E+00  0.000000E+00
  0.284082E+01 -0.138716E+00 -0.214736E-01  0.000000E+00  0.000000E+00  0.000000E+00  0.000000E+00
  0.284082E+01 -0.396965E-01 -0.122524E+00  0.000000E+00  0.000000E+00  0.000000E+00  0.000000E+00
  0.284082E+01 -0.164197E-01 -0.518914E-01  0.000000E+00  0.000000E+00  0.000000E+00  0.000000E+00
  0.284082E+01 -0.186849E+00 -0.164342E+00  0.000000E+00  0.000000E+00  0.000000E+00  0.000000E+00
  0.284082E+01 -0.101449E-01  0.297881E-01  0.000000E+00  0.000000E+00  0.000000E+00  0.000000E+00
  0.284082E+01  0.166432E+00 -0.164314E+00  0.000000E+00  0.000000E+00  0.000000E+00  0.000000E+00
  0.284082E+01 -0.989342E-01  0.223252E+00  0.000000E+00  0.000000E+00  0.000000E+00  0.000000E+00
  0.284082E+01  0.182127E+00  0.947453E-01  0.000000E+00  0.000000E+00  0.000000E+00  0.000000E+00
  0.284082E+01 -0.170378E+00  0.136460E-01  0.000000E+00  0.000000E+00  0.000000E+00  0.000000E+00
  0.284082E+01  0.119406E+00 -0.117404E+00  0.000000E+00  0.000000E+00  0.000000E+00  0.000000E+00
  0.284082E+01  0.491186E-01 -0.104576E+00  0.000000E+00  0.000000E+00  0.000000E+00  0.000000E+00
  0.284082E+01  0.277507E-01 -0.108069E+00  0.000000E+00  0.000000E+00  0.000000E+00  0.000000E+00
  0.284082E+01 -0.116017E+00  0.376987E-01  0.000000E+00  0.000000E+00  0.000000E+00  0.000000E+00
  0.284082E+01  0.141892E+00  0.843631E-01  0.000000E+00  0.000000E+00  0.000000E+00  0.000000E+00
  0.284082E+01 -0.342099E-01 -0.184331E+00  0.000000E+00  0.000000E+00  0.000000E+00  0.000000E+00
  0.284082E+01 -0.113188E-01  0.247002E-01  0.000000E+00  0.000000E+00  0.000000E+00  0.000000E+00
  0.284082E+01  0.100294E-01 -0.111202E+00  0.000000E+00  0.000000E+00  0.000000E+00  0.000000E+00
  0.284082E+01 -0.110501E-01 -0.278898E-01  0.000000E+00  0.000000E+00  0.000000E+00  0.000000E+00
  0.284082E+01  0.286048E-02  0.332596E-02  0.000000E+00  0.000000E+00  0.000000E+00  0.000000E+00
  0.284082E+01 -0.113044E-01 -0.137409E-01  0.000000E+00  0.000000E+00  0.000000E+00  0.000000E+00
  0.284082E+01 -0.138465E+00  0.814234E-01  0.000000E+00  0.000000E+00  0.000000E+00  0.000000E+00
  0.284082E+01  0.149442E+00 -0.371656E-01  0.000000E+00  0.000000E+00  0.000000E+00  0.000000E+00
  0.284082E+01 -0.385539E-01  0.426241E-01  0.000000E+00  0.000000E+00  0.000000E+00  0.000000E+00
