  0.182156E+01  0.207933E+00  0.782954E-02  0.000000E+00  0.000000E+00  0.000000E+00  0.000000E+00
  0.258741E+01  0.755476E-02 -0.393542E+00  0.000000E+00  0.000000E+00  0.000000E+00  0.000000E+00
  0.275808E+01  0.455996E+00  0.393112E-03  0.000000E+00  0.000000E+00  0.000000E+00  0.000000E+00
  0.199435E+01 -0.142748E-01  0.215660E+00  0.000000E+00  0.000000E+00  0.000000E+00  0.000000E+00
  0.162879E+01  0.402501E-02  0.167922E+00  0.000000E+00  0.000000E+00  0.000000E+00  0.000000E+00
  0.181070E+01 -0.101357E-01  0.197631E+00  0.000000E+00  0.000000E+00  0.000000E+00  0.000000E+00
  0.270625E+01  0.904509E-03 -0.442640E+00  0.000000E+00  0.000000E+00  0.000000E+00  0.000000E+00
  0.243560E+01  0.190384E-01 -0.242663E+00  0.000000E+00  0.000000E+00  0.000000E+00  0.000000E+00
  0.195358E+01  0.128418E-01 -0.216532E+00  0.000000E+00  0.000000E+00  0.000000E+00  0.000000E+00
  0.241219E+01 -0.139423E-01 -0.305858E+00  0.000000E+00  0.000000E+00  0.000000E+00  0.000000E+00
  0.206067E+01 -0.251515E+00  0.109013E-01  0.000000E+00  0.000000E+00  0.000000E+00  0.000000E+00
  0.280783E+01  0.665027E-02  0.451764E+00  0.000000E+00  0.000000E+00  0.000000E+00  0.000000E+00
  0.229643E+01  0.477491E-02  0.332931E+00  0.000000E+00  0.000000E+00  0.000000E+00  0.000000E+00
  0.236022E+01 -0.173042E-01  0.256450E+00  0.000000E+00  0.000000E+00  0.000000E+00  0.000000E+00
  0.242051E+01 -0.348912E+00 -0.842453E-02  0.000000E+00  0.000000E+00  0.000000E+00  0.000000E+00
  0.176196E+01 -0.197577E+00  0.615842E-02  0.000000E+00  0.000000E+00  0.000000E+00  0.000000E+00
  0.201006E+01 -0.118062E-01 -0.235061E+00  0.000000E+00  0.000000E+00  0.000000E+00  0.000000E+00
  0.191455E+01 -0.145259E-01  0.197357E+00  0.000000E+00  0.000000E+00  0.000000E+00  0.000000E+00
  0.263690E+01 -0.425349E+00 -0.273331E-03  0.000000E+00  0.000000E+00  0.000000E+00  0.000000E+00
  0.182315E+01  0.441304E-02 -0.215904E+00  0.000000E+00  0.000000E+00  0.000000E+00  0.000000E+00
  0.218164E+01  0.227291E+00 -0.170075E-01  0.000000E+00  0.000000E+00  0.000000E+00  0.000000E+00
  0.186472E+01 -0.112915E-01 -0.205092E+00  0.000000E+00  0.000000E+00  0.000000E+00  0.000000E+00
  0.254484E+01  0.363019E+00 -0.107472E-01  0.000000E+00  0.000000E+00  0.000000E+00  0.000000E+00
  0.175206E+01  0.192512E+00  0.732609E-02  0.000000E+00  0.000000E+00  0.000000E+00  0.000000E+00
  0.270407E+01 -0.155165E-01  0.346862E+00  0.000000E+00  0.000000E+00  0.000000E+00  0.000000E+00
  0.250021E+01  0.277918E+00 -0.175744E-01  0.000000E+00  0.000000E+00  0.000000E+00  0.000000E+00
  0.249080E+01  0.386771E+00  0.227545E-02  0.000000E+00  0.000000E+00  0.000000E+00  0.000000E+00
  0.213766E+01  0.233009E+00 -0.156647E-01  0.000000E+00  0.000000E+00  0.000000E+00  0.000000E+00
  0.179877E+01 -0.482822E-02  0.209163E+00  0.000000E+00  0.000000E+00  0.000000E+00  0.000000E+00
  0.199905E+01  0.890683E-03 -0.263717E+00  0.000000E+00  0.000000E+00  0.000000E+00  0.000000E+00
  0.195144E+01 -0.105261E-01  0.228421E+00  0.000000E+00  0.000000E+00  0.000000E+00  0.000000E+00
  0.198257E+01 -0.244179E+00  0.851610E-02  0.000000E+00  0.000000E+00  0.000000E+00  0.000000E+00
  0.262426E+01 -0.177296E-01 -0.297643E+00  0.000000E+00  0.000000E+00  0.000000E+00  0.000000E+00
  0.252630E+01  0.172630E-01  0.287425E+00  0.000000E+00  0.000000E+00  0.000000E+00  0.000000E+00
  0.173724E+01  0.195709E+00  0.345068E-02  0.000000E+00  0.000000E+00  0.000000E+00  0.000000E+00
  0.248447E+01 -0.303323E+00 -0.155121E-01  0.000000E+00  0.000000E+00  0.000000E+00  0.000000E+00
  0.267179E+01  0.193088E-01  0.275805E+00  0.000000E+00  0.000000E+00  0.000000E+00  0.000000E+00
  0.209340E+01  0.123751E-01  0.250040E+00  0.000000E+00  0.000000E+00  0.000000E+00  0.000000E+00
  0.242887E+01 -0.436234E-02  0.366987E+00  0.000000E+00  0.000000E+00  0.000000E+00  0.000000E+00
  0.235994E+01 -0.102797E-01 -0.323830E+00  0.000000E+00  0.000000E+00  0.000000E+00  0.000000E+00
  0.188139E+01  0.399581E-02 -0.231086E+00  0.000000E+00  0.000000E+00  0.000000E+00  0.000000E+00
  0.268414E+01  0.110826E-01 -0.392013E+00  0.000000E+00  0.000000E+00  0.000000E+00  0.000000E+00
  0.259249E+01  0.350891E+00  0.132779E-01  0.000000E+00  0.000000E+00  0.000000E+00  0.000000E+00
  0.208542E+01 -0.274632E+00  0.690609E-02  0.000000E+00  0.000000E+00  0.000000E+00  0.000000E+00
  0.163795E+01 -0.271277E-02 -0.171442E+00  0.000000E+00  0.000000E+00  0.000000E+00  0.000000E+00
  0.216072E+01  0.124772E-01  0.264137E+00  0.000000E+00  0.000000E+00  0.000000E+00  0.000000E+00
  0.248932E+01  0.320225E+00 -0.141172E-01  0.000000E+00  0.000000E+00  0.000000E+00  0.000000E+00
  0.256698E+01 -0.251930E+00 -0.196549E-01  0.000000E+00  0.000000E+00  0.000000E+00  0.000000E+00
  0.279762E+01  0.995687E-02 -0.427504E+00  0.000000E+00  0.000000E+00  0.000000E+00  0.000000E+00
  0.249857E+01 -0.308458E+00  0.153210E-01  0.000000E+00  0.000000E+00  0.000000E+00  0.000000E+00
  0.180607E+01 -0.393168E-02  0.212350E+00  0.000000E+00  0.000000E+00  0.000000E+00  0.000000E+00
  0.199768E+01 -0.257506E+00 -0.531776E-02  0.000000E+00  0.000000E+00  0.000000E+00  0.000000E+00
  0.214790E+01 -0.260280E+00  0.126266E-01  0.000000E+00  0.000000E+00  0.000000E+00  0.000000E+00
  0.260649E+01 -0.100241E-01 -0.382629E+00  0.000000E+00  0.000000E+00  0.000000E+00  0.000000E+00
  0.242517E+01  0.188538E-01 -0.244140E+00  0.000000E+00  0.000000E+00  0.000000E+00  0.000000E+00
  0.192322E+01  0.192797E+00 -0.153940E-01  0.000000E+00  0.000000E+00  0.000000E+00  0.000000E+00
  0.216358E+01 -0.290470E+00  0.775417E-02  0.000000E+00  0.000000E+00  0.000000E+00  0.000000E+00
  0.235407E+01 -0.279377E+00  0.153366E-01  0.000000E+00  0.000000E+00  0.000000E+00  0.000000E+00
  0.222859E+01 -0.150852E-01 -0.256772E+00  0.000000E+00  0.000000E+00  0.000000E+00  0.000000E+00
  0.206644E+01  0.568658E-02  0.273582E+00  0.000000E+00  0.000000E+00  0.000000E+00  0.000000E+00
  0.250042E+01  0.251540E+00 -0.191335E-01  0.000000E+00  0.000000E+00  0.000000E+00  0.000000E+00
  0.260370E+01 -0.197318E-01  0.256038E+00  0.000000E+00  0.000000E+00  0.000000E+00  0.000000E+00
  0.194023E+01  0.137331E-01 -0.208061E+00  0.000000E+00  0.000000E+00  0.000000E+00  0.000000E+00
  0.190007E+01  0.228319E+00 -0.733318E-02  0.000000E+00  0.000000E+00  0.000000E+00  0.000000E+00
  0.203538E+01 -0.261061E+00  0.733538E-02  0.000000E+00  0.000000E+00  0.000000E+00  0.000000E+00
  0.181422E+01  0.647553E-02 -0.209681E+00  0.000000E+00  0.000000E+00  0.000000E+00  0.000000E+00
  0.180431E+01 -0.335526E-02 -0.212639E+00  0.000000E+00  0.000000E+00  0.000000E+00  0.000000E+00
  0.241320E+01 -0.274028E+00  0.167281E-01  0.000000E+00  0.000000E+00  0.000000E+00  0.000000E+00
  0.246129E+01  0.187497E-01 -0.251955E+00  0.000000E+00  0.000000E+00  0.000000E+00  0.000000E+00
  0.247521E+01  0.248014E+00  0.191017E-01  0.000000E+00  0.000000E+00  0.000000E+00  0.000000E+00
  0.179131E+01  0.186705E+00 -0.117037E-01  0.000000E+00  0.000000E+00  0.000000E+00  0.000000E+00
  0.191611E+01  0.112343E-01  0.216981E+00  0.000000E+00  0.000000E+00  0.000000E+00  0.000000E+00
  0.226801E+01 -0.288345E+00  0.123893E-01  0.000000E+00  0.000000E+00  0.000000E+00  0.000000E+00
  0.223635E+01 -0.165729E-01  0.242548E+00  0.000000E+00  0.000000E+00  0.000000E+00  0.000000E+00
  0.178304E+01 -0.197893E+00  0.810583E-02  0.000000E+00  0.000000E+00  0.000000E+00  0.000000E+00
  0.258198E+01  0.161756E-01  0.313733E+00  0.000000E+00  0.000000E+00  0.000000E+00  0.000000E+00
  0.171158E+01  0.184907E+00  0.631471E-02  0.000000E+00  0.000000E+00  0.000000E+00  0.000000E+00
  0.236973E+01  0.293855E+00  0.142574E-01  0.000000E+00  0.000000E+00  0.000000E+00  0.000000E+00
  0.281234E+01  0.338876E+00  0.173147E-01  0.000000E+00  0.000000E+00  0.000000E+00  0.000000E+00
  0.166492E+01 -0.133634E-02  0.179033E+00  0.000000E+00  0.000000E+00  0.000000E+00  0.000000E+00
  0.202435E+01  0.985438E-02  0.248404E+00  0.000000E+00  0.000000E+00  0.000000E+00  0.000000E+00
  0.267623E+01 -0.377001E+00 -0.125007E-01  0.000000E+00  0.000000E+00  0.000000E+00  0.000000E+00
  0.238465E+01 -0.342457E+00  0.800891E-02  0.000000E+00  0.000000E+00  0.000000E+00  0.000000E+00
  0.243019E+01 -0.155883E-01 -0.291640E+00  0.000000E+00  0.000000E+00  0.000000E+00  0.000000E+00
  0.192023E+01 -0.129103E-01 -0.208887E+00  0.000000E+00  0.000000E+00  0.000000E+00  0.000000E+00
  0.277621E+01  0.450910E+00 -0.511234E-02  0.000000E+00  0.000000E+00  0.000000E+00  0.000000E+00
  0.267875E+01 -0.300878E+00 -0.180920E-01  0.000000E+00  0.000000E+00  0.000000E+00  0.000000E+00
  0.254917E+01 -0.595098E-02 -0.391572E+00  0.000000E+00  0.000000E+00  0.000000E+00  0.000000E+00
  0.221248E+01 -0.309642E+00  0.566735E-02  0.000000E+00  0.000000E+00  0.000000E+00  0.000000E+00
  0.264751E+01 -0.347417E+00  0.146050E-01  0.000000E+00  0.000000E+00  0.000000E+00  0.000000E+00
  0.255451E+01 -0.290535E+00 -0.173950E-01  0.000000E+00  0.000000E+00  0.000000E+00  0.000000E+00
  0.212872E+01  0.232388E+00 -0.155441E-01  0.000000E+00  0.000000E+00  0.000000E+00  0.000000E+00
  0.258608E+01 -0.144159E-01 -0.337018E+00  0.000000E+00  0.000000E+00  0.000000E+00  0.000000E+00
  0.218835E+01  0.686248E-02 -0.299834E+00  0.000000E+00  0.000000E+00  0.000000E+00  0.000000E+00
  0.248183E+01  0.296592E-03 -0.386085E+00  0.000000E+00  0.000000E+00  0.000000E+00  0.000000E+00
  0.243245E+01  0.267690E+00  0.174398E-01  0.000000E+00  0.000000E+00  0.000000E+00  0.000000E+00
  0.168754E+01  0.423473E-02  0.182343E+00  0.000000E+00  0.000000E+00  0.000000E+00  0.000000E+00
  0.255731E+01  0.403483E+00  0.231426E-02  0.000000E+00  0.000000E+00  0.000000E+00  0.000000E+00
  0.181452E+01  0.628443E-02  0.210192E+00  0.000000E+00  0.000000E+00  0.000000E+00  0.000000E+00
  0.257192E+01  0.266056E+00  0.189849E-01  0.000000E+00  0.000000E+00  0.000000E+00  0.000000E+00
  0.206713E+01  0.959178E-02 -0.259607E+00  0.000000E+00  0.000000E+00  0.000000E+00  0.000000E+00
  0.234617E+01  0.769502E-02  0.334688E+00  0.000000E+00  0.000000E+00  0.000000E+00  0.000000E+00
  0.280227E+01 -0.407549E+00  0.122266E-01  0.000000E+00  0.000000E+00  0.000000E+00  0.000000E+00
  0.259393E+01 -0.382904E+00 -0.957268E-02  0.000000E+00  0.000000E+00  0.000000E+00  0.000000E+00
  0.276456E+01 -0.378794E+00  0.140325E-01  0.000000E+00  0.000000E+00  0.000000E+00  0.000000E+00
  0.257752E+01  0.153222E-01  0.324238E+00  0.000000E+00  0.000000E+00  0.000000E+00  0.000000E+00
  0.239171E+01  0.309833E+00 -0.130543E-01  0.000000E+00  0.000000E+00  0.000000E+00  0.000000E+00
  0.205638E+01  0.229664E+00  0.141304E-01  0.000000E+00  0.000000E+00  0.000000E+00  0.000000E+00
  0.283455E+01 -0.169324E-01 -0.349765E+00  0.000000E+00  0.000000E+00  0.000000E+00  0.000000E+00
  0.177242E+01 -0.738822E-02  0.197282E+00  0.000000E+00  0.000000E+00  0.000000E+00  0.000000E+00
  0.210148E+01  0.273777E+00 -0.820184E-02  0.000000E+00  0.000000E+00  0.000000E+00  0.000000E+00
  0.240736E+01  0.158809E-01  0.283642E+00  0.000000E+00  0.000000E+00  0.000000E+00  0.000000E+00
  0.191575E+01 -0.241079E+00 -0.296667E-02  0.000000E+00  0.000000E+00  0.000000E+00  0.000000E+00
  0.244310E+01  0.753060E-02 -0.358830E+00  0.000000E+00  0.000000E+00  0.000000E+00  0.000000E+00
  0.267360E+01  0.737261E-02 -0.415334E+00  0.000000E+00  0.000000E+00  0.000000E+00  0.000000E+00
  0.177250E+01 -0.202423E+00 -0.495911E-02  0.000000E+00  0.000000E+00  0.000000E+00  0.000000E+00
  0.209286E+01 -0.250141E+00  0.123418E-01  0.000000E+00  0.000000E+00  0.000000E+00  0.000000E+00
  0.254261E+01 -0.308029E+00  0.160354E-01  0.000000E+00  0.000000E+00  0.000000E+00  0.000000E+00
  0.191367E+01 -0.134576E-01 -0.204172E+00  0.000000E+00  0.000000E+00  0.000000E+00  0.000000E+00
  0.189412E+01 -0.237270E+00  0.497380E-03  0.000000E+00  0.000000E+00  0.000000E+00  0.000000E+00
  0.223474E+01 -0.315360E+00  0.559075E-02  0.000000E+00  0.000000E+00  0.000000E+00  0.000000E+00
  0.169662E+01  0.175669E+00 -0.867727E-02  0.000000E+00  0.000000E+00  0.000000E+00  0.000000E+00
  0.200190E+01 -0.264586E+00 -0.297758E-03  0.000000E+00  0.000000E+00  0.000000E+00  0.000000E+00
  0.206158E+01  0.270334E+00 -0.641986E-02  0.000000E+00  0.000000E+00  0.000000E+00  0.000000E+00
  0.203794E+01  0.142600E-01 -0.224832E+00  0.000000E+00  0.000000E+00  0.000000E+00  0.000000E+00
  0.216152E+01 -0.302470E+00  0.322398E-02  0.000000E+00  0.000000E+00  0.000000E+00  0.000000E+00
  0.274271E+01 -0.113392E-01 -0.402977E+00  0.000000E+00  0.000000E+00  0.000000E+00  0.000000E+00
  0.243645E+01 -0.169662E-01  0.275148E+00  0.000000E+00  0.000000E+00  0.000000E+00  0.000000E+00
  0.255378E+01  0.175027E-01 -0.288705E+00  0.000000E+00  0.000000E+00  0.000000E+00  0.000000E+00
  0.253510E+01 -0.351769E+00 -0.118602E-01  0.000000E+00  0.000000E+00  0.000000E+00  0.000000E+00
  0.254742E+01  0.551899E-02 -0.392784E+00  0.000000E+00  0.000000E+00  0.000000E+00  0.000000E+00
  0.197577E+01  0.457653E-03 -0.257948E+00  0.000000E+00  0.000000E+00  0.000000E+00  0.000000E+00
  0.251952E+01 -0.974405E-02  0.364365E+00  0.000000E+00  0.000000E+00  0.000000E+00  0.000000E+00
  0.222230E+01  0.274944E+00 -0.128365E-01  0.000000E+00  0.000000E+00  0.000000E+00  0.000000E+00
  0.235016E+01 -0.352471E+00  0.104183E-02  0.000000E+00  0.000000E+00  0.000000E+00  0.000000E+00
  0.235579E+01 -0.108922E-01 -0.318816E+00  0.000000E+00  0.000000E+00  0.000000E+00  0.000000E+00
  0.231783E+01 -0.354418E-02  0.341111E+00  0.000000E+00  0.000000E+00  0.000000E+00  0.000000E+00
  0.162598E+01 -0.169326E-02  0.169041E+00  0.000000E+00  0.000000E+00  0.000000E+00  0.000000E+00
  0.194028E+01 -0.203495E+00 -0.144076E-01  0.000000E+00  0.000000E+00  0.000000E+00  0.000000E+00
  0.260454E+01 -0.966111E-02 -0.384772E+00  0.000000E+00  0.000000E+00  0.000000E+00  0.000000E+00
  0.278419E+01 -0.377307E+00  0.144685E-01  0.000000E+00  0.000000E+00  0.000000E+00  0.000000E+00
  0.248106E+01  0.569392E-02  0.375775E+00  0.000000E+00  0.000000E+00  0.000000E+00  0.000000E+00
  0.282307E+01 -0.380801E-02  0.466994E+00  0.000000E+00  0.000000E+00  0.000000E+00  0.000000E+00
  0.270313E+01 -0.170893E-01 -0.322710E+00  0.000000E+00  0.000000E+00  0.000000E+00  0.000000E+00
  0.204078E+01  0.241463E+00 -0.118832E-01  0.000000E+00  0.000000E+00  0.000000E+00  0.000000E+00
  0.261611E+01 -0.280250E+00 -0.186245E-01  0.000000E+00  0.000000E+00  0.000000E+00  0.000000E+00
  0.223824E+01  0.286534E+00  0.117266E-01  0.000000E+00  0.000000E+00  0.000000E+00  0.000000E+00
  0.168779E+01 -0.182366E+00  0.426613E-02  0.000000E+00  0.000000E+00  0.000000E+00  0.000000E+00
  0.259780E+01 -0.131458E-01 -0.353398E+00  0.000000E+00  0.000000E+00  0.000000E+00  0.000000E+00
  0.199995E+01  0.257637E+00  0.550212E-02  0.000000E+00  0.000000E+00  0.000000E+00  0.000000E+00
  0.221347E+01 -0.245814E+00 -0.158727E-01  0.000000E+00  0.000000E+00  0.000000E+00  0.000000E+00
  0.164623E+01  0.798401E-03  0.174470E+00  0.000000E+00  0.000000E+00  0.000000E+00  0.000000E+00
  0.260681E+01 -0.598077E-02 -0.405625E+00  0.000000E+00  0.000000E+00  0.000000E+00  0.000000E+00
  0.257529E+01 -0.340258E+00  0.139310E-01  0.000000E+00  0.000000E+00  0.000000E+00  0.000000E+00
  0.213545E+01  0.298236E+00 -0.873546E-03  0.000000E+00  0.000000E+00  0.000000E+00  0.000000E+00
  0.218083E+01  0.118567E-01  0.272837E+00  0.000000E+00  0.000000E+00  0.000000E+00  0.000000E+00
  0.188554E+01  0.234881E+00  0.118530E-02  0.000000E+00  0.000000E+00  0.000000E+00  0.000000E+00
  0.266686E+01  0.148897E-01  0.347791E+00  0.000000E+00  0.000000E+00  0.000000E+00  0.000000E+00
  0.201989E+01  0.248075E+00  0.969992E-02  0.000000E+00  0.000000E+00  0.000000E+00  0.000000E+00
  0.271229E+01 -0.184044E-01 -0.300806E+00  0.000000E+00  0.000000E+00  0.000000E+00  0.000000E+00
  0.185360E+01 -0.701249E-02 -0.217943E+00  0.000000E+00  0.000000E+00  0.000000E+00  0.000000E+00
  0.167503E+01 -0.411152E-02  0.179373E+00  0.000000E+00  0.000000E+00  0.000000E+00  0.000000E+00
  0.261573E+01 -0.157723E-01  0.325877E+00  0.000000E+00  0.000000E+00  0.000000E+00  0.000000E+00
  0.198733E+01  0.121307E-01  0.228141E+00  0.000000E+00  0.000000E+00  0.000000E+00  0.000000E+00
  0.251473E+01  0.526466E-02 -0.385597E+00  0.000000E+00  0.000000E+00  0.000000E+00  0.000000E+00
  0.270568E+01 -0.162015E-01 -0.337221E+00  0.000000E+00  0.000000E+00  0.000000E+00  0.000000E+00
  0.220742E+01  0.249299E+00 -0.154133E-01  0.000000E+00  0.000000E+00  0.000000E+00  0.000000E+00
  0.181279E+01 -0.214794E+00  0.333199E-02  0.000000E+00  0.000000E+00  0.000000E+00  0.000000E+00
  0.185539E+01 -0.212368E+00  0.896878E-02  0.000000E+00  0.000000E+00  0.000000E+00  0.000000E+00
  0.255993E+01  0.366768E+00  0.107082E-01  0.000000E+00  0.000000E+00  0.000000E+00  0.000000E+00
  0.226294E+01 -0.322469E+00  0.554171E-02  0.000000E+00  0.000000E+00  0.000000E+00  0.000000E+00
  0.168722E+01  0.172189E+00  0.912071E-02  0.000000E+00  0.000000E+00  0.000000E+00  0.000000E+00
  0.275870E+01 -0.365716E+00 -0.149452E-01  0.000000E+00  0.000000E+00  0.000000E+00  0.000000E+00
  0.213492E+01 -0.298102E+00 -0.870697E-03  0.000000E+00  0.000000E+00  0.000000E+00  0.000000E+00
  0.223443E+01  0.135435E-01  0.271898E+00  0.000000E+00  0.000000E+00  0.000000E+00  0.000000E+00
  0.255839E+01  0.343384E+00  0.132968E-01  0.000000E+00  0.000000E+00  0.000000E+00  0.000000E+00
  0.245070E+01  0.327294E+00  0.125302E-01  0.000000E+00  0.000000E+00  0.000000E+00  0.000000E+00
  0.184508E+01  0.222016E+00 -0.399200E-02  0.000000E+00  0.000000E+00  0.000000E+00  0.000000E+00
  0.210816E+01 -0.214366E+00  0.169417E-01  0.000000E+00  0.000000E+00  0.000000E+00  0.000000E+00
  0.189950E+01  0.207927E+00  0.122752E-01  0.000000E+00  0.000000E+00  0.000000E+00  0.000000E+00
  0.189844E+01 -0.221608E+00 -0.921946E-02  0.000000E+00  0.000000E+00  0.000000E+00  0.000000E+00
  0.268462E+01  0.192435E-01 -0.279252E+00  0.000000E+00  0.000000E+00  0.000000E+00  0.000000E+00
  0.205323E+01 -0.261825E+00 -0.830791E-02  0.000000E+00  0.000000E+00  0.000000E+00  0.000000E+00
  0.239427E+01 -0.281116E+00  0.158779E-01  0.000000E+00  0.000000E+00  0.000000E+00  0.000000E+00
  0.235789E+01 -0.188925E-01  0.232322E+00  0.000000E+00  0.000000E+00  0.000000E+00  0.000000E+00
  0.211939E+01  0.134816E-01 -0.247883E+00  0.000000E+00  0.000000E+00  0.000000E+00  0.000000E+00
  0.226112E+01 -0.325911E+00  0.403206E-02  0.000000E+00  0.000000E+00  0.000000E+00  0.000000E+00
  0.221664E+01 -0.128667E-01 -0.273485E+00  0.000000E+00  0.000000E+00  0.000000E+00  0.000000E+00
  0.240659E+01 -0.145183E-01  0.298824E+00  0.000000E+00  0.000000E+00  0.000000E+00  0.000000E+00
  0.272576E+01  0.447398E+00 -0.114738E-02  0.000000E+00  0.000000E+00  0.000000E+00  0.000000E+00
  0.257591E+01  0.763634E-02  0.390340E+00  0.000000E+00  0.000000E+00  0.000000E+00  0.000000E+00
  0.212107E+01  0.239463E+00  0.145792E-01  0.000000E+00  0.000000E+00  0.000000E+00  0.000000E+00
  0.223165E+01  0.428967E-02  0.317986E+00  0.000000E+00  0.000000E+00  0.000000E+00  0.000000E+00
  0.205315E+01  0.130767E-01  0.236580E+00  0.000000E+00  0.000000E+00  0.000000E+00  0.000000E+00
  0.198840E+01 -0.211522E+00 -0.146660E-01  0.000000E+00  0.000000E+00  0.000000E+00  0.000000E+00
  0.198824E+01  0.131526E-01 -0.222085E+00  0.000000E+00  0.000000E+00  0.000000E+00  0.000000E+00
  0.194859E+01  0.198280E+00 -0.153398E-01  0.000000E+00  0.000000E+00  0.000000E+00  0.000000E+00
  0.233538E+01 -0.141241E-01 -0.287994E+00  0.000000E+00  0.000000E+00  0.000000E+00  0.000000E+00
  0.249637E+01 -0.283105E+00 -0.171846E-01  0.000000E+00  0.000000E+00  0.000000E+00  0.000000E+00
  0.181415E+01  0.303582E-02 -0.215464E+00  0.000000E+00  0.000000E+00  0.000000E+00  0.000000E+00
  0.253601E+01  0.179349E-01 -0.278547E+00  0.000000E+00  0.000000E+00  0.000000E+00  0.000000E+00
  0.167417E+01 -0.105568E-02 -0.181470E+00  0.000000E+00  0.000000E+00  0.000000E+00  0.000000E+00
  0.235463E+01 -0.270683E+00 -0.161055E-01  0.000000E+00  0.000000E+00  0.000000E+00  0.000000E+00
  0.202115E+01  0.267281E+00 -0.318579E-02  0.000000E+00  0.000000E+00  0.000000E+00  0.000000E+00
  0.247550E+01 -0.260170E+00  0.184082E-01  0.000000E+00  0.000000E+00  0.000000E+00  0.000000E+00
  0.262774E+01  0.400921E+00  0.798019E-02  0.000000E+00  0.000000E+00  0.000000E+00  0.000000E+00
  0.175874E+01 -0.107613E-01 -0.183270E+00  0.000000E+00  0.000000E+00  0.000000E+00  0.000000E+00
  0.203886E+01 -0.154234E-01  0.215613E+00  0.000000E+00  0.000000E+00  0.000000E+00  0.000000E+00
  0.165416E+01  0.770550E-02 -0.167968E+00  0.000000E+00  0.000000E+00  0.000000E+00  0.000000E+00
  0.200771E+01  0.261924E+00 -0.439959E-02  0.000000E+00  0.000000E+00  0.000000E+00  0.000000E+00
  0.278575E+01  0.336248E+00  0.171885E-01  0.000000E+00  0.000000E+00  0.000000E+00  0.000000E+00
  0.271368E+01  0.270096E+00 -0.198634E-01  0.000000E+00  0.000000E+00  0.000000E+00  0.000000E+00
  0.272197E+01 -0.429681E+00  0.687494E-02  0.000000E+00  0.000000E+00  0.000000E+00  0.000000E+00
  0.271182E+01 -0.314873E+00  0.176396E-01  0.000000E+00  0.000000E+00  0.000000E+00  0.000000E+00
  0.179180E+01  0.999319E-02  0.193787E+00  0.000000E+00  0.000000E+00  0.000000E+00  0.000000E+00
  0.210400E+01  0.252865E+00  0.123007E-01  0.000000E+00  0.000000E+00  0.000000E+00  0.000000E+00
  0.242985E+01  0.305732E+00  0.143176E-01  0.000000E+00  0.000000E+00  0.000000E+00  0.000000E+00
  0.219340E+01  0.177301E-01 -0.220729E+00  0.000000E+00  0.000000E+00  0.000000E+00  0.000000E+00
  0.184482E+01  0.418878E-02  0.221658E+00  0.000000E+00  0.000000E+00  0.000000E+00  0.000000E+00
  0.186050E+01 -0.228188E+00  0.183672E-02  0.000000E+00  0.000000E+00  0.000000E+00  0.000000E+00
  0.184999E+01 -0.129157E-01  0.193629E+00  0.000000E+00  0.000000E+00  0.000000E+00  0.000000E+00
  0.283876E+01  0.476208E+00 -0.845814E-03  0.000000E+00  0.000000E+00  0.000000E+00  0.000000E+00
  0.165443E+01 -0.143520E-02  0.176343E+00  0.000000E+00  0.000000E+00  0.000000E+00  0.000000E+00
  0.177756E+01 -0.199389E+00  0.704374E-02  0.000000E+00  0.000000E+00  0.000000E+00  0.000000E+00
  0.199939E+01  0.261973E+00  0.306871E-02  0.000000E+00  0.000000E+00  0.000000E+00  0.000000E+00
  0.263539E+01  0.196876E-01 -0.261927E+00  0.000000E+00  0.000000E+00  0.000000E+00  0.000000E+00
  0.252411E+01 -0.281081E+00 -0.176469E-01  0.000000E+00  0.000000E+00  0.000000E+00  0.000000E+00
  0.201348E+01 -0.144269E-01 -0.218496E+00  0.000000E+00  0.000000E+00  0.000000E+00  0.000000E+00
  0.162516E+01  0.168455E+00  0.237883E-02  0.000000E+00  0.000000E+00  0.000000E+00  0.000000E+00
  0.219947E+01 -0.116155E-01  0.278603E+00  0.000000E+00  0.000000E+00  0.000000E+00  0.000000E+00
  0.229538E+01 -0.226642E+00  0.185874E-01  0.000000E+00  0.000000E+00  0.000000E+00  0.000000E+00
  0.179003E+01 -0.110318E-02  0.210759E+00  0.000000E+00  0.000000E+00  0.000000E+00  0.000000E+00
  0.201664E+01  0.153389E-01 -0.211893E+00  0.000000E+00  0.000000E+00  0.000000E+00  0.000000E+00
  0.247166E+01  0.362287E+00 -0.820605E-02  0.000000E+00  0.000000E+00  0.000000E+00  0.000000E+00
  0.173106E+01  0.493995E-02  0.192169E+00  0.000000E+00  0.000000E+00  0.000000E+00  0.000000E+00
  0.227732E+01  0.331407E+00  0.330133E-02  0.000000E+00  0.000000E+00  0.000000E+00  0.000000E+00
  0.204882E+01  0.979252E-02 -0.254391E+00  0.000000E+00  0.000000E+00  0.000000E+00  0.000000E+00
  0.188934E+01 -0.235447E+00  0.186818E-02  0.000000E+00  0.000000E+00  0.000000E+00  0.000000E+00
  0.246876E+01  0.747811E-02 -0.365277E+00  0.000000E+00  0.000000E+00  0.000000E+00  0.000000E+00
  0.202768E+01  0.241342E+00 -0.113928E-01  0.000000E+00  0.000000E+00  0.000000E+00  0.000000E+00
  0.227597E+01  0.152466E-01 -0.264692E+00  0.000000E+00  0.000000E+00  0.000000E+00  0.000000E+00
  0.205388E+01 -0.147879E-01  0.223961E+00  0.000000E+00  0.000000E+00  0.000000E+00  0.000000E+00
  0.189812E+01 -0.205069E+00  0.127386E-01  0.000000E+00  0.000000E+00  0.000000E+00  0.000000E+00
  0.186521E+01 -0.211123E+00  0.991862E-02  0.000000E+00  0.000000E+00  0.000000E+00  0.000000E+00
  0.184023E+01 -0.198346E+00  0.115555E-01  0.000000E+00  0.000000E+00  0.000000E+00  0.000000E+00
  0.264051E+01  0.957926E-02 -0.393751E+00  0.000000E+00  0.000000E+00  0.000000E+00  0.000000E+00
  0.252597E+01  0.309094E+00 -0.157064E-01  0.000000E+00  0.000000E+00  0.000000E+00  0.000000E+00
  0.279025E+01 -0.782867E-02  0.440851E+00  0.000000E+00  0.000000E+00  0.000000E+00  0.000000E+00
  0.266255E+01  0.374013E+00  0.124994E-01  0.000000E+00  0.000000E+00  0.000000E+00  0.000000E+00
  0.278404E+01  0.311435E+00  0.184867E-01  0.000000E+00  0.000000E+00  0.000000E+00  0.000000E+00
  0.227893E+01 -0.134728E-01 -0.281976E+00  0.000000E+00  0.000000E+00  0.000000E+00  0.000000E+00
  0.178003E+01 -0.207282E+00  0.262290E-02  0.000000E+00  0.000000E+00  0.000000E+00  0.000000E+00
  0.269052E+01  0.174648E-01  0.314078E+00  0.000000E+00  0.000000E+00  0.000000E+00  0.000000E+00
  0.216697E+01 -0.264309E+00 -0.126456E-01  0.000000E+00  0.000000E+00  0.000000E+00  0.000000E+00
  0.253689E+01  0.392566E+00  0.481434E-02  0.000000E+00  0.000000E+00  0.000000E+00  0.000000E+00
  0.249955E+01 -0.157490E-01  0.303350E+00  0.000000E+00  0.000000E+00  0.000000E+00  0.000000E+00
  0.172931E+01 -0.987415E-02  0.179689E+00  0.000000E+00  0.000000E+00  0.000000E+00  0.000000E+00
  0.167519E+01  0.582525E-02  0.176884E+00  0.000000E+00  0.000000E+00  0.000000E+00  0.000000E+00
  0.260821E+01  0.163773E-01  0.315903E+00  0.000000E+00  0.000000E+00  0.000000E+00  0.000000E+00
  0.242673E+01 -0.130341E-01 -0.317580E+00  0.000000E+00  0.000000E+00  0.000000E+00  0.000000E+00
  0.218573E+01 -0.221042E+00  0.175948E-01  0.000000E+00  0.000000E+00  0.000000E+00  0.000000E+00
  0.275823E+01  0.200705E-01  0.271931E+00  0.000000E+00  0.000000E+00  0.000000E+00  0.000000E+00
  0.255029E+01  0.167979E-01 -0.298804E+00  0.000000E+00  0.000000E+00  0.000000E+00  0.000000E+00
  0.228640E+01  0.287140E+00  0.130489E-01  0.000000E+00  0.000000E+00  0.000000E+00  0.000000E+00
  0.237835E+01  0.255147E+00 -0.176324E-01  0.000000E+00  0.000000E+00  0.000000E+00  0.000000E+00
  0.215305E+01  0.279856E+00  0.955991E-02  0.000000E+00  0.000000E+00  0.000000E+00  0.000000E+00
  0.182493E+01 -0.204386E+00 -0.919736E-02  0.000000E+00  0.000000E+00  0.000000E+00  0.000000E+00
  0.260402E+01  0.484730E-02 -0.409133E+00  0.000000E+00  0.000000E+00  0.000000E+00  0.000000E+00
  0.181092E+01  0.210181E+00 -0.588271E-02  0.000000E+00  0.000000E+00  0.000000E+00  0.000000E+00
  0.176669E+01  0.189373E+00 -0.958881E-02  0.000000E+00  0.000000E+00  0.000000E+00  0.000000E+00
  0.170626E+01  0.176980E+00 -0.901798E-02  0.000000E+00  0.000000E+00  0.000000E+00  0.000000E+00
  0.229484E+01 -0.467827E-02  0.332787E+00  0.000000E+00  0.000000E+00  0.000000E+00  0.000000E+00
  0.239038E+01  0.865290E-02 -0.340525E+00  0.000000E+00  0.000000E+00  0.000000E+00  0.000000E+00
  0.172006E+01  0.193119E+00  0.917063E-03  0.000000E+00  0.000000E+00  0.000000E+00  0.000000E+00
  0.211109E+01  0.261760E+00 -0.111179E-01  0.000000E+00  0.000000E+00  0.000000E+00  0.000000E+00
  0.208698E+01 -0.265898E+00 -0.923680E-02  0.000000E+00  0.000000E+00  0.000000E+00  0.000000E+00
  0.184209E+01 -0.190073E+00  0.132504E-01  0.000000E+00  0.000000E+00  0.000000E+00  0.000000E+00
  0.198093E+01 -0.243418E+00 -0.861422E-02  0.000000E+00  0.000000E+00  0.000000E+00  0.000000E+00
  0.165244E+01 -0.212456E-02  0.175494E+00  0.000000E+00  0.000000E+00  0.000000E+00  0.000000E+00
  0.181138E+01  0.184952E+00 -0.129742E-01  0.000000E+00  0.000000E+00  0.000000E+00  0.000000E+00
  0.271261E+01  0.464488E-02 -0.436801E+00  0.000000E+00  0.000000E+00  0.000000E+00  0.000000E+00
  0.170254E+01  0.187163E+00  0.329913E-02  0.000000E+00  0.000000E+00  0.000000E+00  0.000000E+00
  0.196614E+01 -0.245495E+00  0.694454E-02  0.000000E+00  0.000000E+00  0.000000E+00  0.000000E+00
  0.273378E+01 -0.196073E-01 -0.279115E+00  0.000000E+00  0.000000E+00  0.000000E+00  0.000000E+00
  0.196399E+01 -0.462828E-02 -0.250599E+00  0.000000E+00  0.000000E+00  0.000000E+00  0.000000E+00
  0.272503E+01 -0.277881E+00  0.196011E-01  0.000000E+00  0.000000E+00  0.000000E+00  0.000000E+00
  0.272353E+01  0.310154E+00 -0.180143E-01  0.000000E+00  0.000000E+00  0.000000E+00  0.000000E+00
  0.248732E+01  0.315706E+00 -0.144963E-01  0.000000E+00  0.000000E+00  0.000000E+00  0.000000E+00
  0.216620E+01  0.182658E-03  0.306195E+00  0.000000E+00  0.000000E+00  0.000000E+00  0.000000E+00
  0.186932E+01 -0.211108E+00  0.101581E-01  0.000000E+00  0.000000E+00  0.000000E+00  0.000000E+00
  0.223600E+01 -0.958091E-02 -0.299148E+00  0.000000E+00  0.000000E+00  0.000000E+00  0.000000E+00
  0.197993E+01 -0.214385E+00  0.140328E-01  0.000000E+00  0.000000E+00  0.000000E+00  0.000000E+00
  0.238760E+01  0.335685E+00 -0.939815E-02  0.000000E+00  0.000000E+00  0.000000E+00  0.000000E+00
  0.265002E+01 -0.171237E-01  0.312343E+00  0.000000E+00  0.000000E+00  0.000000E+00  0.000000E+00
  0.242627E+01 -0.329644E+00  0.115907E-01  0.000000E+00  0.000000E+00  0.000000E+00  0.000000E+00
  0.262610E+01  0.300198E+00  0.175976E-01  0.000000E+00  0.000000E+00  0.000000E+00  0.000000E+00
  0.207065E+01  0.277463E+00  0.447154E-02  0.000000E+00  0.000000E+00  0.000000E+00  0.000000E+00
  0.174495E+01 -0.198069E+00  0.304286E-02  0.000000E+00  0.000000E+00  0.000000E+00  0.000000E+00
  0.174194E+01 -0.266860E-02  0.197653E+00  0.000000E+00  0.000000E+00  0.000000E+00  0.000000E+00
  0.261976E+01 -0.318815E+00  0.163290E-01  0.000000E+00  0.000000E+00  0.000000E+00  0.000000E+00
  0.217406E+01 -0.237501E+00  0.159322E-01  0.000000E+00  0.000000E+00  0.000000E+00  0.000000E+00
  0.179014E+01 -0.196400E+00 -0.913605E-02  0.000000E+00  0.000000E+00  0.000000E+00  0.000000E+00
  0.236189E+01  0.308823E+00 -0.124098E-01  0.000000E+00  0.000000E+00  0.000000E+00  0.000000E+00
  0.213979E+01  0.114394E-01  0.266321E+00  0.000000E+00  0.000000E+00  0.000000E+00  0.000000E+00
  0.271844E+01  0.183728E-01 -0.302471E+00  0.000000E+00  0.000000E+00  0.000000E+00  0.000000E+00
  0.182971E+01  0.211064E+00  0.741515E-02  0.000000E+00  0.000000E+00  0.000000E+00  0.000000E+00
  0.251621E+01  0.335764E+00 -0.131523E-01  0.000000E+00  0.000000E+00  0.000000E+00  0.000000E+00
  0.232972E+01  0.179825E-01 -0.241479E+00  0.000000E+00  0.000000E+00  0.000000E+00  0.000000E+00
  0.253289E+01 -0.379054E+00 -0.781288E-02  0.000000E+00  0.000000E+00  0.000000E+00  0.000000E+00
  0.262138E+01 -0.987224E-02  0.387191E+00  0.000000E+00  0.000000E+00  0.000000E+00  0.000000E+00
  0.163101E+01 -0.170365E+00  0.157817E-02  0.000000E+00  0.000000E+00  0.000000E+00  0.000000E+00
  0.186969E+01 -0.214144E+00 -0.940775E-02  0.000000E+00  0.000000E+00  0.000000E+00  0.000000E+00
  0.241659E+01  0.108018E-01  0.333317E+00  0.000000E+00  0.000000E+00  0.000000E+00  0.000000E+00
  0.228804E+01 -0.170368E-01 -0.246668E+00  0.000000E+00  0.000000E+00  0.000000E+00  0.000000E+00
  0.257405E+01  0.276834E+00 -0.184204E-01  0.000000E+00  0.000000E+00  0.000000E+00  0.000000E+00
  0.206891E+01  0.111624E-01  0.251946E+00  0.000000E+00  0.000000E+00  0.000000E+00  0.000000E+00
  0.216946E+01  0.901884E-02 -0.286354E+00  0.000000E+00  0.000000E+00  0.000000E+00  0.000000E+00
  0.244669E+01 -0.343621E+00  0.103134E-01  0.000000E+00  0.000000E+00  0.000000E+00  0.000000E+00
  0.194302E+01  0.234711E+00  0.853089E-02  0.000000E+00  0.000000E+00  0.000000E+00  0.000000E+00
  0.186556E+01 -0.128155E-01  0.197556E+00  0.000000E+00  0.000000E+00  0.000000E+00  0.000000E+00
  0.262110E+01 -0.189945E-01  0.273968E+00  0.000000E+00  0.000000E+00  0.000000E+00  0.000000E+00
  0.166190E+01  0.334092E-02 -0.176924E+00  0.000000E+00  0.000000E+00  0.000000E+00  0.000000E+00
  0.272995E+01  0.294734E+00 -0.188576E-01  0.000000E+00  0.000000E+00  0.000000E+00  0.000000E+00
  0.200382E+01  0.234551E+00 -0.116495E-01  0.000000E+00  0.000000E+00  0.000000E+00  0.000000E+00
  0.218719E+01  0.284529E+00 -0.101784E-01  0.000000E+00  0.000000E+00  0.000000E+00  0.000000E+00
  0.177869E+01 -0.191471E+00  0.979100E-02  0.000000E+00  0.000000E+00  0.000000E+00  0.000000E+00
  0.218650E+01  0.228924E+00  0.169440E-01  0.000000E+00  0.000000E+00  0.000000E+00  0.000000E+00
  0.270609E+01 -0.255839E-02  0.440566E+00  0.000000E+00  0.000000E+00  0.000000E+00  0.000000E+00
  0.280163E+01 -0.427106E-02 -0.460212E+00  0.000000E+00  0.000000E+00  0.000000E+00  0.000000E+00
  0.219533E+01 -0.156883E-01 -0.244148E+00  0.000000E+00  0.000000E+00  0.000000E+00  0.000000E+00
  0.198664E+01 -0.518163E-02  0.255080E+00  0.000000E+00  0.000000E+00  0.000000E+00  0.000000E+00
  0.247263E+01 -0.640413E-02 -0.370979E+00  0.000000E+00  0.000000E+00  0.000000E+00  0.000000E+00
  0.221388E+01 -0.297738E+00 -0.883466E-02  0.000000E+00  0.000000E+00  0.000000E+00  0.000000E+00
  0.216144E+01  0.131945E-01  0.259060E+00  0.000000E+00  0.000000E+00  0.000000E+00  0.000000E+00
  0.227864E+01 -0.121008E-01  0.292852E+00  0.000000E+00  0.000000E+00  0.000000E+00  0.000000E+00
  0.220727E+01  0.289314E-02 -0.314474E+00  0.000000E+00  0.000000E+00  0.000000E+00  0.000000E+00
  0.248219E+01  0.189912E-01 -0.251163E+00  0.000000E+00  0.000000E+00  0.000000E+00  0.000000E+00
  0.162621E+01 -0.455754E-02 -0.166649E+00  0.000000E+00  0.000000E+00  0.000000E+00  0.000000E+00
  0.229712E+01 -0.243168E-02  0.337740E+00  0.000000E+00  0.000000E+00  0.000000E+00  0.000000E+00
  0.256312E+01 -0.374906E+00 -0.968951E-02  0.000000E+00  0.000000E+00  0.000000E+00  0.000000E+00
  0.169090E+01  0.566705E-02 -0.181028E+00  0.000000E+00  0.000000E+00  0.000000E+00  0.000000E+00
  0.222050E+01 -0.311685E+00  0.564519E-02  0.000000E+00  0.000000E+00  0.000000E+00  0.000000E+00
  0.214611E+01 -0.152811E-01  0.238317E+00  0.000000E+00  0.000000E+00  0.000000E+00  0.000000E+00
  0.241784E+01 -0.244493E-03  0.369894E+00  0.000000E+00  0.000000E+00  0.000000E+00  0.000000E+00
  0.169326E+01  0.186447E+00 -0.329173E-03  0.000000E+00  0.000000E+00  0.000000E+00  0.000000E+00
  0.221713E+01 -0.223669E+00  0.178304E-01  0.000000E+00  0.000000E+00  0.000000E+00  0.000000E+00
  0.217092E+01 -0.274429E+00  0.112637E-01  0.000000E+00  0.000000E+00  0.000000E+00  0.000000E+00
  0.250584E+01 -0.151047E-01  0.312515E+00  0.000000E+00  0.000000E+00  0.000000E+00  0.000000E+00
  0.196916E+01  0.242421E+00  0.812004E-02  0.000000E+00  0.000000E+00  0.000000E+00  0.000000E+00
  0.220908E+01 -0.316019E+00 -0.202272E-02  0.000000E+00  0.000000E+00  0.000000E+00  0.000000E+00
  0.187476E+01  0.570125E-02  0.226293E+00  0.000000E+00  0.000000E+00  0.000000E+00  0.000000E+00
  0.240388E+01 -0.758165E-02  0.349125E+00  0.000000E+00  0.000000E+00  0.000000E+00  0.000000E+00
  0.212014E+01 -0.131111E-01 -0.250786E+00  0.000000E+00  0.000000E+00  0.000000E+00  0.000000E+00
  0.231324E+01  0.246977E+00  0.173714E-01  0.000000E+00  0.000000E+00  0.000000E+00  0.000000E+00
  0.206720E+01  0.882078E-02 -0.263058E+00  0.000000E+00  0.000000E+00  0.000000E+00  0.000000E+00
  0.264621E+01  0.306300E+00 -0.174498E-01  0.000000E+00  0.000000E+00  0.000000E+00  0.000000E+00
  0.192358E+01 -0.244436E+00  0.131865E-02  0.000000E+00  0.000000E+00  0.000000E+00  0.000000E+00
  0.247742E+01  0.912172E-03  0.384740E+00  0.000000E+00  0.000000E+00  0.000000E+00  0.000000E+00
  0.281968E+01 -0.380363E+00  0.147824E-01  0.000000E+00  0.000000E+00  0.000000E+00  0.000000E+00
  0.234707E+01 -0.328263E+00 -0.902400E-02  0.000000E+00  0.000000E+00  0.000000E+00  0.000000E+00
  0.164532E+01 -0.174193E+00  0.985106E-03  0.000000E+00  0.000000E+00  0.000000E+00  0.000000E+00
  0.214478E+01  0.241951E+00  0.148517E-01  0.000000E+00  0.000000E+00  0.000000E+00  0.000000E+00
  0.266029E+01  0.192065E-01  0.276087E+00  0.000000E+00  0.000000E+00  0.000000E+00  0.000000E+00
  0.210214E+01 -0.809313E-02 -0.274370E+00  0.000000E+00  0.000000E+00  0.000000E+00  0.000000E+00
  0.230749E+01  0.330040E+00  0.654718E-02  0.000000E+00  0.000000E+00  0.000000E+00  0.000000E+00
  0.268574E+01  0.346896E+00  0.152476E-01  0.000000E+00  0.000000E+00  0.000000E+00  0.000000E+00
  0.211481E+01 -0.217793E+00  0.167369E-01  0.000000E+00  0.000000E+00  0.000000E+00  0.000000E+00
  0.234952E+01  0.330749E+00 -0.866683E-02  0.000000E+00  0.000000E+00  0.000000E+00  0.000000E+00
  0.236810E+01  0.320601E+00 -0.110384E-01  0.000000E+00  0.000000E+00  0.000000E+00  0.000000E+00
  0.210164E+01 -0.394295E-02 -0.286229E+00  0.000000E+00  0.000000E+00  0.000000E+00  0.000000E+00
  0.233567E+01 -0.311302E+00 -0.113155E-01  0.000000E+00  0.000000E+00  0.000000E+00  0.000000E+00
  0.251305E+01 -0.344285E-02 -0.390263E+00  0.000000E+00  0.000000E+00  0.000000E+00  0.000000E+00
  0.225154E+01  0.276184E+00 -0.134667E-01  0.000000E+00  0.000000E+00  0.000000E+00  0.000000E+00
  0.277752E+01  0.370292E+00 -0.148901E-01  0.000000E+00  0.000000E+00  0.000000E+00  0.000000E+00
  0.251287E+01  0.170984E-01 -0.287419E+00  0.000000E+00  0.000000E+00  0.000000E+00  0.000000E+00
  0.229927E+01 -0.142791E-01 -0.278995E+00  0.000000E+00  0.000000E+00  0.000000E+00  0.000000E+00
  0.211286E+01  0.207824E-03  0.292688E+00  0.000000E+00  0.000000E+00  0.000000E+00  0.000000E+00
  0.205207E+01 -0.269147E+00  0.602019E-02  0.000000E+00  0.000000E+00  0.000000E+00  0.000000E+00
  0.279687E+01 -0.191901E-01 -0.298591E+00  0.000000E+00  0.000000E+00  0.000000E+00  0.000000E+00
  0.184382E+01  0.580140E-02  0.218452E+00  0.000000E+00  0.000000E+00  0.000000E+00  0.000000E+00
  0.274707E+01 -0.197795E-01 -0.277211E+00  0.000000E+00  0.000000E+00  0.000000E+00  0.000000E+00
  0.275961E+01 -0.175596E-01 -0.324893E+00  0.000000E+00  0.000000E+00  0.000000E+00  0.000000E+00
  0.202706E+01  0.268917E+00 -0.307477E-02  0.000000E+00  0.000000E+00  0.000000E+00  0.000000E+00
  0.178110E+01  0.252457E-02 -0.207637E+00  0.000000E+00  0.000000E+00  0.000000E+00  0.000000E+00
  0.237302E+01 -0.254962E+00  0.175782E-01  0.000000E+00  0.000000E+00  0.000000E+00  0.000000E+00
  0.252340E+01 -0.191169E-01  0.255600E+00  0.000000E+00  0.000000E+00  0.000000E+00  0.000000E+00
  0.244867E+01  0.251963E+00  0.186250E-01  0.000000E+00  0.000000E+00  0.000000E+00  0.000000E+00
  0.199438E+01 -0.243434E+00 -0.939786E-02  0.000000E+00  0.000000E+00  0.000000E+00  0.000000E+00
  0.210902E+01  0.553256E-02 -0.284494E+00  0.000000E+00  0.000000E+00  0.000000E+00  0.000000E+00
  0.235922E+01 -0.309440E+00  0.122605E-01  0.000000E+00  0.000000E+00  0.000000E+00  0.000000E+00
  0.170165E+01 -0.187476E+00  0.271346E-02  0.000000E+00  0.000000E+00  0.000000E+00  0.000000E+00
  0.231834E+01  0.332116E+00  0.669830E-02  0.000000E+00  0.000000E+00  0.000000E+00  0.000000E+00
  0.207366E+01 -0.277395E+00  0.485228E-02  0.000000E+00  0.000000E+00  0.000000E+00  0.000000E+00
  0.277059E+01 -0.341647E+00 -0.167053E-01  0.000000E+00  0.000000E+00  0.000000E+00  0.000000E+00
  0.272255E+01  0.402067E+00  0.109301E-01  0.000000E+00  0.000000E+00  0.000000E+00  0.000000E+00
  0.225503E+01  0.178899E-01  0.229595E+00  0.000000E+00  0.000000E+00  0.000000E+00  0.000000E+00
  0.254698E+01 -0.110763E-01 -0.360935E+00  0.000000E+00  0.000000E+00  0.000000E+00  0.000000E+00
  0.260784E+01 -0.183166E-01 -0.284497E+00  0.000000E+00  0.000000E+00  0.000000E+00  0.000000E+00
  0.177691E+01  0.958822E-02  0.191764E+00  0.000000E+00  0.000000E+00  0.000000E+00  0.000000E+00
  0.245470E+01  0.283129E+00  0.166330E-01  0.000000E+00  0.000000E+00  0.000000E+00  0.000000E+00
  0.186125E+01 -0.187173E+00 -0.144033E-01  0.000000E+00  0.000000E+00  0.000000E+00  0.000000E+00
  0.215355E+01  0.270233E+00  0.113078E-01  0.000000E+00  0.000000E+00  0.000000E+00  0.000000E+00
  0.188472E+01  0.166587E-02  0.234416E+00  0.000000E+00  0.000000E+00  0.000000E+00  0.000000E+00
  0.263860E+01  0.149210E-01 -0.341648E+00  0.000000E+00  0.000000E+00  0.000000E+00  0.000000E+00
  0.194363E+01 -0.140114E-01  0.206924E+00  0.000000E+00  0.000000E+00  0.000000E+00  0.000000E+00
  0.254935E+01 -0.376572E+00 -0.893576E-02  0.000000E+00  0.000000E+00  0.000000E+00  0.000000E+00
  0.221513E+01 -0.749536E-02  0.303935E+00  0.000000E+00  0.000000E+00  0.000000E+00  0.000000E+00
  0.277599E+01  0.449266E+00  0.550885E-02  0.000000E+00  0.000000E+00  0.000000E+00  0.000000E+00
  0.198465E+01 -0.157882E-01  0.201776E+00  0.000000E+00  0.000000E+00  0.000000E+00  0.000000E+00
  0.196796E+01 -0.234379E+00  0.100583E-01  0.000000E+00  0.000000E+00  0.000000E+00  0.000000E+00
  0.231545E+01  0.322865E+00 -0.862581E-02  0.000000E+00  0.000000E+00  0.000000E+00  0.000000E+00
  0.231097E+01 -0.342854E+00 -0.347124E-04  0.000000E+00  0.000000E+00  0.000000E+00  0.000000E+00
  0.164308E+01  0.235284E-02 -0.172990E+00  0.000000E+00  0.000000E+00  0.000000E+00  0.000000E+00
  0.192307E+01  0.212927E+00 -0.123113E-01  0.000000E+00  0.000000E+00  0.000000E+00  0.000000E+00
  0.252621E+01  0.328848E+00  0.140328E-01  0.000000E+00  0.000000E+00  0.000000E+00  0.000000E+00
  0.183178E+01  0.210843E+00  0.767287E-02  0.000000E+00  0.000000E+00  0.000000E+00  0.000000E+00
  0.233151E+01 -0.233402E+00  0.185457E-01  0.000000E+00  0.000000E+00  0.000000E+00  0.000000E+00
  0.164479E+01  0.217957E-02 -0.173529E+00  0.000000E+00  0.000000E+00  0.000000E+00  0.000000E+00
  0.239459E+01 -0.242352E+00 -0.186542E-01  0.000000E+00  0.000000E+00  0.000000E+00  0.000000E+00
  0.206495E+01  0.242314E+00  0.126022E-01  0.000000E+00  0.000000E+00  0.000000E+00  0.000000E+00
  0.245263E+01  0.111009E-01  0.339336E+00  0.000000E+00  0.000000E+00  0.000000E+00  0.000000E+00
  0.195846E+01 -0.234936E+00 -0.941517E-02  0.000000E+00  0.000000E+00  0.000000E+00  0.000000E+00
  0.195220E+01  0.223696E+00  0.115153E-01  0.000000E+00  0.000000E+00  0.000000E+00  0.000000E+00
  0.228920E+01 -0.166162E-01 -0.252048E+00  0.000000E+00  0.000000E+00  0.000000E+00  0.000000E+00
  0.202115E+01 -0.401526E-02 -0.265982E+00  0.000000E+00  0.000000E+00  0.000000E+00  0.000000E+00
  0.244381E+01  0.295205E+00 -0.155157E-01  0.000000E+00  0.000000E+00  0.000000E+00  0.000000E+00
  0.236507E+01  0.144865E-01 -0.290590E+00  0.000000E+00  0.000000E+00  0.000000E+00  0.000000E+00
  0.187958E+01 -0.195644E+00  0.136653E-01  0.000000E+00  0.000000E+00  0.000000E+00  0.000000E+00
  0.182905E+01  0.269439E-02 -0.219557E+00  0.000000E+00  0.000000E+00  0.000000E+00  0.000000E+00
  0.176858E+01  0.204652E+00  0.231511E-02  0.000000E+00  0.000000E+00  0.000000E+00  0.000000E+00
  0.246345E+01 -0.332073E+00 -0.123029E-01  0.000000E+00  0.000000E+00  0.000000E+00  0.000000E+00
  0.188417E+01 -0.288071E-02 -0.233235E+00  0.000000E+00  0.000000E+00  0.000000E+00  0.000000E+00
  0.180431E+01  0.564515E-02 -0.209038E+00  0.000000E+00  0.000000E+00  0.000000E+00  0.000000E+00
  0.284082E+01 -0.105828E-01 -0.840101E-02  0.000000E+00  0.000000E+00  0.000000E+00  0.000000E+00
  0.284082E+01  0.190369E+00 -0.115047E-01  0.000000E+00  0.000000E+00  0.000000E+00  0.000000E+00
  0.284082E+01  0.299732E-01 -0.159767E+00  0.000000E+00  0.000000E+00  0.000000E+00  0.000000E+00
  0.284082E+01 -0.598991E-01  0.125883E+00  0.000000E+00  0.000000E+00  0.000000E+00  0.000000E+00
  0.284082E+01 -0.357154E-01 -0.276038E-01  0.000000E+00  0.000000E+00  0.000000E+00  0.000000E+00
  0.284082E+01 -0.107905E+00 -0.213261E+00  0.000000E+00  0.000000E+00  0.000000E+00  0.000000E+00
  0.284082E+01  0.418896E-01  0.205142E-02  0.000000E+00  0.000000E+00  0.000000E+00  0.000000E+00
  0.284082E+01 -0.209189E+00 -0.666046E-01  0.000000E+00  0.000000E+00  0.000000E+00  0.000000E+00
  0.284082E+01 -0.293929E-01 -0.716553E-01  0.000000E+00  0.000000E+00  0.000000E+00  0.000000E+00
  0.284082E+01  0.495323E-01  0.157155E+00  0.000000E+00  0.000000E+00  0.000000E+00  0.000000E+00
  0.284082E+01 -0.770815E-01 -0.149152E-01  0.000000E+00  0.000000E+00  0.000000E+00  0.000000E+00
  0.284082E+01  0.897385E-01  0.158451E+00  0.000000E+00  0.000000E+00  0.000000E+00  0.000000E+00
  0.284082E+01 -0.107129E+00 -0.347602E-01  0.000000E+00  0.000000E+00  0.000000E+00  0.000000E+00
  0.284082E+01  0.166192E+00  0.463543E-02  0.000000E+00  0.000000E+00  0.000000E+00  0.000000E+00
  0.284082E+01 -0.294402E-01 -0.605599E-02  0.000000E+00  0.000000E+00  0.000000E+00  0.000000E+00
  0.284082E+01  0.505834E-01  0.119364E+00  0.000000E+00  0.000000E+00  0.000000E+00  0.000000E+00
  0.284082E+01  0.773736E-01  0.143081E+00  0.000000E+00  0.000000E+00  0.000000E+00  0.000000E+00
  0.284082E+01  0.141232E+00 -0.121176E+00  0.000000E+00  0.000000E+00  0.000000E+00  0.000000E+00
  0.284082E+01 -0.181791E-01 -0.394849E-01  0.000000E+00  0.000000E+00  0.000000E+00  0.000000E+00
  0.284082E+01  0.700677E-01  0.539351E-01  0.000000E+00  0.000000E+00  0.000000E+00  0.000000E+00
  0.284082E+01 -0.128187E+00 -0.701898E-01  0.000000E+00  0.000000E+00  0.000000E+00  0.000000E+00
  0.284082E+01 -0.291919E-01 -0.170901E+00  0.000000E+00  0.000000E+00  0.000000E+00  0.000000E+00
  0.284082E+01  0.430058E-01  0.908735E-02  0.000000E+00  0.000000E+00  0.000000E+00  0.000000E+00
  0.284082E+01 -0.354532E-01 -0.116662E+00  0.000000E+00  0.000000E+00  0.000000E+00  0.000000E+00
  0.284082E+01 -0.464664E-01  0.551255E-02  0.000000E+00  0.000000E+00  0.000000E+00  0.000000E+00
  0.284082E+01 -0.402671E-01 -0.382625E-01  0.000000E+00  0.000000E+00  0.000000E+00  0.000000E+00
  0.284082E+01 -0.423502E-01  0.165404E+00  0.000000E+00  0.000000E+00  0.000000E+00  0.000000E+00
  0.284082E+01  0.106179E+00  0.497293E-01  0.000000E+00  0.000000E+00  0.000000E+00  0.000000E+00
  0.284082E+01 -0.115349E+00  0.187556E-02  0.000000E+00  0.000000E+00  0.000000E+00  0.000000E+00
  0.284082E+01 -0.151850E+00  0.542933E-01  0.000000E+00  0.000000E+00  0.000000E+00  0.000000E+00
  0.284082E+01 -0.208888E+00 -0.981517E-01  0.000000E+00  0.000000E+00  0.000000E+00  0.000000E+00
  0.284082E+01  0.136552E+00 -0.193709E+00  0.000000E+00  0.000000E+00  0.000000E+00  0.000000E+00
  0.284082E+01  0.795455E-01  0.135748E+00  0.000000E+00  0.000000E+00  0.000000E+00  0.000000E+00
  0.284082E+01 -0.546154E-03  0.129061E-02  0.000000E+00  0.000000E+00  0.000000E+00  0.000000E+00
  0.284082E+01  0.102806E+00 -0.158685E-01  0.000000E+00  0.000000E+00  0.000000E+00  0.000000E+00
  0.284082E+01  0.198252E-01 -0.248187E+00  0.000000E+00  0.000000E+00  0.000000E+00  0.000000E+00
  0.284082E+01 -0.856539E-01  0.129814E+00  0.000000E+00  0.000000E+00  0.000000E+00  0.000000E+00
  0.284082E+01  0.105043E+00 -0.183531E-01  0.000000E+00  0.000000E+00  0.000000E+00  0.000000E+00
  0.284082E+01  0.844833E-01 -0.110941E+00  0.000000E+00  0.000000E+00  0.000000E+00  0.000000E+00
  0.284082E+01 -0.784762E-01 -0.142957E+00  0.000000E+00  0.000000E+00  0.000000E+00  0.000000E+00
  0.284082E+01 -0.879608E-01  0.216794E+00  0.000000E+00  0.000000E+00  0.000000E+00  0.000000E+00
  0.284082E+01  0.101971E+00 -0.176818E+00  0.000000E+00  0.000000E+00  0.000000E+00  0.000000E+00
  0.284082E+01  0.137390E-02  0.170202E+00  0.000000E+00  0.000000E+00  0.000000E+00  0.000000E+00
  0.284082E+01  0.595440E-01 -0.788134E-01  0.000000E+00  0.000000E+00  0.000000E+00  0.000000E+00
  0.284082E+01 -0.597266E-01 -0.199344E+00  0.000000E+00  0.000000E+00  0.000000E+00  0.000000E+00
  0.284082E+01  0.102900E+00 -0.857432E-01  0.000000E+00  0.000000E+00  0.000000E+00  0.000000E+00
  0.284082E+01 -0.400792E-01  0.201992E+00  0.000000E+00  0.000000E+00  0.000000E+00  0.000000E+00
  0.284082E+01  0.204873E-01  0.232354E-01  0.000000E+00  0.000000E+00  0.000000E+00  0.000000E+00
  0.284082E+01  0.408835E-01 -0.567777E-02  0.000000E+00  0.000000E+00  0.000000E+00  0.000000E+00
  0.284082E+01  0.105583E+00 -0.555114E-02  0.000000E+00  0.000000E+00  0.000000E+00  0.000000E+00
  0.284082E+01  0.386211E-01  0.128549E-01  0.000000E+00  0.000000E+00  0.000000E+00  0.000000E+00
  0.284082E+01  0.532974E-01  0.885468E-01  0.000000E+00  0.000000E+00  0.000000E+00  0.000000E+00
  0.284082E+01  0.166562E+00 -0.128383E+00  0.000000E+00  0.000000E+00  0.000000E+00  0.000000E+00
  0.284082E+01 -0.985827E-02 -0.164873E+00  0.000000E+00  0.000000E+00  0.000000E+00  0.000000E+00
  0.284082E+01 -0.645033E-01  0.573063E-01  0.000000E+00  0.000000E+00  0.000000E+00  0.000000E+00
  0.284082E+01  0.219209E+00  0.114728E+00  0.000000E+00  0.000000E+00  0.000000E+00  0.000000E+00
  0.284082E+01  0.146076E+00 -0.583073E-01  0.000000E+00  0.000000E+00  0.000000E+00  0.000000E+00
  0.284082E+01  0.224231E+00  0.902304E-01  0.000000E+00  0.000000E+00  0.000000E+00  0.000000E+00
  0.284082E+01 -0.155402E+00  0.103431E+00  0.000000E+00  0.000000E+00  0.000000E+00  0.000000E+00
  0.284082E+01 -0.189278E-01 -0.896672E-01  0.000000E+00  0.000000E+00  0.000000E+00  0.000000E+00
  0.284082E+01 -0.716104E-01 -0.129314E+00  0.000000E+00  0.000000E+00  0.000000E+00  0.000000E+00
  0.284082E+01 -0.530381E-01 -0.201074E+00  0.000000E+00  0.000000E+00  0.000000E+00  0.000000E+00
  0.284082E+01 -0.125236E+00  0.174444E+00  0.000000E+00  0.000000E+00  0.000000E+00  0.000000E+00
  0.284082E+01 -0.540303E-01  0.128360E+00  0.000000E+00  0.000000E+00  0.000000E+00  0.000000E+00
  0.284082E+01 -0.181597E-01 -0.178666E-01  0.000000E+00  0.000000E+00  0.000000E+00  0.000000E+00
  0.284082E+01 -0.406947E-01  0.147437E+00  0.000000E+00  0.000000E+00  0.000000E+00  0.000000E+00
  0.284082E+01  0.110273E+00  0.117769E+00  0.000000E+00  0.000000E+00  0.000000E+00  0.000000E+00
  0.284082E+01  0.726837E-01  0.227663E+00  0.000000E+00  0.000000E+00  0.000000E+00  0.000000E+00
  0.284082E+01  0.991177E-01  0.105978E+00  0.000000E+00  0.000000E+00  0.000000E+00  0.000000E+00
  0.284082E+01  0.714068E-02 -0.162413E-01  0.000000E+00  0.000000E+00  0.000000E+00  0.000000E+00
  0.284082E+01 -0.209181E+00 -0.238918E-01  0.000000E+00  0.000000E+00  0.000000E+00  0.000000E+00
  0.284082E+01 -0.136663E+00  0.125036E-01  0.000000E+00  0.000000E+00  0.000000E+00  0.000000E+00
  0.284082E+01  0.855919E-02 -0.140449E-01  0.000000E+00  0.000000E+00  0.000000E+00  0.000000E+00
  0.284082E+01  0.152797E+00  0.233627E-01  0.000000E+00  0.000000E+00  0.000000E+00  0.000000E+00
  0.284082E+01 -0.102991E-01  0.255988E-01  0.000000E+00  0.000000E+00  0.000000E+00  0.000000E+00
  0.284082E+01 -0.123021E-01  0.698721E-01  0.000000E+00  0.000000E+00  0.000000E+00  0.000000E+00
  0.284082E+01 -0.541555E-01  0.126805E+00  0.000000E+00  0.000000E+00  0.000000E+00  0.000000E+00
  0.284082E+01 -0.721506E-01 -0.693168E-01  0.000000E+00  0.000000E+00  0.000000E+00  0.000000E+00
  0.284082E+01  0.178140E+00  0.283549E-01  0.000000E+00  0.000000E+00  0.000000E+00  0.000000E+00
  0.284082E+01  0.643006E-01  0.284442E-01  0.000000E+00  0.000000E+00  0.000000E+00  0.000000E+00
  0.284082E+01  0.137399E+00 -0.121293E+00  0.000000E+00  0.000000E+00  0.000000E+00  0.000000E+00
  0.284082E+01 -0.681529E-01 -0.704218E-02  0.000000E+00  0.000000E+00  0.000000E+00  0.000000E+00
  0.284082E+01 -0.198561E+00  0.839680E-01  0.000000E+00  0.000000E+00  0.000000E+00  0.000000E+00
  0.284082E+01 -0.203734E+00 -0.137000E+00  0.000000E+00  0.000000E+00  0.000000E+00  0.000000E+00
  0.284082E+01 -0.149568E+00 -0.851981E-01  0.000000E+00  0.000000E+00  0.000000E+00  0.000000E+00
  0.284082E+01  0.198915E+00  0.401945E-01  0.000000E+00  0.000000E+00  0.000000E+00  0.000000E+00
  0.284082E+01  0.126562E+00  0.119208E+00  0.000000E+00  0.000000E+00  0.000000E+00  0.000000E+00
  0.284082E+01  0.116081E+00 -0.152745E+00  0.000000E+00  0.000000E+00  0.000000E+00  0.000000E+00
  0.284082E+01  0.233339E-01 -0.769397E-01  0.000000E+00  0.000000E+00  0.000000E+00  0.000000E+00
  0.284082E+01  0.304089E-03 -0.380732E-02  0.000000E+00  0.000000E+00  0.000000E+00  0.000000E+00
  0.284082E+01  0.113915E-01  0.513401E-01  0.000000E+00  0.000000E+00  0.000000E+00  0.000000E+00
  0.284082E+01  0.122892E+00 -0.189436E+00  0.000000E+00  0.000000E+00  0.000000E+00  0.000000E+00
  0.284082E+01 -0.268016E-01 -0.193874E+00  0.000000E+00  0.000000E+00  0.000000E+00  0.000000E+00
  0.284082E+01  0.170244E-01 -0.142353E-01  0.000000E+00  0.000000E+00  0.000000E+00  0.000000E+00
  0.284082E+01 -0.208369E-01  0.181107E-01  0.000000E+00  0.000000E+00  0.000000E+00  0.000000E+00
  0.284082E+01  0.823576E-01  0.538599E-01  0.000000E+00  0.000000E+00  0.000000E+00  0.000000E+00
  0.284082E+01 -0.395631E-02  0.250741E-03  0.000000E+00  0.000000E+00  0.000000E+00  0.000000E+00
  0.284082E+01 -0.220340E+00 -0.962685E-01  0.000000E+00  0.000000E+00  0.000000E+00  0.000000E+00
  0.284082E+01 -0.510585E-02  0.209551E-01  0.000000E+00  0.000000E+00  0.000000E+00  0.000000E+00
  0.284082E+01  0.145167E+00 -0.826347E-02  0.000000E+00  0.000000E+00  0.000000E+00  0.000000E+00
