  0.255691E+01 -0.288933E+00 -0.175240E-01  0.000000E+00  0.000000E+00  0.000000E+00  0.000000E+00
  0.270681E+01 -0.280680E+00  0.193439E-01  0.000000E+00  0.000000E+00  0.000000E+00  0.000000E+00
  0.280582E+01 -0.174773E-01 -0.334735E+00  0.000000E+00  0.000000E+00  0.000000E+00  0.000000E+00
  0.276322E+01  0.398049E+00  0.123119E-01  0.000000E+00  0.000000E+00  0.000000E+00  0.000000E+00
  0.244632E+01 -0.172376E-01 -0.273143E+00  0.000000E+00  0.000000E+00  0.000000E+00  0.000000E+00
  0.175625E+01 -0.198141E+00  0.510908E-02  0.000000E+00  0.000000E+00  0.000000E+00  0.000000E+00
  0.276609E+01  0.297063E+00 -0.190305E-01  0.000000E+00  0.000000E+00  0.000000E+00  0.000000E+00
  0.182212E+01  0.199231E+00 -0.104003E-01  0.000000E+00  0.000000E+00  0.000000E+00  0.000000E+00
  0.228619E+01  0.332697E+00  0.378738E-02  0.000000E+00  0.000000E+00  0.000000E+00  0.000000E+00
  0.250678E+01 -0.172805E-01 -0.283587E+00  0.000000E+00  0.000000E+00  0.000000E+00  0.000000E+00
  0.270519E+01 -0.182567E-01 -0.302410E+00  0.000000E+00  0.000000E+00  0.000000E+00  0.000000E+00
  0.278996E+01 -0.375091E-02 -0.458870E+00  0.000000E+00  0.000000E+00  0.000000E+00  0.000000E+00
  0.247847E+01  0.247651E-02 -0.383367E+00  0.000000E+00  0.000000E+00  0.000000E+00  0.000000E+00
  0.213335E+01 -0.288313E+00  0.628696E-02  0.000000E+00  0.000000E+00  0.000000E+00  0.000000E+00
  0.266544E+01  0.109995E-01  0.388476E+00  0.000000E+00  0.000000E+00  0.000000E+00  0.000000E+00
  0.271875E+01 -0.127242E-01 -0.383993E+00  0.000000E+00  0.000000E+00  0.000000E+00  0.000000E+00
  0.169943E+01 -0.743754E-02 -0.179514E+00  0.000000E+00  0.000000E+00  0.000000E+00  0.000000E+00
  0.219246E+01 -0.270282E+00  0.125903E-01  0.000000E+00  0.000000E+00  0.000000E+00  0.000000E+00
  0.282686E+01  0.472959E+00 -0.115836E-02  0.000000E+00  0.000000E+00  0.000000E+00  0.000000E+00
  0.272786E+01 -0.430713E+00 -0.695266E-02  0.000000E+00  0.000000E+00  0.000000E+00  0.000000E+00
  0.209918E+01  0.269695E+00 -0.903303E-02  0.000000E+00  0.000000E+00  0.000000E+00  0.000000E+00
  0.260914E+01 -0.412418E+00 -0.419383E-02  0.000000E+00  0.000000E+00  0.000000E+00  0.000000E+00
  0.199670E+01  0.109412E-01  0.236735E+00  0.000000E+00  0.000000E+00  0.000000E+00  0.000000E+00
  0.167529E+01 -0.419378E-02 -0.179336E+00  0.000000E+00  0.000000E+00  0.000000E+00  0.000000E+00
  0.212241E+01  0.255645E+00 -0.124901E-01  0.000000E+00  0.000000E+00  0.000000E+00  0.000000E+00
  0.171051E+01  0.864204E-02  0.179068E+00  0.000000E+00  0.000000E+00  0.000000E+00  0.000000E+00
  0.164600E+01  0.358729E-02 -0.172693E+00  0.000000E+00  0.000000E+00  0.000000E+00  0.000000E+00
  0.173019E+01 -0.250122E-02  0.194831E+00  0.000000E+00  0.000000E+00  0.000000E+00  0.000000E+00
  0.201529E+01  0.334737E-02 -0.265584E+00  0.000000E+00  0.000000E+00  0.000000E+00  0.000000E+00
  0.238957E+01 -0.680818E-02  0.349045E+00  0.000000E+00  0.000000E+00  0.000000E+00  0.000000E+00
  0.221802E+01  0.155807E-01 -0.249722E+00  0.000000E+00  0.000000E+00  0.000000E+00  0.000000E+00
  0.167315E+01 -0.473056E-02  0.178097E+00  0.000000E+00  0.000000E+00  0.000000E+00  0.000000E+00
  0.236156E+01 -0.353439E+00 -0.279172E-02  0.000000E+00  0.000000E+00  0.000000E+00  0.000000E+00
  0.222392E+01  0.311044E+00  0.612363E-02  0.000000E+00  0.000000E+00  0.000000E+00  0.000000E+00
  0.204242E+01 -0.230559E+00 -0.136106E-01  0.000000E+00  0.000000E+00  0.000000E+00  0.000000E+00
  0.187311E+01 -0.231799E+00  0.103988E-02  0.000000E+00  0.000000E+00  0.000000E+00  0.000000E+00
  0.215149E+01  0.279188E+00 -0.961994E-02  0.000000E+00  0.000000E+00  0.000000E+00  0.000000E+00
  0.264886E+01 -0.353193E+00  0.141487E-01  0.000000E+00  0.000000E+00  0.000000E+00  0.000000E+00
  0.266308E+01  0.119555E-01 -0.379401E+00  0.000000E+00  0.000000E+00  0.000000E+00  0.000000E+00
  0.276269E+01  0.235999E-02 -0.455178E+00  0.000000E+00  0.000000E+00  0.000000E+00  0.000000E+00
  0.216620E+01 -0.270523E+00 -0.117117E-01  0.000000E+00  0.000000E+00  0.000000E+00  0.000000E+00
  0.208580E+01 -0.615071E-02  0.277061E+00  0.000000E+00  0.000000E+00  0.000000E+00  0.000000E+00
  0.255131E+01 -0.337433E+00 -0.137243E-01  0.000000E+00  0.000000E+00  0.000000E+00  0.000000E+00
  0.213126E+01  0.110023E-01 -0.267012E+00  0.000000E+00  0.000000E+00  0.000000E+00  0.000000E+00
  0.192120E+01  0.242860E+00 -0.259075E-02  0.000000E+00  0.000000E+00  0.000000E+00  0.000000E+00
  0.186873E+01  0.230888E+00 -0.426545E-04  0.000000E+00  0.000000E+00  0.000000E+00  0.000000E+00
  0.181756E+01 -0.119316E-02  0.217687E+00  0.000000E+00  0.000000E+00  0.000000E+00  0.000000E+00
  0.179995E+01 -0.551390E-02 -0.208220E+00  0.000000E+00  0.000000E+00  0.000000E+00  0.000000E+00
  0.272620E+01 -0.328042E+00  0.170255E-01  0.000000E+00  0.000000E+00  0.000000E+00  0.000000E+00
  0.274486E+01  0.447787E+00  0.367506E-02  0.000000E+00  0.000000E+00  0.000000E+00  0.000000E+00
  0.216488E+01 -0.138325E-01 -0.254782E+00  0.000000E+00  0.000000E+00  0.000000E+00  0.000000E+00
  0.201858E+01  0.105852E-01 -0.243543E+00  0.000000E+00  0.000000E+00  0.000000E+00  0.000000E+00
  0.240918E+01 -0.758455E-02  0.350389E+00  0.000000E+00  0.000000E+00  0.000000E+00  0.000000E+00
  0.174864E+01  0.180345E+00  0.109212E-01  0.000000E+00  0.000000E+00  0.000000E+00  0.000000E+00
  0.223894E+01 -0.230828E+00 -0.175780E-01  0.000000E+00  0.000000E+00  0.000000E+00  0.000000E+00
  0.249178E+01  0.329839E+00 -0.132211E-01  0.000000E+00  0.000000E+00  0.000000E+00  0.000000E+00
  0.217521E+01 -0.228468E+00 -0.167982E-01  0.000000E+00  0.000000E+00  0.000000E+00  0.000000E+00
  0.235311E+01  0.251605E+00 -0.175619E-01  0.000000E+00  0.000000E+00  0.000000E+00  0.000000E+00
  0.212544E+01 -0.123413E-01  0.257317E+00  0.000000E+00  0.000000E+00  0.000000E+00  0.000000E+00
  0.267519E+01 -0.515800E-02  0.425707E+00  0.000000E+00  0.000000E+00  0.000000E+00  0.000000E+00
  0.192273E+01 -0.213911E+00  0.121179E-01  0.000000E+00  0.000000E+00  0.000000E+00  0.000000E+00
  0.175671E+01 -0.765055E-03 -0.202435E+00  0.000000E+00  0.000000E+00  0.000000E+00  0.000000E+00
  0.239868E+01 -0.342590E+00 -0.863544E-02  0.000000E+00  0.000000E+00  0.000000E+00  0.000000E+00
  0.163327E+01 -0.586910E-02 -0.166491E+00  0.000000E+00  0.000000E+00  0.000000E+00  0.000000E+00
  0.213476E+01  0.109956E-01  0.267848E+00  0.000000E+00  0.000000E+00  0.000000E+00  0.000000E+00
  0.235670E+01 -0.935033E-02  0.328709E+00  0.000000E+00  0.000000E+00  0.000000E+00  0.000000E+00
  0.269702E+01  0.271083E+00 -0.197080E-01  0.000000E+00  0.000000E+00  0.000000E+00  0.000000E+00
  0.231942E+01  0.313111E+00 -0.104967E-01  0.000000E+00  0.000000E+00  0.000000E+00  0.000000E+00
  0.249644E+01 -0.364513E+00 -0.885950E-02  0.000000E+00  0.000000E+00  0.000000E+00  0.000000E+00
  0.195278E+01  0.250517E+00  0.285776E-02  0.000000E+00  0.000000E+00  0.000000E+00  0.000000E+00
  0.208739E+01  0.164572E-01  0.215478E+00  0.000000E+00  0.000000E+00  0.000000E+00  0.000000E+00
  0.224103E+01 -0.298138E+00 -0.997602E-02  0.000000E+00  0.000000E+00  0.000000E+00  0.000000E+00
  0.207001E+01  0.851503E-02  0.264998E+00  0.000000E+00  0.000000E+00  0.000000E+00  0.000000E+00
  0.256952E+01  0.214886E-02 -0.406803E+00  0.000000E+00  0.000000E+00  0.000000E+00  0.000000E+00
  0.275119E+01 -0.106586E-01  0.410949E+00  0.000000E+00  0.000000E+00  0.000000E+00  0.000000E+00
  0.223801E+01 -0.143771E-01 -0.265377E+00  0.000000E+00  0.000000E+00  0.000000E+00  0.000000E+00
  0.218366E+01  0.258981E+00 -0.138035E-01  0.000000E+00  0.000000E+00  0.000000E+00  0.000000E+00
  0.176704E+01 -0.198977E+00 -0.608413E-02  0.000000E+00  0.000000E+00  0.000000E+00  0.000000E+00
  0.261475E+01  0.300509E+00  0.174551E-01  0.000000E+00  0.000000E+00  0.000000E+00  0.000000E+00
  0.198656E+01  0.244323E-03 -0.260709E+00  0.000000E+00  0.000000E+00  0.000000E+00  0.000000E+00
  0.237308E+01 -0.162345E-01  0.272687E+00  0.000000E+00  0.000000E+00  0.000000E+00  0.000000E+00
  0.270249E+01  0.401480E+00  0.104544E-01  0.000000E+00  0.000000E+00  0.000000E+00  0.000000E+00
  0.224790E+01  0.325715E+00  0.211493E-02  0.000000E+00  0.000000E+00  0.000000E+00  0.000000E+00
  0.257691E+01  0.696495E-03 -0.410025E+00  0.000000E+00  0.000000E+00  0.000000E+00  0.000000E+00
  0.182603E+01 -0.201410E+00  0.100766E-01  0.000000E+00  0.000000E+00  0.000000E+00  0.000000E+00
  0.260345E+01  0.737560E-02 -0.398348E+00  0.000000E+00  0.000000E+00  0.000000E+00  0.000000E+00
  0.233626E+01 -0.188047E-01  0.230143E+00  0.000000E+00  0.000000E+00  0.000000E+00  0.000000E+00
  0.209779E+01 -0.134412E-01 -0.243578E+00  0.000000E+00  0.000000E+00  0.000000E+00  0.000000E+00
  0.213312E+01 -0.175576E-01 -0.212018E+00  0.000000E+00  0.000000E+00  0.000000E+00  0.000000E+00
  0.282709E+01  0.385510E+00  0.145172E-01  0.000000E+00  0.000000E+00  0.000000E+00  0.000000E+00
  0.250133E+01 -0.102377E-01  0.356757E+00  0.000000E+00  0.000000E+00  0.000000E+00  0.000000E+00
  0.214501E+01 -0.271971E+00 -0.106860E-01  0.000000E+00  0.000000E+00  0.000000E+00  0.000000E+00
  0.190534E+01  0.193286E+00  0.148377E-01  0.000000E+00  0.000000E+00  0.000000E+00  0.000000E+00
  0.230592E+01  0.261546E-02 -0.339703E+00  0.000000E+00  0.000000E+00  0.000000E+00  0.000000E+00
  0.244927E+01  0.244451E+00 -0.190640E-01  0.000000E+00  0.000000E+00  0.000000E+00  0.000000E+00
  0.240248E+01 -0.141440E-01  0.301813E+00  0.000000E+00  0.000000E+00  0.000000E+00  0.000000E+00
  0.245663E+01  0.343782E+00 -0.106179E-01  0.000000E+00  0.000000E+00  0.000000E+00  0.000000E+00
  0.244105E+01 -0.250857E-02  0.373892E+00  0.000000E+00  0.000000E+00  0.000000E+00  0.000000E+00
  0.235566E+01  0.349557E+00 -0.402125E-02  0.000000E+00  0.000000E+00  0.000000E+00  0.000000E+00
  0.241895E+01 -0.138661E-01 -0.308032E+00  0.000000E+00  0.000000E+00  0.000000E+00  0.000000E+00
  0.250267E+01  0.389622E+00  0.237321E-02  0.000000E+00  0.000000E+00  0.000000E+00  0.000000E+00
  0.242752E+01 -0.883896E-02  0.348312E+00  0.000000E+00  0.000000E+00  0.000000E+00  0.000000E+00
  0.245180E+01 -0.383480E-02 -0.374031E+00  0.000000E+00  0.000000E+00  0.000000E+00  0.000000E+00
  0.266129E+01  0.178153E-01 -0.302756E+00  0.000000E+00  0.000000E+00  0.000000E+00  0.000000E+00
  0.281379E+01 -0.203031E-01 -0.274330E+00  0.000000E+00  0.000000E+00  0.000000E+00  0.000000E+00
  0.184930E+01 -0.774782E-02 -0.214845E+00  0.000000E+00  0.000000E+00  0.000000E+00  0.000000E+00
  0.251149E+01  0.281743E+00  0.174584E-01  0.000000E+00  0.000000E+00  0.000000E+00  0.000000E+00
  0.176133E+01  0.197504E+00 -0.611807E-02  0.000000E+00  0.000000E+00  0.000000E+00  0.000000E+00
  0.182116E+01  0.937504E-02 -0.202876E+00  0.000000E+00  0.000000E+00  0.000000E+00  0.000000E+00
  0.172972E+01  0.185080E+00 -0.812213E-02  0.000000E+00  0.000000E+00  0.000000E+00  0.000000E+00
  0.253888E+01 -0.398203E+00 -0.270594E-02  0.000000E+00  0.000000E+00  0.000000E+00  0.000000E+00
  0.229651E+01  0.337727E+00 -0.232360E-02  0.000000E+00  0.000000E+00  0.000000E+00  0.000000E+00
  0.244557E+01  0.172822E-01 -0.272363E+00  0.000000E+00  0.000000E+00  0.000000E+00  0.000000E+00
  0.204724E+01  0.231427E+00  0.136321E-01  0.000000E+00  0.000000E+00  0.000000E+00  0.000000E+00
  0.184888E+01 -0.801184E-02 -0.213951E+00  0.000000E+00  0.000000E+00  0.000000E+00  0.000000E+00
  0.196067E+01 -0.134070E-01 -0.214527E+00  0.000000E+00  0.000000E+00  0.000000E+00  0.000000E+00
  0.206687E+01 -0.596277E-03 -0.280974E+00  0.000000E+00  0.000000E+00  0.000000E+00  0.000000E+00
  0.218944E+01  0.299385E+00  0.705920E-02  0.000000E+00  0.000000E+00  0.000000E+00  0.000000E+00
  0.233625E+01  0.346314E-03 -0.349222E+00  0.000000E+00  0.000000E+00  0.000000E+00  0.000000E+00
  0.284016E+01  0.141334E-01  0.393321E+00  0.000000E+00  0.000000E+00  0.000000E+00  0.000000E+00
  0.212557E+01  0.294554E+00 -0.239525E-02  0.000000E+00  0.000000E+00  0.000000E+00  0.000000E+00
  0.242356E+01  0.141554E-01 -0.306096E+00  0.000000E+00  0.000000E+00  0.000000E+00  0.000000E+00
  0.216626E+01 -0.103672E-01 -0.278646E+00  0.000000E+00  0.000000E+00  0.000000E+00  0.000000E+00
  0.215638E+01 -0.255693E+00 -0.134915E-01  0.000000E+00  0.000000E+00  0.000000E+00  0.000000E+00
  0.240321E+01 -0.297818E+00  0.145480E-01  0.000000E+00  0.000000E+00  0.000000E+00  0.000000E+00
  0.205832E+01  0.248700E+00  0.113134E-01  0.000000E+00  0.000000E+00  0.000000E+00  0.000000E+00
  0.241361E+01  0.133591E-01  0.311764E+00  0.000000E+00  0.000000E+00  0.000000E+00  0.000000E+00
  0.239184E+01  0.567353E-02  0.353849E+00  0.000000E+00  0.000000E+00  0.000000E+00  0.000000E+00
  0.257993E+01  0.163456E-01 -0.310942E+00  0.000000E+00  0.000000E+00  0.000000E+00  0.000000E+00
  0.204342E+01 -0.217153E+00 -0.153498E-01  0.000000E+00  0.000000E+00  0.000000E+00  0.000000E+00
  0.275445E+01 -0.454025E+00 -0.174338E-02  0.000000E+00  0.000000E+00  0.000000E+00  0.000000E+00
  0.273257E+01 -0.449533E+00 -0.413630E-03  0.000000E+00  0.000000E+00  0.000000E+00  0.000000E+00
  0.242281E+01 -0.296818E+00  0.150106E-01  0.000000E+00  0.000000E+00  0.000000E+00  0.000000E+00
  0.194194E+01  0.240524E+00 -0.661915E-02  0.000000E+00  0.000000E+00  0.000000E+00  0.000000E+00
  0.244503E+01 -0.159597E-01 -0.290026E+00  0.000000E+00  0.000000E+00  0.000000E+00  0.000000E+00
  0.267351E+01  0.141842E-01  0.357912E+00  0.000000E+00  0.000000E+00  0.000000E+00  0.000000E+00
  0.203183E+01  0.138620E-01  0.226509E+00  0.000000E+00  0.000000E+00  0.000000E+00  0.000000E+00
  0.281982E+01  0.183593E-01  0.320153E+00  0.000000E+00  0.000000E+00  0.000000E+00  0.000000E+00
  0.246321E+01  0.246089E+00 -0.190997E-01  0.000000E+00  0.000000E+00  0.000000E+00  0.000000E+00
  0.201505E+01  0.216992E+00 -0.146653E-01  0.000000E+00  0.000000E+00  0.000000E+00  0.000000E+00
  0.205234E+01 -0.126119E-01 -0.239493E+00  0.000000E+00  0.000000E+00  0.000000E+00  0.000000E+00
  0.256035E+01 -0.114459E-01  0.360942E+00  0.000000E+00  0.000000E+00  0.000000E+00  0.000000E+00
  0.166554E+01  0.176349E+00 -0.462588E-02  0.000000E+00  0.000000E+00  0.000000E+00  0.000000E+00
  0.233943E+01  0.141326E-02 -0.349502E+00  0.000000E+00  0.000000E+00  0.000000E+00  0.000000E+00
  0.243356E+01 -0.184288E-01  0.252649E+00  0.000000E+00  0.000000E+00  0.000000E+00  0.000000E+00
  0.192621E+01 -0.136622E-01  0.205551E+00  0.000000E+00  0.000000E+00  0.000000E+00  0.000000E+00
  0.232099E+01 -0.304858E+00 -0.117510E-01  0.000000E+00  0.000000E+00  0.000000E+00  0.000000E+00
  0.207957E+01  0.291728E-02  0.282327E+00  0.000000E+00  0.000000E+00  0.000000E+00  0.000000E+00
  0.183499E+01 -0.221666E+00  0.195446E-02  0.000000E+00  0.000000E+00  0.000000E+00  0.000000E+00
  0.205608E+01  0.163955E-01  0.210109E+00  0.000000E+00  0.000000E+00  0.000000E+00  0.000000E+00
  0.249851E+01 -0.165345E-01 -0.292770E+00  0.000000E+00  0.000000E+00  0.000000E+00  0.000000E+00
  0.248240E+01  0.384710E+00  0.223492E-02  0.000000E+00  0.000000E+00  0.000000E+00  0.000000E+00
  0.181374E+01  0.216967E+00 -0.671231E-04  0.000000E+00  0.000000E+00  0.000000E+00  0.000000E+00
  0.214215E+01  0.254240E+00  0.132841E-01  0.000000E+00  0.000000E+00  0.000000E+00  0.000000E+00
  0.235402E+01  0.185916E-01  0.236504E+00  0.000000E+00  0.000000E+00  0.000000E+00  0.000000E+00
  0.243456E+01 -0.499919E-02  0.366589E+00  0.000000E+00  0.000000E+00  0.000000E+00  0.000000E+00
  0.229868E+01  0.338005E+00  0.252539E-02  0.000000E+00  0.000000E+00  0.000000E+00  0.000000E+00
  0.211873E+01 -0.212557E+00  0.172835E-01  0.000000E+00  0.000000E+00  0.000000E+00  0.000000E+00
  0.274324E+01 -0.186223E-01  0.301764E+00  0.000000E+00  0.000000E+00  0.000000E+00  0.000000E+00
  0.183465E+01 -0.112011E-01 -0.198706E+00  0.000000E+00  0.000000E+00  0.000000E+00  0.000000E+00
  0.281059E+01  0.464400E+00  0.362039E-02  0.000000E+00  0.000000E+00  0.000000E+00  0.000000E+00
  0.268104E+01 -0.137721E-01 -0.364335E+00  0.000000E+00  0.000000E+00  0.000000E+00  0.000000E+00
  0.246353E+01 -0.331772E+00 -0.123395E-01  0.000000E+00  0.000000E+00  0.000000E+00  0.000000E+00
  0.232656E+01 -0.908271E-02 -0.323104E+00  0.000000E+00  0.000000E+00  0.000000E+00  0.000000E+00
  0.184544E+01  0.182587E-02 -0.224393E+00  0.000000E+00  0.000000E+00  0.000000E+00  0.000000E+00
  0.179961E+01  0.102554E-01  0.194608E+00  0.000000E+00  0.000000E+00  0.000000E+00  0.000000E+00
  0.262220E+01  0.183530E-01 -0.286309E+00  0.000000E+00  0.000000E+00  0.000000E+00  0.000000E+00
  0.270134E+01  0.268825E+00 -0.198363E-01  0.000000E+00  0.000000E+00  0.000000E+00  0.000000E+00
  0.236850E+01  0.345742E+00  0.633815E-02  0.000000E+00  0.000000E+00  0.000000E+00  0.000000E+00
  0.197093E+01  0.209624E+00  0.144369E-01  0.000000E+00  0.000000E+00  0.000000E+00  0.000000E+00
  0.182439E+01 -0.218161E+00 -0.291919E-02  0.000000E+00  0.000000E+00  0.000000E+00  0.000000E+00
  0.235426E+01  0.284711E+00 -0.148424E-01  0.000000E+00  0.000000E+00  0.000000E+00  0.000000E+00
  0.188073E+01  0.231201E+00 -0.380606E-02  0.000000E+00  0.000000E+00  0.000000E+00  0.000000E+00
  0.274899E+01 -0.157377E-01 -0.352563E+00  0.000000E+00  0.000000E+00  0.000000E+00  0.000000E+00
  0.200262E+01 -0.653042E-02 -0.255595E+00  0.000000E+00  0.000000E+00  0.000000E+00  0.000000E+00
  0.182996E+01  0.957519E-02  0.204217E+00  0.000000E+00  0.000000E+00  0.000000E+00  0.000000E+00
  0.191714E+01  0.337697E-02 -0.240919E+00  0.000000E+00  0.000000E+00  0.000000E+00  0.000000E+00
  0.210375E+01 -0.103632E-01 -0.264268E+00  0.000000E+00  0.000000E+00  0.000000E+00  0.000000E+00
  0.194096E+01 -0.200893E+00  0.147902E-01  0.000000E+00  0.000000E+00  0.000000E+00  0.000000E+00
  0.250214E+01  0.308870E+00 -0.153459E-01  0.000000E+00  0.000000E+00  0.000000E+00  0.000000E+00
  0.247385E+01 -0.152266E-01 -0.304633E+00  0.000000E+00  0.000000E+00  0.000000E+00  0.000000E+00
  0.202173E+01 -0.224625E+00 -0.138280E-01  0.000000E+00  0.000000E+00  0.000000E+00  0.000000E+00
  0.242241E+01 -0.892570E-02  0.346612E+00  0.000000E+00  0.000000E+00  0.000000E+00  0.000000E+00
  0.201086E+01 -0.132529E-01  0.226290E+00  0.000000E+00  0.000000E+00  0.000000E+00  0.000000E+00
  0.215800E+01  0.637573E-02  0.294069E+00  0.000000E+00  0.000000E+00  0.000000E+00  0.000000E+00
  0.225222E+01  0.211807E-03  0.327969E+00  0.000000E+00  0.000000E+00  0.000000E+00  0.000000E+00
  0.162015E+01  0.343991E-02 -0.166359E+00  0.000000E+00  0.000000E+00  0.000000E+00  0.000000E+00
  0.230579E+01  0.151637E-01 -0.271543E+00  0.000000E+00  0.000000E+00  0.000000E+00  0.000000E+00
  0.215506E+01 -0.233738E+00  0.159378E-01  0.000000E+00  0.000000E+00  0.000000E+00  0.000000E+00
  0.180606E+01  0.214033E+00  0.239490E-02  0.000000E+00  0.000000E+00  0.000000E+00  0.000000E+00
  0.249401E+01  0.310019E+00  0.151140E-01  0.000000E+00  0.000000E+00  0.000000E+00  0.000000E+00
  0.225348E+01 -0.774464E-02  0.312151E+00  0.000000E+00  0.000000E+00  0.000000E+00  0.000000E+00
  0.258269E+01  0.185416E-02  0.410516E+00  0.000000E+00  0.000000E+00  0.000000E+00  0.000000E+00
  0.272043E+01  0.998167E-02  0.409387E+00  0.000000E+00  0.000000E+00  0.000000E+00  0.000000E+00
  0.170995E+01 -0.301676E-02  0.189298E+00  0.000000E+00  0.000000E+00  0.000000E+00  0.000000E+00
  0.247964E+01 -0.174557E-01  0.276011E+00  0.000000E+00  0.000000E+00  0.000000E+00  0.000000E+00
  0.182819E+01 -0.215347E+00  0.543625E-02  0.000000E+00  0.000000E+00  0.000000E+00  0.000000E+00
  0.243178E+01 -0.166836E-01  0.278120E+00  0.000000E+00  0.000000E+00  0.000000E+00  0.000000E+00
  0.193709E+01 -0.118817E-01 -0.218374E+00  0.000000E+00  0.000000E+00  0.000000E+00  0.000000E+00
  0.233711E+01 -0.135551E-01 -0.293644E+00  0.000000E+00  0.000000E+00  0.000000E+00  0.000000E+00
  0.213414E+01 -0.278251E+00  0.896717E-02  0.000000E+00  0.000000E+00  0.000000E+00  0.000000E+00
  0.275091E+01  0.392072E+00 -0.126240E-01  0.000000E+00  0.000000E+00  0.000000E+00  0.000000E+00
  0.238173E+01  0.214045E-02 -0.359445E+00  0.000000E+00  0.000000E+00  0.000000E+00  0.000000E+00
  0.178914E+01  0.209999E+00  0.209165E-02  0.000000E+00  0.000000E+00  0.000000E+00  0.000000E+00
  0.171688E+01 -0.152462E-02 -0.192088E+00  0.000000E+00  0.000000E+00  0.000000E+00  0.000000E+00
  0.206290E+01  0.270526E+00 -0.646423E-02  0.000000E+00  0.000000E+00  0.000000E+00  0.000000E+00
  0.198429E+01  0.234856E+00 -0.107524E-01  0.000000E+00  0.000000E+00  0.000000E+00  0.000000E+00
  0.241694E+01 -0.346116E+00 -0.878336E-02  0.000000E+00  0.000000E+00  0.000000E+00  0.000000E+00
  0.269358E+01 -0.310804E+00 -0.176849E-01  0.000000E+00  0.000000E+00  0.000000E+00  0.000000E+00
  0.231900E+01  0.162540E-01 -0.262044E+00  0.000000E+00  0.000000E+00  0.000000E+00  0.000000E+00
  0.168508E+01 -0.295966E-02  0.183098E+00  0.000000E+00  0.000000E+00  0.000000E+00  0.000000E+00
  0.248589E+01 -0.373099E+00  0.667197E-02  0.000000E+00  0.000000E+00  0.000000E+00  0.000000E+00
  0.182396E+01  0.677226E-02 -0.211347E+00  0.000000E+00  0.000000E+00  0.000000E+00  0.000000E+00
  0.269356E+01  0.994506E-02 -0.403428E+00  0.000000E+00  0.000000E+00  0.000000E+00  0.000000E+00
  0.185445E+01 -0.109196E-01 -0.204448E+00  0.000000E+00  0.000000E+00  0.000000E+00  0.000000E+00
  0.244730E+01  0.984895E-02 -0.346852E+00  0.000000E+00  0.000000E+00  0.000000E+00  0.000000E+00
  0.217518E+01 -0.110507E-01  0.276703E+00  0.000000E+00  0.000000E+00  0.000000E+00  0.000000E+00
  0.185891E+01  0.263349E-03 -0.228391E+00  0.000000E+00  0.000000E+00  0.000000E+00  0.000000E+00
  0.185371E+01  0.195539E+00 -0.127122E-01  0.000000E+00  0.000000E+00  0.000000E+00  0.000000E+00
  0.194597E+01  0.200458E+00  0.149865E-01  0.000000E+00  0.000000E+00  0.000000E+00  0.000000E+00
  0.232166E+01 -0.617855E-02 -0.334841E+00  0.000000E+00  0.000000E+00  0.000000E+00  0.000000E+00
  0.217772E+01 -0.257556E+00  0.138246E-01  0.000000E+00  0.000000E+00  0.000000E+00  0.000000E+00
  0.171181E+01  0.179299E+00  0.866915E-02  0.000000E+00  0.000000E+00  0.000000E+00  0.000000E+00
  0.224585E+01  0.308883E+00  0.807325E-02  0.000000E+00  0.000000E+00  0.000000E+00  0.000000E+00
  0.181546E+01 -0.524893E-02  0.212558E+00  0.000000E+00  0.000000E+00  0.000000E+00  0.000000E+00
  0.197190E+01  0.249093E+00  0.615703E-02  0.000000E+00  0.000000E+00  0.000000E+00  0.000000E+00
  0.184350E+01 -0.374008E-02 -0.221976E+00  0.000000E+00  0.000000E+00  0.000000E+00  0.000000E+00
  0.189346E+01  0.215438E+00 -0.104505E-01  0.000000E+00  0.000000E+00  0.000000E+00  0.000000E+00
  0.215454E+01  0.577201E-02  0.295056E+00  0.000000E+00  0.000000E+00  0.000000E+00  0.000000E+00
  0.266580E+01  0.390154E+00  0.108092E-01  0.000000E+00  0.000000E+00  0.000000E+00  0.000000E+00
  0.262923E+01  0.337346E+00 -0.151095E-01  0.000000E+00  0.000000E+00  0.000000E+00  0.000000E+00
  0.249792E+01  0.360044E+00  0.963520E-02  0.000000E+00  0.000000E+00  0.000000E+00  0.000000E+00
  0.197794E+01  0.197488E+00 -0.161346E-01  0.000000E+00  0.000000E+00  0.000000E+00  0.000000E+00
  0.277116E+01  0.186822E-01 -0.305247E+00  0.000000E+00  0.000000E+00  0.000000E+00  0.000000E+00
  0.208054E+01  0.283058E+00 -0.252666E-02  0.000000E+00  0.000000E+00  0.000000E+00  0.000000E+00
  0.255292E+01  0.888421E-02  0.377732E+00  0.000000E+00  0.000000E+00  0.000000E+00  0.000000E+00
  0.184712E+01 -0.873420E-02  0.211213E+00  0.000000E+00  0.000000E+00  0.000000E+00  0.000000E+00
  0.213879E+01 -0.294993E+00  0.420782E-02  0.000000E+00  0.000000E+00  0.000000E+00  0.000000E+00
  0.217889E+01  0.929350E-02 -0.287241E+00  0.000000E+00  0.000000E+00  0.000000E+00  0.000000E+00
  0.230480E+01 -0.159928E-01  0.262323E+00  0.000000E+00  0.000000E+00  0.000000E+00  0.000000E+00
  0.237548E+01  0.278821E+00 -0.157605E-01  0.000000E+00  0.000000E+00  0.000000E+00  0.000000E+00
  0.250599E+01 -0.300644E+00 -0.160561E-01  0.000000E+00  0.000000E+00  0.000000E+00  0.000000E+00
  0.248289E+01 -0.361992E+00  0.874156E-02  0.000000E+00  0.000000E+00  0.000000E+00  0.000000E+00
  0.231680E+01 -0.469905E-02  0.338195E+00  0.000000E+00  0.000000E+00  0.000000E+00  0.000000E+00
  0.185658E+01 -0.201602E+00  0.116426E-01  0.000000E+00  0.000000E+00  0.000000E+00  0.000000E+00
  0.215665E+01  0.302338E+00 -0.243641E-02  0.000000E+00  0.000000E+00  0.000000E+00  0.000000E+00
  0.275608E+01 -0.324708E+00  0.175345E-01  0.000000E+00  0.000000E+00  0.000000E+00  0.000000E+00
  0.205527E+01 -0.248167E+00 -0.112858E-01  0.000000E+00  0.000000E+00  0.000000E+00  0.000000E+00
  0.283748E+01  0.362617E-02  0.471120E+00  0.000000E+00  0.000000E+00  0.000000E+00  0.000000E+00
  0.225208E+01 -0.157381E-02  0.327294E+00  0.000000E+00  0.000000E+00  0.000000E+00  0.000000E+00
  0.210903E+01  0.249461E+00  0.129610E-01  0.000000E+00  0.000000E+00  0.000000E+00  0.000000E+00
  0.245251E+01 -0.275899E+00 -0.171244E-01  0.000000E+00  0.000000E+00  0.000000E+00  0.000000E+00
  0.275820E+01 -0.354192E+00  0.157500E-01  0.000000E+00  0.000000E+00  0.000000E+00  0.000000E+00
  0.253750E+01  0.310105E+00 -0.158032E-01  0.000000E+00  0.000000E+00  0.000000E+00  0.000000E+00
  0.208991E+01 -0.222349E+00 -0.157979E-01  0.000000E+00  0.000000E+00  0.000000E+00  0.000000E+00
  0.197344E+01 -0.172180E-02  0.256788E+00  0.000000E+00  0.000000E+00  0.000000E+00  0.000000E+00
  0.272973E+01 -0.444035E+00 -0.366138E-02  0.000000E+00  0.000000E+00  0.000000E+00  0.000000E+00
  0.246145E+01 -0.380939E+00  0.208717E-03  0.000000E+00  0.000000E+00  0.000000E+00  0.000000E+00
  0.169465E+01 -0.186160E+00 -0.209192E-02  0.000000E+00  0.000000E+00  0.000000E+00  0.000000E+00
  0.202263E+01  0.145352E-01  0.219556E+00  0.000000E+00  0.000000E+00  0.000000E+00  0.000000E+00
  0.189470E+01 -0.197129E+00 -0.139390E-01  0.000000E+00  0.000000E+00  0.000000E+00  0.000000E+00
  0.229250E+01 -0.328673E+00 -0.588600E-02  0.000000E+00  0.000000E+00  0.000000E+00  0.000000E+00
  0.226278E+01  0.268853E+00  0.145533E-01  0.000000E+00  0.000000E+00  0.000000E+00  0.000000E+00
  0.198044E+01  0.206842E+00 -0.150634E-01  0.000000E+00  0.000000E+00  0.000000E+00  0.000000E+00
  0.173540E+01 -0.274951E-02 -0.195938E+00  0.000000E+00  0.000000E+00  0.000000E+00  0.000000E+00
  0.229012E+01  0.170308E-01 -0.247130E+00  0.000000E+00  0.000000E+00  0.000000E+00  0.000000E+00
  0.246661E+01 -0.377914E+00 -0.375873E-02  0.000000E+00  0.000000E+00  0.000000E+00  0.000000E+00
  0.250458E+01 -0.731581E-02 -0.374719E+00  0.000000E+00  0.000000E+00  0.000000E+00  0.000000E+00
  0.196834E+01 -0.196821E+00 -0.159961E-01  0.000000E+00  0.000000E+00  0.000000E+00  0.000000E+00
  0.279497E+01 -0.387672E+00 -0.138319E-01  0.000000E+00  0.000000E+00  0.000000E+00  0.000000E+00
  0.277676E+01 -0.433625E+00 -0.845580E-02  0.000000E+00  0.000000E+00  0.000000E+00  0.000000E+00
  0.161588E+01 -0.409066E-02  0.164624E+00  0.000000E+00  0.000000E+00  0.000000E+00  0.000000E+00
  0.184126E+01 -0.219450E+00  0.497785E-02  0.000000E+00  0.000000E+00  0.000000E+00  0.000000E+00
  0.184771E+01  0.225487E+00  0.663334E-03  0.000000E+00  0.000000E+00  0.000000E+00  0.000000E+00
  0.215703E+01  0.154685E-01  0.238727E+00  0.000000E+00  0.000000E+00  0.000000E+00  0.000000E+00
  0.239332E+01  0.337010E+00 -0.940081E-02  0.000000E+00  0.000000E+00  0.000000E+00  0.000000E+00
  0.256876E+01 -0.116891E-01 -0.360762E+00  0.000000E+00  0.000000E+00  0.000000E+00  0.000000E+00
  0.193498E+01  0.238243E+00  0.682894E-02  0.000000E+00  0.000000E+00  0.000000E+00  0.000000E+00
  0.202825E+01 -0.264646E+00  0.549359E-02  0.000000E+00  0.000000E+00  0.000000E+00  0.000000E+00
  0.252911E+01  0.170492E-01 -0.291150E+00  0.000000E+00  0.000000E+00  0.000000E+00  0.000000E+00
  0.164071E+01  0.173140E+00  0.375203E-03  0.000000E+00  0.000000E+00  0.000000E+00  0.000000E+00
  0.282316E+01  0.412066E-02  0.466066E+00  0.000000E+00  0.000000E+00  0.000000E+00  0.000000E+00
  0.253652E+01  0.397209E+00  0.292598E-02  0.000000E+00  0.000000E+00  0.000000E+00  0.000000E+00
  0.220546E+01  0.748602E-02  0.301635E+00  0.000000E+00  0.000000E+00  0.000000E+00  0.000000E+00
  0.221350E+01  0.244189E-02  0.316655E+00  0.000000E+00  0.000000E+00  0.000000E+00  0.000000E+00
  0.269292E+01 -0.541175E-02 -0.429133E+00  0.000000E+00  0.000000E+00  0.000000E+00  0.000000E+00
  0.228779E+01 -0.334852E+00 -0.280955E-02  0.000000E+00  0.000000E+00  0.000000E+00  0.000000E+00
  0.227294E+01 -0.121293E-01  0.291379E+00  0.000000E+00  0.000000E+00  0.000000E+00  0.000000E+00
  0.230853E+01 -0.913808E-02  0.318556E+00  0.000000E+00  0.000000E+00  0.000000E+00  0.000000E+00
  0.161381E+01 -0.166346E+00  0.164900E-03  0.000000E+00  0.000000E+00  0.000000E+00  0.000000E+00
  0.214944E+01 -0.137439E-01 -0.252234E+00  0.000000E+00  0.000000E+00  0.000000E+00  0.000000E+00
  0.245185E+01 -0.325963E+00 -0.127089E-01  0.000000E+00  0.000000E+00  0.000000E+00  0.000000E+00
  0.263059E+01 -0.395620E-02 -0.418435E+00  0.000000E+00  0.000000E+00  0.000000E+00  0.000000E+00
  0.268360E+01 -0.188554E-01 -0.287075E+00  0.000000E+00  0.000000E+00  0.000000E+00  0.000000E+00
  0.163828E+01  0.292484E-02  0.171361E+00  0.000000E+00  0.000000E+00  0.000000E+00  0.000000E+00
  0.261005E+01  0.396832E+00 -0.795255E-02  0.000000E+00  0.000000E+00  0.000000E+00  0.000000E+00
  0.281195E+01  0.458069E+00 -0.552681E-02  0.000000E+00  0.000000E+00  0.000000E+00  0.000000E+00
  0.200584E+01 -0.158309E-01 -0.205566E+00  0.000000E+00  0.000000E+00  0.000000E+00  0.000000E+00
  0.229547E+01 -0.194331E-02 -0.337906E+00  0.000000E+00  0.000000E+00  0.000000E+00  0.000000E+00
  0.214364E+01 -0.224560E+00  0.166119E-01  0.000000E+00  0.000000E+00  0.000000E+00  0.000000E+00
  0.242093E+01  0.312226E+00 -0.134763E-01  0.000000E+00  0.000000E+00  0.000000E+00  0.000000E+00
  0.256767E+01 -0.406176E+00 -0.225954E-02  0.000000E+00  0.000000E+00  0.000000E+00  0.000000E+00
  0.192389E+01  0.193300E+00  0.153455E-01  0.000000E+00  0.000000E+00  0.000000E+00  0.000000E+00
  0.260189E+01  0.412152E+00 -0.360690E-02  0.000000E+00  0.000000E+00  0.000000E+00  0.000000E+00
  0.270248E+01 -0.113864E-01 -0.393472E+00  0.000000E+00  0.000000E+00  0.000000E+00  0.000000E+00
  0.282832E+01 -0.139603E-01  0.393078E+00  0.000000E+00  0.000000E+00  0.000000E+00  0.000000E+00
  0.239087E+01  0.351865E+00  0.616656E-02  0.000000E+00  0.000000E+00  0.000000E+00  0.000000E+00
  0.219372E+01 -0.311767E+00  0.236463E-02  0.000000E+00  0.000000E+00  0.000000E+00  0.000000E+00
  0.265460E+01  0.413897E+00  0.674836E-02  0.000000E+00  0.000000E+00  0.000000E+00  0.000000E+00
  0.173976E+01 -0.599452E-02  0.192455E+00  0.000000E+00  0.000000E+00  0.000000E+00  0.000000E+00
  0.165469E+01  0.551546E-02 -0.172346E+00  0.000000E+00  0.000000E+00  0.000000E+00  0.000000E+00
  0.225593E+01 -0.237485E+00 -0.172969E-01  0.000000E+00  0.000000E+00  0.000000E+00  0.000000E+00
  0.196418E+01  0.224824E+00  0.118058E-01  0.000000E+00  0.000000E+00  0.000000E+00  0.000000E+00
  0.258638E+01  0.155448E-01  0.323127E+00  0.000000E+00  0.000000E+00  0.000000E+00  0.000000E+00
  0.274013E+01 -0.402285E+00  0.113511E-01  0.000000E+00  0.000000E+00  0.000000E+00  0.000000E+00
  0.183703E+01 -0.645336E-02 -0.215311E+00  0.000000E+00  0.000000E+00  0.000000E+00  0.000000E+00
  0.233223E+01 -0.290244E+00  0.138144E-01  0.000000E+00  0.000000E+00  0.000000E+00  0.000000E+00
  0.271695E+01  0.445464E+00 -0.704084E-03  0.000000E+00  0.000000E+00  0.000000E+00  0.000000E+00
  0.214313E+01 -0.215087E+00 -0.174501E-01  0.000000E+00  0.000000E+00  0.000000E+00  0.000000E+00
  0.212780E+01  0.260380E+00  0.119558E-01  0.000000E+00  0.000000E+00  0.000000E+00  0.000000E+00
  0.179000E+01 -0.181661E+00  0.127097E-01  0.000000E+00  0.000000E+00  0.000000E+00  0.000000E+00
  0.204606E+01 -0.255334E+00 -0.944769E-02  0.000000E+00  0.000000E+00  0.000000E+00  0.000000E+00
  0.177082E+01 -0.199562E+00 -0.624757E-02  0.000000E+00  0.000000E+00  0.000000E+00  0.000000E+00
  0.278877E+01  0.196076E-01 -0.287745E+00  0.000000E+00  0.000000E+00  0.000000E+00  0.000000E+00
  0.206174E+01 -0.153182E-01 -0.221089E+00  0.000000E+00  0.000000E+00  0.000000E+00  0.000000E+00
  0.206099E+01 -0.151638E-01 -0.222267E+00  0.000000E+00  0.000000E+00  0.000000E+00  0.000000E+00
  0.165664E+01  0.441737E-02  0.174407E+00  0.000000E+00  0.000000E+00  0.000000E+00  0.000000E+00
  0.237918E+01 -0.181930E-01 -0.247000E+00  0.000000E+00  0.000000E+00  0.000000E+00  0.000000E+00
  0.182663E+01  0.137436E-01 -0.183967E+00  0.000000E+00  0.000000E+00  0.000000E+00  0.000000E+00
  0.176100E+01  0.203614E+00  0.533723E-04  0.000000E+00  0.000000E+00  0.000000E+00  0.000000E+00
  0.169657E+01 -0.176826E-02 -0.186833E+00  0.000000E+00  0.000000E+00  0.000000E+00  0.000000E+00
  0.172233E+01  0.475401E-02  0.190287E+00  0.000000E+00  0.000000E+00  0.000000E+00  0.000000E+00
  0.200928E+01 -0.266029E+00  0.144413E-02  0.000000E+00  0.000000E+00  0.000000E+00  0.000000E+00
  0.215587E+01  0.927331E-02 -0.281928E+00  0.000000E+00  0.000000E+00  0.000000E+00  0.000000E+00
  0.260869E+01  0.314141E+00 -0.165042E-01  0.000000E+00  0.000000E+00  0.000000E+00  0.000000E+00
  0.271320E+01  0.379176E+00  0.130611E-01  0.000000E+00  0.000000E+00  0.000000E+00  0.000000E+00
  0.165911E+01  0.177676E+00 -0.100227E-02  0.000000E+00  0.000000E+00  0.000000E+00  0.000000E+00
  0.269045E+01 -0.296496E+00 -0.184341E-01  0.000000E+00  0.000000E+00  0.000000E+00  0.000000E+00
  0.210138E+01 -0.311354E-02 -0.287535E+00  0.000000E+00  0.000000E+00  0.000000E+00  0.000000E+00
  0.221449E+01 -0.170108E-01 -0.233348E+00  0.000000E+00  0.000000E+00  0.000000E+00  0.000000E+00
  0.264020E+01 -0.426155E+00  0.397194E-03  0.000000E+00  0.000000E+00  0.000000E+00  0.000000E+00
  0.264699E+01  0.196176E-01  0.265261E+00  0.000000E+00  0.000000E+00  0.000000E+00  0.000000E+00
  0.258230E+01 -0.391833E+00 -0.764531E-02  0.000000E+00  0.000000E+00  0.000000E+00  0.000000E+00
  0.232053E+01  0.199556E-02 -0.344174E+00  0.000000E+00  0.000000E+00  0.000000E+00  0.000000E+00
  0.183508E+01 -0.222214E+00  0.938448E-03  0.000000E+00  0.000000E+00  0.000000E+00  0.000000E+00
  0.189884E+01 -0.237866E+00 -0.183914E-02  0.000000E+00  0.000000E+00  0.000000E+00  0.000000E+00
  0.167641E+01 -0.177053E+00 -0.590008E-02  0.000000E+00  0.000000E+00  0.000000E+00  0.000000E+00
  0.227605E+01 -0.169284E-01  0.245786E+00  0.000000E+00  0.000000E+00  0.000000E+00  0.000000E+00
  0.189125E+01  0.234009E+00 -0.368355E-02  0.000000E+00  0.000000E+00  0.000000E+00  0.000000E+00
  0.189687E+01 -0.237157E+00  0.211878E-02  0.000000E+00  0.000000E+00  0.000000E+00  0.000000E+00
  0.220420E+01 -0.239659E+00 -0.162820E-01  0.000000E+00  0.000000E+00  0.000000E+00  0.000000E+00
  0.228857E+01 -0.156152E-01  0.263320E+00  0.000000E+00  0.000000E+00  0.000000E+00  0.000000E+00
  0.280947E+01  0.908527E-03 -0.468753E+00  0.000000E+00  0.000000E+00  0.000000E+00  0.000000E+00
  0.201164E+01 -0.265641E+00  0.258432E-02  0.000000E+00  0.000000E+00  0.000000E+00  0.000000E+00
  0.231046E+01 -0.263714E+00  0.159674E-01  0.000000E+00  0.000000E+00  0.000000E+00  0.000000E+00
  0.247806E+01  0.123097E-01  0.335232E+00  0.000000E+00  0.000000E+00  0.000000E+00  0.000000E+00
  0.245322E+01 -0.333932E+00 -0.118098E-01  0.000000E+00  0.000000E+00  0.000000E+00  0.000000E+00
  0.165188E+01 -0.413588E-03  0.175964E+00  0.000000E+00  0.000000E+00  0.000000E+00  0.000000E+00
  0.253703E+01  0.356416E+00 -0.113577E-01  0.000000E+00  0.000000E+00  0.000000E+00  0.000000E+00
  0.236296E+01  0.394142E-02  0.351566E+00  0.000000E+00  0.000000E+00  0.000000E+00  0.000000E+00
  0.270305E+01 -0.288059E+00 -0.189654E-01  0.000000E+00  0.000000E+00  0.000000E+00  0.000000E+00
  0.225881E+01 -0.243690E+00 -0.168361E-01  0.000000E+00  0.000000E+00  0.000000E+00  0.000000E+00
  0.184953E+01  0.109426E-01  0.203228E+00  0.000000E+00  0.000000E+00  0.000000E+00  0.000000E+00
  0.218225E+01 -0.150414E-02 -0.309705E+00  0.000000E+00  0.000000E+00  0.000000E+00  0.000000E+00
  0.274323E+01 -0.188428E-01  0.297248E+00  0.000000E+00  0.000000E+00  0.000000E+00  0.000000E+00
  0.215079E+01 -0.302166E+00 -0.743603E-03  0.000000E+00  0.000000E+00  0.000000E+00  0.000000E+00
  0.246611E+01  0.117522E-01 -0.337279E+00  0.000000E+00  0.000000E+00  0.000000E+00  0.000000E+00
  0.187894E+01  0.694341E-02  0.224290E+00  0.000000E+00  0.000000E+00  0.000000E+00  0.000000E+00
  0.194308E+01  0.194797E+00 -0.156420E-01  0.000000E+00  0.000000E+00  0.000000E+00  0.000000E+00
  0.261251E+01  0.410490E+00 -0.506949E-02  0.000000E+00  0.000000E+00  0.000000E+00  0.000000E+00
  0.239817E+01  0.294690E+00 -0.147459E-01  0.000000E+00  0.000000E+00  0.000000E+00  0.000000E+00
  0.252691E+01  0.371341E+00  0.892327E-02  0.000000E+00  0.000000E+00  0.000000E+00  0.000000E+00
  0.215123E+01  0.213113E-02  0.301312E+00  0.000000E+00  0.000000E+00  0.000000E+00  0.000000E+00
  0.191784E+01 -0.227454E-02  0.242314E+00  0.000000E+00  0.000000E+00  0.000000E+00  0.000000E+00
  0.202187E+01 -0.124353E-01  0.233936E+00  0.000000E+00  0.000000E+00  0.000000E+00  0.000000E+00
  0.248260E+01 -0.132645E-01 -0.327448E+00  0.000000E+00  0.000000E+00  0.000000E+00  0.000000E+00
  0.223158E+01  0.635385E-02  0.312158E+00  0.000000E+00  0.000000E+00  0.000000E+00  0.000000E+00
  0.226638E+01  0.268428E+00  0.146753E-01  0.000000E+00  0.000000E+00  0.000000E+00  0.000000E+00
  0.167108E+01 -0.171928E+00 -0.775453E-02  0.000000E+00  0.000000E+00  0.000000E+00  0.000000E+00
  0.240932E+01  0.316649E+00  0.127137E-01  0.000000E+00  0.000000E+00  0.000000E+00  0.000000E+00
  0.257125E+01  0.374637E+00  0.999858E-02  0.000000E+00  0.000000E+00  0.000000E+00  0.000000E+00
  0.259871E+01 -0.322107E+00  0.158037E-01  0.000000E+00  0.000000E+00  0.000000E+00  0.000000E+00
  0.173514E+01 -0.193096E+00 -0.499396E-02  0.000000E+00  0.000000E+00  0.000000E+00  0.000000E+00
  0.223286E+01  0.155127E-01 -0.253359E+00  0.000000E+00  0.000000E+00  0.000000E+00  0.000000E+00
  0.252924E+01  0.675733E-03 -0.397972E+00  0.000000E+00  0.000000E+00  0.000000E+00  0.000000E+00
  0.245509E+01 -0.189340E-01 -0.247710E+00  0.000000E+00  0.000000E+00  0.000000E+00  0.000000E+00
  0.239381E+01 -0.181879E-01 -0.249618E+00  0.000000E+00  0.000000E+00  0.000000E+00  0.000000E+00
  0.238509E+01  0.332210E+00 -0.987550E-02  0.000000E+00  0.000000E+00  0.000000E+00  0.000000E+00
  0.207078E+01  0.264260E+00 -0.873725E-02  0.000000E+00  0.000000E+00  0.000000E+00  0.000000E+00
  0.226400E+01  0.225305E+00  0.183128E-01  0.000000E+00  0.000000E+00  0.000000E+00  0.000000E+00
  0.230196E+01  0.340539E+00 -0.364439E-03  0.000000E+00  0.000000E+00  0.000000E+00  0.000000E+00
  0.215408E+01 -0.298559E+00 -0.432724E-02  0.000000E+00  0.000000E+00  0.000000E+00  0.000000E+00
  0.274721E+01  0.113896E-01 -0.403527E+00  0.000000E+00  0.000000E+00  0.000000E+00  0.000000E+00
  0.169713E+01 -0.695854E-02  0.180036E+00  0.000000E+00  0.000000E+00  0.000000E+00  0.000000E+00
  0.273559E+01  0.363451E+00 -0.147629E-01  0.000000E+00  0.000000E+00  0.000000E+00  0.000000E+00
  0.279648E+01  0.277098E+00  0.200947E-01  0.000000E+00  0.000000E+00  0.000000E+00  0.000000E+00
  0.175896E+01 -0.414430E-03  0.203070E+00  0.000000E+00  0.000000E+00  0.000000E+00  0.000000E+00
  0.200018E+01 -0.103368E-01  0.240532E+00  0.000000E+00  0.000000E+00  0.000000E+00  0.000000E+00
  0.169674E+01 -0.839307E-02  0.176473E+00  0.000000E+00  0.000000E+00  0.000000E+00  0.000000E+00
  0.261289E+01 -0.418039E+00 -0.193359E-02  0.000000E+00  0.000000E+00  0.000000E+00  0.000000E+00
  0.240942E+01  0.172609E-01  0.266049E+00  0.000000E+00  0.000000E+00  0.000000E+00  0.000000E+00
  0.255355E+01  0.256865E+00 -0.193050E-01  0.000000E+00  0.000000E+00  0.000000E+00  0.000000E+00
  0.185987E+01 -0.116794E-01 -0.202162E+00  0.000000E+00  0.000000E+00  0.000000E+00  0.000000E+00
  0.239576E+01 -0.184068E-01 -0.246533E+00  0.000000E+00  0.000000E+00  0.000000E+00  0.000000E+00
  0.202131E+01 -0.254069E-02 -0.268124E+00  0.000000E+00  0.000000E+00  0.000000E+00  0.000000E+00
  0.206182E+01  0.139552E-01  0.232130E+00  0.000000E+00  0.000000E+00  0.000000E+00  0.000000E+00
  0.252710E+01 -0.151086E-01  0.316757E+00  0.000000E+00  0.000000E+00  0.000000E+00  0.000000E+00
  0.246027E+01  0.177679E-01  0.267783E+00  0.000000E+00  0.000000E+00  0.000000E+00  0.000000E+00
  0.272583E+01  0.168872E-01  0.330259E+00  0.000000E+00  0.000000E+00  0.000000E+00  0.000000E+00
  0.183524E+01 -0.103302E-01  0.202535E+00  0.000000E+00  0.000000E+00  0.000000E+00  0.000000E+00
  0.211551E+01 -0.215382E+00 -0.169741E-01  0.000000E+00  0.000000E+00  0.000000E+00  0.000000E+00
  0.274527E+01  0.396460E+00 -0.120779E-01  0.000000E+00  0.000000E+00  0.000000E+00  0.000000E+00
  0.192667E+01  0.219092E+00 -0.112903E-01  0.000000E+00  0.000000E+00  0.000000E+00  0.000000E+00
  0.170997E+01 -0.190677E+00  0.337827E-03  0.000000E+00  0.000000E+00  0.000000E+00  0.000000E+00
  0.199031E+01  0.129948E-01 -0.223543E+00  0.000000E+00  0.000000E+00  0.000000E+00  0.000000E+00
  0.236303E+01 -0.172463E-01 -0.257753E+00  0.000000E+00  0.000000E+00  0.000000E+00  0.000000E+00
  0.256547E+01  0.116959E-01  0.359967E+00  0.000000E+00  0.000000E+00  0.000000E+00  0.000000E+00
  0.192495E+01 -0.146534E-01  0.198603E+00  0.000000E+00  0.000000E+00  0.000000E+00  0.000000E+00
  0.274614E+01  0.286286E+00 -0.193755E-01  0.000000E+00  0.000000E+00  0.000000E+00  0.000000E+00
  0.240268E+01  0.171458E-01 -0.266414E+00  0.000000E+00  0.000000E+00  0.000000E+00  0.000000E+00
  0.214303E+01  0.407804E-02  0.296315E+00  0.000000E+00  0.000000E+00  0.000000E+00  0.000000E+00
  0.223846E+01 -0.302174E+00  0.911226E-02  0.000000E+00  0.000000E+00  0.000000E+00  0.000000E+00
  0.175371E+01 -0.206804E-02  0.201077E+00  0.000000E+00  0.000000E+00  0.000000E+00  0.000000E+00
  0.171740E+01 -0.526750E-02  0.188255E+00  0.000000E+00  0.000000E+00  0.000000E+00  0.000000E+00
  0.260830E+01  0.140744E-01  0.345576E+00  0.000000E+00  0.000000E+00  0.000000E+00  0.000000E+00
  0.219926E+01  0.104825E-01 -0.285585E+00  0.000000E+00  0.000000E+00  0.000000E+00  0.000000E+00
  0.234104E+01  0.133662E-01 -0.296172E+00  0.000000E+00  0.000000E+00  0.000000E+00  0.000000E+00
  0.168396E+01  0.184083E+00  0.435112E-03  0.000000E+00  0.000000E+00  0.000000E+00  0.000000E+00
  0.201462E+01 -0.114480E-01 -0.238094E+00  0.000000E+00  0.000000E+00  0.000000E+00  0.000000E+00
  0.187897E+01  0.295393E-02  0.231846E+00  0.000000E+00  0.000000E+00  0.000000E+00  0.000000E+00
  0.169908E+01  0.173640E-02  0.187485E+00  0.000000E+00  0.000000E+00  0.000000E+00  0.000000E+00
  0.271484E+01 -0.338990E+00  0.162013E-01  0.000000E+00  0.000000E+00  0.000000E+00  0.000000E+00
  0.186802E+01  0.212289E+00  0.978877E-02  0.000000E+00  0.000000E+00  0.000000E+00  0.000000E+00
  0.279098E+01 -0.189199E-01 -0.303544E+00  0.000000E+00  0.000000E+00  0.000000E+00  0.000000E+00
  0.215839E+01 -0.870375E-02 -0.285191E+00  0.000000E+00  0.000000E+00  0.000000E+00  0.000000E+00
  0.273506E+01 -0.439508E+00  0.542202E-02  0.000000E+00  0.000000E+00  0.000000E+00  0.000000E+00
  0.282660E+01 -0.296489E+00  0.194896E-01  0.000000E+00  0.000000E+00  0.000000E+00  0.000000E+00
  0.284082E+01 -0.790539E-01  0.144513E+00  0.000000E+00  0.000000E+00  0.000000E+00  0.000000E+00
  0.284082E+01  0.574575E-01 -0.160415E+00  0.000000E+00  0.000000E+00  0.000000E+00  0.000000E+00
  0.284082E+01 -0.428740E-01  0.135527E+00  0.000000E+00  0.000000E+00  0.000000E+00  0.000000E+00
  0.284082E+01  0.212007E+00  0.950082E-02  0.000000E+00  0.000000E+00  0.000000E+00  0.000000E+00
  0.284082E+01  0.148160E+00 -0.734273E-01  0.000000E+00  0.000000E+00  0.000000E+00  0.000000E+00
  0.284082E+01  0.336254E-01 -0.540634E-01  0.000000E+00  0.000000E+00  0.000000E+00  0.000000E+00
  0.284082E+01 -0.294011E-01 -0.166502E-02  0.000000E+00  0.000000E+00  0.000000E+00  0.000000E+00
  0.284082E+01  0.896803E-01 -0.636784E-01  0.000000E+00  0.000000E+00  0.000000E+00  0.000000E+00
  0.284082E+01  0.161671E+00 -0.200821E-04  0.000000E+00  0.000000E+00  0.000000E+00  0.000000E+00
  0.284082E+01 -0.547060E-01  0.104366E+00  0.000000E+00  0.000000E+00  0.000000E+00  0.000000E+00
  0.284082E+01  0.925924E-01  0.194788E+00  0.000000E+00  0.000000E+00  0.000000E+00  0.000000E+00
  0.284082E+01 -0.921407E-01  0.167430E+00  0.000000E+00  0.000000E+00  0.000000E+00  0.000000E+00
  0.284082E+01  0.161299E+00 -0.559222E-01  0.000000E+00  0.000000E+00  0.000000E+00  0.000000E+00
  0.284082E+01  0.765501E-01  0.566228E-01  0.000000E+00  0.000000E+00  0.000000E+00  0.000000E+00
  0.284082E+01 -0.224765E-01 -0.496605E-01  0.000000E+00  0.000000E+00  0.000000E+00  0.000000E+00
  0.284082E+01 -0.775245E-02  0.548599E-01  0.000000E+00  0.000000E+00  0.000000E+00  0.000000E+00
  0.284082E+01  0.538312E-02 -0.185285E+00  0.000000E+00  0.000000E+00  0.000000E+00  0.000000E+00
  0.284082E+01  0.190116E-02  0.660576E-01  0.000000E+00  0.000000E+00  0.000000E+00  0.000000E+00
  0.284082E+01  0.545965E-01 -0.792256E-01  0.000000E+00  0.000000E+00  0.000000E+00  0.000000E+00
  0.284082E+01 -0.837155E-01  0.380920E-01  0.000000E+00  0.000000E+00  0.000000E+00  0.000000E+00
  0.284082E+01  0.114868E-01 -0.640604E-02  0.000000E+00  0.000000E+00  0.000000E+00  0.000000E+00
  0.284082E+01 -0.510697E-01 -0.476971E-01  0.000000E+00  0.000000E+00  0.000000E+00  0.000000E+00
  0.284082E+01  0.114323E-01  0.128541E-01  0.000000E+00  0.000000E+00  0.000000E+00  0.000000E+00
  0.284082E+01  0.308538E-01 -0.128320E-01  0.000000E+00  0.000000E+00  0.000000E+00  0.000000E+00
  0.284082E+01  0.569114E-01  0.683950E-01  0.000000E+00  0.000000E+00  0.000000E+00  0.000000E+00
  0.284082E+01 -0.281541E-01 -0.136358E+00  0.000000E+00  0.000000E+00  0.000000E+00  0.000000E+00
  0.284082E+01  0.185624E+00 -0.561493E-01  0.000000E+00  0.000000E+00  0.000000E+00  0.000000E+00
  0.284082E+01 -0.677589E-01  0.190578E+00  0.000000E+00  0.000000E+00  0.000000E+00  0.000000E+00
  0.284082E+01 -0.103675E+00  0.223192E+00  0.000000E+00  0.000000E+00  0.000000E+00  0.000000E+00
  0.284082E+01 -0.179448E-01 -0.465810E-01  0.000000E+00  0.000000E+00  0.000000E+00  0.000000E+00
  0.284082E+01 -0.242094E+00 -0.602540E-01  0.000000E+00  0.000000E+00  0.000000E+00  0.000000E+00
  0.284082E+01 -0.164327E+00  0.206253E-01  0.000000E+00  0.000000E+00  0.000000E+00  0.000000E+00
  0.284082E+01  0.182125E+00 -0.572347E-02  0.000000E+00  0.000000E+00  0.000000E+00  0.000000E+00
  0.284082E+01  0.145586E+00  0.292290E-01  0.000000E+00  0.000000E+00  0.000000E+00  0.000000E+00
  0.284082E+01 -0.119970E+00  0.996888E-01  0.000000E+00  0.000000E+00  0.000000E+00  0.000000E+00
  0.284082E+01  0.278579E-01 -0.779122E-01  0.000000E+00  0.000000E+00  0.000000E+00  0.000000E+00
  0.284082E+01 -0.302979E-01 -0.855233E-01  0.000000E+00  0.000000E+00  0.000000E+00  0.000000E+00
  0.284082E+01  0.612092E-01  0.381888E-03  0.000000E+00  0.000000E+00  0.000000E+00  0.000000E+00
  0.284082E+01 -0.200279E+00 -0.650339E-02  0.000000E+00  0.000000E+00  0.000000E+00  0.000000E+00
  0.284082E+01 -0.611144E-01 -0.669964E-01  0.000000E+00  0.000000E+00  0.000000E+00  0.000000E+00
  0.284082E+01  0.722388E-01  0.412262E-01  0.000000E+00  0.000000E+00  0.000000E+00  0.000000E+00
  0.284082E+01 -0.318047E-01 -0.130846E+00  0.000000E+00  0.000000E+00  0.000000E+00  0.000000E+00
  0.284082E+01  0.109537E+00  0.359422E-01  0.000000E+00  0.000000E+00  0.000000E+00  0.000000E+00
  0.284082E+01  0.967988E-01 -0.632806E-01  0.000000E+00  0.000000E+00  0.000000E+00  0.000000E+00
  0.284082E+01 -0.469028E-01  0.216255E-01  0.000000E+00  0.000000E+00  0.000000E+00  0.000000E+00
  0.284082E+01 -0.156539E-01  0.149618E-02  0.000000E+00  0.000000E+00  0.000000E+00  0.000000E+00
  0.284082E+01 -0.961599E-01  0.221593E-01  0.000000E+00  0.000000E+00  0.000000E+00  0.000000E+00
  0.284082E+01 -0.133909E+00 -0.583111E-01  0.000000E+00  0.000000E+00  0.000000E+00  0.000000E+00
  0.284082E+01  0.989402E-01  0.218185E+00  0.000000E+00  0.000000E+00  0.000000E+00  0.000000E+00
  0.284082E+01 -0.228025E+00 -0.683928E-01  0.000000E+00  0.000000E+00  0.000000E+00  0.000000E+00
  0.284082E+01 -0.204615E-02  0.170051E-02  0.000000E+00  0.000000E+00  0.000000E+00  0.000000E+00
  0.284082E+01  0.555601E-01  0.152216E-02  0.000000E+00  0.000000E+00  0.000000E+00  0.000000E+00
  0.284082E+01 -0.189563E+00  0.143160E+00  0.000000E+00  0.000000E+00  0.000000E+00  0.000000E+00
  0.284082E+01  0.542440E-01  0.228525E+00  0.000000E+00  0.000000E+00  0.000000E+00  0.000000E+00
  0.284082E+01 -0.205022E+00  0.610871E-01  0.000000E+00  0.000000E+00  0.000000E+00  0.000000E+00
  0.284082E+01  0.544678E-01  0.892713E-02  0.000000E+00  0.000000E+00  0.000000E+00  0.000000E+00
  0.284082E+01 -0.451143E-02  0.455201E-01  0.000000E+00  0.000000E+00  0.000000E+00  0.000000E+00
  0.284082E+01 -0.691640E-01 -0.165414E+00  0.000000E+00  0.000000E+00  0.000000E+00  0.000000E+00
  0.284082E+01  0.200657E+00 -0.122391E+00  0.000000E+00  0.000000E+00  0.000000E+00  0.000000E+00
  0.284082E+01 -0.815387E-01 -0.211695E-01  0.000000E+00  0.000000E+00  0.000000E+00  0.000000E+00
  0.284082E+01  0.996793E-01 -0.102990E+00  0.000000E+00  0.000000E+00  0.000000E+00  0.000000E+00
  0.284082E+01 -0.608177E-01 -0.142424E-02  0.000000E+00  0.000000E+00  0.000000E+00  0.000000E+00
  0.284082E+01 -0.291638E-01 -0.732599E-01  0.000000E+00  0.000000E+00  0.000000E+00  0.000000E+00
  0.284082E+01  0.112708E+00  0.656955E-01  0.000000E+00  0.000000E+00  0.000000E+00  0.000000E+00
  0.284082E+01  0.821782E-01  0.103304E+00  0.000000E+00  0.000000E+00  0.000000E+00  0.000000E+00
  0.284082E+01  0.119103E-02  0.136897E+00  0.000000E+00  0.000000E+00  0.000000E+00  0.000000E+00
  0.284082E+01 -0.197801E+00  0.120264E+00  0.000000E+00  0.000000E+00  0.000000E+00  0.000000E+00
  0.284082E+01  0.234830E-01  0.732990E-01  0.000000E+00  0.000000E+00  0.000000E+00  0.000000E+00
  0.284082E+01 -0.342102E-01 -0.311993E-01  0.000000E+00  0.000000E+00  0.000000E+00  0.000000E+00
  0.284082E+01 -0.228818E-01 -0.370316E-01  0.000000E+00  0.000000E+00  0.000000E+00  0.000000E+00
  0.284082E+01  0.907621E-01 -0.119196E-02  0.000000E+00  0.000000E+00  0.000000E+00  0.000000E+00
  0.284082E+01  0.760797E-01 -0.134146E+00  0.000000E+00  0.000000E+00  0.000000E+00  0.000000E+00
  0.284082E+01 -0.141041E+00  0.121829E+00  0.000000E+00  0.000000E+00  0.000000E+00  0.000000E+00
  0.284082E+01 -0.784905E-01 -0.393004E-02  0.000000E+00  0.000000E+00  0.000000E+00  0.000000E+00
  0.284082E+01  0.411076E-01 -0.126722E-02  0.000000E+00  0.000000E+00  0.000000E+00  0.000000E+00
  0.284082E+01  0.207968E-02 -0.214333E+00  0.000000E+00  0.000000E+00  0.000000E+00  0.000000E+00
  0.284082E+01  0.191315E+00  0.534287E-01  0.000000E+00  0.000000E+00  0.000000E+00  0.000000E+00
  0.284082E+01 -0.211042E+00 -0.975417E-01  0.000000E+00  0.000000E+00  0.000000E+00  0.000000E+00
  0.284082E+01  0.146015E+00  0.667074E-01  0.000000E+00  0.000000E+00  0.000000E+00  0.000000E+00
  0.284082E+01  0.770550E-02  0.129902E-02  0.000000E+00  0.000000E+00  0.000000E+00  0.000000E+00
  0.284082E+01  0.886064E-01  0.232689E-01  0.000000E+00  0.000000E+00  0.000000E+00  0.000000E+00
  0.284082E+01 -0.247106E+00  0.270607E-01  0.000000E+00  0.000000E+00  0.000000E+00  0.000000E+00
  0.284082E+01 -0.198680E+00 -0.401355E-01  0.000000E+00  0.000000E+00  0.000000E+00  0.000000E+00
  0.284082E+01 -0.972542E-02  0.384220E-01  0.000000E+00  0.000000E+00  0.000000E+00  0.000000E+00
  0.284082E+01 -0.308776E-01 -0.324920E-01  0.000000E+00  0.000000E+00  0.000000E+00  0.000000E+00
  0.284082E+01 -0.193942E-01 -0.214266E+00  0.000000E+00  0.000000E+00  0.000000E+00  0.000000E+00
  0.284082E+01 -0.182839E+00  0.878754E-01  0.000000E+00  0.000000E+00  0.000000E+00  0.000000E+00
  0.284082E+01  0.575225E-01  0.206902E-01  0.000000E+00  0.000000E+00  0.000000E+00  0.000000E+00
  0.284082E+01  0.119425E-01  0.733774E-02  0.000000E+00  0.000000E+00  0.000000E+00  0.000000E+00
  0.284082E+01 -0.916751E-02  0.130968E+00  0.000000E+00  0.000000E+00  0.000000E+00  0.000000E+00
  0.284082E+01  0.825285E-01  0.460350E-01  0.000000E+00  0.000000E+00  0.000000E+00  0.000000E+00
  0.284082E+01 -0.836313E-01  0.138374E+00  0.000000E+00  0.000000E+00  0.000000E+00  0.000000E+00
  0.284082E+01  0.130636E-01  0.183867E-01  0.000000E+00  0.000000E+00  0.000000E+00  0.000000E+00
  0.284082E+01 -0.132194E+00  0.189771E+00  0.000000E+00  0.000000E+00  0.000000E+00  0.000000E+00
  0.284082E+01  0.103235E+00 -0.339236E-01  0.000000E+00  0.000000E+00  0.000000E+00  0.000000E+00
  0.284082E+01  0.367469E-02 -0.169326E-02  0.000000E+00  0.000000E+00  0.000000E+00  0.000000E+00
  0.284082E+01  0.827536E-01 -0.102888E+00  0.000000E+00  0.000000E+00  0.000000E+00  0.000000E+00
  0.284082E+01 -0.138431E+00  0.941078E-01  0.000000E+00  0.000000E+00  0.000000E+00  0.000000E+00
  0.284082E+01  0.742167E-02 -0.263959E-01  0.000000E+00  0.000000E+00  0.000000E+00  0.000000E+00
  0.284082E+01 -0.119341E-01  0.241848E-01  0.000000E+00  0.000000E+00  0.000000E+00  0.000000E+00
